10 10 0.0873362445415 0.235451739958 0.0484269343362 90.6840284789 4 0.1 0.37502 0.356775300172 133.428192145 30 0.341768006855
20 10 0.0873362445415 0.222171638134 0.0449265658751 44.294502762 4 0.1 0.3758 0.372322899506 141.403737506 30 0.341768006855
30 10 0.0873362445415 0.240394565763 0.0568399200894 52.986734688 4 0.1 0.43653 0.434504792332 130.684734492 30 0.402064052778
40 10 0.0873362445415 0.23188203152 0.0581138996973 51.666495377 4 0.1 0.35241 0.330016583748 135.482252739 30 0.402064052778
50 10 0.0873362445415 0.238608998239 0.0367442509561 45.196407136 4 0.1 0.43582 0.390163934426 131.662679244 30 0.402064052778
60 10 0.0873362445415 0.233146388187 0.0337689827972 24.0487540933 4 0.1 0.40165 0.426153846154 134.747530272 30 0.402064052778
70 10 0.0873362445415 0.289437151731 0.0433571365027 21.9122622624 4 0.1 0.38748 0.407704654896 108.541352802 30 0.402064052778
80 10 0.0873362445415 0.241246292966 0.0505420819834 36.9653990169 4 0.1 0.39544 0.356564019449 130.223348155 30 0.402064052778
90 10 0.0873362445415 0.28715328404 0.0378359641783 35.4809143406 4 0.1 0.4613 0.445171849427 109.404634201 30 0.402064052778
100 10 0.0873362445415 0.139070395095 0.0330720678764 38.4053660433 4 0.1 0.41676 0.389337641357 225.899264747 30 0.402064052778
110 10 0.0940354648039 0.22465505834 0.0450821150784 37.8047505928 4 0.1 0.40581 0.410413476263 139.840608229 0 0.403378457002
120 10 0.0940354648039 0.211924033541 0.041944767397 56.6835189793 4 0.1 0.36145 0.372483221477 148.241327211 0 0.403378457002
130 10 0.0940354648039 0.283771529539 0.0407292121454 19.0832069384 4 0.1 0.37873 0.39 110.708428189 0 0.403378457002
140 10 0.0940354648039 0.251340471518 0.0402947310091 30.3939947143 4 0.1 0.45138 0.484756097561 124.993399631 0 0.403378457002
150 10 0.0940354648039 0.267816585963 0.0414055120782 29.4788713403 4 0.1 0.39395 0.362204724409 117.303787915 0 0.403378457002
160 10 0.0940354648039 0.243697229065 0.0415744246582 34.9595246256 4 0.1 0.39722 0.405487804878 128.913652899 0 0.403378457002
170 10 0.0940354648039 0.181759183292 0.0306421734129 50.0961026988 4 0.1 0.48997 0.441640378549 172.843536327 0 0.403378457002
180 10 0.0940354648039 0.278169409417 0.0245728346766 28.5116442558 4 0.1 0.42396 0.353407290016 112.938011645 0 0.403378457002
190 10 0.0940354648039 0.259819414654 0.0450414331882 27.1068053939 4 0.1 0.40947 0.4453125 120.91436678 0 0.403378457002
200 10 0.0940354648039 0.264160178801 0.0695734599284 33.9734695631 4 0.1 0.39037 0.42301458671 118.927463415 0 0.403378457002
210 10 0.101847810272 0.296618641794 0.0446300043121 25.7317226999 4 0.1 0.41498 0.396411092985 105.913437571 0 0.403378457002
220 10 0.101847810272 0.261779868931 0.0621482935918 18.0395277615 4 0.1 0.41094 0.423255813953 120.00884609 0 0.403378457002
230 10 0.101847810272 0.220762369209 0.0334262293449 37.87601501 4 0.1 0.37463 0.372424722662 142.30640898 0 0.403378457002
240 10 0.101847810272 0.305766882159 0.046598823606 19.2997244483 4 0.1 0.40876 0.409020217729 102.74461308 0 0.403378457002
250 10 0.101847810272 0.281269425969 0.040964155303 30.6277679326 4 0.1 0.39965 0.417348608838 111.693263112 0 0.403378457002
260 10 0.101847810272 0.242707710082 0.0374995828658 39.8143465128 4 0.1 0.4227 0.406199021207 129.439233675 0 0.403378457002
270 10 0.101847810272 0.208776187169 0.0506356786256 33.5065564765 4 0.1 0.39668 0.348561759729 150.476452444 0 0.403378457002
280 10 0.101847810272 0.243987685651 0.0284421956972 28.078923134 4 0.1 0.45695 0.38768718802 128.760186876 0 0.403378457002
290 10 0.101847810272 0.229723133216 0.0485728451631 37.5268623942 4 0.1 0.40072 0.429260450161 136.755491535 0 0.403378457002
300 10 0.101847810272 0.302346702467 0.0391939312296 30.7005003639 4 0.1 0.37076 0.385245901639 103.906871627 0 0.403378457002
310 10 0.111075848937 0.217205311015 0.0332331833413 23.8216238264 4 0.1 0.42582 0.435772357724 144.636886884 0 0.403378457002
320 10 0.111075848937 0.353494658524 0.0446648403017 21.4475433391 4 0.1 0.38648 0.384868421053 88.8723471274 0 0.403378457002
330 10 0.111075848937 0.245813071665 0.0400535535091 57.8203298875 4 0.1 0.42844 0.418831168831 127.804025177 0 0.403378457002
340 10 0.111075848937 0.214737183486 0.0448654725017 49.7234854721 4 0.1 0.36501 0.326565143824 146.299301732 0 0.403378457002
350 10 0.111075848937 0.278033192209 0.047545627972 40.1972979731 4 0.1 0.4292 0.410742496051 112.99334353 0 0.403378457002
360 10 0.111075848937 0.194154378295 0.0366852548871 51.7306813939 4 0.1 0.39754 0.434083601286 161.808867129 0 0.403378457002
370 10 0.111075848937 0.196363645275 0.0353997859859 46.4401506546 4 0.1 0.40598 0.343906510851 159.988372369 0 0.403378457002
380 10 0.111075848937 0.238486961386 0.0463402051486 31.891258572 4 0.1 0.38675 0.38683788122 131.730052735 0 0.403378457002
390 10 0.111075848937 0.269756765212 0.0264165430225 29.2444588799 4 0.1 0.40854 0.39082278481 116.460100548 0 0.403378457002
400 10 0.111075848937 0.280882828085 0.0241151814528 35.2731480746 4 0.1 0.38987 0.42480620155 111.846994044 0 0.403378457002
410 10 0.122142732507 0.335067986774 0.0326510243105 20.5762263287 4 0.1 0.38921 0.438596491228 93.7597778364 0 0.403378457002
420 10 0.122142732507 0.274357036512 0.0282053736911 24.9094805888 4 0.1 0.3962 0.381642512077 114.507360188 0 0.403378457002
430 10 0.122142732507 0.235640133467 0.0407574812678 26.1259549752 4 0.1 0.48995 0.4624 133.321516746 0 0.403378457002
440 10 0.122142732507 0.306583878839 0.0479834070714 31.4890283212 4 0.1 0.43748 0.461279461279 102.470815227 0 0.403378457002
450 10 0.122142732507 0.29179811704 0.0495895418392 23.37410583 4 0.1 0.32789 0.324503311258 107.663134768 0 0.403378457002
460 10 0.122142732507 0.322234425253 0.035191694523 30.2382196413 4 0.1 0.40302 0.364951768489 97.4939284507 0 0.403378457002
470 10 0.122142732507 0.282013837925 0.0448910898551 21.8556747343 4 0.1 0.4036 0.460032626427 111.398434315 0 0.403378457002
480 10 0.122142732507 0.310285608183 0.0444658843154 23.1049371679 4 0.1 0.37688 0.441176470588 101.248331123 0 0.403378457002
490 10 0.122142732507 0.249907491499 0.0407566900065 23.2677462215 4 0.1 0.36093 0.324675324675 125.710117018 0 0.403378457002
500 10 0.122142732507 0.285062259668 0.0327042967794 34.0187844921 4 0.1 0.47625 0.454689984102 110.207152769 0 0.403378457002
510 10 0.135658914729 0.241247199735 0.0448773013179 24.8603248916 4 0.1 0.41184 0.360429447853 130.222858688 0 0.403378457002
520 10 0.135658914729 0.279210600169 0.0395052321045 44.7395345455 4 0.1 0.37951 0.386666666667 112.516859965 0 0.403378457002
530 10 0.135658914729 0.250122452665 0.0438414295877 29.7967374465 4 0.1 0.43876 0.448494453249 125.602078763 0 0.403378457002
540 10 0.135658914729 0.266579177057 0.0352451091627 23.8123671851 4 0.1 0.40213 0.407704654896 117.848289378 0 0.403378457002
550 10 0.135658914729 0.188484299606 0.0523270738012 42.0064690141 4 0.1 0.38289 0.409240924092 166.676482156 0 0.403378457002
560 10 0.135658914729 0.263066008231 0.0401737990459 23.0425803821 4 0.1 0.40453 0.355769230769 119.422118468 0 0.403378457002
570 10 0.135658914729 0.235198713391 0.0242097203533 26.5090849261 4 0.1 0.37535 0.43535188216 133.571734075 0 0.403378457002
580 10 0.135658914729 0.327467399133 0.0386638743759 23.8454672422 4 0.1 0.4126 0.368421052632 95.9359621237 0 0.403378457002
590 10 0.135658914729 0.341874338872 0.0333521680814 13.8633237775 4 0.1 0.36484 0.361155698234 91.893121033 0 0.403378457002
600 10 0.135658914729 0.253909130387 0.037079483906 34.4186598877 4 0.1 0.36371 0.413223140496 123.728910229 0 0.403378457002
610 10 0.152538679451 0.298773226178 0.0239969593434 23.2896588346 4 0.1 0.41531 0.412225705329 105.149649458 0 0.419779094337
620 10 0.152538679451 0.321678520935 0.0445359100988 34.1459148038 4 0.1 0.33154 0.327559055118 97.6624112442 0 0.419779094337
630 10 0.152538679451 0.284393604164 0.0533616667973 43.7567090966 4 0.1 0.38567 0.413494809689 110.466267666 0 0.419779094337
640 10 0.152538679451 0.289219201617 0.0462965791244 28.7995598687 4 0.1 0.40234 0.340983606557 108.62314751 0 0.419779094337
650 10 0.152538679451 0.225013213081 0.0417392177049 34.67271414 4 0.1 0.43869 0.4453125 139.618023181 0 0.419779094337
660 10 0.152538679451 0.236932809948 0.030706014577 33.0049788501 4 0.1 0.38659 0.396468699839 132.594130829 0 0.419779094337
670 10 0.152538679451 0.350297385533 0.043306962666 22.6624997111 4 0.1 0.42489 0.469453376206 89.6835126308 0 0.419779094337
680 10 0.152538679451 0.24375914135 0.0227388109981 31.4720091919 4 0.1 0.38961 0.372488408037 128.880910172 0 0.419779094337
690 10 0.152538679451 0.261010974778 0.0450224387064 25.4793425905 4 0.1 0.38932 0.3961352657 120.362371838 0 0.419779094337
700 10 0.152538679451 0.341863013972 0.0407672359979 31.239106899 4 0.1 0.45846 0.466153846154 91.8961651774 0 0.419779094337
710 10 0.174216027875 0.327587990912 0.0294281983956 23.7567594409 4 0.1 0.40745 0.394039735099 95.9006461516 0 0.419779094337
720 10 0.174216027875 0.331125220544 0.0340184762594 26.4297819795 4 0.1 0.3998 0.465189873418 94.8761919987 0 0.419779094337
730 10 0.174216027875 0.309660495174 0.0389060980464 26.6313606149 4 0.1 0.41971 0.398058252427 101.452721576 0 0.419779094337
740 10 0.174216027875 0.327246062782 0.0376524558661 13.8749867044 4 0.1 0.39845 0.421364985163 96.0008494309 0 0.419779094337
750 10 0.174216027875 0.333240942099 0.03497843202 29.7213525142 4 0.1 0.40401 0.371951219512 94.2738302266 0 0.419779094337
760 10 0.174216027875 0.343537854992 0.04419127006 18.3456341749 4 0.1 0.39446 0.445454545455 91.4481462333 0 0.419779094337
770 10 0.174216027875 0.312036279549 0.0466562168577 34.5618715195 4 0.1 0.42944 0.427258805513 100.680280015 0 0.419779094337
780 10 0.174216027875 0.282943694705 0.0330064148492 35.03423982 4 0.1 0.39718 0.392063492063 111.032338193 0 0.419779094337
790 10 0.174216027875 0.250206883939 0.0409884335265 25.8794884899 4 0.1 0.40386 0.368088467615 125.559694863 0 0.419779094337
800 10 0.174216027875 0.342779669769 0.0335128144348 20.5702304677 4 0.1 0.3951 0.417069243156 91.6504179528 0 0.419779094337
810 10 0.203075137801 0.212508497969 0.0450212420764 33.6412070038 4 0.1 0.37047 0.363636363636 147.83361748 0 0.419779094337
820 10 0.203075137801 0.317410133327 0.0342939773624 28.8336114092 4 0.1 0.41963 0.407294832827 98.9757310855 0 0.419779094337
830 10 0.203075137801 0.35017233583 0.0345904910124 22.3635242019 4 0.1 0.38405 0.371794871795 89.7155394229 0 0.419779094337
840 10 0.203075137801 0.348026510291 0.0497003438327 25.504950723 4 0.1 0.41795 0.441935483871 90.2686981337 0 0.429529917426
850 10 0.203075137801 0.326900401514 0.049843356822 31.0538097718 4 0.1 0.37855 0.381026438569 96.1023597845 0 0.429529917426
860 10 0.203075137801 0.440055435289 0.0468054865471 18.2194050169 4 0.1 0.38992 0.396313364055 71.3907782536 0 0.440055435289
870 10 0.203075137801 0.356637866101 0.0391769863489 7.85206815296 4 0.1 0.47546 0.523291925466 88.0890757435 0 0.440055435289
880 10 0.203075137801 0.430841818567 0.0480666898286 20.8268244015 4 0.1 0.42445 0.444089456869 72.9174807229 0 0.440055435289
890 10 0.203075137801 0.292501899772 0.0484322390962 32.9190056829 4 0.1 0.39718 0.422955974843 107.404088741 0 0.440055435289
900 10 0.203075137801 0.311202902328 0.0486352125943 12.6305120099 4 0.1 0.41971 0.390879478827 100.949893992 0 0.440055435289
910 10 0.243393602225 0.303168628576 0.0344016956318 35.6444195108 4 0.1 0.3956 0.4 103.625167774 0 0.440055435289
920 10 0.243393602225 0.348589746218 0.0397716626254 24.3687381193 4 0.1 0.42837 0.370192307692 90.1228459553 0 0.440055435289
930 10 0.243393602225 0.377469514291 0.0280328658531 17.2837461244 4 0.1 0.39668 0.426127527216 83.2276483546 0 0.440055435289
940 10 0.243393602225 0.322145501079 0.0281531105903 25.5836313321 4 0.1 0.431 0.38643533123 97.5208404116 0 0.440055435289
950 10 0.243393602225 0.307282197138 0.0343199240024 23.9184541254 4 0.1 0.41093 0.437795275591 102.237943794 0 0.440055435289
960 10 0.243393602225 0.349153361374 0.0378825774138 32.0042049553 4 0.1 0.41262 0.429276315789 89.9773666114 0 0.440055435289
970 10 0.243393602225 0.310691187158 0.0429851336531 29.3396852703 4 0.1 0.32357 0.361204013378 101.116160672 0 0.440055435289
980 10 0.243393602225 0.413223289681 0.0469349653881 33.5500172812 4 0.1 0.37279 0.385692068429 76.0264505524 0 0.440055435289
990 10 0.243393602225 0.34276804545 0.032622941565 23.1862865282 4 0.1 0.41336 0.4265625 91.6535261004 0 0.440055435289
1000 10 0.243393602225 0.300915374106 0.0243210836549 27.5001213466 4 0.1 0.40258 0.383757961783 104.401113081 0 0.440055435289
1010 10 0.303687635575 0.350946136455 0.0457417821853 20.1405574636 4 0.1 0.33348 0.370253164557 89.5177257608 0 0.488500929645
1020 10 0.303687635575 0.357207483769 0.0392837165826 13.4998788921 4 0.1 0.3718 0.421393841167 87.9486052993 0 0.488500929645
1030 10 0.303687635575 0.401788692122 0.0513337631104 22.2238179513 4 0.1 0.4369 0.417061611374 78.1901049383 0 0.488500929645
1040 10 0.303687635575 0.37980160296 0.0314556560467 24.8122488966 4 0.1 0.37411 0.349683544304 82.7166071842 0 0.488500929645
1050 10 0.303687635575 0.354976693046 0.0335902536661 23.8609557076 4 0.1 0.4176 0.422955974843 88.5013033685 0 0.488500929645
1060 10 0.303687635575 0.379932744025 0.0344856643934 18.4425880574 4 0.1 0.38591 0.356576862124 82.6880559627 0 0.488500929645
1070 10 0.303687635575 0.303337740706 0.050983414943 20.0256727716 4 0.1 0.44868 0.432061068702 103.567396285 0 0.488500929645
1080 10 0.303687635575 0.37481012515 0.0335883468375 19.6716071115 4 0.1 0.40609 0.376012965964 83.8181732348 0 0.488500929645
1090 10 0.303687635575 0.375948738117 0.0294326176529 17.241893148 4 0.1 0.36852 0.415503875969 83.5643182561 0 0.488500929645
1100 10 0.303687635575 0.375444524634 0.0168232756225 24.1208418216 4 0.1 0.41007 0.401898734177 83.6765432407 0 0.488500929645
1110 10 0.40369088812 0.450551008076 0.0556682198296 18.9953345489 4 0.1 0.38699 0.353125 69.7277321254 20 0.514251968944
1120 10 0.40369088812 0.456437619147 0.0295244396193 10.3766320729 4 0.1 0.45301 0.361426256078 68.8284634791 20 0.514251968944
1130 10 0.40369088812 0.341042426145 0.0429909390132 18.7566217038 4 0.1 0.39643 0.38064516129 92.1172780615 20 0.514251968944
1140 10 0.40369088812 0.398000016521 0.0383157641844 26.5272927218 4 0.1 0.46415 0.439137134052 78.934418834 20 0.514251968944
1150 10 0.40369088812 0.393160863373 0.0273967956895 22.704726324 4 0.1 0.40152 0.378812199037 79.9059696087 20 0.514251968944
1160 10 0.40369088812 0.338933773978 0.0453980448845 31.1646828215 4 0.1 0.39119 0.427921092564 92.6903791005 20 0.514251968944
1170 10 0.40369088812 0.473649503119 0.0325445729844 14.6360528054 4 0.1 0.43835 0.43729903537 66.3273154371 20 0.514251968944
1180 10 0.40369088812 0.355693275339 0.0320581287456 20.098562962 4 0.1 0.37704 0.356037151703 88.3230079907 20 0.514251968944
1190 10 0.40369088812 0.40716555835 0.0493738409449 26.0488682027 4 0.1 0.4559 0.465517241379 77.1575575482 20 0.514251968944
1200 10 0.40369088812 0.392444171808 0.034253756362 18.6034793376 4 0.1 0.41198 0.403726708075 80.0518959302 20 0.514251968944
1210 10 0.601891659501 0.449346928169 0.0357687305046 22.4519855075 4 0.1 0.36134 0.346551724138 69.9145760894 10 0.524479643542
1220 10 0.601891659501 0.468272893327 0.0297360678383 20.9170122298 4 0.1 0.3895 0.332792207792 67.0888715697 10 0.524479643542
1230 10 0.601891659501 0.450655427306 0.0199192001364 23.5298689354 4 0.1 0.44702 0.3961352657 69.7115758437 10 0.524479643542
1240 10 0.601891659501 0.397285503344 0.0292089769489 23.4054739076 4 0.1 0.39571 0.399676375405 79.0763814324 10 0.524479643542
1250 10 0.601891659501 0.430413909831 0.0504050004582 19.1234308747 4 0.1 0.49051 0.506309148265 72.9899737959 10 0.524479643542
1260 10 0.601891659501 0.461573418486 0.037351724268 14.639487141 4 0.1 0.41465 0.4368 68.0626282663 10 0.524479643542
1270 10 0.601891659501 0.442689948989 0.0404987436843 15.1586978168 4 0.1 0.39196 0.413969335605 70.9659211188 10 0.524479643542
1280 10 0.601891659501 0.425825394728 0.0169273620867 14.7047767314 4 0.1 0.40341 0.364077669903 73.7764830114 10 0.524479643542
1290 10 0.601891659501 0.443860174212 0.0368333661536 13.7920680616 4 0.1 0.36454 0.370550161812 70.7788214065 10 0.546145616578
1300 10 0.601891659501 0.462205361241 0.0374401160931 21.1143286304 4 0.1 0.41688 0.424920127796 67.9695707458 10 0.546145616578
1310 10 1.18243243243 0.498916775815 0.0283179169463 9.96108841277 4 0.1 0.41955 0.393034825871 62.9682173919 30 0.599738760944
1320 10 1.18243243243 0.49784903749 0.0273050931947 2.51806590647 4 0.1 0.37722 0.349593495935 63.1032655168 30 0.599738760944
1330 10 1.18243243243 0.532935037714 0.0229133282811 5.57297947048 4 0.1 0.41924 0.412673879444 58.9488357432 30 0.599738760944
1340 10 1.18243243243 0.532136816241 0.0190828966332 10.290060463 4 0.1 0.36332 0.378109452736 59.0372607967 30 0.599738760944
1350 10 1.18243243243 0.517093429955 0.0210902280902 9.88835360315 4 0.1 0.38286 0.367149758454 60.7547846871 30 0.599738760944
1360 10 1.18243243243 0.54059332967 0.0275494532986 8.4482265555 4 0.1 0.40817 0.390749601276 58.1137396186 30 0.599738760944
1370 10 1.18243243243 0.564581191649 0.0286840843995 3.97315482676 4 0.1 0.36719 0.413432835821 55.6446096057 30 0.599738760944
1380 10 1.18243243243 0.468543886735 0.0227206765452 13.1753228555 4 0.1 0.44231 0.431147540984 67.0500691385 30 0.599738760944
1390 10 1.18243243243 0.529518023045 0.0216247692098 6.571112149 4 0.1 0.43276 0.456140350877 59.3292364617 30 0.599738760944
1400 10 1.18243243243 0.554081622353 0.0234122621502 6.81477373282 4 0.1 0.38556 0.355384615385 56.6990470945 30 0.599738760944
1410 10 33.3333333333 0.67998393139 0.0278369726365 0.0729724401664 4 0.1 0.5907 0.502318392581 46.2009446838 290 0.686093470601
1420 10 33.3333333333 0.682305737725 0.00098202603955 0.0110774472997 4 0.1 0.32845 0.269759450172 46.0437282921 290 0.686093470601
1430 10 33.3333333333 0.680494309082 0.00185061170032 0.00147862904579 4 0.1 0.43257 0.395 46.1662935027 290 0.686093470601
1440 10 33.3333333333 0.682904089311 0.00278803360935 0.000307913742026 4 0.1 0.41404 0.395161290323 46.0033853827 290 0.686093470601
1450 10 33.3333333333 0.681346086641 0.00195820078097 0.00506580745849 4 0.1 0.38693 0.430793157076 46.1085792022 290 0.686093470601
1460 10 33.3333333333 0.682487462586 0.00163861729244 0.00194196385886 4 0.1 0.38148 0.396825396825 46.0314683012 290 0.686093470601
1470 10 33.3333333333 0.681945101727 0.00152701263465 0.00288381740724 4 0.1 0.45681 0.443057722309 46.0680777975 290 0.686093470601
1480 10 33.3333333333 0.683104986585 0.00126177522327 0.000754136927804 4 0.1 0.40938 0.391304347826 45.9898560499 290 0.686093470601
1490 10 33.3333333333 0.680920754178 0.000991728286413 0.00125376341947 4 0.1 0.36831 0.445141065831 46.1373806089 290 0.686093470601
1500 10 33.3333333333 0.682939795015 0.00189566244647 0.000684876506847 4 0.1 0.42221 0.428792569659 46.0009802172 290 0.686093470601
