10 10 0.0873362445415 0.223717538973 0.0547715112854 91.1520217106 7 0.1 0.40298 0.319536423841 140.426629688 30 0.384408263456
20 10 0.0873362445415 0.158429757027 0.0330290576138 77.04639075 7 0.1 0.41647 0.38351822504 198.295450234 30 0.384408263456
30 10 0.0873362445415 0.166887734406 0.0397393869623 42.5714987712 7 0.1 0.40309 0.451612903226 188.245709679 30 0.384408263456
40 10 0.0873362445415 0.205768707133 0.0341391686459 34.7453243176 7 0.1 0.34196 0.383495145631 152.675790395 30 0.384408263456
50 10 0.0873362445415 0.241470860542 0.0399395090644 28.9435932596 7 0.1 0.37697 0.426771653543 130.102240616 30 0.384408263456
60 10 0.0873362445415 0.192490472668 0.0329090508512 46.3189545327 7 0.1 0.41311 0.399361022364 163.207558091 30 0.384408263456
70 10 0.0873362445415 0.241219501514 0.0359524307881 33.2514935569 7 0.1 0.38164 0.445859872611 130.237811632 30 0.384408263456
80 10 0.0873362445415 0.249534248471 0.0417653166848 36.021414339 7 0.1 0.38951 0.366449511401 125.898149022 30 0.384408263456
90 10 0.0873362445415 0.198518909346 0.0508227098705 55.9911154303 7 0.1 0.40745 0.384863123994 158.251423522 30 0.384408263456
100 10 0.0873362445415 0.227433755778 0.0299038929079 31.4494422655 7 0.1 0.40788 0.474702380952 138.132089902 30 0.384408263456
110 10 0.0940354648039 0.215925602556 0.0430229913631 36.5815415948 7 0.1 0.39908 0.383720930233 145.494094392 0 0.384408263456
120 10 0.0940354648039 0.235193352697 0.0262264669619 40.2135726239 7 0.1 0.4426 0.443521594684 133.574778537 0 0.384408263456
130 10 0.0940354648039 0.293053582933 0.0340790207541 35.3050822257 7 0.1 0.41962 0.40065681445 107.201896955 0 0.384408263456
140 10 0.0940354648039 0.219325402362 0.036633608831 35.7575680961 7 0.1 0.35096 0.355555555556 143.23876606 0 0.384408263456
150 10 0.0940354648039 0.180870744671 0.0514051293601 61.3867384372 7 0.1 0.40218 0.381180223285 173.692545232 0 0.384408263456
160 10 0.0940354648039 0.24799680049 0.0360369722194 43.8576257224 7 0.1 0.38345 0.416393442623 126.678650442 0 0.384408263456
170 10 0.0940354648039 0.245143004773 0.0333483260496 46.1649381777 7 0.1 0.41282 0.414173228346 128.153361052 0 0.384408263456
180 10 0.0940354648039 0.21720951823 0.0384328018065 20.605471347 7 0.1 0.39437 0.360601001669 144.634085357 0 0.384408263456
190 10 0.0940354648039 0.24459817787 0.0441462669845 28.3437726503 7 0.1 0.40476 0.35413153457 128.438814523 0 0.384408263456
200 10 0.0940354648039 0.276152271194 0.0375565114711 25.6927281261 7 0.1 0.38232 0.377633711507 113.76296079 0 0.384408263456
210 10 0.101847810272 0.315626189629 0.0438341031501 31.614992855 7 0.1 0.38269 0.410801963993 99.5351495923 0 0.384408263456
220 10 0.101847810272 0.233690388954 0.0458277593941 28.3371117241 7 0.1 0.41032 0.379537953795 134.433855584 0 0.384408263456
230 10 0.101847810272 0.308653771954 0.0389424001257 32.6565888034 7 0.1 0.36578 0.363486842105 101.783625715 0 0.384408263456
240 10 0.101847810272 0.201330889273 0.0421307142037 40.7372665671 7 0.1 0.39863 0.396875 156.041132652 0 0.384408263456
250 10 0.101847810272 0.201988221235 0.0258372310793 42.8724657666 7 0.1 0.45556 0.478260869565 155.533326686 0 0.384408263456
260 10 0.101847810272 0.278029867532 0.0543796751179 27.6085505605 7 0.1 0.43283 0.478896103896 112.994694703 0 0.384408263456
270 10 0.101847810272 0.272967539268 0.0479221882748 33.6623922498 7 0.1 0.37462 0.375399361022 115.090241441 0 0.384408263456
280 10 0.101847810272 0.312483591731 0.0371517997832 16.4950261525 7 0.1 0.41354 0.427230046948 100.536158798 0 0.384408263456
290 10 0.101847810272 0.292958322046 0.0455899191907 29.6187263701 7 0.1 0.39156 0.38808373591 107.236755661 0 0.384408263456
300 10 0.101847810272 0.21450011796 0.0420438674159 43.3543198185 7 0.1 0.4304 0.432475884244 146.460991718 0 0.384408263456
310 10 0.111075848937 0.254013764733 0.0422635919423 27.5686169859 7 0.1 0.45792 0.4 123.677943331 0 0.384408263456
320 10 0.111075848937 0.257534486648 0.0325561441181 24.7870959898 7 0.1 0.35469 0.374805598756 121.98715756 0 0.384408263456
330 10 0.111075848937 0.29055515081 0.0775809230295 27.7270303407 7 0.1 0.39721 0.424242424242 108.123707022 0 0.428219358748
340 10 0.111075848937 0.334651267108 0.0369496633844 17.7627634651 7 0.1 0.44768 0.433121019108 93.8765308479 0 0.428219358748
350 10 0.111075848937 0.236386168591 0.0248732520692 25.4005282779 7 0.1 0.41632 0.377022653722 132.900753827 0 0.428219358748
360 10 0.111075848937 0.233456167079 0.0658652749893 20.4335332901 7 0.1 0.39971 0.458015267176 134.568730367 0 0.428219358748
370 10 0.111075848937 0.28362302353 0.0371591625292 23.1663696227 7 0.1 0.42994 0.374795417349 110.76639551 0 0.428219358748
380 10 0.111075848937 0.275651082574 0.0365465603476 28.8860467909 7 0.1 0.41239 0.465625 113.969804532 0 0.428219358748
390 10 0.111075848937 0.275559811117 0.0405236276413 23.752463287 7 0.1 0.36154 0.369181380417 114.007553833 0 0.428219358748
400 10 0.111075848937 0.281500588415 0.0466929668799 30.4867672381 7 0.1 0.39265 0.379807692308 111.60154292 0 0.428219358748
410 10 0.122142732507 0.340451791567 0.0490298382993 19.5136634906 7 0.1 0.40615 0.392568659128 92.2770882051 0 0.428219358748
420 10 0.122142732507 0.233837642115 0.0359842471421 38.8960724754 7 0.1 0.34708 0.412322274882 134.349199367 0 0.428219358748
430 10 0.122142732507 0.32029580122 0.0341933625024 21.7236613182 7 0.1 0.39633 0.437403400309 98.0840207093 0 0.428219358748
440 10 0.122142732507 0.249944594832 0.0520607864647 22.6205621115 7 0.1 0.40152 0.310015898251 125.691455825 0 0.428219358748
450 10 0.122142732507 0.190713722476 0.0428175011342 28.9375199026 7 0.1 0.40396 0.398360655738 164.728052036 0 0.428219358748
460 10 0.122142732507 0.239970676902 0.0424849608869 17.7565632062 7 0.1 0.35906 0.38679245283 130.915578543 0 0.428219358748
470 10 0.122142732507 0.215377246939 0.0314030333355 24.5570991212 7 0.1 0.41387 0.490595611285 145.864525833 0 0.428219358748
480 10 0.122142732507 0.233285616826 0.0282169853037 40.603221186 7 0.1 0.36882 0.455573505654 134.667110761 0 0.428219358748
490 10 0.122142732507 0.2363403801 0.0426592793724 33.6344247811 7 0.1 0.39422 0.380573248408 132.926501966 0 0.428219358748
500 10 0.122142732507 0.215532028377 0.051140256783 29.8971402403 7 0.1 0.43836 0.454695222405 145.759775179 0 0.428219358748
510 10 0.135658914729 0.199523077471 0.0305048824076 39.9121788361 7 0.1 0.37448 0.423076923077 157.45496911 0 0.428219358748
520 10 0.135658914729 0.316108625534 0.0492530639306 38.0873499445 7 0.1 0.39186 0.387888707038 99.383241906 0 0.428219358748
530 10 0.135658914729 0.251004661702 0.037194855706 33.8167462054 7 0.1 0.4084 0.391373801917 125.160623659 0 0.428219358748
540 10 0.135658914729 0.276492548667 0.0350835048345 42.6044003862 7 0.1 0.37887 0.404153354633 113.622953499 0 0.428219358748
550 10 0.135658914729 0.283498232588 0.0401714105821 39.859477699 7 0.1 0.43571 0.445512820513 110.815152931 0 0.428219358748
560 10 0.135658914729 0.243479815034 0.0365044463947 33.4994209058 7 0.1 0.40142 0.356687898089 129.028765672 0 0.428219358748
570 10 0.135658914729 0.23117909707 0.0412144581216 40.2184900632 7 0.1 0.39133 0.467948717949 135.894206692 0 0.428219358748
580 10 0.135658914729 0.257080327137 0.0322456184105 39.455339962 7 0.1 0.40302 0.405405405405 122.20266074 0 0.428219358748
590 10 0.135658914729 0.342110266903 0.0473897687708 17.5299782927 7 0.1 0.35804 0.3696 91.8297491752 0 0.428219358748
600 10 0.135658914729 0.38871418883 0.0455466423663 8.67009448541 7 0.1 0.38986 0.352564102564 80.8200495448 0 0.428219358748
610 10 0.152538679451 0.213862912593 0.0439879313117 39.3485100727 7 0.1 0.39691 0.47311827957 146.897372803 0 0.428219358748
620 10 0.152538679451 0.273124037672 0.038089883411 31.4280088754 7 0.1 0.438 0.484797297297 115.024295437 0 0.428219358748
630 10 0.152538679451 0.320480988136 0.0425808112387 12.9496589735 7 0.1 0.40092 0.355 98.0273437834 0 0.428219358748
640 10 0.152538679451 0.292013577552 0.0447720228543 24.3130115466 7 0.1 0.36785 0.40866873065 107.583696153 0 0.428219358748
650 10 0.152538679451 0.274753408522 0.0442390856329 21.392557642 7 0.1 0.39688 0.352542372881 114.342166559 0 0.428219358748
660 10 0.152538679451 0.368444513748 0.0541008101047 23.757215866 7 0.1 0.40862 0.333904109589 85.2662987988 0 0.428219358748
670 10 0.152538679451 0.231966237384 0.0527027260518 32.0504309717 7 0.1 0.41951 0.444444444444 135.433071443 0 0.428219358748
680 10 0.152538679451 0.219126531126 0.0632236575455 15.4185273565 7 0.1 0.35673 0.364951768489 143.368764333 0 0.432204339626
690 10 0.152538679451 0.257386880828 0.0505189844388 36.177653035 7 0.1 0.40165 0.423263327948 122.057114562 0 0.432204339626
700 10 0.152538679451 0.26635070732 0.0260488531622 26.5201955653 7 0.1 0.38845 0.380471380471 117.94937703 0 0.432204339626
710 10 0.174216027875 0.296393504909 0.039059707993 21.5851867528 7 0.1 0.42031 0.371100164204 105.993888124 0 0.432204339626
720 10 0.174216027875 0.309676340583 0.0432238235329 27.0919880946 7 0.1 0.38753 0.391104294479 101.447530479 0 0.432204339626
730 10 0.174216027875 0.326918013721 0.0413303806795 27.8874969491 7 0.1 0.41389 0.413461538462 96.0971824171 0 0.432204339626
740 10 0.174216027875 0.399658377068 0.0473995619445 14.917519208 7 0.1 0.40102 0.408805031447 78.6068847861 0 0.432204339626
750 10 0.174216027875 0.344731714309 0.0399755586503 15.823904242 7 0.1 0.37891 0.366459627329 91.13144714 0 0.432204339626
760 10 0.174216027875 0.351111239831 0.0501254967598 15.4211743366 7 0.1 0.39672 0.405660377358 89.4756317546 0 0.432204339626
770 10 0.174216027875 0.278433501362 0.0616937647463 22.3414624385 7 0.1 0.40193 0.334943639291 112.830890846 0 0.436504068789
780 10 0.174216027875 0.275910483632 0.041259444119 44.6653568355 7 0.1 0.41452 0.384615384615 113.862654244 0 0.436504068789
790 10 0.174216027875 0.266565688699 0.0370679835777 40.6594004865 7 0.1 0.359 0.453100158983 117.854252561 0 0.436504068789
800 10 0.174216027875 0.326601242397 0.0292011982735 30.1126145045 7 0.1 0.40264 0.395424836601 96.1903873035 0 0.436504068789
810 10 0.203075137801 0.290995349558 0.0274700698637 28.3345935322 7 0.1 0.37448 0.347334410339 107.960144544 0 0.436504068789
820 10 0.203075137801 0.315802061359 0.0327016216473 26.9328149631 7 0.1 0.3804 0.376221498371 99.4797179754 0 0.436504068789
830 10 0.203075137801 0.314495281517 0.0249920868572 26.7840145033 7 0.1 0.44776 0.41167192429 99.8930726351 0 0.436504068789
840 10 0.203075137801 0.253579984478 0.0511970113106 27.8175149449 7 0.1 0.39315 0.365573770492 123.88950991 0 0.439262201048
850 10 0.203075137801 0.333962737301 0.0405535113711 24.3456735277 7 0.1 0.46783 0.453674121406 94.0700757632 0 0.439262201048
860 10 0.203075137801 0.303511336004 0.0298330970559 22.2071106594 7 0.1 0.42108 0.406199021207 103.508160234 0 0.439262201048
870 10 0.203075137801 0.345383340892 0.0324391099014 27.0352784353 7 0.1 0.39157 0.383076923077 90.9595115932 0 0.439262201048
880 10 0.203075137801 0.201515596845 0.0551703248002 36.7659821225 7 0.1 0.43589 0.445482866044 155.898106608 0 0.439262201048
890 10 0.203075137801 0.304127355674 0.043127332707 25.2123676029 7 0.1 0.41801 0.393203883495 103.298501151 0 0.439262201048
900 10 0.203075137801 0.415354607721 0.0512227691886 16.4541654285 7 0.1 0.3792 0.4176 75.63633439 0 0.439262201048
910 10 0.243393602225 0.38447686725 0.0380566693715 8.41396091646 7 0.1 0.42949 0.404682274247 81.7107677366 0 0.439262201048
920 10 0.243393602225 0.428937054296 0.0520191743835 17.5748619598 7 0.1 0.36829 0.299331103679 73.2412825737 0 0.439262201048
930 10 0.243393602225 0.345309138097 0.0388826406024 19.9544275492 7 0.1 0.41212 0.356792144026 90.9790577022 0 0.439262201048
940 10 0.243393602225 0.352937144222 0.0348960692547 17.5023862136 7 0.1 0.35931 0.390127388535 89.0127336109 0 0.439262201048
950 10 0.243393602225 0.322902567273 0.0413339955875 31.335549483 7 0.1 0.39908 0.398753894081 97.2921964211 0 0.439262201048
960 10 0.243393602225 0.3419340937 0.0262074356132 30.3688777478 7 0.1 0.45456 0.475590551181 91.8770622141 0 0.439262201048
970 10 0.243393602225 0.315868776875 0.0357325623885 16.9930066296 7 0.1 0.44067 0.46439628483 99.4587065894 0 0.439262201048
980 10 0.243393602225 0.318329750135 0.0337120973494 27.3288945865 7 0.1 0.37094 0.392971246006 98.6898019637 0 0.439262201048
990 10 0.243393602225 0.45360596877 0.0371242792385 17.6346294523 7 0.1 0.38654 0.395638629283 69.2581274563 0 0.45360596877
1000 10 0.243393602225 0.387079064378 0.0352036891001 18.4658692864 7 0.1 0.42748 0.420029895366 81.1614548322 0 0.45360596877
1010 10 0.303687635575 0.332500408456 0.04004373902 34.508775737 7 0.1 0.4272 0.416536661466 94.4837937068 0 0.45360596877
1020 10 0.303687635575 0.377654333584 0.0354547404068 25.5462969463 7 0.1 0.39016 0.392092257002 83.1869177878 0 0.45360596877
1030 10 0.303687635575 0.366643386321 0.0345023123713 36.6053040266 7 0.1 0.41221 0.367834394904 85.6851675827 0 0.45360596877
1040 10 0.303687635575 0.367710118067 0.0201582886872 24.1182836663 7 0.1 0.38959 0.419003115265 85.4365938178 0 0.45360596877
1050 10 0.303687635575 0.375285435815 0.0409788443842 22.4330440298 7 0.1 0.40303 0.365894039735 83.7120149142 0 0.47240331376
1060 10 0.303687635575 0.36594169711 0.0247978144343 13.158274856 7 0.1 0.39203 0.44262295082 85.8494679565 0 0.47240331376
1070 10 0.303687635575 0.404713692502 0.05216403021 17.2177715011 7 0.1 0.41126 0.378378378378 77.62499906 0 0.47240331376
1080 10 0.303687635575 0.327280463566 0.0298149649331 24.7355909599 7 0.1 0.40107 0.433179723502 95.9907586835 0 0.47240331376
1090 10 0.303687635575 0.34057145576 0.0299420054363 17.9772847695 7 0.1 0.35325 0.374193548387 92.2446654547 0 0.47240331376
1100 10 0.303687635575 0.396545491726 0.0409746959289 18.5003932517 7 0.1 0.3949 0.458937198068 79.2239494724 0 0.47240331376
1110 10 0.40369088812 0.450700690486 0.041377265987 10.094784497 7 0.1 0.41845 0.338409475465 69.7045748169 0 0.47240331376
1120 10 0.40369088812 0.39430093575 0.0395062941763 12.0350257394 7 0.1 0.35406 0.365 79.6749313827 0 0.505151276832
1130 10 0.40369088812 0.401857584392 0.0199392218176 24.1066744806 7 0.1 0.40815 0.397534668721 78.1767004536 0 0.505151276832
1140 10 0.40369088812 0.405169442762 0.0266236961579 21.5577142265 7 0.1 0.38341 0.461904761905 77.5376834587 0 0.505151276832
1150 10 0.40369088812 0.41480944436 0.0414190294813 15.8427295769 7 0.1 0.41212 0.425269645609 75.7357394514 0 0.505151276832
1160 10 0.40369088812 0.515316192899 0.0419611059776 13.634126284 7 0.1 0.33685 0.335008375209 60.9643175063 0 0.515316192899
1170 10 0.40369088812 0.385577876122 0.0294865301507 25.9364331848 7 0.1 0.40233 0.421779141104 81.4774444944 0 0.515316192899
1180 10 0.40369088812 0.433828008318 0.0258202269499 24.0285370358 7 0.1 0.39337 0.390163934426 72.4155642274 0 0.515316192899
1190 10 0.40369088812 0.351138976399 0.0489811183507 17.7073021281 7 0.1 0.43342 0.424437299035 89.4685640489 0 0.515316192899
1200 10 0.40369088812 0.43220363515 0.0414090032508 15.5014349169 7 0.1 0.37777 0.406626506024 72.6877273698 0 0.515316192899
1210 10 0.601891659501 0.487760920056 0.0215646876458 26.1242735504 7 0.1 0.41408 0.331691297209 64.408399091 10 0.515316192899
1220 10 0.601891659501 0.501635964959 0.0240340300135 17.5124739809 7 0.1 0.39635 0.336538461538 62.6268892076 10 0.515316192899
1230 10 0.601891659501 0.412138858335 0.0345774439201 24.6648998895 7 0.1 0.4248 0.355704697987 76.2264934855 10 0.515316192899
1240 10 0.601891659501 0.449514261277 0.0350053609734 15.2278928032 7 0.1 0.43592 0.418495297806 69.8885501669 10 0.515316192899
1250 10 0.601891659501 0.416194714278 0.0349847654551 18.2877212048 7 0.1 0.37089 0.4 75.4836592639 10 0.515316192899
1260 10 0.601891659501 0.485487286294 0.0265343684325 16.6793234639 7 0.1 0.42622 0.440514469453 64.7100364663 10 0.515316192899
1270 10 0.601891659501 0.38584518037 0.0393814604637 17.6740255217 7 0.1 0.40361 0.40826446281 81.4209988832 10 0.515316192899
1280 10 0.601891659501 0.400283117676 0.0502853478422 12.74089235 7 0.1 0.3611 0.338926174497 78.4841993396 10 0.520593020452
1290 10 0.601891659501 0.515939409079 0.028996279562 13.5057788975 7 0.1 0.41005 0.379807692308 60.8906771748 10 0.520593020452
1300 10 0.601891659501 0.482750169105 0.0324355619551 14.5391448556 7 0.1 0.32176 0.328075709779 65.0769321494 10 0.533766967258
1310 10 1.18243243243 0.566022789323 0.0242913104957 8.31701980497 7 0.1 0.36943 0.309210526316 55.5028889164 20 0.57990963821
1320 10 1.18243243243 0.568148232731 0.021544195896 4.75202727017 7 0.1 0.36703 0.316225165563 55.2952525241 20 0.57990963821
1330 10 1.18243243243 0.54121999294 0.0262427515693 13.5838237859 7 0.1 0.43127 0.401337792642 58.0464513688 20 0.57990963821
1340 10 1.18243243243 0.540643269174 0.0284120005925 4.29444354891 7 0.1 0.38387 0.330618892508 58.1083716218 20 0.57990963821
1350 10 1.18243243243 0.574815928322 0.0141633638887 7.29310008475 7 0.1 0.38202 0.359322033898 54.6538438692 20 0.57990963821
1360 10 1.18243243243 0.477500028962 0.034060322602 11.1273403834 7 0.1 0.43296 0.372307692308 65.7924567424 20 0.583617793127
1370 10 1.18243243243 0.531759207125 0.0268572021282 8.84318906635 7 0.1 0.39257 0.422047244094 59.0791839221 20 0.589873536626
1380 10 1.18243243243 0.480022660796 0.0291041734579 6.17283527987 7 0.1 0.4825 0.46925566343 65.4467019284 20 0.589873536626
1390 10 1.18243243243 0.483362452925 0.0223180831859 14.1371106126 7 0.1 0.46058 0.423510466989 64.9944980416 20 0.589873536626
1400 10 1.18243243243 0.515376056505 0.0256941116133 13.5685035547 7 0.1 0.40841 0.36301369863 60.9572361841 20 0.589873536626
1410 10 33.3333333333 0.675640992964 0.0358980959411 0.224402858288 7 0.1 0.58684 0.487001733102 46.4979187574 260 0.682192361099
1420 10 33.3333333333 0.68012740011 0.00154713475735 0.0050085101245 7 0.1 0.35769 0.278181818182 46.1911988767 260 0.682192361099
1430 10 33.3333333333 0.680504369033 0.00178966627664 0.00875199899517 7 0.1 0.35086 0.270125223614 46.1656110227 260 0.682192361099
1440 10 33.3333333333 0.677437569062 0.00182656766203 0.00759661520803 7 0.1 0.35912 0.260273972603 46.3746054762 260 0.682192361099
1450 10 33.3333333333 0.680110991184 0.00193785399312 0.00936660130404 7 0.1 0.45571 0.318327974277 46.1923133242 260 0.682192361099
1460 10 33.3333333333 0.677915455304 0.00102484035131 0.0115871973974 7 0.1 0.38998 0.370431893688 46.3419143998 260 0.682192361099
1470 10 33.3333333333 0.672523348909 0.00310051161429 0.0229822174318 7 0.1 0.43767 0.370675453048 46.7134710653 260 0.682192361099
1480 10 33.3333333333 0.680059953592 0.00354037264598 0.0319857529532 7 0.1 0.39681 0.402208201893 46.1957799957 260 0.682192361099
1490 10 33.3333333333 0.674426817362 0.00150423110024 0.0238482986125 7 0.1 0.42194 0.356302521008 46.5816293055 260 0.682192361099
1500 10 33.3333333333 0.679376590541 0.00222627512544 0.0247034302146 7 0.1 0.36777 0.411392405063 46.2422468443 260 0.682192361099
