221.283539736,181.788331118,48.2147199409,0.0
416.990918986,230.884808374,48.2147199409,0.0
116.054063065,441.269526107,48.2147199409,0.0
287.108888398,321.454074858,48.2147199409,0.0
95.600637381,143.253484784,48.2147199409,0.0
385.633093109,322.18414318,48.2147199409,0.0
132.707967313,307.416781019,48.2147199409,0.0
461.779512976,424.368080393,48.2147199409,0.0
332.936302675,77.4859461484,48.2147199409,0.0
348.757217357,423.445822605,48.2147199409,0.0
@ 10 10 0.0873362445415 0.278592153769
54.5737228792,85.3084285997,50.6785734462,0.0
446.80013732,302.813178301,50.6785734462,0.0
421.426695731,199.441761009,50.6785734462,0.0
370.577431783,67.7575714651,50.6785734462,0.0
315.735239745,400.444458293,50.6785734462,0.0
220.585382545,199.352704696,50.6785734462,0.0
211.458481833,309.434151056,50.6785734462,0.0
412.215897885,446.518719861,50.6785734462,0.0
57.9052895537,236.794691025,50.6785734462,0.0
76.752432064,409.966011542,50.6785734462,0.0
@ 20 10 0.0873362445415 0.307792722239
185.345681509,62.9074978213,42.6884194338,0.0
463.91494386,392.988421887,42.6884194338,0.0
61.2006189422,150.228608737,42.6884194338,0.0
400.647226454,326.701285035,42.6884194338,0.0
74.3890660556,437.376067869,42.6884194338,0.0
152.785795362,272.274072209,42.6884194338,0.0
169.013889825,374.118885022,42.6884194338,0.0
303.127086168,229.47111126,42.6884194338,0.0
267.84864146,147.381829757,42.6884194338,0.0
444.393372761,225.991759771,42.6884194338,0.0
@ 30 10 0.0873362445415 0.218388484254
333.854102248,175.382596205,39.296755317,0.0
182.49199102,44.3657777728,39.296755317,0.0
344.540176169,337.514972801,39.296755317,0.0
147.307559777,383.361051669,39.296755317,0.0
66.3266717719,279.247310708,39.296755317,0.0
426.893576374,230.121275301,39.296755317,0.0
446.166287196,325.63849744,39.296755317,0.0
60.2115715168,364.739236997,39.296755317,0.0
248.075104286,370.439571252,39.296755317,0.0
333.477428702,416.844263941,39.296755317,0.0
@ 40 10 0.0873362445415 0.185064436567
252.331464064,346.711325137,42.5948063568,0.0
388.49797634,103.841918029,42.5948063568,0.0
220.092287491,96.5530174732,42.5948063568,0.0
274.984586709,436.335251733,42.5948063568,0.0
446.642095344,425.983191155,42.5948063568,0.0
91.9273290984,261.414571854,42.5948063568,0.0
371.149695948,190.483074633,42.5948063568,0.0
88.8808825743,348.976811221,42.5948063568,0.0
120.870434722,469.050653445,42.5948063568,0.0
167.908685946,195.413365784,42.5948063568,0.0
@ 50 10 0.0873362445415 0.217431709465
91.7303713572,66.9014105447,45.3585973434,0.0
215.7517041,178.208655922,45.3585973434,0.0
236.722723111,443.992735779,45.3585973434,0.0
184.215069666,56.2112851892,45.3585973434,0.0
327.007261104,139.5470589,45.3585973434,0.0
374.702672252,273.472355662,45.3585973434,0.0
81.0225690955,406.378099122,45.3585973434,0.0
423.923508219,194.58931121,45.3585973434,0.0
45.6072655953,254.604798459,45.3585973434,0.0
414.543838241,379.24014642,45.3585973434,0.0
@ 60 10 0.0873362445415 0.246563516924
172.168560902,381.54007882,40.8770242115,0.0
299.426674812,107.592151206,40.8770242115,0.0
169.991033742,143.141817887,40.8770242115,0.0
78.9437106566,243.231570991,40.8770242115,0.0
191.877859201,247.483311614,40.8770242115,0.0
410.368483678,152.005086939,40.8770242115,0.0
276.340340244,290.232611371,40.8770242115,0.0
223.452444285,461.688724917,40.8770242115,0.0
318.927598976,408.505463453,40.8770242115,0.0
406.998659835,384.535445204,40.8770242115,0.0
@ 70 10 0.0873362445415 0.2002479729
239.191258341,168.866871842,53.246469073,0.0
127.370128904,180.677592306,53.246469073,0.0
320.294918304,345.723670004,53.246469073,0.0
291.695378749,450.835465212,53.246469073,0.0
367.465478778,55.4467353412,53.246469073,0.0
73.1508480964,301.256029242,53.246469073,0.0
110.757593992,414.256731775,53.246469073,0.0
447.842425025,260.658428881,53.246469073,0.0
209.69199871,339.366791131,53.246469073,0.0
197.708550353,65.5251112334,53.246469073,0.0
@ 80 10 0.0873362445415 0.339774835904
153.623375107,48.6066563923,41.3895070633,0.0
330.538543409,417.775835242,41.3895070633,0.0
129.345728102,264.392691393,41.3895070633,0.0
65.8282964848,332.720325565,41.3895070633,0.0
44.7085267828,428.709438733,41.3895070633,0.0
216.481654056,164.796813357,41.3895070633,0.0
74.7639521956,161.400709843,41.3895070633,0.0
454.724792492,312.587023987,41.3895070633,0.0
153.675658664,396.761785254,41.3895070633,0.0
380.484549393,138.561389915,41.3895070633,0.0
@ 90 10 0.0873362445415 0.20530054021
390.81316797,180.835953364,35.5257997639,0.0
278.517378838,162.735781473,35.5257997639,0.0
191.286762279,269.942305924,35.5257997639,0.0
92.9891883954,320.881642525,35.5257997639,0.0
87.4398014424,71.2862428142,35.5257997639,0.0
456.28451786,323.523908634,35.5257997639,0.0
159.771352138,164.04554957,35.5257997639,0.0
354.848027803,66.7765155341,35.5257997639,0.0
221.966693201,334.681854158,35.5257997639,0.0
87.8417383539,164.43848397,35.5257997639,0.0
@ 100 10 0.0873362445415 0.151250671407
46.77304406,230.563810335,43.7263458621,0.0
194.966818079,264.064001294,43.7263458621,0.0
158.273775077,85.5430460229,43.7263458621,0.0
50.2803435448,419.104427228,43.7263458621,0.0
288.294226828,97.0203851297,43.7263458621,0.0
389.453529263,435.108172614,43.7263458621,0.0
174.246749233,438.63230691,43.7263458621,0.0
361.651547135,308.65312929,43.7263458621,0.0
395.384310228,74.5537447571,43.7263458621,0.0
449.443107478,155.533323393,43.7263458621,0.0
@ 110 10 0.0940354648039 0.229137386394
62.9790844162,162.283127329,52.278625153,0.0
347.080592906,442.31125573,52.278625153,0.0
180.085854595,237.695573213,52.278625153,0.0
450.803452732,459.704153385,52.278625153,0.0
62.9206091786,272.572463772,52.278625153,0.0
427.45313112,71.8977910068,52.278625153,0.0
230.282176791,336.980843037,52.278625153,0.0
403.356763025,324.365298984,52.278625153,0.0
171.329969086,75.3344668949,52.278625153,0.0
280.265279874,90.9535265224,52.278625153,0.0
@ 120 10 0.0940354648039 0.327535139132
160.753123051,229.592697194,38.3131509326,0.0
260.085175234,127.142254587,38.3131509326,0.0
95.5537593248,68.5912423283,38.3131509326,0.0
464.303096571,393.091442195,38.3131509326,0.0
390.430521805,52.3803694869,38.3131509326,0.0
163.945209486,307.323999499,38.3131509326,0.0
365.987525443,301.034068826,38.3131509326,0.0
350.38882161,213.890380589,38.3131509326,0.0
128.995156689,149.747660095,38.3131509326,0.0
173.191016135,392.60709188,38.3131509326,0.0
@ 130 10 0.0940354648039 0.175915993311
375.824310878,332.434251966,41.9995679078,0.0
432.483070264,215.163494664,41.9995679078,0.0
251.785456066,441.361309002,41.9995679078,0.0
135.470125443,157.844732851,41.9995679078,0.0
357.794450182,90.8924274579,41.9995679078,0.0
465.02103194,300.717697116,41.9995679078,0.0
261.864277796,345.891972901,41.9995679078,0.0
406.956097786,439.007265686,41.9995679078,0.0
59.8169784964,78.3938099347,41.9995679078,0.0
217.616190412,200.80069028,41.9995679078,0.0
@ 140 10 0.0940354648039 0.211397199029
406.995019952,68.2547429948,47.2382489036,0.0
118.024957852,227.17840627,47.2382489036,0.0
63.2831011024,327.580568553,47.2382489036,0.0
306.927905552,452.603040898,47.2382489036,0.0
189.477298003,363.584539977,47.2382489036,0.0
62.6730314943,455.854572493,47.2382489036,0.0
441.714539925,166.280530506,47.2382489036,0.0
374.824071535,338.343265754,47.2382489036,0.0
456.350687203,417.391656437,47.2382489036,0.0
250.52532631,205.153497349,47.2382489036,0.0
@ 150 10 0.0940354648039 0.267422019565
263.969263585,139.873987313,45.715619909,0.0
388.770934104,151.902159501,45.715619909,0.0
453.476938547,442.167614178,45.715619909,0.0
260.326608133,237.007099906,45.715619909,0.0
77.8049120814,232.457111235,45.715619909,0.0
114.206366608,379.599504027,45.715619909,0.0
317.454567152,51.9618231214,45.715619909,0.0
223.528364358,416.754460998,45.715619909,0.0
121.610817131,145.590893739,45.715619909,0.0
434.662734669,291.479471872,45.715619909,0.0
@ 160 10 0.0940354648039 0.250460250358
55.1558573785,255.032339328,49.3443512357,0.0
163.783922186,443.576419273,49.3443512357,0.0
234.369767677,292.943390947,49.3443512357,0.0
104.529232123,358.699588517,49.3443512357,0.0
297.773621871,167.824453935,49.3443512357,0.0
215.427041959,87.967918816,49.3443512357,0.0
145.614962387,195.48129539,49.3443512357,0.0
323.512855324,58.2474438561,49.3443512357,0.0
64.4618125526,107.846888467,49.3443512357,0.0
417.278442515,181.902121379,49.3443512357,0.0
@ 170 10 0.0940354648039 0.291799451134
357.132285699,411.575623139,40.6466977538,0.0
92.13782222,310.134206474,40.6466977538,0.0
366.66106192,298.415201844,40.6466977538,0.0
418.642003392,71.3750339165,40.6466977538,0.0
168.558015156,254.139204602,40.6466977538,0.0
161.553129269,425.82977708,40.6466977538,0.0
267.027623757,87.1092329637,40.6466977538,0.0
285.046523551,333.157408682,40.6466977538,0.0
70.1492263684,445.926678224,40.6466977538,0.0
240.992818901,216.345986966,40.6466977538,0.0
@ 180 10 0.0940354648039 0.197997688489
288.365190475,203.962655073,38.6379272669,0.0
393.894747105,321.814921121,38.6379272669,0.0
430.39495478,425.222298218,38.6379272669,0.0
269.986570587,100.294000775,38.6379272669,0.0
184.960456112,201.175057929,38.6379272669,0.0
185.373673127,364.988511823,38.6379272669,0.0
95.4077352582,188.819620347,38.6379272669,0.0
77.6612917306,355.499490345,38.6379272669,0.0
45.5968452058,438.706500203,38.6379272669,0.0
49.1922538383,42.9633061502,38.6379272669,0.0
@ 190 10 0.0940354648039 0.178911074978
69.2606313909,100.849078492,49.2922351512,0.0
177.214683399,196.408245237,49.2922351512,0.0
165.015266488,438.659988813,49.2922351512,0.0
270.15367946,252.918207775,49.2922351512,0.0
352.243183708,430.868139931,49.2922351512,0.0
176.275847189,90.4946175284,49.2922351512,0.0
319.768464096,146.441227211,49.2922351512,0.0
412.293563639,75.5115789959,49.2922351512,0.0
226.156059937,353.078263248,49.2922351512,0.0
415.130540208,234.973622756,49.2922351512,0.0
@ 200 10 0.0940354648039 0.291183396261
164.020335666,44.7060406288,40.6446746626,0.0
293.529090235,181.35096622,40.6446746626,0.0
90.915571892,105.750780469,40.6446746626,0.0
326.26870793,96.7919616298,40.6446746626,0.0
461.539277371,469.769730563,40.6446746626,0.0
373.287686084,214.046823983,40.6446746626,0.0
41.0475508478,453.689224625,40.6446746626,0.0
263.981474183,458.820853707,40.6446746626,0.0
80.2079813642,329.721962036,40.6446746626,0.0
247.750002567,341.151207217,40.6446746626,0.0
@ 210 10 0.101847810272 0.197977979267
290.179709616,61.4565526308,45.9193679606,0.0
410.798993815,48.1857013952,45.9193679606,0.0
109.024626763,99.659784667,45.9193679606,0.0
438.045260845,420.333752908,45.9193679606,0.0
103.177997394,370.974827311,45.9193679606,0.0
342.006293995,201.746067972,45.9193679606,0.0
441.099440604,324.394726618,45.9193679606,0.0
122.844763336,195.155962752,45.9193679606,0.0
224.70837794,172.667618866,45.9193679606,0.0
238.861485524,323.763790912,45.9193679606,0.0
@ 220 10 0.101847810272 0.252697757215
366.792464496,366.462185895,44.1538535198,0.0
438.72013235,112.462364294,44.1538535198,0.0
299.077016645,234.107858291,44.1538535198,0.0
98.2612893919,418.251109544,44.1538535198,0.0
443.307958649,413.282649243,44.1538535198,0.0
209.348330223,300.664756452,44.1538535198,0.0
227.786236867,453.948730239,44.1538535198,0.0
221.230174264,164.842318799,44.1538535198,0.0
115.006810658,73.608956037,44.1538535198,0.0
282.931792868,64.4498205824,44.1538535198,0.0
@ 230 10 0.101847810272 0.233639790957
110.677709224,85.9199459639,51.4193222598,0.0
189.114545673,412.262683792,51.4193222598,0.0
318.974270988,448.86533779,51.4193222598,0.0
64.4179597903,351.309529231,51.4193222598,0.0
451.995502854,165.13541649,51.4193222598,0.0
446.066292715,301.412587412,51.4193222598,0.0
444.79447472,439.817559877,51.4193222598,0.0
308.937070826,241.181361124,51.4193222598,0.0
57.2618313142,457.343675397,51.4193222598,0.0
307.561344818,99.9419207703,51.4193222598,0.0
@ 240 10 0.101847810272 0.316856251467
381.950567423,280.464529044,46.8715146808,0.0
436.27557814,179.505334959,46.8715146808,0.0
419.145432653,421.532232357,46.8715146808,0.0
170.360751473,95.3723832428,46.8715146808,0.0
303.448987453,378.154818366,46.8715146808,0.0
168.585278305,189.975630688,46.8715146808,0.0
457.266243101,62.4742776518,46.8715146808,0.0
262.42042092,194.426061215,46.8715146808,0.0
69.6874559226,130.183871795,46.8715146808,0.0
54.3482493588,268.412471491,46.8715146808,0.0
@ 250 10 0.101847810272 0.26328587504
249.219174396,202.175842603,50.1365561461,0.0
378.313009861,62.457977182,50.1365561461,0.0
356.567239545,180.112446788,50.1365561461,0.0
320.126214943,282.595881112,50.1365561461,0.0
207.650415304,425.110973126,50.1365561461,0.0
89.3675802404,303.344835408,50.1365561461,0.0
68.8530681769,185.755030921,50.1365561461,0.0
199.225192002,321.396728131,50.1365561461,0.0
150.335034416,75.4117834714,50.1365561461,0.0
84.75237116,441.544395708,50.1365561461,0.0
@ 260 10 0.101847810272 0.301244122519
78.7123626738,426.787398758,37.0184975061,0.0
279.439793669,437.357554435,37.0184975061,0.0
403.876858433,440.838712519,37.0184975061,0.0
106.506218957,337.155763843,37.0184975061,0.0
335.148447829,198.57176791,37.0184975061,0.0
313.337937503,47.9496903352,37.0184975061,0.0
174.161223691,235.757857332,37.0184975061,0.0
157.916055515,161.945311045,37.0184975061,0.0
194.030526916,429.498139505,37.0184975061,0.0
417.189689722,331.573946246,37.0184975061,0.0
@ 270 10 0.101847810272 0.164227983164
236.940598901,309.263465324,47.4358344427,0.0
142.5255108,423.366233209,47.4358344427,0.0
66.5035646929,66.3807193733,47.4358344427,0.0
380.734323123,278.059550959,47.4358344427,0.0
216.801522655,52.372046216,47.4358344427,0.0
184.942894107,184.226608294,47.4358344427,0.0
352.870047542,452.644119715,47.4358344427,0.0
437.459066569,408.43717697,47.4358344427,0.0
353.343204898,78.1361967121,47.4358344427,0.0
97.5900414951,264.528054372,47.4358344427,0.0
@ 280 10 0.101847810272 0.269663814322
121.423942478,107.280182956,41.0015409501,0.0
353.942724939,72.3374393676,41.0015409501,0.0
365.990104176,164.112540558,41.0015409501,0.0
110.432178254,387.931545549,41.0015409501,0.0
193.090067441,342.170612437,41.0015409501,0.0
457.858040421,404.942546435,41.0015409501,0.0
159.621756764,262.70846837,41.0015409501,0.0
447.519330397,264.030453797,41.0015409501,0.0
238.681406207,59.6105239661,41.0015409501,0.0
199.200344015,162.78777338,41.0015409501,0.0
@ 290 10 0.101847810272 0.201469793785
205.385749988,192.751581292,50.3715495197,0.0
324.573685574,330.809435667,50.3715495197,0.0
198.21340946,450.704904649,50.3715495197,0.0
62.7805241703,448.072080341,50.3715495197,0.0
419.484443972,90.208575197,50.3715495197,0.0
356.700206885,201.264590021,50.3715495197,0.0
104.773074026,74.2394573495,50.3715495197,0.0
92.887940397,211.029141694,50.3715495197,0.0
201.862355996,304.02528048,50.3715495197,0.0
422.9766087,413.550172583,50.3715495197,0.0
@ 300 10 0.101847810272 0.304074642908
105.006571852,295.921105291,49.6688141647,0.0
393.215487052,90.7967825369,49.6688141647,0.0
57.1770002896,458.76437631,49.6688141647,0.0
340.333776118,305.548971127,49.6688141647,0.0
426.392075174,238.228445051,49.6688141647,0.0
221.807932289,51.1000060513,49.6688141647,0.0
455.904167066,414.799920722,49.6688141647,0.0
316.04159124,183.71174776,49.6688141647,0.0
225.896368633,357.683312491,49.6688141647,0.0
59.8893667823,162.023413611,49.6688141647,0.0
@ 310 10 0.111075848937 0.295649512158
228.717248683,83.5355003915,48.1392720717,0.0
352.531213336,379.697289001,48.1392720717,0.0
417.509142986,182.799703762,48.1392720717,0.0
398.4646319,283.287493094,48.1392720717,0.0
161.21883317,452.511447931,48.1392720717,0.0
282.950818507,292.181600049,48.1392720717,0.0
87.5392178022,167.060056481,48.1392720717,0.0
75.0325644801,305.47825694,48.1392720717,0.0
323.988792828,49.9859802442,48.1392720717,0.0
126.691628861,74.0366251617,48.1392720717,0.0
@ 320 10 0.111075848937 0.277720936901
348.307034243,314.464828327,37.458792508,0.0
458.197465341,203.455017646,37.458792508,0.0
281.647297954,429.563446852,37.458792508,0.0
118.354828342,216.242726995,37.458792508,0.0
345.317241255,199.078400115,37.458792508,0.0
82.7880971121,432.98644017,37.458792508,0.0
253.543235364,64.0170591481,37.458792508,0.0
242.44460497,228.070243722,37.458792508,0.0
400.510384295,50.7211177853,37.458792508,0.0
200.737929869,127.5552676,37.458792508,0.0
@ 330 10 0.111075848937 0.168157844305
172.530190546,407.444722236,48.2804216349,0.0
324.429832238,219.207925408,48.2804216349,0.0
170.552325221,257.739672696,48.2804216349,0.0
62.9089799016,253.585988649,48.2804216349,0.0
432.242622196,218.309285286,48.2804216349,0.0
388.265579895,452.26868863,48.2804216349,0.0
431.680622192,86.5658302958,48.2804216349,0.0
315.614172649,328.764497429,48.2804216349,0.0
142.14114195,63.5735176355,48.2804216349,0.0
241.978356649,142.232032878,48.2804216349,0.0
@ 340 10 0.111075848937 0.279351940314
314.519880748,417.04673666,52.4988904518,0.0
133.69910673,365.000249884,52.4988904518,0.0
121.401667882,189.665697756,52.4988904518,0.0
283.641305223,192.744836355,52.4988904518,0.0
458.096183831,217.482253187,52.4988904518,0.0
333.021407288,54.441274451,52.4988904518,0.0
210.435129577,72.6162110489,52.4988904518,0.0
448.192025214,386.065603907,52.4988904518,0.0
371.380983504,311.726971705,52.4988904518,0.0
53.5897895328,456.154446373,52.4988904518,0.0
@ 350 10 0.111075848937 0.330300958178
438.124008475,421.141391758,45.0404768099,0.0
264.492632634,82.35485045,45.0404768099,0.0
88.9094391656,48.5614743985,45.0404768099,0.0
465.703486062,92.1637327244,45.0404768099,0.0
249.777645106,301.465460368,45.0404768099,0.0
194.918228061,182.070835494,45.0404768099,0.0
370.609581928,53.5151232285,45.0404768099,0.0
393.740654846,189.690656899,45.0404768099,0.0
372.180935645,291.823188433,45.0404768099,0.0
112.281820521,281.742466247,45.0404768099,0.0
@ 360 10 0.111075848937 0.243117120201
116.029815662,374.04622256,43.9028470322,0.0
467.635343734,57.6244185862,43.9028470322,0.0
381.235508881,306.091425472,43.9028470322,0.0
63.1360665288,251.706963974,43.9028470322,0.0
253.474773089,276.699031294,43.9028470322,0.0
450.560059824,220.692895947,43.9028470322,0.0
158.535797929,97.8231022474,43.9028470322,0.0
66.3346998892,127.784936052,43.9028470322,0.0
347.316306813,222.794316895,43.9028470322,0.0
373.341003983,414.480846446,43.9028470322,0.0
@ 370 10 0.111075848937 0.230990943558
111.370906886,105.664923982,39.6939275673,0.0
148.018629381,285.47300418,39.6939275673,0.0
443.245328814,177.006070524,39.6939275673,0.0
419.029271179,455.193174441,39.6939275673,0.0
273.019108357,238.998058134,39.6939275673,0.0
118.427837832,387.128316096,39.6939275673,0.0
42.9186690588,447.043772181,39.6939275673,0.0
335.405292702,450.022832381,39.6939275673,0.0
399.878502788,330.863210232,39.6939275673,0.0
422.022640139,48.9822054148,39.6939275673,0.0
@ 380 10 0.111075848937 0.188824233158
256.960747164,337.754652539,48.981443325,0.0
374.446911132,235.831566675,48.981443325,0.0
183.027218697,228.425027702,48.981443325,0.0
264.135916623,137.965008651,48.981443325,0.0
423.163640285,359.387346058,48.981443325,0.0
81.1365972584,340.546181111,48.981443325,0.0
459.028616464,152.222727886,48.981443325,0.0
106.323178893,443.081394335,48.981443325,0.0
109.883190221,95.0323811804,48.981443325,0.0
72.4836476126,212.49432612,48.981443325,0.0
@ 390 10 0.111075848937 0.287523098765
178.581169269,310.560109864,49.0463748601,0.0
437.639565565,365.076438152,49.0463748601,0.0
428.74962856,94.3619785774,49.0463748601,0.0
295.516724806,452.526205986,49.0463748601,0.0
53.4983414999,203.812570441,49.0463748601,0.0
190.378294269,425.182640843,49.0463748601,0.0
155.594242265,51.3013556172,49.0463748601,0.0
367.498577741,202.389876026,49.0463748601,0.0
85.227644672,425.787990619,49.0463748601,0.0
74.5272348032,322.208752183,49.0463748601,0.0
@ 400 10 0.111075848937 0.288285905627
58.0165095052,420.90610683,47.6277181796,0.0
433.815002954,150.315826628,47.6277181796,0.0
407.35562827,355.9733178,47.6277181796,0.0
348.232778015,50.7467029103,47.6277181796,0.0
159.024301421,371.47033155,47.6277181796,0.0
266.476173503,449.905656369,47.6277181796,0.0
365.638366159,460.128400086,47.6277181796,0.0
258.020157562,188.943204512,47.6277181796,0.0
112.095551508,277.537795083,47.6277181796,0.0
185.225597046,52.0803759898,47.6277181796,0.0
@ 410 10 0.122142732507 0.271849872884
332.305576015,84.2908512454,41.5811454006,0.0
42.0331444099,282.404738229,41.5811454006,0.0
51.9412834605,118.334721925,41.5811454006,0.0
355.568301011,271.23313878,41.5811454006,0.0
239.065899273,275.283040641,41.5811454006,0.0
106.169281199,454.2285837,41.5811454006,0.0
114.346703154,49.1167625012,41.5811454006,0.0
222.234296905,379.077899778,41.5811454006,0.0
213.767138529,110.465289884,41.5811454006,0.0
446.483457584,294.983180721,41.5811454006,0.0
@ 420 10 0.122142732507 0.207206073249
47.2786401549,249.300515757,44.2646142889,0.0
374.973518888,245.760474104,44.2646142889,0.0
130.24952505,154.77163147,44.2646142889,0.0
286.59631632,409.720638521,44.2646142889,0.0
447.1935569,336.425719946,44.2646142889,0.0
91.9179511315,390.370932807,44.2646142889,0.0
376.976923216,125.193368967,44.2646142889,0.0
457.135383176,430.250535332,44.2646142889,0.0
287.960467775,147.065029549,44.2646142889,0.0
229.945231086,219.539763156,44.2646142889,0.0
@ 430 10 0.122142732507 0.234813440764
352.485342864,203.014319391,39.7507677427,0.0
462.704571559,264.828357364,39.7507677427,0.0
51.9311040402,155.570060411,39.7507677427,0.0
169.659449347,245.309462578,39.7507677427,0.0
68.2759055213,283.880052853,39.7507677427,0.0
105.735319914,367.283097413,39.7507677427,0.0
256.593535876,261.282020474,39.7507677427,0.0
51.1238079293,456.302426525,39.7507677427,0.0
344.262204832,425.402654673,39.7507677427,0.0
266.722310997,96.0891636336,39.7507677427,0.0
@ 440 10 0.122142732507 0.189365398403
419.671745555,460.456525513,48.2780807591,0.0
447.059476265,331.215543058,48.2780807591,0.0
49.2622799417,314.917072777,48.2780807591,0.0
296.968997474,159.495957221,48.2780807591,0.0
244.892856806,277.157974851,48.2780807591,0.0
53.2882129065,71.2283237684,48.2780807591,0.0
206.39732171,418.180449103,48.2780807591,0.0
172.568121468,212.627890345,48.2780807591,0.0
309.932025507,406.998408582,48.2780807591,0.0
402.849647258,102.004405091,48.2780807591,0.0
@ 450 10 0.122142732507 0.279324852218
199.831154674,457.53367518,42.7776192678,0.0
235.399447856,50.0311231294,42.7776192678,0.0
271.710496971,363.105200104,42.7776192678,0.0
447.812160993,297.828679601,42.7776192678,0.0
98.6227982229,85.3530315848,42.7776192678,0.0
205.625129299,229.200511395,42.7776192678,0.0
130.356802432,357.967775328,42.7776192678,0.0
338.494283293,287.785133006,42.7776192678,0.0
54.2999962717,302.64175414,42.7776192678,0.0
284.774740195,148.519234993,42.7776192678,0.0
@ 460 10 0.122142732507 0.219302107635
85.2761839068,218.045358657,49.7589252792,0.0
72.3655217443,340.47396569,49.7589252792,0.0
127.569687854,431.562823755,49.7589252792,0.0
390.383705361,447.729444256,49.7589252792,0.0
92.3353880709,94.7794326718,49.7589252792,0.0
450.176775463,53.3869462579,49.7589252792,0.0
188.696318696,300.569876202,49.7589252792,0.0
449.461353936,233.926558502,49.7589252792,0.0
311.531308468,139.410001026,49.7589252792,0.0
281.360053836,418.210308881,49.7589252792,0.0
@ 470 10 0.122142732507 0.296723243204
189.561210226,80.2008207301,49.2615185572,0.0
255.500005981,318.917310271,49.2615185572,0.0
129.211066529,300.967091011,49.2615185572,0.0
199.701292942,410.207873157,49.2615185572,0.0
104.500416669,451.801655134,49.2615185572,0.0
399.318614888,61.9067270166,49.2615185572,0.0
51.9061990404,205.724784189,49.2615185572,0.0
363.911598687,200.837934813,49.2615185572,0.0
359.687240229,387.389464615,49.2615185572,0.0
86.8203631423,88.3363032535,49.2615185572,0.0
@ 480 10 0.122142732507 0.29082060584
243.163352103,420.882048534,47.9706265573,0.0
347.320851592,420.886892361,47.9706265573,0.0
277.398322314,99.5414688439,47.9706265573,0.0
360.706575867,49.013478675,47.9706265573,0.0
352.570832505,202.128339354,47.9706265573,0.0
292.572010865,338.012729813,47.9706265573,0.0
437.583283255,107.353655339,47.9706265573,0.0
70.3934218164,203.36070046,47.9706265573,0.0
438.558616764,375.735845972,47.9706265573,0.0
107.116230929,96.4885572591,47.9706265573,0.0
@ 490 10 0.122142732507 0.275778475053
406.591890656,411.544546521,50.3343838696,0.0
165.291245955,436.563185295,50.3343838696,0.0
221.898104019,68.2126745181,50.3343838696,0.0
442.112003258,301.136149737,50.3343838696,0.0
359.55020099,133.074851662,50.3343838696,0.0
345.275916238,259.403045221,50.3343838696,0.0
65.6457495707,395.617232785,50.3343838696,0.0
228.016095166,290.273591787,50.3343838696,0.0
215.72604847,183.779620359,50.3343838696,0.0
114.971341571,219.532088686,50.3343838696,0.0
@ 500 10 0.122142732507 0.30362609754
352.758407355,349.178121525,51.7737005601,0.0
71.6409446483,350.07400224,51.7737005601,0.0
192.825498722,266.988988832,51.7737005601,0.0
391.050810486,98.1824668566,51.7737005601,0.0
303.31332697,456.928391088,51.7737005601,0.0
293.973704894,203.786368055,51.7737005601,0.0
427.958131935,257.28538837,51.7737005601,0.0
171.799905492,379.281995165,51.7737005601,0.0
69.2182585975,239.032942418,51.7737005601,0.0
244.318779094,71.7460789072,51.7737005601,0.0
@ 510 10 0.135658914729 0.321238803076
467.230473603,153.809470751,44.1166067122,0.0
429.527100112,281.03525537,44.1166067122,0.0
194.080866492,374.569132939,44.1166067122,0.0
413.546366605,451.206981849,44.1166067122,0.0
322.03239335,166.831004163,44.1166067122,0.0
73.5710845383,302.492837943,44.1166067122,0.0
296.708771254,430.828575464,44.1166067122,0.0
88.5830839379,457.151411246,44.1166067122,0.0
96.7661231815,112.117707393,44.1166067122,0.0
460.405192806,45.9282030055,44.1166067122,0.0
@ 520 10 0.135658914729 0.233245774801
460.754290996,301.742135713,45.1392094929,0.0
97.3231451159,102.257570315,45.1392094929,0.0
406.627638638,405.012653842,45.1392094929,0.0
225.856624153,402.444246129,45.1392094929,0.0
358.267742847,187.545161256,45.1392094929,0.0
260.821181902,46.2589795185,45.1392094929,0.0
131.273473748,244.52399273,45.1392094929,0.0
249.193774663,240.988642707,45.1392094929,0.0
85.4436793135,362.418058443,45.1392094929,0.0
429.182963788,103.505625598,45.1392094929,0.0
@ 530 10 0.135658914729 0.244184156621
83.4607191304,227.63454643,43.4650590885,0.0
123.638723656,343.70220519,43.4650590885,0.0
409.082095774,43.7180056474,43.4650590885,0.0
224.343359821,62.2530924586,43.4650590885,0.0
136.965698122,89.6276043285,43.4650590885,0.0
431.015347004,268.300275306,43.4650590885,0.0
451.877718167,124.134035933,43.4650590885,0.0
238.536696674,380.854867737,43.4650590885,0.0
331.387923247,209.381538594,43.4650590885,0.0
198.405383072,263.886361737,43.4650590885,0.0
@ 540 10 0.135658914729 0.22640714727
441.950390738,211.000546849,51.2046651536,0.0
242.251707657,198.287720755,51.2046651536,0.0
99.9492692854,248.040039414,51.2046651536,0.0
452.573865078,98.7602219017,51.2046651536,0.0
100.668535137,401.237266538,51.2046651536,0.0
192.291355434,332.594105643,51.2046651536,0.0
297.021755473,86.797055623,51.2046651536,0.0
448.94176808,321.070295495,51.2046651536,0.0
360.857366947,457.162182431,51.2046651536,0.0
151.799323615,111.389549192,51.2046651536,0.0
@ 550 10 0.135658914729 0.314216252608
206.214453357,52.5793085005,50.7502463145,0.0
52.1214676858,326.730753123,50.7502463145,0.0
432.582214715,107.21864902,50.7502463145,0.0
326.070648314,91.7282079886,50.7502463145,0.0
416.689884324,386.817145465,50.7502463145,0.0
271.938201573,199.411862913,50.7502463145,0.0
256.329179283,398.222623371,50.7502463145,0.0
145.721449966,367.911095309,50.7502463145,0.0
141.938896586,259.325254432,50.7502463145,0.0
119.804927113,148.185786322,50.7502463145,0.0
@ 560 10 0.135658914729 0.308663938034
304.875001115,182.506028463,41.2202002927,0.0
53.4085458416,122.178540476,41.2202002927,0.0
84.8143747871,399.422925014,41.2202002927,0.0
160.858184228,103.364263634,41.2202002927,0.0
292.332961663,268.717770927,41.2202002927,0.0
128.097390648,206.212800346,41.2202002927,0.0
279.365604426,373.097955152,41.2202002927,0.0
296.742108178,100.153944508,41.2202002927,0.0
428.883069334,55.5282244817,41.2202002927,0.0
411.919760721,245.428242288,41.2202002927,0.0
@ 570 10 0.135658914729 0.203624382059
211.35610294,242.986222295,46.5217282883,0.0
380.266056762,195.88947251,46.5217282883,0.0
361.139765194,437.353014654,46.5217282883,0.0
435.518713488,359.790628507,46.5217282883,0.0
424.951416227,101.688115021,46.5217282883,0.0
297.621877906,47.1090508461,46.5217282883,0.0
193.518513746,383.499558031,46.5217282883,0.0
89.5484337065,432.448692696,46.5217282883,0.0
140.204372125,79.6383905356,46.5217282883,0.0
47.8524856452,296.571865596,46.5217282883,0.0
@ 580 10 0.135658914729 0.259370909439
283.984184771,216.970310715,47.9384035164,0.0
330.658069647,398.810450144,47.9384035164,0.0
93.5378587445,448.967238096,47.9384035164,0.0
316.195073622,94.9084731658,47.9384035164,0.0
397.745037325,150.109727583,47.9384035164,0.0
448.313673517,61.0161767489,47.9384035164,0.0
191.646600107,366.972521623,47.9384035164,0.0
78.4352313351,159.629930843,47.9384035164,0.0
205.35790701,133.271042013,47.9384035164,0.0
442.953805511,426.390560342,47.9384035164,0.0
@ 590 10 0.135658914729 0.275408105221
122.97256253,71.9778518341,49.2826575079,0.0
76.24333986,273.570837814,49.2826575079,0.0
374.988710105,391.42210704,49.2826575079,0.0
355.225292278,54.3433430618,49.2826575079,0.0
224.411350857,442.496960313,49.2826575079,0.0
222.885462465,210.324475218,49.2826575079,0.0
411.927121707,262.368130104,49.2826575079,0.0
219.404532395,330.702582941,49.2826575079,0.0
70.6017970991,158.355005366,49.2826575079,0.0
449.590728253,154.630851427,49.2826575079,0.0
@ 600 10 0.135658914729 0.291070251473
302.306488019,383.825358646,43.5034120975,0.0
103.328276826,68.005182252,43.5034120975,0.0
338.893279832,228.51953419,43.5034120975,0.0
451.886780869,166.924125526,43.5034120975,0.0
201.282770677,360.479625595,43.5034120975,0.0
165.661503529,137.255949549,43.5034120975,0.0
236.747607268,224.888816365,43.5034120975,0.0
464.039793361,439.22645293,43.5034120975,0.0
47.9379713514,409.477151288,43.5034120975,0.0
302.015507461,56.6185543219,43.5034120975,0.0
@ 610 10 0.152538679451 0.226806881061
429.380647677,458.456051648,53.2533825206,0.0
314.403324866,401.79986846,53.2533825206,0.0
381.713322299,185.506897362,53.2533825206,0.0
179.630147469,183.825240518,53.2533825206,0.0
275.604290554,297.372802607,53.2533825206,0.0
56.0741615598,333.127371404,53.2533825206,0.0
276.588366468,115.246685993,53.2533825206,0.0
145.325628444,439.536327011,53.2533825206,0.0
427.264290709,74.3939388862,53.2533825206,0.0
97.7009997167,59.5837069653,53.2533825206,0.0
@ 620 10 0.152538679451 0.339863073419
76.6867143918,59.1487574913,57.7458582744,0.0
196.579504839,310.74622482,57.7458582744,0.0
404.838534805,329.766584145,57.7458582744,0.0
199.935791436,96.0735707778,57.7458582744,0.0
183.047516209,444.341862773,57.7458582744,0.0
267.170624523,213.499547423,57.7458582744,0.0
68.3195546076,406.250389741,57.7458582744,0.0
295.068907849,377.833937045,57.7458582744,0.0
82.1766970361,269.426809732,57.7458582744,0.0
440.437925732,68.0331684226,57.7458582744,0.0
@ 630 10 0.152538679451 0.399623726388
141.246077905,65.8424746887,45.7897672771,0.0
357.642649152,253.11096553,45.7897672771,0.0
180.012025019,445.095429357,45.7897672771,0.0
161.758382935,157.458885317,45.7897672771,0.0
439.551473296,69.7359122061,45.7897672771,0.0
326.489591931,82.9696833861,45.7897672771,0.0
79.4628003415,224.581621202,45.7897672771,0.0
463.696285756,197.861974075,45.7897672771,0.0
135.20529868,311.957183961,45.7897672771,0.0
292.941033187,364.215840461,45.7897672771,0.0
@ 640 10 0.152538679451 0.251273365384
339.384799819,47.6418973846,44.4022038656,0.0
272.790692711,317.775283626,44.4022038656,0.0
343.685661731,173.328374761,44.4022038656,0.0
182.664901317,415.480410352,44.4022038656,0.0
234.704861862,193.823387652,44.4022038656,0.0
430.847606605,312.046241974,44.4022038656,0.0
146.036266811,297.717494479,44.4022038656,0.0
440.256213141,177.860136403,44.4022038656,0.0
210.488231927,57.2637290175,44.4022038656,0.0
406.871510241,429.830453447,44.4022038656,0.0
@ 650 10 0.152538679451 0.236275470622
128.665707804,170.882573223,51.4312483788,0.0
353.832067253,144.11737002,51.4312483788,0.0
446.023734584,452.828085348,51.4312483788,0.0
147.206756768,57.8986295532,51.4312483788,0.0
112.905938268,365.553309315,51.4312483788,0.0
427.745236171,57.9087179929,51.4312483788,0.0
443.026342024,340.142074572,51.4312483788,0.0
205.018192192,429.331478571,51.4312483788,0.0
333.816730593,246.111640544,51.4312483788,0.0
213.45473737,259.158119233,51.4312483788,0.0
@ 660 10 0.152538679451 0.317003250822
51.8906505973,243.281021375,45.7812365993,0.0
160.255595477,224.619020568,45.7812365993,0.0
113.466170473,375.696662288,45.7812365993,0.0
455.028856202,339.811026939,45.7812365993,0.0
205.305982316,451.483415887,45.7812365993,0.0
305.79527573,181.902579235,45.7812365993,0.0
415.450443331,457.410199261,45.7812365993,0.0
250.794065299,261.637890189,45.7812365993,0.0
345.781917337,293.741265752,45.7812365993,0.0
415.946402055,227.777331102,45.7812365993,0.0
@ 670 10 0.152538679451 0.251179749164
412.81800912,180.206816583,44.7294143612,0.0
130.135556073,97.0270669263,44.7294143612,0.0
218.752587104,144.90521447,44.7294143612,0.0
95.2253642663,390.985164663,44.7294143612,0.0
441.045361918,392.015583179,44.7294143612,0.0
76.7106956087,300.691082476,44.7294143612,0.0
416.163437116,90.6218338025,44.7294143612,0.0
324.048564116,75.9013635579,44.7294143612,0.0
247.231721329,377.058232861,44.7294143612,0.0
345.230772936,382.306396318,44.7294143612,0.0
@ 680 10 0.152538679451 0.239770643012
247.869475875,306.1914886,47.6537717782,0.0
407.831788927,293.94163101,47.6537717782,0.0
103.19085211,368.327287208,47.6537717782,0.0
68.3234728,239.462918092,47.6537717782,0.0
370.085896373,189.577015774,47.6537717782,0.0
61.8073731444,73.8177318684,47.6537717782,0.0
318.010486467,87.2600393244,47.6537717782,0.0
359.876317997,421.416210189,47.6537717782,0.0
232.865976874,411.506025315,47.6537717782,0.0
218.421654248,186.711911786,47.6537717782,0.0
@ 690 10 0.152538679451 0.27214737211
432.596376148,447.320696176,43.6317236439,0.0
362.398485172,235.772474298,43.6317236439,0.0
465.305321257,341.142270796,43.6317236439,0.0
121.299457725,261.29614427,43.6317236439,0.0
185.743290949,191.013494364,43.6317236439,0.0
335.680514641,77.0259992887,43.6317236439,0.0
86.277024698,51.4768859423,43.6317236439,0.0
240.466292134,47.9820895257,43.6317236439,0.0
264.2563103,466.319233485,43.6317236439,0.0
201.478278101,327.70413909,43.6317236439,0.0
@ 700 10 0.152538679451 0.228146769485
65.30531443,91.4341149919,50.6712120879,0.0
169.177285936,452.643646467,50.6712120879,0.0
291.636477518,326.682536511,50.6712120879,0.0
173.703613042,347.06570467,50.6712120879,0.0
393.873367241,446.116094581,50.6712120879,0.0
68.6708061831,341.155172892,50.6712120879,0.0
120.604573353,198.791578467,50.6712120879,0.0
438.77757457,146.016631724,50.6712120879,0.0
461.21108413,313.01767589,50.6712120879,0.0
254.852742237,173.65091705,50.6712120879,0.0
@ 710 10 0.174216027875 0.307703311357
255.213636229,402.233328501,53.9339007547,0.0
371.764162464,285.309011629,53.9339007547,0.0
123.692555266,414.780093179,53.9339007547,0.0
456.355704883,444.229298392,53.9339007547,0.0
359.93002265,59.789401975,53.9339007547,0.0
104.57772986,253.940021454,53.9339007547,0.0
85.8126983813,136.708108494,53.9339007547,0.0
275.893855321,165.627358573,53.9339007547,0.0
432.824856849,171.727893805,53.9339007547,0.0
246.094203071,288.43760182,53.9339007547,0.0
@ 720 10 0.174216027875 0.348604707311
358.094565346,242.23251617,50.4776413482,0.0
133.974792943,441.364889047,50.4776413482,0.0
58.3562629137,351.978851771,50.4776413482,0.0
250.549390711,279.297735773,50.4776413482,0.0
253.262612749,457.997420795,50.4776413482,0.0
366.250604097,54.66761251,50.4776413482,0.0
438.334120834,170.334597974,50.4776413482,0.0
360.042532893,446.911819338,50.4776413482,0.0
262.947806943,93.5088744998,50.4776413482,0.0
143.788720601,244.50918354,50.4776413482,0.0
@ 730 10 0.174216027875 0.305356867012
300.255608699,74.5884015869,51.3051696014,0.0
416.690388235,62.2328479437,51.3051696014,0.0
168.933489989,456.637787538,51.3051696014,0.0
85.6642172275,205.610656575,51.3051696014,0.0
62.6121348164,440.992737315,51.3051696014,0.0
408.378137681,432.508526086,51.3051696014,0.0
266.843547947,208.458098196,51.3051696014,0.0
316.531889099,373.301420878,51.3051696014,0.0
457.456045145,239.543296364,51.3051696014,0.0
202.088950373,299.764097034,51.3051696014,0.0
@ 740 10 0.174216027875 0.315450949625
445.68983371,435.455713586,56.1420357929,0.0
429.033948991,316.865230505,56.1420357929,0.0
58.3082818643,452.378926391,56.1420357929,0.0
103.317911184,341.533829071,56.1420357929,0.0
333.48943255,245.748259749,56.1420357929,0.0
291.708884383,372.61802606,56.1420357929,0.0
354.779212429,119.801052238,56.1420357929,0.0
440.828128123,199.444519296,56.1420357929,0.0
191.768755153,192.452756923,56.1420357929,0.0
59.4664965016,201.837838715,56.1420357929,0.0
@ 750 10 0.174216027875 0.377733843245
354.265861915,358.384845439,44.2587352866,0.0
196.766510536,176.201447185,44.2587352866,0.0
226.631630887,76.842817526,44.2587352866,0.0
332.526986566,45.7464600681,44.2587352866,0.0
429.458322544,463.091943188,44.2587352866,0.0
457.384364631,57.0384512025,44.2587352866,0.0
354.567886833,144.211720784,44.2587352866,0.0
82.8635306293,217.008014721,44.2587352866,0.0
452.611379407,259.979350985,44.2587352866,0.0
201.192863288,455.475949626,44.2587352866,0.0
@ 760 10 0.174216027875 0.234751071437
236.354730801,139.991721325,49.2593863334,0.0
55.4278996917,446.492624271,49.2593863334,0.0
113.62440775,283.26301796,49.2593863334,0.0
125.257565468,173.630155452,49.2593863334,0.0
381.036892025,298.493478222,49.2593863334,0.0
460.415399472,209.883955459,49.2593863334,0.0
233.461748435,293.269831081,49.2593863334,0.0
376.508712323,133.753529197,49.2593863334,0.0
160.480387632,403.947209061,49.2593863334,0.0
320.337180456,383.214588188,49.2593863334,0.0
@ 770 10 0.174216027875 0.290795430766
64.0459707439,455.88521556,54.9453125215,0.0
454.590503679,264.040589076,54.9453125215,0.0
146.10170134,379.835984703,54.9453125215,0.0
70.9339587569,218.300739916,54.9453125215,0.0
177.281565866,273.340472726,54.9453125215,0.0
275.046344901,123.801451426,54.9453125215,0.0
333.631133333,373.510208366,54.9453125215,0.0
86.7357919426,105.320528859,54.9453125215,0.0
408.302325102,63.8412649563,54.9453125215,0.0
317.960933239,227.415283013,54.9453125215,0.0
@ 780 10 0.174216027875 0.361801930454
427.095615465,307.577577373,52.279412744,0.0
77.6620688356,142.787464816,52.279412744,0.0
296.33651329,349.594700922,52.279412744,0.0
452.693910685,58.16763482,52.279412744,0.0
201.037247765,215.508034532,52.279412744,0.0
126.427238074,343.754821247,52.279412744,0.0
177.305736247,83.6648432141,52.279412744,0.0
423.304990241,437.513063593,52.279412744,0.0
363.857501545,126.61342095,52.279412744,0.0
332.795143297,244.077802749,52.279412744,0.0
@ 790 10 0.174216027875 0.32754500801
141.338117253,191.799570952,52.2159603578,0.0
357.167739071,150.132019273,52.2159603578,0.0
103.361223788,296.559696427,52.2159603578,0.0
446.712338849,76.076859993,52.2159603578,0.0
415.475047496,415.755823605,52.2159603578,0.0
384.851717645,306.306110849,52.2159603578,0.0
272.015538243,274.749220357,52.2159603578,0.0
224.414563682,118.048981849,52.2159603578,0.0
256.421583455,390.396225642,52.2159603578,0.0
127.347446706,439.356250159,52.2159603578,0.0
@ 800 10 0.174216027875 0.326750396953
58.9285160127,87.0909475363,53.3061099626,0.0
290.733907617,451.780500314,53.3061099626,0.0
240.257591699,211.339271653,53.3061099626,0.0
178.758675448,366.473672169,53.3061099626,0.0
278.066420688,61.0118833225,53.3061099626,0.0
400.795259559,124.412332991,53.3061099626,0.0
454.828044309,379.218705088,53.3061099626,0.0
451.818245823,257.421824419,53.3061099626,0.0
69.7953558149,329.677578653,53.3061099626,0.0
96.2296340274,191.187423438,53.3061099626,0.0
@ 810 10 0.203075137801 0.340536419644
443.20373229,79.8354703472,50.7818317324,0.0
68.9075974083,201.149277058,50.7818317324,0.0
343.016475502,437.398304825,50.7818317324,0.0
189.617252668,128.904958862,50.7818317324,0.0
224.892914296,449.451254041,50.7818317324,0.0
386.75401584,307.571190593,50.7818317324,0.0
240.450712431,305.615902381,50.7818317324,0.0
430.618364376,188.232765155,50.7818317324,0.0
450.942200959,397.661724246,50.7818317324,0.0
332.038008484,157.527562748,50.7818317324,0.0
@ 820 10 0.203075137801 0.309048263787
248.252247704,329.418996873,52.8467059236,0.0
226.477475446,212.950861043,52.8467059236,0.0
119.450028512,256.436564251,52.8467059236,0.0
224.070551228,105.935580339,52.8467059236,0.0
453.084455768,261.776789453,52.8467059236,0.0
67.8236855228,93.7254981866,52.8467059236,0.0
444.808912853,148.258872621,52.8467059236,0.0
334.298494237,236.628126568,52.8467059236,0.0
441.683305596,455.084011696,52.8467059236,0.0
102.675137714,447.308729772,52.8467059236,0.0
@ 830 10 0.203075137801 0.334692073742
319.587453322,236.048244509,50.8096720416,0.0
258.11542684,321.183579265,50.8096720416,0.0
279.64344785,126.695295445,50.8096720416,0.0
102.833115081,85.3903436292,50.8096720416,0.0
444.916211343,310.329757657,50.8096720416,0.0
337.849148606,393.505977166,50.8096720416,0.0
136.601563737,334.50121116,50.8096720416,0.0
453.173770911,208.446658075,50.8096720416,0.0
67.9420835418,417.463651532,50.8096720416,0.0
109.410090137,224.946439418,50.8096720416,0.0
@ 840 10 0.203075137801 0.309387217993
440.815841087,425.157952693,48.9703345338,0.0
118.365895333,276.556094758,48.9703345338,0.0
244.200219469,191.825690173,48.9703345338,0.0
104.752908276,176.439037405,48.9703345338,0.0
272.259519114,57.6909215649,48.9703345338,0.0
150.433621036,406.199860155,48.9703345338,0.0
340.38386965,295.452654935,48.9703345338,0.0
428.022461313,234.890053951,48.9703345338,0.0
145.765780883,54.4329610394,48.9703345338,0.0
338.160566047,435.986660957,48.9703345338,0.0
@ 850 10 0.203075137801 0.287392695426
449.244719153,270.771988062,55.226802974,0.0
343.092708077,60.3276082275,55.226802974,0.0
284.353567479,432.5632521,55.226802974,0.0
167.495137169,428.753663338,55.226802974,0.0
235.871838171,234.292688245,55.226802974,0.0
70.4063008989,90.1905232434,55.226802974,0.0
398.939943908,410.651957705,55.226802974,0.0
354.950482931,202.784627081,55.226802974,0.0
139.875215207,290.260645291,55.226802974,0.0
206.345951901,81.8918903393,55.226802974,0.0
@ 860 10 0.203075137801 0.365518522917
291.961533919,356.618483619,50.2025708553,0.0
351.712763607,224.188105846,50.2025708553,0.0
121.87728628,74.504150914,50.2025708553,0.0
82.3826911401,425.964230405,50.2025708553,0.0
316.966916405,90.8428456394,50.2025708553,0.0
443.778134999,85.0056895475,50.2025708553,0.0
192.838651483,402.424634693,50.2025708553,0.0
224.984952131,132.220332189,50.2025708553,0.0
211.379589922,242.350733965,50.2025708553,0.0
78.4710667333,293.516652387,50.2025708553,0.0
@ 870 10 0.203075137801 0.302037939924
353.349629274,63.6614949971,52.2273490632,0.0
75.8522943098,75.3045175401,52.2273490632,0.0
373.076611557,365.759676518,52.2273490632,0.0
257.000970745,385.317891727,52.2273490632,0.0
459.023514996,96.6090047353,52.2273490632,0.0
458.866825167,280.49178407,52.2273490632,0.0
128.834666177,382.551756657,52.2273490632,0.0
55.7867995372,304.532098925,52.2273490632,0.0
192.110174455,129.852759289,52.2273490632,0.0
173.089563861,255.694369455,52.2273490632,0.0
@ 880 10 0.203075137801 0.326892946082
455.059664321,89.8443199315,50.7112123403,0.0
235.454076064,191.765385131,50.7112123403,0.0
57.6570549258,456.507401536,50.7112123403,0.0
334.813698832,96.9732345541,50.7112123403,0.0
157.008215832,373.321219782,50.7112123403,0.0
57.0290966229,211.909035207,50.7112123403,0.0
263.09542703,383.300018799,50.7112123403,0.0
347.168406122,256.772997858,50.7112123403,0.0
441.561458177,385.276106355,50.7112123403,0.0
192.791677826,75.586793658,50.7112123403,0.0
@ 890 10 0.203075137801 0.308189309924
198.818053549,431.810161393,56.7033569205,0.0
82.141615363,174.479008507,56.7033569205,0.0
435.35283981,379.562486382,56.7033569205,0.0
319.194433506,64.0070142431,56.7033569205,0.0
92.4175782525,57.0794460392,56.7033569205,0.0
449.050911675,198.513554265,56.7033569205,0.0
310.872428028,379.346830583,56.7033569205,0.0
329.804086131,184.892374674,56.7033569205,0.0
208.645240889,152.0813693,56.7033569205,0.0
93.8334023849,306.057938609,56.7033569205,0.0
@ 900 10 0.203075137801 0.385324944862
67.1708518909,136.346590298,58.5503246764,0.0
308.506492604,427.047065109,58.5503246764,0.0
92.275186825,288.215007855,58.5503246764,0.0
441.663341137,108.464903128,58.5503246764,0.0
183.807724971,102.016697455,58.5503246764,0.0
320.026234016,90.1975242339,58.5503246764,0.0
142.401156414,451.060795476,58.5503246764,0.0
452.923083059,271.664789369,58.5503246764,0.0
434.429807614,397.586540729,58.5503246764,0.0
196.256842136,219.105852188,58.5503246764,0.0
@ 910 10 0.243393602225 0.410835722936
126.952100525,62.4880238454,49.0903263987,0.0
133.996021885,210.655074804,49.0903263987,0.0
51.6216544335,388.707736596,49.0903263987,0.0
233.437434646,63.7219141139,49.0903263987,0.0
291.674675384,222.420650614,49.0903263987,0.0
212.3159211,307.352522646,49.0903263987,0.0
462.1762043,392.525655789,49.0903263987,0.0
413.29611634,200.915133249,49.0903263987,0.0
159.97372242,433.746352527,49.0903263987,0.0
358.610043094,450.013608152,49.0903263987,0.0
@ 920 10 0.243393602225 0.288802815851
57.426978483,276.941677569,53.4519449187,0.0
287.210799904,151.895067832,53.4519449187,0.0
272.511698147,322.952172906,53.4519449187,0.0
173.851627675,191.053468057,53.4519449187,0.0
408.996850493,344.719215262,53.4519449187,0.0
384.909704169,99.6551120198,53.4519449187,0.0
137.12420735,371.541794105,53.4519449187,0.0
444.889310493,199.046896683,53.4519449187,0.0
280.019349396,456.257656852,53.4519449187,0.0
100.042728128,91.066144668,53.4519449187,0.0
@ 930 10 0.243393602225 0.342402248784
325.115810833,63.5891505432,55.4714033731,0.0
85.1213913456,194.090506836,55.4714033731,0.0
220.111120165,113.707956559,55.4714033731,0.0
98.1364381495,333.095086784,55.4714033731,0.0
330.180273079,209.950186583,55.4714033731,0.0
208.068359531,362.388838031,55.4714033731,0.0
420.402243457,420.84139781,55.4714033731,0.0
359.783555612,317.908661481,55.4714033731,0.0
456.335057011,68.8637153449,55.4714033731,0.0
135.03629413,454.526558963,55.4714033731,0.0
@ 940 10 0.243393602225 0.368763467836
287.857595852,245.976026653,55.4232180815,0.0
441.241752947,223.81385369,55.4232180815,0.0
411.861363745,99.5354525023,55.4232180815,0.0
403.059348756,339.50425353,55.4232180815,0.0
66.2229965082,402.894434132,55.4232180815,0.0
70.6822034121,208.18333069,55.4232180815,0.0
147.590562873,299.126734226,55.4232180815,0.0
299.162816819,117.11229288,55.4232180815,0.0
440.513997342,447.367688486,55.4232180815,0.0
180.526081639,83.1093287034,55.4232180815,0.0
@ 950 10 0.243393602225 0.368123092556
59.0567608711,440.908671915,48.8577847648,0.0
336.010523031,188.214923726,48.8577847648,0.0
436.31912222,287.618931094,48.8577847648,0.0
303.704217259,301.014330075,48.8577847648,0.0
54.4027996747,258.96007372,48.8577847648,0.0
150.510431058,56.4198213149,48.8577847648,0.0
304.118450101,78.6806148286,48.8577847648,0.0
156.526716913,339.088666461,48.8577847648,0.0
216.566827874,205.885219745,48.8577847648,0.0
103.592155194,174.354690604,48.8577847648,0.0
@ 960 10 0.243393602225 0.286073169595
359.371209403,354.886238496,56.7607556813,0.0
102.473128379,385.824144076,56.7607556813,0.0
197.983908787,244.101313828,56.7607556813,0.0
204.463233951,95.1723929236,56.7607556813,0.0
437.497683343,62.9271663169,56.7607556813,0.0
322.583618627,170.973990012,56.7607556813,0.0
86.8475107377,97.5952856909,56.7607556813,0.0
444.376349923,201.682422363,56.7607556813,0.0
223.341982976,451.454861547,56.7607556813,0.0
445.328174306,434.180625374,56.7607556813,0.0
@ 970 10 0.243393602225 0.386105440753
388.390869377,147.339790752,54.9168646793,0.0
118.643203115,195.057490875,54.9168646793,0.0
282.22199428,76.6203024585,54.9168646793,0.0
73.9814381377,75.6128658709,54.9168646793,0.0
265.790236327,336.493293242,54.9168646793,0.0
82.990455627,427.133774173,54.9168646793,0.0
253.97686264,217.838771747,54.9168646793,0.0
70.2450694332,316.93178151,54.9168646793,0.0
380.538890601,272.348076772,54.9168646793,0.0
450.672843264,403.153497232,54.9168646793,0.0
@ 980 10 0.243393602225 0.36142738277
331.391253741,130.840655146,53.5449336414,0.0
233.673845522,225.080336762,53.5449336414,0.0
349.763471648,315.956506732,53.5449336414,0.0
191.816325063,106.554278262,53.5449336414,0.0
93.8484101841,208.968159665,53.5449336414,0.0
432.783190822,425.771180523,53.5449336414,0.0
58.3189407126,428.228146914,53.5449336414,0.0
240.481245106,348.539198889,53.5449336414,0.0
441.627178897,100.252463618,53.5449336414,0.0
59.7919010518,85.1375145854,53.5449336414,0.0
@ 990 10 0.243393602225 0.343594618602
206.057978922,173.256337124,55.3830320666,0.0
138.148269938,284.854896071,55.3830320666,0.0
56.8581007195,69.5619382359,55.3830320666,0.0
389.994693318,58.871700413,55.3830320666,0.0
240.847399218,448.785537574,55.3830320666,0.0
371.293326369,192.02122393,55.3830320666,0.0
443.93088815,337.112392109,55.3830320666,0.0
67.345276624,196.486930358,55.3830320666,0.0
374.778830206,436.51827251,55.3830320666,0.0
254.692377678,317.415662127,55.3830320666,0.0
@ 1000 10 0.243393602225 0.367589452056
53.0974323703,400.958654905,52.7170060455,0.0
162.930645584,183.628235049,52.7170060455,0.0
346.831949319,123.877702212,52.7170060455,0.0
148.872944544,77.8048390588,52.7170060455,0.0
162.78128639,337.7502772,52.7170060455,0.0
273.785080024,267.202977788,52.7170060455,0.0
430.93224112,439.47927674,52.7170060455,0.0
184.338668376,458.64707596,52.7170060455,0.0
325.31814074,456.171280733,52.7170060455,0.0
455.904786472,244.755428221,52.7170060455,0.0
@ 1010 10 0.303687635575 0.333051242921
420.561999591,384.273373536,60.9655285522,0.0
428.834561586,70.560868884,60.9655285522,0.0
449.239800128,245.257157737,60.9655285522,0.0
272.664844973,304.626440276,60.9655285522,0.0
180.627991076,202.523976902,60.9655285522,0.0
312.151597101,450.202343163,60.9655285522,0.0
267.201216607,62.2285636183,60.9655285522,0.0
108.905185556,87.6740496051,60.9655285522,0.0
313.450007766,178.664962784,60.9655285522,0.0
78.6213487078,346.375139246,60.9655285522,0.0
@ 1020 10 0.303687635575 0.445428776325
178.521716329,230.569389634,52.238490599,0.0
349.383323328,212.298704074,52.238490599,0.0
413.73054704,437.54222776,52.238490599,0.0
458.978194382,314.375436061,52.238490599,0.0
80.6698164777,151.533763852,52.238490599,0.0
123.408580928,415.917532255,52.238490599,0.0
441.727785276,147.666577026,52.238490599,0.0
330.728667383,331.37020792,52.238490599,0.0
61.2278489633,290.971395508,52.238490599,0.0
248.972243922,454.253248959,52.238490599,0.0
@ 1030 10 0.303687635575 0.327032431543
98.8001482394,55.7570891813,55.5018677226,0.0
300.88034151,57.3022502541,55.5018677226,0.0
300.548708902,247.54190762,55.5018677226,0.0
131.982002051,237.345128254,55.5018677226,0.0
190.593455816,447.274347965,55.5018677226,0.0
335.775604838,397.831812273,55.5018677226,0.0
452.966803299,352.684478625,55.5018677226,0.0
59.0432005312,412.314680661,55.5018677226,0.0
189.891092541,120.250173707,55.5018677226,0.0
441.868199774,176.57079923,55.5018677226,0.0
@ 1040 10 0.303687635575 0.369168621602
224.605204827,403.880424416,53.6661506593,0.0
58.4141463739,189.751200581,53.6661506593,0.0
332.418257741,148.696282364,53.6661506593,0.0
449.534479377,227.631572113,53.6661506593,0.0
211.06233724,234.643349931,53.6661506593,0.0
451.502823759,94.6215681722,53.6661506593,0.0
416.911626097,398.78468383,53.6661506593,0.0
101.43565037,420.9567669,53.6661506593,0.0
340.463250657,310.918846576,53.6661506593,0.0
117.816929888,96.9602974269,53.6661506593,0.0
@ 1050 10 0.303687635575 0.345152064136
449.373792482,240.827918099,54.7087494431,0.0
277.904740053,100.416540167,54.7087494431,0.0
293.795580713,447.071663272,54.7087494431,0.0
122.467719799,414.666280678,54.7087494431,0.0
252.390476556,322.568517702,54.7087494431,0.0
70.4497606632,120.831047778,54.7087494431,0.0
167.445663675,227.847977496,54.7087494431,0.0
158.106097641,54.8669860109,54.7087494431,0.0
418.188162984,134.440979723,54.7087494431,0.0
54.9974959138,322.189911703,54.7087494431,0.0
@ 1060 10 0.303687635575 0.358693212861
57.7634625762,112.043291864,53.6891313504,0.0
444.435017984,405.728674969,53.6891313504,0.0
247.899989936,308.920017909,53.6891313504,0.0
322.11436829,86.5373776763,53.6891313504,0.0
61.4091625499,222.423552893,53.6891313504,0.0
307.788489073,442.891393506,53.6891313504,0.0
432.2282107,294.029189408,53.6891313504,0.0
79.1719308048,366.590331117,53.6891313504,0.0
195.159048773,188.371027801,53.6891313504,0.0
348.704243138,214.163568425,53.6891313504,0.0
@ 1070 10 0.303687635575 0.345447726528
455.696577341,390.429464758,52.7240735447,0.0
356.957678835,438.157707025,52.7240735447,0.0
158.948406584,278.190448251,52.7240735447,0.0
430.389055546,141.625911122,52.7240735447,0.0
180.665742399,61.1598406067,52.7240735447,0.0
84.7935244189,188.33447574,52.7240735447,0.0
221.362125071,394.617996249,52.7240735447,0.0
61.5836339544,326.683854427,52.7240735447,0.0
64.1936924552,433.733006547,52.7240735447,0.0
338.328448102,298.545842025,52.7240735447,0.0
@ 1080 10 0.303687635575 0.333140549859
320.847530505,137.146975743,55.7829898064,0.0
441.972775384,224.980748023,55.7829898064,0.0
445.781224901,351.317253937,55.7829898064,0.0
80.4344514495,71.1483613129,55.7829898064,0.0
195.978480715,431.698190007,55.7829898064,0.0
232.115326093,295.922632052,55.7829898064,0.0
220.194925841,67.1344674372,55.7829898064,0.0
105.636042478,349.874397899,55.7829898064,0.0
62.2325550461,453.831283865,55.7829898064,0.0
211.913697241,179.336987023,55.7829898064,0.0
@ 1090 10 0.303687635575 0.37291783898
197.779760611,127.674095929,55.126248582,0.0
444.445858611,146.552181693,55.126248582,0.0
437.520194196,315.309469046,55.126248582,0.0
95.9326719508,57.2522797258,55.126248582,0.0
87.4344805383,185.244884024,55.126248582,0.0
87.4803166115,312.018876082,55.126248582,0.0
284.735548861,339.756925436,55.126248582,0.0
309.356601624,126.290774601,55.126248582,0.0
181.819318319,394.871060458,55.126248582,0.0
446.718464715,425.21681176,55.126248582,0.0
@ 1100 10 0.303687635575 0.36418869644
229.278682021,431.181492623,58.5063878965,0.0
249.66074913,202.286304281,58.5063878965,0.0
446.201667075,271.817668174,58.5063878965,0.0
400.379292934,392.960422419,58.5063878965,0.0
284.305691896,324.340707501,58.5063878965,0.0
65.9707760971,389.867076174,58.5063878965,0.0
404.531037439,149.241541344,58.5063878965,0.0
66.6883560041,70.2785881399,58.5063878965,0.0
297.969519709,67.8658380049,58.5063878965,0.0
116.47963057,182.161197583,58.5063878965,0.0
@ 1110 10 0.40369088812 0.410219363382
57.4424811004,196.696155087,55.021800795,0.0
174.861138861,120.161889364,55.021800795,0.0
341.11966452,160.082988289,55.021800795,0.0
176.820916923,320.913639992,55.021800795,0.0
273.437552636,66.2725256446,55.021800795,0.0
454.099019885,137.93352907,55.021800795,0.0
449.498443292,300.514497802,55.021800795,0.0
443.65028521,414.869000371,55.021800795,0.0
108.979967821,420.909755402,55.021800795,0.0
295.077212123,383.07758558,55.021800795,0.0
@ 1120 10 0.40369088812 0.362809946085
284.129304857,284.51635622,56.2539807653,0.0
345.177740038,185.568583929,56.2539807653,0.0
78.9601417983,437.26069043,56.2539807653,0.0
118.11173326,314.953947716,56.2539807653,0.0
103.026985772,116.350369247,56.2539807653,0.0
255.519839934,453.675195232,56.2539807653,0.0
202.006916164,175.479862525,56.2539807653,0.0
212.662876803,58.7830953497,56.2539807653,0.0
388.508395228,455.277211156,56.2539807653,0.0
396.756065729,58.445768372,56.2539807653,0.0
@ 1130 10 0.40369088812 0.379241717398
77.2605189235,95.4717318152,60.2403235968,0.0
441.447323922,87.6745791966,60.2403235968,0.0
309.202734103,207.176226436,60.2403235968,0.0
399.353461764,436.150975118,60.2403235968,0.0
68.2053694076,441.610774552,60.2403235968,0.0
263.683136102,388.82528872,60.2403235968,0.0
183.338085701,274.137829364,60.2403235968,0.0
421.136333446,271.746689958,60.2403235968,0.0
65.4829599641,232.496762363,60.2403235968,0.0
194.701492209,150.147661759,60.2403235968,0.0
@ 1140 10 0.40369088812 0.434894761234
64.9401697196,156.285053612,62.0839348741,0.0
269.114597527,444.736362878,62.0839348741,0.0
417.853720485,253.104853393,62.0839348741,0.0
181.60960978,112.512470159,62.0839348741,0.0
169.645235208,271.069285003,62.0839348741,0.0
351.751164406,94.8372120722,62.0839348741,0.0
84.6982644507,361.692337511,62.0839348741,0.0
424.96289346,393.306443387,62.0839348741,0.0
300.140097976,320.679752436,62.0839348741,0.0
274.165421251,196.898332579,62.0839348741,0.0
@ 1150 10 0.40369088812 0.461921368556
77.9250167817,85.7362780906,58.2187283519,0.0
141.173278901,378.883996843,58.2187283519,0.0
312.732094744,140.787888497,58.2187283519,0.0
66.723325286,235.059250765,58.2187283519,0.0
273.665290234,440.855467133,58.2187283519,0.0
431.570589955,160.45572659,58.2187283519,0.0
411.125418013,436.213796917,58.2187283519,0.0
255.182372438,322.967077093,58.2187283519,0.0
439.770063472,278.424298656,58.2187283519,0.0
185.472727138,168.638396296,58.2187283519,0.0
@ 1160 10 0.40369088812 0.406195412345
59.6112167567,71.9173717956,54.9865858229,0.0
245.449444527,60.1067658514,54.9865858229,0.0
389.726236824,256.857965592,54.9865858229,0.0
220.768595921,172.926917881,54.9865858229,0.0
136.459056937,296.152534456,54.9865858229,0.0
105.993976845,410.849860321,54.9865858229,0.0
255.449204412,313.248195011,54.9865858229,0.0
372.660769783,145.10971953,54.9865858229,0.0
281.036847804,439.449023858,54.9865858229,0.0
448.045280719,408.055471888,54.9865858229,0.0
@ 1170 10 0.40369088812 0.362345684524
101.595678126,433.844878748,55.4308857299,0.0
172.735634153,337.891582757,55.4308857299,0.0
211.42652602,451.023523138,55.4308857299,0.0
241.75736804,214.645258563,55.4308857299,0.0
449.082476205,452.158379179,55.4308857299,0.0
376.856352627,296.435852874,55.4308857299,0.0
108.669056162,224.214829618,55.4308857299,0.0
311.097905878,400.264489414,55.4308857299,0.0
332.438490252,139.806839897,55.4308857299,0.0
193.601542686,70.2913025,55.4308857299,0.0
@ 1180 10 0.40369088812 0.368224957218
59.6849327383,429.051890718,57.4559734352,0.0
90.3089071857,180.651631252,57.4559734352,0.0
299.860465978,282.063810758,57.4559734352,0.0
226.257238974,163.360835729,57.4559734352,0.0
314.017052965,409.409773741,57.4559734352,0.0
315.564230298,80.487227992,57.4559734352,0.0
133.615812145,294.213226236,57.4559734352,0.0
451.993411813,174.168488691,57.4559734352,0.0
143.756717161,70.8823298486,57.4559734352,0.0
417.245692233,304.468698284,57.4559734352,0.0
@ 1190 10 0.40369088812 0.395621566169
73.5185749175,223.842337524,60.5633819253,0.0
437.361032337,404.887080274,60.5633819253,0.0
274.91529551,202.305860795,60.5633819253,0.0
169.727952731,62.6651781889,60.5633819253,0.0
203.896092484,442.435104858,60.5633819253,0.0
409.29111325,159.331217976,60.5633819253,0.0
178.085223265,295.309268571,60.5633819253,0.0
65.5371687477,408.73280405,60.5633819253,0.0
319.596429779,63.7177494422,60.5633819253,0.0
324.243032652,331.033312959,60.5633819253,0.0
@ 1200 10 0.40369088812 0.439571797975
319.55247295,265.987737199,57.6225857721,0.0
61.275030053,264.738000545,57.6225857721,0.0
324.464851556,446.493244563,57.6225857721,0.0
97.5889344089,398.913111177,57.6225857721,0.0
197.018649357,236.223761009,57.6225857721,0.0
442.912336085,334.039074887,57.6225857721,0.0
237.085497889,361.510035841,57.6225857721,0.0
408.483108473,120.258240039,57.6225857721,0.0
82.8732509294,77.1815557965,57.6225857721,0.0
253.685886198,90.1056912732,57.6225857721,0.0
@ 1210 10 0.601891659501 0.39791936051
446.311625915,171.455843281,59.4430347123,0.0
337.631031133,245.281867929,59.4430347123,0.0
303.310807911,372.253236211,59.4430347123,0.0
198.219900225,446.310353092,59.4430347123,0.0
190.314221758,201.477823119,59.4430347123,0.0
129.554054538,327.034552248,59.4430347123,0.0
422.576761417,414.626450724,59.4430347123,0.0
147.094706061,89.4373781406,59.4430347123,0.0
73.8046195965,439.891028881,59.4430347123,0.0
338.228100145,116.466527445,59.4430347123,0.0
@ 1220 10 0.601891659501 0.423459158489
316.613667958,200.812164078,60.6457267305,0.0
376.555021703,326.412443102,60.6457267305,0.0
110.811546604,60.9872104958,60.6457267305,0.0
439.256512528,146.064671327,60.6457267305,0.0
172.719808814,168.650262973,60.6457267305,0.0
62.2539047291,418.339755477,60.6457267305,0.0
324.258460093,65.2846152633,60.6457267305,0.0
243.726813472,436.19809419,60.6457267305,0.0
82.7774669086,274.722372249,60.6457267305,0.0
223.805298701,285.532569371,60.6457267305,0.0
@ 1230 10 0.601891659501 0.440767935316
215.494224826,76.5302519146,59.7076294636,0.0
248.123865003,292.621664091,59.7076294636,0.0
160.472640686,190.640918882,59.7076294636,0.0
345.37870141,188.774507263,59.7076294636,0.0
407.884080969,68.9842272295,59.7076294636,0.0
86.8582075856,428.785052617,59.7076294636,0.0
98.2639919142,307.388812447,59.7076294636,0.0
412.142185698,299.829457171,59.7076294636,0.0
64.1673053196,112.206363572,59.7076294636,0.0
315.514884853,392.150784481,59.7076294636,0.0
@ 1240 10 0.601891659501 0.427237378783
178.654291688,62.1987638901,61.6347519576,0.0
110.438253016,380.128968958,61.6347519576,0.0
444.283529239,359.352840544,61.6347519576,0.0
221.635181701,314.093734309,61.6347519576,0.0
441.537634984,80.6453568356,61.6347519576,0.0
81.3010552048,138.449803551,61.6347519576,0.0
315.611260667,90.2578747264,61.6347519576,0.0
320.303592589,390.416493426,61.6347519576,0.0
339.141721204,261.319593375,61.6347519576,0.0
211.475988396,182.605962726,61.6347519576,0.0
@ 1250 10 0.601891659501 0.455261462299
75.1092948963,224.785147312,62.1378496555,0.0
125.150521754,101.696446054,62.1378496555,0.0
387.018736133,222.907776827,62.1378496555,0.0
67.8192887362,433.526879756,62.1378496555,0.0
195.902540748,442.866413818,62.1378496555,0.0
441.927901041,81.6600560178,62.1378496555,0.0
266.228903238,136.746090844,62.1378496555,0.0
323.584888484,441.204369585,62.1378496555,0.0
447.461408645,375.582705533,62.1378496555,0.0
278.254186144,312.787072922,62.1378496555,0.0
@ 1260 10 0.601891659501 0.462723998201
277.118405194,401.564180083,62.4142702407,0.0
70.3399822565,78.8486466255,62.4142702407,0.0
209.536059966,80.032765632,62.4142702407,0.0
124.662703047,365.511587515,62.4142702407,0.0
428.944989383,177.614447837,62.4142702407,0.0
268.258659616,210.435068778,62.4142702407,0.0
439.198752283,420.502283079,62.4142702407,0.0
366.12538445,309.898332394,62.4142702407,0.0
114.14875157,203.98484602,62.4142702407,0.0
356.461693385,66.0891376843,62.4142702407,0.0
@ 1270 10 0.601891659501 0.466850015929
192.534026648,360.871440521,64.3477772182,0.0
127.931186181,220.473874682,64.3477772182,0.0
214.592390936,100.737517433,64.3477772182,0.0
441.902424909,104.761874105,64.3477772182,0.0
446.863944309,409.245303152,64.3477772182,0.0
438.173916192,251.068105239,64.3477772182,0.0
331.211745949,336.449841902,64.3477772182,0.0
82.4716069713,71.5091879605,64.3477772182,0.0
330.710564364,171.553178237,64.3477772182,0.0
95.3055782201,445.812600773,64.3477772182,0.0
@ 1280 10 0.601891659501 0.496222763492
89.8667162893,438.487369621,61.3965704481,0.0
390.122066588,390.654485828,61.3965704481,0.0
375.988772052,167.281865094,61.3965704481,0.0
155.392125838,284.674175957,61.3965704481,0.0
442.795350664,276.708531676,61.3965704481,0.0
98.7678190482,63.161175106,61.3965704481,0.0
65.2355425213,195.944063839,61.3965704481,0.0
290.840340001,256.371294905,61.3965704481,0.0
225.96607783,130.777758,61.3965704481,0.0
240.324001453,418.821049011,61.3965704481,0.0
@ 1290 10 0.601891659501 0.451749633635
94.0701706691,307.663144475,63.851003756,0.0
160.39252456,90.7198632546,63.851003756,0.0
152.815074279,430.020592698,63.851003756,0.0
425.893173435,130.655905832,63.851003756,0.0
433.818199953,416.715831334,63.851003756,0.0
192.624974176,214.719880608,63.851003756,0.0
411.196116684,264.948374171,63.851003756,0.0
274.181699119,316.671143134,63.851003756,0.0
308.154887063,446.044282368,63.851003756,0.0
298.696799591,142.603505252,63.851003756,0.0
@ 1300 10 0.601891659501 0.488590526154
347.31585611,328.129617096,65.2655565166,0.0
252.707913811,221.749621792,65.2655565166,0.0
93.5299001748,308.260550351,65.2655565166,0.0
315.731896955,103.323622797,65.2655565166,0.0
425.385461513,433.420528161,65.2655565166,0.0
279.703622311,445.15876319,65.2655565166,0.0
184.613973164,75.16368405,65.2655565166,0.0
438.376779116,231.685827113,65.2655565166,0.0
146.813737894,430.892226977,65.2655565166,0.0
96.9056092581,175.062282074,65.2655565166,0.0
@ 1310 10 1.18243243243 0.510478758102
419.746132551,281.807539507,68.362573688,0.0
221.380264967,441.189479481,68.362573688,0.0
328.752442465,173.76992696,68.362573688,0.0
82.8219395406,433.677442864,68.362573688,0.0
435.096917236,79.8650292148,68.362573688,0.0
393.7363246,421.13094286,68.362573688,0.0
278.26918943,306.632764604,68.362573688,0.0
224.097730382,84.6348684034,68.362573688,0.0
86.1053447135,288.559797723,68.362573688,0.0
74.0022610357,98.0456931283,68.362573688,0.0
@ 1320 10 1.18243243243 0.560075264858
264.417015961,436.428485517,69.574706282,0.0
324.286424412,309.027329241,69.574706282,0.0
417.894178429,441.779521256,69.574706282,0.0
76.504562608,295.592334638,69.574706282,0.0
89.3797580749,91.8204274262,69.574706282,0.0
377.862950703,71.4947666955,69.574706282,0.0
115.969404448,441.910328232,69.574706282,0.0
198.931687907,228.329094981,69.574706282,0.0
237.746326397,81.237216725,69.574706282,0.0
437.96424154,212.509533143,69.574706282,0.0
@ 1330 10 1.18243243243 0.580112665005
300.327961032,443.966826906,67.1420172745,0.0
307.334115486,307.833857672,67.1420172745,0.0
442.051327038,426.572228171,67.1420172745,0.0
74.7916103566,310.346000701,67.1420172745,0.0
102.748416365,101.538989829,67.1420172745,0.0
442.909052982,274.474923457,67.1420172745,0.0
161.72744913,428.178236654,67.1420172745,0.0
288.403244929,93.0949067001,67.1420172745,0.0
424.342889728,71.1948853338,67.1420172745,0.0
196.635441487,217.304025916,67.1420172745,0.0
@ 1340 10 1.18243243243 0.540254452479
415.419000033,386.775072841,63.4339079821,0.0
74.5759355479,250.268192091,63.4339079821,0.0
197.908445567,302.630138682,63.4339079821,0.0
82.5508154759,416.67690272,63.4339079821,0.0
445.326510212,241.766602692,63.4339079821,0.0
334.322107487,166.673372219,63.4339079821,0.0
297.395042081,445.857223094,63.4339079821,0.0
67.3191247542,66.3064629487,63.4339079821,0.0
189.549353664,146.221958649,63.4339079821,0.0
432.593076128,77.9274418537,63.4339079821,0.0
@ 1350 10 1.18243243243 0.482228106675
446.896976171,340.91334768,64.6220075911,0.0
163.149790973,80.4453000422,64.6220075911,0.0
421.865461607,108.575839007,64.6220075911,0.0
84.8476733113,418.637415138,64.6220075911,0.0
223.646870145,413.140343297,64.6220075911,0.0
368.026447923,446.791626105,64.6220075911,0.0
209.59137306,227.176271844,64.6220075911,0.0
293.017424836,83.3248819466,64.6220075911,0.0
74.2381800682,201.589252875,64.6220075911,0.0
362.649688245,223.490582022,64.6220075911,0.0
@ 1360 10 1.18243243243 0.500461272528
435.83979298,291.133431787,64.3402036188,0.0
80.6177910752,437.689671073,64.3402036188,0.0
429.887911686,106.619688678,64.3402036188,0.0
105.531408199,76.0844219797,64.3402036188,0.0
193.222969697,359.210498419,64.3402036188,0.0
446.237966979,434.181761969,64.3402036188,0.0
328.173177639,372.992823432,64.3402036188,0.0
129.657077126,221.968960189,64.3402036188,0.0
251.276834534,66.2622538515,64.3402036188,0.0
273.794507154,199.542137814,64.3402036188,0.0
@ 1370 10 1.18243243243 0.496105961595
93.8582491668,152.563333211,66.2267569006,0.0
328.148041454,169.477609528,66.2267569006,0.0
128.120324318,304.489271791,66.2267569006,0.0
92.3569157822,442.424654485,66.2267569006,0.0
275.206721953,442.779130362,66.2267569006,0.0
422.552153638,436.362066072,66.2267569006,0.0
420.667520877,67.6428624618,66.2267569006,0.0
214.754312557,89.5936262061,66.2267569006,0.0
425.559211601,303.529247133,66.2267569006,0.0
269.135982312,290.346602636,66.2267569006,0.0
@ 1380 10 1.18243243243 0.52562566255
72.5364340345,291.563616778,69.5675519996,0.0
272.467713452,304.68148536,69.5675519996,0.0
419.834405818,215.479125986,69.5675519996,0.0
83.4254015245,434.877365493,69.5675519996,0.0
239.214277635,441.453208067,69.5675519996,0.0
168.187992531,189.401196193,69.5675519996,0.0
411.989930213,72.3631103409,69.5675519996,0.0
88.1639582494,73.445189054,69.5675519996,0.0
390.614104906,417.775676791,69.5675519996,0.0
251.54774338,74.8480646214,69.5675519996,0.0
@ 1390 10 1.18243243243 0.57999336658
211.846880177,101.185878268,65.7299241713,0.0
356.961018214,80.4602021509,65.7299241713,0.0
441.766110999,442.366551433,65.7299241713,0.0
206.573601314,244.723862595,65.7299241713,0.0
80.4536691654,376.890923414,65.7299241713,0.0
255.750779802,404.28430872,65.7299241713,0.0
366.647496465,307.237942295,65.7299241713,0.0
72.3055073675,233.060023765,65.7299241713,0.0
444.426950416,197.771803645,65.7299241713,0.0
72.9885394242,84.7332916692,65.7299241713,0.0
@ 1400 10 1.18243243243 0.51776876364
281.555658608,76.5938575299,75.5683708269,0.0
432.950252663,75.9863168554,75.5683708269,0.0
436.269679479,436.114502526,75.5683708269,0.0
227.267160615,218.064924728,75.5683708269,0.0
76.2239909064,375.965393383,75.5683708269,0.0
215.86684394,436.280479569,75.5683708269,0.0
325.99152851,332.637356347,75.5683708269,0.0
75.5982530898,223.098353529,75.5683708269,0.0
436.070974174,227.156094098,75.5683708269,0.0
119.972863555,76.5895374336,75.5683708269,0.0
@ 1410 10 33.3333333333 0.68436801308
284.339074259,75.984368527,75.5618179828,0.0
435.83001139,75.6567202717,75.5618179828,0.0
435.895658594,435.020062449,75.5618179828,0.0
227.014143083,216.009121829,75.5618179828,0.0
75.7613755215,375.05920152,75.5618179828,0.0
215.353792344,435.450843352,75.5618179828,0.0
326.075920771,331.119409752,75.5618179828,0.0
75.8174994285,218.246000214,75.5618179828,0.0
436.395562522,226.781630012,75.5618179828,0.0
132.09703148,76.8271919148,75.5618179828,0.0
@ 1420 10 33.3333333333 0.684249329499
284.21097224,76.0794261766,75.4376018228,0.0
435.382508849,76.2278748235,75.4376018228,0.0
436.35670264,434.125486255,75.4376018228,0.0
227.399405308,216.72125286,75.4376018228,0.0
75.4781111972,377.939882854,75.4376018228,0.0
214.882156501,436.400891933,75.4376018228,0.0
325.337027393,331.770467762,75.4376018228,0.0
75.6708557729,220.694285552,75.4376018228,0.0
436.500248742,228.386509763,75.4376018228,0.0
131.589305156,77.3610289084,75.4376018228,0.0
@ 1430 10 33.3333333333 0.682001502093
281.577388112,76.188470317,75.5247253528,0.0
436.424394003,76.1983952831,75.5247253528,0.0
436.000980068,435.997532068,75.5247253528,0.0
227.575776234,217.272031865,75.5247253528,0.0
78.2094922913,372.044974092,75.5247253528,0.0
216.250021995,435.839179008,75.5247253528,0.0
326.166524386,331.836362971,75.5247253528,0.0
76.4729986861,219.171489395,75.5247253528,0.0
436.206268391,228.048226252,75.5247253528,0.0
129.879288283,75.6343446372,75.5247253528,0.0
@ 1440 10 33.3333333333 0.683577710463
282.230838715,76.6265043984,75.3627160111,0.0
434.707230905,76.6977879209,75.3627160111,0.0
436.343358893,435.028428128,75.3627160111,0.0
226.178341848,216.860861088,75.3627160111,0.0
76.3067800767,378.519911579,75.3627160111,0.0
215.981826429,436.137219982,75.3627160111,0.0
325.442156175,332.0873166,75.3627160111,0.0
75.6865473039,226.155887294,75.3627160111,0.0
434.713439443,227.780342145,75.3627160111,0.0
125.447363231,83.6224222521,75.3627160111,0.0
@ 1450 10 33.3333333333 0.680648148182
283.592549822,75.5875523396,75.5154572905,0.0
435.526886557,76.6566290797,75.5154572905,0.0
435.768827544,435.291064386,75.5154572905,0.0
227.283784965,216.211167448,75.5154572905,0.0
75.921920306,371.988031288,75.5154572905,0.0
213.272451484,436.090553655,75.5154572905,0.0
324.250042235,333.050663259,75.5154572905,0.0
76.1596375121,220.67892284,75.5154572905,0.0
435.324278858,230.633570031,75.5154572905,0.0
132.411482238,80.2663720002,75.5154572905,0.0
@ 1460 10 33.3333333333 0.683409949453
284.503260205,75.7973877812,75.4171057016,0.0
435.5685056,77.2583312525,75.4171057016,0.0
436.433808605,436.332541661,75.4171057016,0.0
228.459108349,217.824700719,75.4171057016,0.0
75.9836587853,376.356785718,75.4171057016,0.0
214.703006426,436.260167746,75.4171057016,0.0
325.702744002,333.890769698,75.4171057016,0.0
76.3781388533,225.200703978,75.4171057016,0.0
436.532486736,228.233389027,75.4171057016,0.0
129.73574945,81.135954278,75.4171057016,0.0
@ 1470 10 33.3333333333 0.681630957798
284.774375621,76.4082256348,75.5306150155,0.0
436.390671437,76.5066609603,75.5306150155,0.0
436.185073471,436.230212492,75.5306150155,0.0
228.090363786,217.12164329,75.5306150155,0.0
75.6396690127,372.1873033,75.5306150155,0.0
215.458235383,435.253273632,75.5306150155,0.0
326.005056321,332.290663499,75.5306150155,0.0
76.0055970867,220.926513536,75.5306150155,0.0
435.356288706,227.902946765,75.5306150155,0.0
128.550253343,79.2037443317,75.5306150155,0.0
@ 1480 10 33.3333333333 0.683684329828
284.486230963,76.10715043,75.5543654231,0.0
436.340191263,77.005820959,75.5543654231,0.0
435.790785239,436.208531297,75.5543654231,0.0
227.456860465,216.127749566,75.5543654231,0.0
75.6496461025,373.576305785,75.5543654231,0.0
213.854991706,435.651324379,75.5543654231,0.0
325.244084494,332.839424368,75.5543654231,0.0
75.9102148816,220.501099039,75.5543654231,0.0
436.171028011,229.622732137,75.5543654231,0.0
127.951950714,77.9141947781,75.5543654231,0.0
@ 1490 10 33.3333333333 0.684114362987
285.086755064,76.092888262,75.5082971432,0.0
436.277170023,76.175583746,75.5082971432,0.0
436.148087914,434.551236599,75.5082971432,0.0
226.657419396,216.149661867,75.5082971432,0.0
79.3173866277,368.375892474,75.5082971432,0.0
214.304908123,436.225630632,75.5082971432,0.0
325.022351092,331.353994236,75.5082971432,0.0
75.5527119458,216.177951413,75.5082971432,0.0
435.615615195,227.216565561,75.5082971432,0.0
133.516180329,76.6187281492,75.5082971432,0.0
@ 1500 10 33.3333333333 0.683280357868
