82.1214474019,308.459488045,44.7881971271,0.0
60.8974366229,456.0232687,44.7881971271,0.0
309.503610852,460.909677228,44.7881971271,0.0
169.405874687,456.913079486,44.7881971271,0.0
212.195748677,57.097116661,44.7881971271,0.0
460.282836714,339.779888947,44.7881971271,0.0
334.68135088,221.674643083,44.7881971271,0.0
109.073475048,149.738328312,44.7881971271,0.0
457.229998417,137.220800214,44.7881971271,0.0
281.413581701,122.7332301,44.7881971271,0.0
@ 10 10 0.0873362445415 0.240401263515
190.492851908,307.948747804,37.8491804068,0.0
156.010715763,422.882718568,37.8491804068,0.0
196.81120225,123.542668926,37.8491804068,0.0
258.807146929,378.25310322,37.8491804068,0.0
418.435759202,134.96923967,37.8491804068,0.0
371.328254672,214.320712874,37.8491804068,0.0
383.571076409,337.446663501,37.8491804068,0.0
349.362833936,77.1904713572,37.8491804068,0.0
76.8270632265,317.483140947,37.8491804068,0.0
76.6491218312,117.385269524,37.8491804068,0.0
@ 20 10 0.0873362445415 0.171681122115
374.327833866,318.138411344,43.891566133,0.0
460.480355224,82.6521085343,43.891566133,0.0
314.2688889,244.649092436,43.891566133,0.0
125.796046506,289.352689743,43.891566133,0.0
222.663753895,83.4716368201,43.891566133,0.0
350.246659613,159.443497274,43.891566133,0.0
309.457859782,449.142126307,43.891566133,0.0
234.079583332,192.750787296,43.891566133,0.0
126.95767805,430.802610821,43.891566133,0.0
440.007190174,445.091608335,43.891566133,0.0
@ 30 10 0.0873362445415 0.230872251904
210.503274189,98.642713295,43.202209499,0.0
305.405002641,286.894856658,43.202209499,0.0
328.326588315,157.891247407,43.202209499,0.0
76.4790543268,254.672131295,43.202209499,0.0
248.98705962,369.207226706,43.202209499,0.0
238.95483036,223.847137681,43.202209499,0.0
77.1630910859,56.3621227113,43.202209499,0.0
370.538646288,428.891696866,43.202209499,0.0
126.473816033,436.89013806,43.202209499,0.0
422.159092706,99.1298241522,43.202209499,0.0
@ 40 10 0.0873362445415 0.223677088498
141.691064334,373.498723728,41.3820858268,0.0
68.7348072061,273.822484122,41.3820858268,0.0
453.503163795,170.458407625,41.3820858268,0.0
454.949281294,275.052594603,41.3820858268,0.0
264.407584235,200.743211697,41.3820858268,0.0
376.084861943,310.234167526,41.3820858268,0.0
280.556052673,351.411728124,41.3820858268,0.0
327.890453016,127.943127217,41.3820858268,0.0
244.650983934,458.879348084,41.3820858268,0.0
347.458810554,467.488310999,41.3820858268,0.0
@ 50 10 0.0873362445415 0.205226925065
460.665898243,352.191215429,50.089419343,0.0
97.7354841928,298.986810327,50.089419343,0.0
245.542131416,396.146342579,50.089419343,0.0
332.62874239,99.7062956072,50.089419343,0.0
288.872131366,295.380896811,50.089419343,0.0
353.686149277,408.226912703,50.089419343,0.0
88.76845597,445.011415102,50.089419343,0.0
50.2858484382,59.7289673991,50.089419343,0.0
404.46424478,216.105304601,50.089419343,0.0
205.277739643,155.870742423,50.089419343,0.0
@ 60 10 0.0873362445415 0.300677948416
187.745499408,184.408428148,49.7557596015,0.0
176.016993659,455.225300194,49.7557596015,0.0
285.868537079,428.156963935,49.7557596015,0.0
389.838699324,421.438571912,49.7557596015,0.0
307.250340107,171.169075239,49.7557596015,0.0
412.879795575,309.271247576,49.7557596015,0.0
83.1863943421,86.1637460394,49.7557596015,0.0
193.615130557,337.297117263,49.7557596015,0.0
440.09354823,163.280151813,49.7557596015,0.0
71.4949183686,217.838221707,49.7557596015,0.0
@ 70 10 0.0873362445415 0.296685489162
213.875743613,324.981902993,43.0380837182,0.0
307.136131302,194.134471707,43.0380837182,0.0
277.090643038,425.500993343,43.0380837182,0.0
442.77947853,48.488571133,43.0380837182,0.0
449.367635984,291.068526083,43.0380837182,0.0
99.1085429164,346.306638529,43.0380837182,0.0
58.2284324112,196.83288114,43.0380837182,0.0
116.18968238,107.341714033,43.0380837182,0.0
207.829184996,163.454896293,43.0380837182,0.0
413.408242205,149.265442911,43.0380837182,0.0
@ 80 10 0.0873362445415 0.221980812123
380.959157559,271.86889815,44.31215391,0.0
286.601166789,390.016030713,44.31215391,0.0
203.785376201,122.2217516,44.31215391,0.0
61.8715875083,217.505446522,44.31215391,0.0
110.240151213,52.1304767774,44.31215391,0.0
131.406556876,349.453337043,44.31215391,0.0
66.4086436911,445.089014938,44.31215391,0.0
256.999439474,292.410176818,44.31215391,0.0
241.348260278,203.059409536,44.31215391,0.0
408.082171387,412.381455909,44.31215391,0.0
@ 90 10 0.0873362445415 0.235318084782
397.016076466,53.2050920707,46.6426347415,0.0
118.117549341,384.355936812,46.6426347415,0.0
342.204872042,144.303552413,46.6426347415,0.0
370.992342854,451.453566601,46.6426347415,0.0
350.9549204,332.149094437,46.6426347415,0.0
51.5417042256,240.336602646,46.6426347415,0.0
437.870087949,240.047759478,46.6426347415,0.0
72.5349383402,132.273854827,46.6426347415,0.0
168.405566704,146.152859806,46.6426347415,0.0
197.38755306,309.387688641,46.6426347415,0.0
@ 100 10 0.0873362445415 0.26072083209
330.164141089,369.503363278,38.2935554923,0.0
118.687377566,423.243149205,38.2935554923,0.0
466.876544897,88.1815816755,38.2935554923,0.0
238.385962638,59.0289045151,38.2935554923,0.0
161.787454366,82.1337691591,38.2935554923,0.0
257.258810099,337.172896513,38.2935554923,0.0
402.063097406,272.733380321,38.2935554923,0.0
117.281902973,284.897441108,38.2935554923,0.0
386.1186126,119.851830561,38.2935554923,0.0
46.8979485549,326.281124491,38.2935554923,0.0
@ 110 10 0.0940354648039 0.175736093212
353.454590175,444.629222802,46.8218065934,0.0
100.885743217,442.22067403,46.8218065934,0.0
105.362335013,70.5528740488,46.8218065934,0.0
267.044782961,242.793841248,46.8218065934,0.0
56.4765404677,244.118351767,46.8218065934,0.0
388.590293708,221.264939096,46.8218065934,0.0
178.730122562,383.1867538,46.8218065934,0.0
226.586050562,51.7497805862,46.8218065934,0.0
430.888641533,357.125867814,46.8218065934,0.0
278.250015448,341.879895058,46.8218065934,0.0
@ 120 10 0.0940354648039 0.262727732311
449.455077725,455.492695498,41.4684974993,0.0
367.628845022,276.042429641,41.4684974993,0.0
94.4789337449,176.26679234,41.4684974993,0.0
246.485356537,342.564817474,41.4684974993,0.0
456.40442272,342.291310688,41.4684974993,0.0
376.782546899,172.254334892,41.4684974993,0.0
274.0462293,98.8792475983,41.4684974993,0.0
165.272734081,50.0768978945,41.4684974993,0.0
177.12671542,283.23884062,41.4684974993,0.0
68.981378019,404.210006765,41.4684974993,0.0
@ 130 10 0.0940354648039 0.206084905858
177.823912832,319.328608696,47.277255098,0.0
218.174190768,230.365882053,47.277255098,0.0
122.372397821,109.430502309,47.277255098,0.0
368.344092659,429.682879227,47.277255098,0.0
61.2668793574,403.656388561,47.277255098,0.0
315.122831801,176.078325657,47.277255098,0.0
316.603339767,75.0038796038,47.277255098,0.0
404.739747813,140.624751764,47.277255098,0.0
364.206146005,278.909482862,47.277255098,0.0
237.240105801,407.11425971,47.277255098,0.0
@ 140 10 0.0940354648039 0.267863840428
338.445190198,280.56451861,43.9857918101,0.0
429.462384134,298.247532863,43.9857918101,0.0
248.46353664,280.029310127,43.9857918101,0.0
298.024999079,432.998755223,43.9857918101,0.0
44.7702321983,222.270493525,43.9857918101,0.0
188.164434526,193.98449418,43.9857918101,0.0
126.75598854,445.125707913,43.9857918101,0.0
357.126022302,161.879572633,43.9857918101,0.0
280.173727306,116.088849082,43.9857918101,0.0
446.204989811,467.411660243,43.9857918101,0.0
@ 150 10 0.0940354648039 0.231864581267
388.893836715,321.667668908,50.6680397012,0.0
396.076280315,429.858681558,50.6680397012,0.0
282.494409304,359.163320709,50.6680397012,0.0
96.8069054085,284.44563382,50.6680397012,0.0
149.656285146,73.6966490437,50.6680397012,0.0
429.248865852,225.642617662,50.6680397012,0.0
51.9028449702,445.101307192,50.6680397012,0.0
376.959595565,117.626336477,50.6680397012,0.0
271.364986122,245.753498931,50.6680397012,0.0
101.216974219,182.812733455,50.6680397012,0.0
@ 160 10 0.0940354648039 0.30766478363
234.030264145,250.806405998,39.013026096,0.0
233.174325005,48.1015882776,39.013026096,0.0
320.963175141,46.7249697736,39.013026096,0.0
323.617513292,298.064571456,39.013026096,0.0
421.839030221,82.9935699206,39.013026096,0.0
327.174101593,131.825565555,39.013026096,0.0
104.684863125,466.088513922,39.013026096,0.0
233.052002754,463.684006644,39.013026096,0.0
160.964265323,207.316259912,39.013026096,0.0
416.206644899,275.98667732,39.013026096,0.0
@ 170 10 0.0940354648039 0.182401691054
472.829321167,236.687202002,37.8184913122,0.0
455.757338431,447.412491563,37.8184913122,0.0
173.108376512,134.147991336,37.8184913122,0.0
258.764787548,424.207107987,37.8184913122,0.0
360.92202886,174.953994562,37.8184913122,0.0
315.359604552,305.563553101,37.8184913122,0.0
187.655554857,223.244871975,37.8184913122,0.0
73.062065252,45.8916245158,37.8184913122,0.0
393.578076077,78.110671188,37.8184913122,0.0
82.6390041419,382.287178965,37.8184913122,0.0
@ 180 10 0.0940354648039 0.171402827995
195.410479683,300.513085985,43.3585182672,0.0
443.212239751,134.023239358,43.3585182672,0.0
260.951572636,393.61933209,43.3585182672,0.0
273.046597942,220.642786057,43.3585182672,0.0
366.583479025,380.620256153,43.3585182672,0.0
212.260471544,119.445072272,43.3585182672,0.0
330.925313909,94.7370002676,43.3585182672,0.0
68.6689084103,450.930002314,43.3585182672,0.0
95.3459168716,110.058732559,43.3585182672,0.0
394.425801517,237.677209121,43.3585182672,0.0
@ 190 10 0.0940354648039 0.225298576813
117.877572589,94.1588015824,44.2015297074,0.0
348.526380401,177.932772029,44.2015297074,0.0
357.055829952,87.7417609575,44.2015297074,0.0
464.418942669,216.776425872,44.2015297074,0.0
467.242413995,123.287863756,44.2015297074,0.0
220.174842141,300.446178014,44.2015297074,0.0
66.4273039803,250.453250507,44.2015297074,0.0
418.454989359,403.252194502,44.2015297074,0.0
143.344843402,380.936599589,44.2015297074,0.0
289.661078173,406.235795087,44.2015297074,0.0
@ 200 10 0.0940354648039 0.234144619751
286.99567938,433.779044645,46.7719078533,0.0
409.841091265,66.3265828402,46.7719078533,0.0
103.881638026,301.754139861,46.7719078533,0.0
139.536364703,80.7813476081,46.7719078533,0.0
291.318926971,104.957601189,46.7719078533,0.0
455.367979393,227.154985609,46.7719078533,0.0
452.738003399,443.40344664,46.7719078533,0.0
114.284417545,460.680703905,46.7719078533,0.0
240.291739582,225.854223211,46.7719078533,0.0
352.063614385,247.751007279,46.7719078533,0.0
@ 210 10 0.101847810272 0.262168044502
337.401613637,270.683613806,42.0256556249,0.0
201.098693687,384.965849521,42.0256556249,0.0
71.0637403714,156.283453043,42.0256556249,0.0
335.199457306,54.2934635769,42.0256556249,0.0
58.0949270656,453.723703338,42.0256556249,0.0
181.526368616,98.1155030696,42.0256556249,0.0
257.016019369,171.978549323,42.0256556249,0.0
301.726951178,367.538920253,42.0256556249,0.0
93.722922017,245.647937772,42.0256556249,0.0
181.54015665,214.258875244,42.0256556249,0.0
@ 220 10 0.101847810272 0.211659896164
176.347823352,42.838083525,41.4010184317,0.0
335.222406863,205.554460499,41.4010184317,0.0
314.679656097,319.086746999,41.4010184317,0.0
287.072428253,433.692844302,41.4010184317,0.0
45.9092463163,284.243137749,41.4010184317,0.0
246.053017943,254.420102267,41.4010184317,0.0
426.262815025,63.1190803306,41.4010184317,0.0
102.740373803,374.287038707,41.4010184317,0.0
236.065313287,118.726764486,41.4010184317,0.0
134.626200974,144.684581238,41.4010184317,0.0
@ 230 10 0.101847810272 0.20541475364
226.527833916,420.844606273,40.1029972177,0.0
48.9033931512,143.835163292,40.1029972177,0.0
428.996202688,379.904590537,40.1029972177,0.0
283.105475426,233.768220773,40.1029972177,0.0
232.295053092,133.306409373,40.1029972177,0.0
65.7809923569,65.2670363762,40.1029972177,0.0
173.612274105,286.293397309,40.1029972177,0.0
77.1249485934,426.976244975,40.1029972177,0.0
353.175921183,409.854797371,40.1029972177,0.0
445.297489549,284.596196556,40.1029972177,0.0
@ 240 10 0.101847810272 0.192736180483
445.368656911,363.784377023,49.3356260176,0.0
77.8552937838,76.4503668779,49.3356260176,0.0
260.866710832,448.267504876,49.3356260176,0.0
233.5633329,314.34369046,49.3356260176,0.0
459.389666927,157.069920028,49.3356260176,0.0
345.760408802,253.968046252,49.3356260176,0.0
88.5305240967,462.389631725,49.3356260176,0.0
112.841816837,318.974787065,49.3356260176,0.0
209.798879133,207.671693261,49.3356260176,0.0
322.525421379,116.579671388,49.3356260176,0.0
@ 250 10 0.101847810272 0.291696266526
395.646570083,454.727478553,47.8122403898,0.0
85.8417139573,207.425826259,47.8122403898,0.0
429.46207262,195.926847131,47.8122403898,0.0
147.633891192,298.588179227,47.8122403898,0.0
94.263930631,449.741884354,47.8122403898,0.0
166.035981046,154.306709729,47.8122403898,0.0
309.451834147,106.101676178,47.8122403898,0.0
289.81477242,278.613241797,47.8122403898,0.0
215.279542486,455.418020063,47.8122403898,0.0
407.85564186,356.428902907,47.8122403898,0.0
@ 260 10 0.101847810272 0.273960388033
69.0543400153,251.330080641,38.7797628887,0.0
270.266793948,337.501497026,38.7797628887,0.0
298.453141261,81.4315367423,38.7797628887,0.0
97.1801497083,395.422792139,38.7797628887,0.0
188.231894671,71.379292411,38.7797628887,0.0
334.726086557,154.048313384,38.7797628887,0.0
348.207349476,293.40065789,38.7797628887,0.0
357.979261505,412.383196881,38.7797628887,0.0
47.576012172,65.0525698446,38.7797628887,0.0
456.040181837,319.296941705,38.7797628887,0.0
@ 270 10 0.101847810272 0.180227012016
344.654606544,257.121022454,42.3316874439,0.0
441.129718582,68.3330238334,42.3316874439,0.0
102.279887073,422.759916385,42.3316874439,0.0
230.014321601,465.730182913,42.3316874439,0.0
280.17226891,313.490197547,42.3316874439,0.0
342.563053651,59.5574722833,42.3316874439,0.0
119.207891795,232.003343272,42.3316874439,0.0
65.3288270828,64.208188292,42.3316874439,0.0
318.084929361,143.874858025,42.3316874439,0.0
47.9239957917,279.425231282,42.3316874439,0.0
@ 280 10 0.101847810272 0.214753744785
202.484002597,167.275358974,35.7881816446,0.0
213.490026093,323.635343439,35.7881816446,0.0
162.038959183,380.48953832,35.7881816446,0.0
90.5309185755,187.54148464,35.7881816446,0.0
460.499967271,316.313528546,35.7881816446,0.0
444.219069461,240.53756515,35.7881816446,0.0
317.64245807,51.4638492938,35.7881816446,0.0
118.69976243,280.362681935,35.7881816446,0.0
310.695209831,304.936971854,35.7881816446,0.0
229.702209143,407.520305756,35.7881816446,0.0
@ 290 10 0.101847810272 0.153493097344
162.947514052,243.072577003,51.3145784492,0.0
454.38218418,183.770394157,51.3145784492,0.0
452.028693048,442.16055415,51.3145784492,0.0
285.717160099,203.180198047,51.3145784492,0.0
308.312827917,445.999941232,51.3145784492,0.0
63.814700062,92.296858848,51.3145784492,0.0
298.938152726,321.295154756,51.3145784492,0.0
449.689901988,63.4539064108,51.3145784492,0.0
208.727473485,74.9051589413,51.3145784492,0.0
131.935427007,376.145768649,51.3145784492,0.0
@ 300 10 0.101847810272 0.315566661244
364.080718857,280.311227163,44.3601589159,0.0
334.09429183,164.469684152,44.3601589159,0.0
84.3571231865,270.886716419,44.3601589159,0.0
165.394257526,355.653690265,44.3601589159,0.0
243.284625607,238.883098508,44.3601589159,0.0
449.912400805,318.119007339,44.3601589159,0.0
119.08804204,81.7787004684,44.3601589159,0.0
409.534788278,430.545150018,44.3601589159,0.0
288.58626758,425.228688842,44.3601589159,0.0
86.8852816477,397.617622001,44.3601589159,0.0
@ 310 10 0.111075848937 0.235828218639
190.415027424,80.2479457776,41.2389729176,0.0
41.7510697042,212.376791232,41.2389729176,0.0
222.526215773,161.733339193,41.2389729176,0.0
285.103756939,238.613311048,41.2389729176,0.0
68.7158589916,416.37289701,41.2389729176,0.0
151.728900977,276.397724353,41.2389729176,0.0
364.025428537,427.234599642,41.2389729176,0.0
367.626331149,99.0246333526,41.2389729176,0.0
276.982084489,47.0091340149,41.2389729176,0.0
171.939987012,388.465992579,41.2389729176,0.0
@ 320 10 0.111075848937 0.203809894723
327.127029697,57.9414878517,47.1481027749,0.0
275.308020843,287.41132788,47.1481027749,0.0
425.552914223,127.571734046,47.1481027749,0.0
162.849069753,216.070663097,47.1481027749,0.0
454.526868701,442.727942005,47.1481027749,0.0
349.352691947,201.723493933,47.1481027749,0.0
463.932368247,336.433590804,47.1481027749,0.0
284.857528066,425.894531659,47.1481027749,0.0
90.953246159,117.291542559,47.1481027749,0.0
68.2139713918,383.097456141,47.1481027749,0.0
@ 330 10 0.111075848937 0.266402334956
330.016302086,191.464070142,49.6425232147,0.0
309.59537883,62.5265574095,49.6425232147,0.0
198.886385194,295.247844671,49.6425232147,0.0
214.784107962,404.393699414,49.6425232147,0.0
67.7837181596,82.2706249486,49.6425232147,0.0
451.04645708,238.534842112,49.6425232147,0.0
406.326196969,376.730923643,49.6425232147,0.0
430.367273831,81.5085814841,49.6425232147,0.0
57.3670963015,371.649525099,49.6425232147,0.0
308.069199796,352.975977593,49.6425232147,0.0
@ 340 10 0.111075848937 0.295336605579
389.574872568,57.6081511307,42.9715208887,0.0
56.7284558594,439.588339939,42.9715208887,0.0
430.769714603,193.112213431,42.9715208887,0.0
396.408909144,277.75545991,42.9715208887,0.0
71.0928845605,294.667937652,42.9715208887,0.0
177.034121594,348.212330059,42.9715208887,0.0
461.160909572,450.299211863,42.9715208887,0.0
102.037856829,53.5849590795,42.9715208887,0.0
232.154297947,235.460704884,42.9715208887,0.0
304.520598284,394.515182597,42.9715208887,0.0
@ 350 10 0.111075848937 0.221294710715
337.720822026,180.269495057,45.6414146303,0.0
424.007440165,104.435645633,45.6414146303,0.0
104.09607655,186.63322244,45.6414146303,0.0
48.4082139113,385.361191639,45.6414146303,0.0
241.374798146,220.732015642,45.6414146303,0.0
232.905064057,413.681286847,45.6414146303,0.0
435.972556967,438.409764239,45.6414146303,0.0
75.7957874211,84.5714524046,45.6414146303,0.0
328.079284929,421.507398874,45.6414146303,0.0
133.209876678,315.600713084,45.6414146303,0.0
@ 360 10 0.111075848937 0.24964781956
88.5552372726,160.064509143,47.5806247927,0.0
81.6743628725,427.186130185,47.5806247927,0.0
389.894951898,412.388175537,47.5806247927,0.0
311.522485856,303.953483243,47.5806247927,0.0
428.625456712,273.51007947,47.5806247927,0.0
189.167921906,232.885250552,47.5806247927,0.0
445.801482719,86.6482075001,47.5806247927,0.0
106.005247851,49.8074066999,47.5806247927,0.0
213.224302049,380.485444146,47.5806247927,0.0
312.469560121,164.073931438,47.5806247927,0.0
@ 370 10 0.111075848937 0.271312538643
270.742301324,462.457403653,43.1149899065,0.0
267.958592689,203.331630121,43.1149899065,0.0
151.514096454,260.971709406,43.1149899065,0.0
211.25573768,127.670979065,43.1149899065,0.0
432.173995386,381.536920714,43.1149899065,0.0
220.564349255,347.320903804,43.1149899065,0.0
342.742131422,315.11120885,43.1149899065,0.0
438.099265715,182.79110695,43.1149899065,0.0
373.040573634,113.535336751,43.1149899065,0.0
107.640923396,366.782951168,43.1149899065,0.0
@ 380 10 0.111075848937 0.22277485078
449.638057679,103.315839963,45.1477964173,0.0
322.771599158,147.190858615,45.1477964173,0.0
465.741370693,381.249339674,45.1477964173,0.0
393.826751491,289.470650794,45.1477964173,0.0
271.209128337,357.384841579,45.1477964173,0.0
250.076283127,261.694340892,45.1477964173,0.0
212.373244714,47.7604843757,45.1477964173,0.0
85.0878419775,170.036407965,45.1477964173,0.0
177.2095407,342.784115371,45.1477964173,0.0
197.304269897,151.550035454,45.1477964173,0.0
@ 390 10 0.111075848937 0.244277068763
462.637314571,217.27880531,40.423640076,0.0
219.623021109,48.8516192605,40.423640076,0.0
207.908971477,445.022995251,40.423640076,0.0
244.675549579,371.558316035,40.423640076,0.0
316.207687536,175.277526537,40.423640076,0.0
214.172029884,232.078096508,40.423640076,0.0
383.608549658,61.3492488339,40.423640076,0.0
49.7721449764,200.447988508,40.423640076,0.0
341.893032077,380.222353376,40.423640076,0.0
122.904268805,364.002297457,40.423640076,0.0
@ 400 10 0.111075848937 0.195830539633
104.506640086,219.996113433,47.8376642948,0.0
241.333273205,292.818553057,47.8376642948,0.0
417.719993884,416.828539752,47.8376642948,0.0
199.225298181,379.863662982,47.8376642948,0.0
294.623269202,177.014031415,47.8376642948,0.0
83.6253572604,412.731662375,47.8376642948,0.0
334.727119709,349.508027759,47.8376642948,0.0
171.89826717,126.330476495,47.8376642948,0.0
452.174339956,308.529168144,47.8376642948,0.0
369.20671028,110.533492917,47.8376642948,0.0
@ 410 10 0.122142732507 0.27425181946
135.586316032,458.049900797,46.6615143619,0.0
161.0248121,154.184558305,46.6615143619,0.0
340.635063939,261.340288244,46.6615143619,0.0
445.23507894,260.509608814,46.6615143619,0.0
70.1598681469,382.933551837,46.6615143619,0.0
450.804953688,100.26247324,46.6615143619,0.0
123.058316666,302.100654822,46.6615143619,0.0
318.442791319,376.054226211,46.6615143619,0.0
338.346098877,156.906904115,46.6615143619,0.0
221.963919166,294.707650007,46.6615143619,0.0
@ 420 10 0.122142732507 0.260931939656
360.494316036,306.372642049,46.053972706,0.0
143.944871526,159.235874452,46.053972706,0.0
342.517139915,80.0223443365,46.053972706,0.0
407.362991647,415.685449368,46.053972706,0.0
449.650321127,229.397450864,46.053972706,0.0
270.179080435,342.631237899,46.053972706,0.0
361.0464527,188.809682885,46.053972706,0.0
133.858998323,309.170730946,46.053972706,0.0
445.247450476,105.849838572,46.053972706,0.0
116.903020474,411.88265253,46.053972706,0.0
@ 430 10 0.122142732507 0.25418140877
402.107258702,167.568352738,40.7379334836,0.0
46.827274483,70.4717878826,40.7379334836,0.0
123.913732464,221.843232572,40.7379334836,0.0
275.105035549,468.216741311,40.7379334836,0.0
295.024220612,229.87241007,40.7379334836,0.0
253.632745282,99.2169168802,40.7379334836,0.0
438.898478564,371.515887754,40.7379334836,0.0
43.7452885619,362.251472617,40.7379334836,0.0
396.262524657,447.93964285,40.7379334836,0.0
143.90683838,112.411980284,40.7379334836,0.0
@ 440 10 0.122142732507 0.198887538755
443.865217654,203.642517295,49.9362034223,0.0
130.386370866,425.389142857,49.9362034223,0.0
331.065440799,249.236877693,49.9362034223,0.0
316.405137711,412.849989767,49.9362034223,0.0
431.620051124,50.220579163,49.9362034223,0.0
198.87762555,62.5851032696,49.9362034223,0.0
450.318142712,436.951427231,49.9362034223,0.0
361.232780315,121.553502412,49.9362034223,0.0
431.364829555,320.041950599,49.9362034223,0.0
260.359029805,165.433661147,49.9362034223,0.0
@ 450 10 0.122142732507 0.298841305437
71.0968640289,107.206650601,51.3944086085,0.0
414.639500763,399.531350251,51.3944086085,0.0
299.538963943,240.872311251,51.3944086085,0.0
66.6311271305,247.904444468,51.3944086085,0.0
198.508286054,365.167751698,51.3944086085,0.0
222.534800681,63.3356769268,51.3944086085,0.0
412.832798135,132.015459851,51.3944086085,0.0
442.978474739,244.250815338,51.3944086085,0.0
65.217402667,407.078416059,51.3944086085,0.0
305.560965655,382.453676685,51.3944086085,0.0
@ 460 10 0.122142732507 0.316549279947
413.682985636,263.595202165,44.3533961923,0.0
423.471357895,362.377084219,44.3533961923,0.0
281.09786936,103.941908771,44.3533961923,0.0
56.2115915511,292.052857989,44.3533961923,0.0
136.38131677,226.56152804,44.3533961923,0.0
181.095076457,106.573944315,44.3533961923,0.0
149.371375932,449.912291402,44.3533961923,0.0
418.858961154,128.014638173,44.3533961923,0.0
342.653693352,436.059658478,44.3533961923,0.0
253.906777706,299.444056438,44.3533961923,0.0
@ 470 10 0.122142732507 0.235756319911
98.6580585895,151.563384591,45.9870273826,0.0
290.422315818,116.109513066,45.9870273826,0.0
454.593494955,449.909585159,45.9870273826,0.0
292.985408619,428.509368233,45.9870273826,0.0
307.262143201,254.125863254,45.9870273826,0.0
403.819306034,316.304123264,45.9870273826,0.0
168.646212714,391.680063797,45.9870273826,0.0
107.563854882,245.804948406,45.9870273826,0.0
367.348753209,182.153269371,45.9870273826,0.0
56.6306699679,322.48591033,45.9870273826,0.0
@ 480 10 0.122142732507 0.253442975667
447.796133927,79.8514995419,42.5291071183,0.0
388.878046353,256.731159977,42.5291071183,0.0
312.922356195,191.570008379,42.5291071183,0.0
166.202558002,332.785996145,42.5291071183,0.0
66.5805079518,461.996876547,42.5291071183,0.0
461.686092083,355.346699158,42.5291071183,0.0
447.560521842,466.597601958,42.5291071183,0.0
353.158447923,390.011245125,42.5291071183,0.0
59.7774610169,84.7173566634,42.5291071183,0.0
266.30416618,321.248091747,42.5291071183,0.0
@ 490 10 0.122142732507 0.21676148311
310.898006045,269.123409312,48.2757957226,0.0
436.908864409,392.738498127,48.2757957226,0.0
192.811605356,454.974065844,48.2757957226,0.0
118.77895267,191.390964243,48.2757957226,0.0
221.761318813,221.195758465,48.2757957226,0.0
385.417597185,53.7151691589,48.2757957226,0.0
339.543364632,158.954593027,48.2757957226,0.0
343.658226158,458.245781996,48.2757957226,0.0
450.424618734,150.669999445,48.2757957226,0.0
122.778884374,333.43698093,48.2757957226,0.0
@ 500 10 0.122142732507 0.279298411549
323.664943043,208.640391507,49.5238288913,0.0
422.664246847,214.696182693,49.5238288913,0.0
168.682224138,433.240093013,49.5238288913,0.0
116.116861335,169.548162845,49.5238288913,0.0
235.865402064,75.7111183333,49.5238288913,0.0
394.906443167,100.225529426,49.5238288913,0.0
207.124136158,266.613268098,49.5238288913,0.0
100.409051689,317.863201771,49.5238288913,0.0
326.444817494,333.297775176,49.5238288913,0.0
399.832436508,440.219517518,49.5238288913,0.0
@ 510 10 0.135658914729 0.293926005607
73.5088754088,364.170582086,45.228318565,0.0
448.346821702,279.541481666,45.228318565,0.0
359.42311543,434.09558425,45.228318565,0.0
122.630716808,236.42909614,45.228318565,0.0
276.753398341,338.98753962,45.228318565,0.0
277.672461647,65.9208714369,45.228318565,0.0
215.815256293,147.353367201,45.228318565,0.0
435.910195609,184.265879913,45.228318565,0.0
257.833942073,466.615990496,45.228318565,0.0
372.605743291,82.1183136379,45.228318565,0.0
@ 520 10 0.135658914729 0.245149193495
104.263010538,314.908225464,47.9380419418,0.0
449.799076881,308.158317916,47.9380419418,0.0
354.886868564,206.209955644,47.9380419418,0.0
294.980819985,311.920648722,47.9380419418,0.0
89.1102236595,183.082582135,47.9380419418,0.0
236.331403944,451.720023637,47.9380419418,0.0
240.365294495,146.291246544,47.9380419418,0.0
401.880598264,395.580944645,47.9380419418,0.0
263.991505504,48.4653214245,47.9380419418,0.0
87.6224035692,81.8127304682,47.9380419418,0.0
@ 530 10 0.135658914729 0.275403950713
354.322996762,439.551560313,39.0007119484,0.0
447.954003641,407.692784468,39.0007119484,0.0
383.917745804,160.867892759,39.0007119484,0.0
261.449267965,329.819012415,39.0007119484,0.0
390.604586194,268.040948593,39.0007119484,0.0
71.1676083932,127.814449141,39.0007119484,0.0
158.036681569,91.8230365603,39.0007119484,0.0
355.283445478,360.465460881,39.0007119484,0.0
464.707107206,67.7052478706,39.0007119484,0.0
285.08786023,250.554733998,39.0007119484,0.0
@ 540 10 0.135658914729 0.182286561977
363.363416162,217.398902699,57.3665052229,0.0
228.881067263,445.526832364,57.3665052229,0.0
423.352046885,332.086070411,57.3665052229,0.0
263.701461016,327.672408484,57.3665052229,0.0
61.0288266026,434.517980552,57.3665052229,0.0
145.927450603,320.780913474,57.3665052229,0.0
209.820272177,73.8536748627,57.3665052229,0.0
376.990525996,64.1342485209,57.3665052229,0.0
445.546083118,449.699029117,57.3665052229,0.0
104.243046056,203.521575325,57.3665052229,0.0
@ 550 10 0.135658914729 0.39439043235
428.84942582,202.622673173,53.5866068275,0.0
120.959661283,192.625061783,53.5866068275,0.0
79.2723956614,416.604445304,53.5866068275,0.0
284.687945326,317.602878486,53.5866068275,0.0
56.6194859948,92.5103339106,53.5866068275,0.0
200.953868576,439.070666438,53.5866068275,0.0
184.529852306,92.4785258182,53.5866068275,0.0
64.5773888445,310.13618865,53.5866068275,0.0
257.313650469,176.212344709,53.5866068275,0.0
454.02646333,331.657982733,53.5866068275,0.0
@ 560 10 0.135658914729 0.344129655383
233.031827107,394.960299192,38.1283432343,0.0
291.465284117,129.047784408,38.1283432343,0.0
412.371437283,86.8676448869,38.1283432343,0.0
222.215128156,470.734817809,38.1283432343,0.0
325.360944303,385.499300228,38.1283432343,0.0
92.5474792399,392.012488482,38.1283432343,0.0
53.5180646981,256.288537828,38.1283432343,0.0
239.103781433,51.8826372325,38.1283432343,0.0
340.837249648,228.199666078,38.1283432343,0.0
179.025589983,230.962765698,38.1283432343,0.0
@ 570 10 0.135658914729 0.174222986094
202.416009954,113.583173662,48.1922893821,0.0
65.0840520404,221.675817334,48.1922893821,0.0
328.236232278,429.125422362,48.1922893821,0.0
418.301493553,126.87562867,48.1922893821,0.0
377.361751334,245.528042258,48.1922893821,0.0
164.501733458,461.514471906,48.1922893821,0.0
443.577118642,453.992964084,48.1922893821,0.0
258.058824952,348.970930654,48.1922893821,0.0
102.591703419,116.724908465,48.1922893821,0.0
139.732750229,286.317719119,48.1922893821,0.0
@ 580 10 0.135658914729 0.278332999547
124.452372323,387.342445712,49.4505620411,0.0
339.101748222,365.671549344,49.4505620411,0.0
393.737355863,55.8130070187,49.4505620411,0.0
398.901728562,223.738396619,49.4505620411,0.0
264.698807157,442.236360988,49.4505620411,0.0
95.4175442369,113.792704443,49.4505620411,0.0
286.22417932,98.8615470957,49.4505620411,0.0
192.933949452,276.858313391,49.4505620411,0.0
223.368027556,178.925104135,49.4505620411,0.0
440.595728891,412.751650613,49.4505620411,0.0
@ 590 10 0.135658914729 0.293056965255
163.40986042,175.097494311,45.316345608,0.0
373.537825804,166.898552881,45.316345608,0.0
153.097651962,456.252041373,45.316345608,0.0
280.073097742,394.155030923,45.316345608,0.0
288.831132367,250.674039844,45.316345608,0.0
465.533825125,319.53268952,45.316345608,0.0
231.174109805,69.3500270314,45.316345608,0.0
392.221749446,378.845296137,45.316345608,0.0
45.4156210834,270.718573645,45.316345608,0.0
432.23924289,69.8755792115,45.316345608,0.0
@ 600 10 0.135658914729 0.246104380838
440.030851752,309.979591993,48.1826649548,0.0
275.540252952,315.677441807,48.1826649548,0.0
92.5797734007,60.6917776498,48.1826649548,0.0
394.659739506,456.069170614,48.1826649548,0.0
262.985739704,433.483249851,48.1826649548,0.0
377.454120579,224.967500927,48.1826649548,0.0
265.749568601,128.770335733,48.1826649548,0.0
91.4071080734,196.682382442,48.1826649548,0.0
85.3169713685,448.5650194,48.1826649548,0.0
427.595343995,88.5168239948,48.1826649548,0.0
@ 610 10 0.152538679451 0.278221839514
400.975712433,57.6272720189,50.8163301739,0.0
207.237977209,110.719974802,50.8163301739,0.0
197.84369668,328.465341127,50.8163301739,0.0
424.91218195,257.698924205,50.8163301739,0.0
454.831316103,148.192757705,50.8163301739,0.0
71.1407266548,331.723790757,50.8163301739,0.0
351.031198575,422.011703429,50.8163301739,0.0
193.655569244,436.379166162,50.8163301739,0.0
101.005890281,104.054385545,50.8163301739,0.0
102.261695828,226.524898594,50.8163301739,0.0
@ 620 10 0.152538679451 0.309468307908
57.6609061872,433.23642212,51.3764032795,0.0
246.735845477,321.804246467,51.3764032795,0.0
416.761901071,211.155869183,51.3764032795,0.0
150.228431167,380.441404168,51.3764032795,0.0
135.393491753,248.490225636,51.3764032795,0.0
341.518286106,418.984793704,51.3764032795,0.0
73.8808785115,128.555494474,51.3764032795,0.0
298.076468488,166.809822131,51.3764032795,0.0
425.209423134,105.11267816,51.3764032795,0.0
217.131064485,89.0768703863,51.3764032795,0.0
@ 630 10 0.152538679451 0.316327521366
232.674541664,453.65924631,51.6939593309,0.0
406.408910867,83.2490523145,51.6939593309,0.0
143.083880682,347.510761056,51.6939593309,0.0
100.683569063,453.246770639,51.6939593309,0.0
409.899455626,351.772207905,51.6939593309,0.0
81.5195289919,170.950146083,51.6939593309,0.0
134.703609877,52.9065877052,51.6939593309,0.0
178.56126936,209.365953458,51.6939593309,0.0
414.519737742,198.864801796,51.6939593309,0.0
274.328234399,265.473972146,51.6939593309,0.0
@ 640 10 0.152538679451 0.320250028852
331.129878449,275.245539084,43.8882559451,0.0
84.2431898778,359.090211335,43.8882559451,0.0
78.4296088606,249.111661603,43.8882559451,0.0
193.251480948,346.287013971,43.8882559451,0.0
127.637113731,438.653838669,43.8882559451,0.0
325.994705946,374.329398006,43.8882559451,0.0
45.1273225098,69.3997381764,43.8882559451,0.0
194.739518766,147.019297939,43.8882559451,0.0
449.252394411,446.830177131,43.8882559451,0.0
283.379949762,119.805958035,43.8882559451,0.0
@ 650 10 0.152538679451 0.230837429646
238.464765104,353.224672112,47.9082930953,0.0
456.00235196,464.066167623,47.9082930953,0.0
102.548815341,274.936771348,47.9082930953,0.0
94.5760865854,92.4648491198,47.9082930953,0.0
355.131091952,71.1562807015,47.9082930953,0.0
433.979589587,300.631896702,47.9082930953,0.0
315.296147258,201.087174033,47.9082930953,0.0
451.434913217,57.0326938185,47.9082930953,0.0
218.009317037,168.712736193,47.9082930953,0.0
336.201637741,454.876902167,47.9082930953,0.0
@ 660 10 0.152538679451 0.275062242652
325.627670742,295.467849472,47.493470032,0.0
176.821506702,311.84016691,47.493470032,0.0
424.318627856,240.39314532,47.493470032,0.0
257.64480803,445.467068145,47.493470032,0.0
402.56800789,439.564320719,47.493470032,0.0
436.251326498,114.938533925,47.493470032,0.0
140.942102662,405.171111614,47.493470032,0.0
303.461540071,166.692472446,47.493470032,0.0
238.220939701,86.0909728876,47.493470032,0.0
67.9723085885,266.921452845,47.493470032,0.0
@ 670 10 0.152538679451 0.270319507433
168.245155609,389.328093163,50.2324480271,0.0
77.4124316669,93.3175198301,50.2324480271,0.0
453.932688504,64.2344405402,50.2324480271,0.0
67.6968125774,370.138309609,50.2324480271,0.0
279.932955368,181.024811867,50.2324480271,0.0
155.719646887,227.228065938,50.2324480271,0.0
177.930952767,71.7555982476,50.2324480271,0.0
458.974687785,297.849039132,50.2324480271,0.0
445.707519895,446.980421116,50.2324480271,0.0
351.126127801,335.729558209,50.2324480271,0.0
@ 680 10 0.152538679451 0.302397551971
342.231508957,435.166043787,55.295235565,0.0
271.343239983,81.1826556833,55.295235565,0.0
416.128336977,124.309907671,55.295235565,0.0
455.021847464,452.664616201,55.295235565,0.0
296.768582399,203.940968509,55.295235565,0.0
253.751542636,357.762746245,55.295235565,0.0
188.659127785,231.11459109,55.295235565,0.0
391.729840197,330.355067796,55.295235565,0.0
80.3534406521,305.593632952,55.295235565,0.0
78.8943484262,432.865864158,55.295235565,0.0
@ 690 10 0.152538679451 0.366424926168
453.712156546,325.818557941,51.1722951856,0.0
293.191312059,373.961450398,51.1722951856,0.0
201.790596711,457.33659263,51.1722951856,0.0
194.695043119,87.0156766404,51.1722951856,0.0
94.2744249394,347.28168255,51.1722951856,0.0
357.371328654,460.436736579,51.1722951856,0.0
66.6429680548,168.513947402,51.1722951856,0.0
411.187769003,96.6048650211,51.1722951856,0.0
302.538261449,156.748146666,51.1722951856,0.0
231.137623701,284.29230373,51.1722951856,0.0
@ 700 10 0.152538679451 0.313819103049
272.464439522,454.241088353,57.024486756,0.0
151.726087013,428.531887177,57.024486756,0.0
315.468777103,137.465337873,57.024486756,0.0
196.407975464,319.579139588,57.024486756,0.0
185.91719665,162.43884379,57.024486756,0.0
439.364103359,59.7066728382,57.024486756,0.0
405.412773193,336.109504101,57.024486756,0.0
68.6263658164,188.088244477,57.024486756,0.0
320.617023807,259.527574586,57.024486756,0.0
76.5159237514,341.673978408,57.024486756,0.0
@ 710 10 0.174216027875 0.389701748327
215.019394545,78.1267839175,49.6570611517,0.0
96.0012255518,63.8337045058,49.6570611517,0.0
453.692936259,368.110456108,49.6570611517,0.0
204.360898632,369.558476567,49.6570611517,0.0
409.770693152,242.271640127,49.6570611517,0.0
148.97302444,167.284595866,49.6570611517,0.0
286.132626241,198.650745038,49.6570611517,0.0
382.302434013,83.2006306161,49.6570611517,0.0
129.74332784,281.365189305,49.6570611517,0.0
79.3650297538,440.29342006,49.6570611517,0.0
@ 720 10 0.174216027875 0.295509611035
288.401589664,359.633491588,53.1535241437,0.0
73.6146974847,151.980904886,53.1535241437,0.0
382.112470634,79.1106366121,53.1535241437,0.0
240.950550004,79.7218898944,53.1535241437,0.0
195.919396136,201.158935299,53.1535241437,0.0
61.5465136327,364.833271228,53.1535241437,0.0
185.861888853,316.704026217,53.1535241437,0.0
393.283995168,443.111527072,53.1535241437,0.0
306.923852397,177.552400654,53.1535241437,0.0
448.254936301,207.454321071,53.1535241437,0.0
@ 730 10 0.174216027875 0.338589676176
325.991672057,131.874487132,51.5518052252,0.0
78.6765169038,218.71828935,51.5518052252,0.0
54.3966306342,405.525479323,51.5518052252,0.0
361.228357149,435.146361051,51.5518052252,0.0
58.0932422805,55.3577970883,51.5518052252,0.0
331.87425526,276.489064279,51.5518052252,0.0
447.417100559,315.969768072,51.5518052252,0.0
182.483557076,450.248293757,51.5518052252,0.0
205.314195986,307.383512581,51.5518052252,0.0
449.331510994,73.7657563631,51.5518052252,0.0
@ 740 10 0.174216027875 0.318491128499
293.154997832,73.9161858862,51.7542024613,0.0
142.466254052,328.22698687,51.7542024613,0.0
386.603982338,364.865934317,51.7542024613,0.0
61.2002375562,238.866359784,51.7542024613,0.0
222.253383747,244.903495971,51.7542024613,0.0
81.6119976572,418.556624174,51.7542024613,0.0
180.313681046,78.8826416795,51.7542024613,0.0
431.825541105,132.515054364,51.7542024613,0.0
267.724948583,398.215262981,51.7542024613,0.0
345.603030682,201.427166468,51.7542024613,0.0
@ 750 10 0.174216027875 0.320996890043
264.59055901,78.3363343755,44.1012784546,0.0
58.4201948181,168.429831135,44.1012784546,0.0
187.436457145,399.277333331,44.1012784546,0.0
120.848599839,458.542151437,44.1012784546,0.0
167.518309558,300.744915732,44.1012784546,0.0
389.539347178,222.25746206,44.1012784546,0.0
460.288833789,45.629857909,44.1012784546,0.0
416.282686076,452.183075798,44.1012784546,0.0
60.1346302044,265.148785991,44.1012784546,0.0
452.857214423,145.92441549,44.1012784546,0.0
@ 760 10 0.174216027875 0.233083721076
68.6033127482,453.655558818,53.8856774499,0.0
235.297716564,260.223177737,53.8856774499,0.0
70.7550400868,264.612546199,53.8856774499,0.0
422.487734426,426.922918264,53.8856774499,0.0
328.23825209,321.030855143,53.8856774499,0.0
193.286841083,446.861639365,53.8856774499,0.0
260.91987147,101.222617232,53.8856774499,0.0
148.380101725,346.623711131,53.8856774499,0.0
390.486901042,143.285481947,53.8856774499,0.0
126.13392478,129.506822123,53.8856774499,0.0
@ 770 10 0.174216027875 0.347981598084
166.263674439,92.8608340643,45.5007076926,0.0
302.77635578,255.783266395,45.5007076926,0.0
376.358282215,415.05880665,45.5007076926,0.0
285.284893044,420.604578613,45.5007076926,0.0
439.924654823,67.263151175,45.5007076926,0.0
258.552853638,64.1945915665,45.5007076926,0.0
451.190621742,273.761813491,45.5007076926,0.0
68.1779971764,133.063771525,45.5007076926,0.0
98.7406726903,337.778159998,45.5007076926,0.0
198.777302516,359.304459911,45.5007076926,0.0
@ 780 10 0.174216027875 0.248110924436
320.381143266,325.786009754,49.9543819739,0.0
57.199733442,212.325346876,49.9543819739,0.0
213.468690562,221.909448402,49.9543819739,0.0
379.021467413,201.96910007,49.9543819739,0.0
59.269419225,381.885038101,49.9543819739,0.0
206.161858493,326.147767565,49.9543819739,0.0
433.227321774,416.571619377,49.9543819739,0.0
438.614456843,67.9276060161,49.9543819739,0.0
188.038669416,84.6689400867,49.9543819739,0.0
288.619300036,426.661627774,49.9543819739,0.0
@ 790 10 0.174216027875 0.299058922737
441.545746125,288.497714955,55.1914088631,0.0
209.632799538,267.858607929,55.1914088631,0.0
88.1680261484,306.863691449,55.1914088631,0.0
170.223719392,434.848376679,55.1914088631,0.0
276.55256663,379.536502134,55.1914088631,0.0
77.17768214,170.712720642,55.1914088631,0.0
420.444606814,418.033697666,55.1914088631,0.0
372.041496286,197.329562815,55.1914088631,0.0
204.953265722,82.4493074972,55.1914088631,0.0
450.692945691,79.4016659571,55.1914088631,0.0
@ 800 10 0.174216027875 0.365050161295
203.256836775,149.192061914,51.8942017512,0.0
53.4851400981,55.5642727404,51.8942017512,0.0
98.2020410895,172.188897025,51.8942017512,0.0
197.58890947,321.611728529,51.8942017512,0.0
286.36389247,72.5672237526,51.8942017512,0.0
439.894176039,238.34129536,51.8942017512,0.0
289.067432126,212.466163351,51.8942017512,0.0
283.794331942,429.257771361,51.8942017512,0.0
344.690208461,331.440776133,51.8942017512,0.0
89.4360408837,397.656018745,51.8942017512,0.0
@ 810 10 0.203075137801 0.322735883855
385.533986218,408.276508113,51.9588255122,0.0
78.526010196,348.069636163,51.9588255122,0.0
303.515072787,279.862825645,51.9588255122,0.0
114.609156349,160.590007512,51.9588255122,0.0
210.923693709,369.371719832,51.9588255122,0.0
400.710955377,88.6607131434,51.9588255122,0.0
418.798646744,191.857988635,51.9588255122,0.0
454.031649364,323.173412305,51.9588255122,0.0
130.378122222,442.33955393,51.9588255122,0.0
167.492163635,252.059068928,51.9588255122,0.0
@ 820 10 0.203075137801 0.323540189236
398.62496424,209.26077739,52.9742564603,0.0
233.490385749,62.7806099187,52.9742564603,0.0
331.902692141,293.091775048,52.9742564603,0.0
345.164790649,94.2940508924,52.9742564603,0.0
85.5645959392,64.099805139,52.9742564603,0.0
59.2398144062,339.278706287,52.9742564603,0.0
440.991274897,418.856084073,52.9742564603,0.0
101.701263259,170.798753113,52.9742564603,0.0
210.13585112,199.428788478,52.9742564603,0.0
124.464241544,432.074252949,52.9742564603,0.0
@ 830 10 0.203075137801 0.336309645594
245.812555918,423.677979324,51.1856744024,0.0
417.969978449,266.316281396,51.1856744024,0.0
275.238668585,101.188853641,51.1856744024,0.0
61.2960665139,84.887264546,51.1856744024,0.0
391.199564475,385.159831767,51.1856744024,0.0
77.9391358195,454.027528563,51.1856744024,0.0
309.749954576,220.04868528,51.1856744024,0.0
54.8994585761,277.261013798,51.1856744024,0.0
122.01727267,171.358226214,51.1856744024,0.0
448.023529379,152.691637013,51.1856744024,0.0
@ 840 10 0.203075137801 0.313983223211
413.357122012,356.220400749,49.8657928269,0.0
82.6142244554,447.854083161,49.8657928269,0.0
186.741508323,389.512262525,49.8657928269,0.0
62.820450124,285.054953226,49.8657928269,0.0
289.243691216,430.150144052,49.8657928269,0.0
329.539016235,207.324154429,49.8657928269,0.0
359.567143652,60.6272999078,49.8657928269,0.0
225.083000867,184.343890438,49.8657928269,0.0
457.393970703,113.180923315,49.8657928269,0.0
71.0665258218,185.165184893,49.8657928269,0.0
@ 850 10 0.203075137801 0.297999160525
435.247921671,147.611113791,57.3879722307,0.0
260.359640296,381.798696735,57.3879722307,0.0
260.620212321,72.8512302575,57.3879722307,0.0
114.439332594,444.162610378,57.3879722307,0.0
405.489610718,307.46531038,57.3879722307,0.0
126.183443118,289.228007166,57.3879722307,0.0
86.5765086857,83.4974974474,57.3879722307,0.0
296.442634447,232.780888941,57.3879722307,0.0
157.006717915,176.272173689,57.3879722307,0.0
403.486387691,448.919092653,57.3879722307,0.0
@ 860 10 0.203075137801 0.394685655723
279.722257691,222.175834205,53.9063255554,0.0
417.574761685,413.304213543,53.9063255554,0.0
69.1559295539,173.183916727,53.9063255554,0.0
393.411973657,197.811708894,53.9063255554,0.0
62.4713189921,396.557992725,53.9063255554,0.0
456.57868912,311.684575369,53.9063255554,0.0
151.471184926,258.631399973,53.9063255554,0.0
162.815657514,89.7429474454,53.9063255554,0.0
193.315021684,374.905498625,53.9063255554,0.0
403.197534962,55.9454448795,53.9063255554,0.0
@ 870 10 0.203075137801 0.34824833083
65.6444191606,211.386309499,50.1970547157,0.0
59.7351094932,398.982224777,50.1970547157,0.0
205.246231031,441.805878105,50.1970547157,0.0
302.619478949,68.8453096841,50.1970547157,0.0
323.122147034,203.330432566,50.1970547157,0.0
439.01047652,422.340620291,50.1970547157,0.0
179.927482665,101.18708779,50.1970547157,0.0
215.222506694,273.636162949,50.1970547157,0.0
407.097302188,305.782131596,50.1970547157,0.0
320.105646886,393.112867822,50.1970547157,0.0
@ 880 10 0.203075137801 0.301971569143
54.8726058993,129.444428474,53.9334305397,0.0
153.644757253,78.0681738383,53.9334305397,0.0
430.239636123,193.570459323,53.9334305397,0.0
265.245630682,55.4352951667,53.9334305397,0.0
439.387712139,320.360169266,53.9334305397,0.0
116.686007234,395.182141078,53.9334305397,0.0
142.782604203,238.293143754,53.9334305397,0.0
305.838046957,248.234195886,53.9334305397,0.0
257.067375765,452.469470912,53.9334305397,0.0
401.03301673,428.329658239,53.9334305397,0.0
@ 890 10 0.203075137801 0.348598628816
116.267749374,292.32274494,50.7253327375,0.0
242.425275309,68.0039066719,50.7253327375,0.0
130.309704647,77.2380211173,50.7253327375,0.0
263.610973719,420.333497244,50.7253327375,0.0
417.72024331,57.7255674297,50.7253327375,0.0
147.507392343,391.180592063,50.7253327375,0.0
458.203123566,320.049663679,50.7253327375,0.0
396.965515788,416.339929796,50.7253327375,0.0
350.027954923,231.033439339,50.7253327375,0.0
213.778641383,238.444453115,50.7253327375,0.0
@ 900 10 0.203075137801 0.308360962745
205.975755815,431.754850119,52.8295959594,0.0
57.7680173469,104.542114478,52.8295959594,0.0
278.795307002,308.353201529,52.8295959594,0.0
373.834114947,246.977870195,52.8295959594,0.0
121.9656228,229.304539531,52.8295959594,0.0
169.827656565,98.8853799372,52.8295959594,0.0
227.158519693,199.729679355,52.8295959594,0.0
71.7883633933,453.571046233,52.8295959594,0.0
431.965055353,401.134553898,52.8295959594,0.0
59.2432320746,345.358540206,52.8295959594,0.0
@ 910 10 0.243393602225 0.334475385027
442.621505722,173.800891391,46.7450587603,0.0
166.939816346,389.826547552,46.7450587603,0.0
447.681245229,410.264060765,46.7450587603,0.0
53.0337699806,245.258509511,46.7450587603,0.0
282.845413846,232.600553244,46.7450587603,0.0
397.834307013,75.8319583146,46.7450587603,0.0
295.80843566,105.007841167,46.7450587603,0.0
367.259249769,346.259933504,46.7450587603,0.0
297.322357182,442.792368515,46.7450587603,0.0
146.721991544,218.636045708,46.7450587603,0.0
@ 920 10 0.243393602225 0.261867139355
324.461638682,189.795668312,49.1110604839,0.0
49.9380363986,50.6754322169,49.1110604839,0.0
193.087579332,55.3657102974,49.1110604839,0.0
356.238572914,307.580712997,49.1110604839,0.0
459.409161638,301.855645276,49.1110604839,0.0
102.752884001,153.874095608,49.1110604839,0.0
438.389955626,101.971510219,49.1110604839,0.0
418.086901285,434.392734799,49.1110604839,0.0
129.965670504,446.334449919,49.1110604839,0.0
216.474680644,384.254294098,49.1110604839,0.0
@ 930 10 0.243393602225 0.289046828357
421.198115624,410.153747534,47.5489620931,0.0
70.7474094012,335.651298633,47.5489620931,0.0
456.649173809,295.59533412,47.5489620931,0.0
154.064919413,414.022329224,47.5489620931,0.0
268.273051839,259.753296197,47.5489620931,0.0
145.318648172,50.2844314133,47.5489620931,0.0
69.3749693728,167.448543698,47.5489620931,0.0
418.83436721,90.5186288444,47.5489620931,0.0
251.10135053,116.611869955,47.5489620931,0.0
266.50409755,463.395702901,47.5489620931,0.0
@ 940 10 0.243393602225 0.270951566959
273.231086904,75.3151044243,52.339231359,0.0
61.0950795262,77.394866218,52.339231359,0.0
83.8014919265,454.853351166,52.339231359,0.0
224.739347303,316.197045364,52.339231359,0.0
285.407544446,182.754184602,52.339231359,0.0
97.9412853009,343.497557103,52.339231359,0.0
175.992475463,204.202388295,52.339231359,0.0
68.1361541887,204.845763819,52.339231359,0.0
445.811613059,427.936287945,52.339231359,0.0
423.042595369,216.08253912,52.339231359,0.0
@ 950 10 0.243393602225 0.328294997236
224.086566387,235.71377103,57.3724429165,0.0
123.67050289,393.564791945,57.3724429165,0.0
453.229434709,69.5342452893,57.3724429165,0.0
214.655456311,109.288589621,57.3724429165,0.0
95.493196421,107.843236889,57.3724429165,0.0
381.403472639,165.654990624,57.3724429165,0.0
388.204235222,297.620994722,57.3724429165,0.0
276.808419112,368.213565345,57.3724429165,0.0
99.404376471,250.455618736,57.3724429165,0.0
391.391967452,424.35666563,57.3724429165,0.0
@ 960 10 0.243393602225 0.394472078974
319.648148004,193.146210801,54.8090795718,0.0
262.423037442,92.0322162008,54.8090795718,0.0
151.552309607,199.612023456,54.8090795718,0.0
63.2078191149,116.313702495,54.8090795718,0.0
68.0111143428,404.445982718,54.8090795718,0.0
434.143235439,91.4109297137,54.8090795718,0.0
454.935053451,313.712549988,54.8090795718,0.0
211.321752759,436.036754604,54.8090795718,0.0
165.532180992,336.352082137,54.8090795718,0.0
354.501081905,447.949569117,54.8090795718,0.0
@ 970 10 0.243393602225 0.360010030936
389.95340218,51.9615409007,49.940939028,0.0
362.219749839,182.012574084,49.940939028,0.0
303.018623722,400.491270958,49.940939028,0.0
270.656797736,251.272260795,49.940939028,0.0
131.983376919,60.1966239006,49.940939028,0.0
166.90503453,181.770299273,49.940939028,0.0
264.280818883,95.4738235729,49.940939028,0.0
161.103216358,423.771739301,49.940939028,0.0
442.385128234,429.596116613,49.940939028,0.0
84.2293133453,256.844502571,49.940939028,0.0
@ 980 10 0.243393602225 0.298897988227
316.266475391,456.37420697,51.9938019111,0.0
302.576595519,209.256904022,51.9938019111,0.0
426.277845792,99.2456799517,51.9938019111,0.0
211.797312339,416.445295473,51.9938019111,0.0
112.858961072,340.949548248,51.9938019111,0.0
62.0658161542,121.469427876,51.9938019111,0.0
419.81339,336.546244292,51.9938019111,0.0
165.742409982,218.711932779,51.9938019111,0.0
430.261390977,444.145622296,51.9938019111,0.0
315.229649033,84.6751934612,51.9938019111,0.0
@ 990 10 0.243393602225 0.32397592193
386.052029622,164.694913574,52.412016085,0.0
313.74472112,427.116349473,52.412016085,0.0
421.663163925,401.03239863,52.412016085,0.0
100.560728125,233.950633929,52.412016085,0.0
88.8912997259,97.8549434344,52.412016085,0.0
435.740710913,72.0846665987,52.412016085,0.0
260.994803561,130.717836961,52.412016085,0.0
54.972609983,386.805673245,52.412016085,0.0
232.387089267,269.814921081,52.412016085,0.0
444.056218515,289.339580131,52.412016085,0.0
@ 1000 10 0.243393602225 0.329208708625
441.069236277,125.295819011,54.2033207877,0.0
143.731292858,64.2423446068,54.2033207877,0.0
439.409184342,241.629608483,54.2033207877,0.0
238.555756666,191.420553871,54.2033207877,0.0
89.4008229229,397.078151356,54.2033207877,0.0
195.25860515,311.987975206,54.2033207877,0.0
357.875530246,422.680743107,54.2033207877,0.0
57.1354475588,260.934648229,54.2033207877,0.0
332.743425414,99.7197797041,54.2033207877,0.0
317.327973198,267.612465618,54.2033207877,0.0
@ 1010 10 0.303687635575 0.352096228448
331.874117301,227.504121153,54.9220826755,0.0
99.325851742,159.616642373,54.9220826755,0.0
107.343929997,383.431932338,54.9220826755,0.0
313.794742055,67.9813732917,54.9220826755,0.0
188.874383069,88.9644334286,54.9220826755,0.0
394.698343057,406.601909832,54.9220826755,0.0
453.10928859,248.167882909,54.9220826755,0.0
422.662342828,125.266862313,54.9220826755,0.0
214.253625489,209.941551051,54.9220826755,0.0
256.250844922,337.315569492,54.9220826755,0.0
@ 1020 10 0.303687635575 0.361496069005
237.303734534,428.202939085,61.6880373611,0.0
383.821344428,215.447780124,61.6880373611,0.0
255.625680688,303.874123363,61.6880373611,0.0
447.365783535,64.823421741,61.6880373611,0.0
62.7513099143,141.209352804,61.6880373611,0.0
322.489550658,62.0398995004,61.6880373611,0.0
146.29115891,242.330729287,61.6880373611,0.0
411.972526808,403.679119815,61.6880373611,0.0
197.674314439,100.436320294,61.6880373611,0.0
81.5635707058,403.46307274,61.6880373611,0.0
@ 1030 10 0.303687635575 0.456048981554
296.510973827,256.260128316,53.7649370349,0.0
67.9780522931,234.839189364,53.7649370349,0.0
278.424508912,379.902402093,53.7649370349,0.0
171.21848909,120.129480256,53.7649370349,0.0
178.962805874,292.194793549,53.7649370349,0.0
137.887004618,445.495172673,53.7649370349,0.0
400.002232775,305.44519707,53.7649370349,0.0
58.453164988,71.5976236388,53.7649370349,0.0
400.196914579,171.251422998,53.7649370349,0.0
442.537662262,416.251012035,53.7649370349,0.0
@ 1040 10 0.303687635575 0.346423916227
403.823119138,359.506884387,56.7005260877,0.0
349.303246783,56.8743843206,56.7005260877,0.0
303.113624501,445.043726799,56.7005260877,0.0
398.847350149,181.298396878,56.7005260877,0.0
158.27188871,235.266961546,56.7005260877,0.0
97.197475516,82.5532187811,56.7005260877,0.0
64.9121493383,411.458926617,56.7005260877,0.0
205.49221817,125.450083586,56.7005260877,0.0
189.115664544,398.242600806,56.7005260877,0.0
275.627995277,243.429678185,56.7005260877,0.0
@ 1050 10 0.303687635575 0.385286472246
117.523163501,312.106634549,56.2869535245,0.0
254.946756501,306.772888362,56.2869535245,0.0
217.070336095,69.8819779839,56.2869535245,0.0
414.548103811,199.641924455,56.2869535245,0.0
84.764414475,128.761023255,56.2869535245,0.0
438.794067999,329.303794383,56.2869535245,0.0
428.706878971,80.0689787879,56.2869535245,0.0
303.655812399,153.620560208,56.2869535245,0.0
169.33580991,416.366589831,56.2869535245,0.0
367.359187318,451.565724003,56.2869535245,0.0
@ 1060 10 0.303687635575 0.379686425858
85.8335216421,371.823280224,61.3330616765,0.0
347.2786151,414.906203935,61.3330616765,0.0
206.08516344,297.145933788,61.3330616765,0.0
212.640647297,448.423812435,61.3330616765,0.0
74.2788452846,61.988240352,61.3330616765,0.0
230.056587293,96.1444431856,61.3330616765,0.0
450.219559416,129.089184822,61.3330616765,0.0
322.782015168,223.068829601,61.3330616765,0.0
101.1142804,217.948756243,61.3330616765,0.0
430.353272707,319.579878309,61.3330616765,0.0
@ 1070 10 0.303687635575 0.450815535017
250.373425782,319.745525455,55.2173753289,0.0
449.937265756,422.257801977,55.2173753289,0.0
307.084099372,442.614104924,55.2173753289,0.0
136.218562705,324.116158867,55.2173753289,0.0
83.6897190889,171.62799177,55.2173753289,0.0
164.580976228,92.7008971869,55.2173753289,0.0
263.758391591,165.723156862,55.2173753289,0.0
168.908267081,439.858115839,55.2173753289,0.0
359.853036383,88.9998661807,55.2173753289,0.0
362.848083669,314.607976566,55.2173753289,0.0
@ 1080 10 0.303687635575 0.365393739855
242.648232342,170.080419351,53.0348506432,0.0
278.167056586,286.980104241,53.0348506432,0.0
78.2038443545,68.0925172167,53.0348506432,0.0
325.463114545,454.851467328,53.0348506432,0.0
399.934958614,232.85613206,53.0348506432,0.0
89.6173297349,330.151656047,53.0348506432,0.0
64.2163611987,183.958729841,53.0348506432,0.0
382.353173633,117.109259363,53.0348506432,0.0
218.778866621,454.453594345,53.0348506432,0.0
406.106329415,351.589215038,53.0348506432,0.0
@ 1090 10 0.303687635575 0.337079455851
404.557053473,278.720391999,56.1814027654,0.0
252.536827981,69.2920089619,56.1814027654,0.0
449.289669467,437.958318254,56.1814027654,0.0
278.682245008,453.983259766,56.1814027654,0.0
281.670915658,290.244092951,56.1814027654,0.0
121.332730153,425.436732843,56.1814027654,0.0
454.185383673,148.329661972,56.1814027654,0.0
83.1704367621,281.250163582,56.1814027654,0.0
57.2589025523,154.440237928,56.1814027654,0.0
202.838886134,196.211209955,56.1814027654,0.0
@ 1100 10 0.303687635575 0.378263765294
437.364844476,448.577824438,58.8035406409,0.0
70.1025999461,358.602429184,58.8035406409,0.0
240.428684756,269.057484146,58.8035406409,0.0
380.832294909,75.5397771822,58.8035406409,0.0
125.904438155,238.088132421,58.8035406409,0.0
126.452832277,86.8959263083,58.8035406409,0.0
433.573613592,306.394645131,58.8035406409,0.0
345.117472667,213.81385635,58.8035406409,0.0
335.420882121,389.277905124,58.8035406409,0.0
184.829974762,423.45480127,58.8035406409,0.0
@ 1110 10 0.40369088812 0.414396936884
170.907924061,315.35468763,61.3410319996,0.0
235.401250963,66.2317694471,61.3410319996,0.0
422.364768182,447.07538067,61.3410319996,0.0
440.757500665,243.762825184,61.3410319996,0.0
63.5588989301,101.763259315,61.3410319996,0.0
132.384128923,445.729430621,61.3410319996,0.0
428.259778679,63.1417650898,61.3410319996,0.0
265.964393671,428.63753636,61.3410319996,0.0
320.302210717,304.403945041,61.3410319996,0.0
228.21806316,191.552800257,61.3410319996,0.0
@ 1120 10 0.40369088812 0.450932710936
310.519467439,269.054539263,61.076943699,0.0
426.407264935,380.465097978,61.076943699,0.0
324.636113032,448.776186898,61.076943699,0.0
132.557520248,65.114452752,61.076943699,0.0
404.22823234,61.2596255359,61.076943699,0.0
266.712188763,97.0652904637,61.076943699,0.0
179.85692828,324.392108655,61.076943699,0.0
437.545945271,217.316681733,61.076943699,0.0
75.0385791401,406.692892519,61.076943699,0.0
85.9765683992,236.59823779,61.076943699,0.0
@ 1130 10 0.40369088812 0.447058315544
451.562878071,185.967854706,55.0988183941,0.0
265.449566376,140.107021281,55.0988183941,0.0
191.522834851,277.711362363,55.0988183941,0.0
229.194218135,443.854980048,55.0988183941,0.0
64.9109340824,161.491027081,55.0988183941,0.0
78.9756620393,401.941762731,55.0988183941,0.0
308.307215282,300.586283503,55.0988183941,0.0
342.290196412,410.109254729,55.0988183941,0.0
452.171592199,307.54979311,55.0988183941,0.0
418.183218041,59.1124506116,55.0988183941,0.0
@ 1140 10 0.40369088812 0.363826354391
194.837211156,94.4695624768,54.3471690559,0.0
100.433228167,226.024307451,54.3471690559,0.0
286.871429017,291.483395267,54.3471690559,0.0
225.097665123,389.338872272,54.3471690559,0.0
404.256286813,181.350219564,54.3471690559,0.0
60.8694158825,453.696784092,54.3471690559,0.0
456.823031892,307.712520394,54.3471690559,0.0
418.788227904,434.85961064,54.3471690559,0.0
409.711044666,57.3578694747,54.3471690559,0.0
305.105464402,103.808635921,54.3471690559,0.0
@ 1150 10 0.40369088812 0.353967539615
440.936425071,101.262280455,59.671680162,0.0
202.390098472,450.464572401,59.671680162,0.0
71.2822259311,427.579481231,59.671680162,0.0
350.671894235,395.417104199,59.671680162,0.0
189.667284766,218.404093982,59.671680162,0.0
63.5484567598,225.477329261,59.671680162,0.0
366.511657144,264.190325667,59.671680162,0.0
84.9483557335,63.0296312725,59.671680162,0.0
279.964180555,129.526674574,59.671680162,0.0
237.933129353,334.768032634,59.671680162,0.0
@ 1160 10 0.40369088812 0.426723063885
260.641972579,270.294994876,58.1766000733,0.0
442.897291521,419.255557578,58.1766000733,0.0
288.862461764,444.40273579,58.1766000733,0.0
176.727867787,357.256266785,58.1766000733,0.0
163.860720615,170.125541317,58.1766000733,0.0
291.819914442,63.2237526838,58.1766000733,0.0
76.4208459218,258.834039549,58.1766000733,0.0
442.041045883,116.606811511,58.1766000733,0.0
93.1781884828,453.765357188,58.1766000733,0.0
409.168137819,270.109301586,58.1766000733,0.0
@ 1170 10 0.40369088812 0.4056077622
57.0455672753,290.356246087,53.5086695228,0.0
321.231141167,301.182789269,53.5086695228,0.0
206.808261626,302.493192534,53.5086695228,0.0
448.910471466,393.294338544,53.5086695228,0.0
169.914742004,427.001282714,53.5086695228,0.0
288.569317255,405.20265234,53.5086695228,0.0
365.875506174,68.543407093,53.5086695228,0.0
201.873081023,71.3771879482,53.5086695228,0.0
293.047071604,164.850739553,53.5086695228,0.0
136.798225252,176.030431692,53.5086695228,0.0
@ 1180 10 0.40369088812 0.343129366868
275.638327499,196.418436206,59.8482041402,0.0
86.9862008665,73.4408009439,59.8482041402,0.0
354.738663879,99.9431435871,59.8482041402,0.0
444.778784203,206.170214491,59.8482041402,0.0
295.771542016,413.532172967,59.8482041402,0.0
364.489341841,313.399444465,59.8482041402,0.0
211.419762806,324.692332807,59.8482041402,0.0
230.98497335,82.7257453437,59.8482041402,0.0
432.19664298,451.008337829,59.8482041402,0.0
152.634397383,450.871143775,59.8482041402,0.0
@ 1190 10 0.40369088812 0.429251508555
313.094828801,137.956483753,57.0349611885,0.0
169.390101974,281.16695186,57.0349611885,0.0
127.780651588,67.7908147432,57.0349611885,0.0
441.627266157,319.31959529,57.0349611885,0.0
77.3568928672,198.055714625,57.0349611885,0.0
210.600188229,409.795091111,57.0349611885,0.0
95.5483062435,453.294305104,57.0349611885,0.0
312.759940723,253.238617603,57.0349611885,0.0
449.33072483,197.342476533,57.0349611885,0.0
344.083589397,437.29569883,57.0349611885,0.0
@ 1200 10 0.40369088812 0.389844924698
188.998948633,217.64621771,63.2751114444,0.0
99.6497326666,394.620162731,63.2751114444,0.0
80.9937515248,68.8846085263,63.2751114444,0.0
420.309097713,444.032640649,63.2751114444,0.0
404.426935168,316.711457022,63.2751114444,0.0
256.018729175,87.2804469621,63.2751114444,0.0
250.199544398,335.478418684,63.2751114444,0.0
342.521524144,194.204152789,63.2751114444,0.0
409.051585849,77.5784051993,63.2751114444,0.0
63.6793755017,254.379877944,63.2751114444,0.0
@ 1210 10 0.601891659501 0.47981676838
431.707010624,277.812439454,60.3039075089,0.0
280.736737585,361.452906508,60.3039075089,0.0
350.295964363,188.47770706,60.3039075089,0.0
95.4327783781,315.797993737,60.3039075089,0.0
428.903170894,430.048373389,60.3039075089,0.0
146.002427819,197.833930722,60.3039075089,0.0
254.010047147,76.5356653445,60.3039075089,0.0
70.1272917133,434.616485971,60.3039075089,0.0
122.258063405,70.6089188757,60.3039075089,0.0
399.764173603,66.1090583217,60.3039075089,0.0
@ 1220 10 0.601891659501 0.435813312204
442.888638859,83.8262257077,64.8298024185,0.0
240.911064722,430.15894649,64.8298024185,0.0
119.56379708,117.995685958,64.8298024185,0.0
390.587231578,419.344987624,64.8298024185,0.0
103.337060866,285.322709812,64.8298024185,0.0
246.314141418,274.498260688,64.8298024185,0.0
441.545265262,292.961774775,64.8298024185,0.0
352.288952292,193.922846244,64.8298024185,0.0
246.587455177,83.7537116134,64.8298024185,0.0
77.5408125296,428.985773696,64.8298024185,0.0
@ 1230 10 0.601891659501 0.503684956379
318.838700354,62.3054930544,60.6760394793,0.0
74.7394851238,187.617212761,60.6760394793,0.0
445.655350458,94.6000711892,60.6760394793,0.0
99.8790659135,381.601807711,60.6760394793,0.0
427.863902093,442.099143914,60.6760394793,0.0
281.753263672,209.184383191,60.6760394793,0.0
223.948851204,400.500562121,60.6760394793,0.0
133.026575398,78.5184794566,60.6760394793,0.0
389.019669868,289.887411133,60.6760394793,0.0
173.375723425,263.829597683,60.6760394793,0.0
@ 1240 10 0.601891659501 0.441208666345
154.879895374,437.737037624,62.6905605142,0.0
370.078580261,262.753052112,62.6905605142,0.0
225.928620441,125.002110367,62.6905605142,0.0
72.6027046362,316.287755741,62.6905605142,0.0
446.058232314,406.813085714,62.6905605142,0.0
408.965240116,72.4980156135,62.6905605142,0.0
75.2891962578,190.418360387,62.6905605142,0.0
308.286846196,439.280131006,62.6905605142,0.0
98.8368857075,63.1691047111,62.6905605142,0.0
208.209916125,293.360580404,62.6905605142,0.0
@ 1250 10 0.601891659501 0.470992389479
284.617930413,149.118256437,63.7712882303,0.0
250.857369459,442.429546349,63.7712882303,0.0
115.065030888,441.23279172,63.7712882303,0.0
430.727059694,426.853397236,63.7712882303,0.0
65.004338207,317.795208211,63.7712882303,0.0
221.136860015,315.365736703,63.7712882303,0.0
426.083908172,91.6532431594,63.7712882303,0.0
101.457425792,65.7320775305,63.7712882303,0.0
359.379780566,298.860852908,63.7712882303,0.0
141.257026016,202.245340714,63.7712882303,0.0
@ 1260 10 0.601891659501 0.487371314688
278.125645035,196.204861107,64.0850114119,0.0
196.265884763,313.845146785,64.0850114119,0.0
378.605102402,304.016546817,64.0850114119,0.0
415.882291148,102.758116501,64.0850114119,0.0
119.418896198,433.255765449,64.0850114119,0.0
77.1379766141,99.3264103258,64.0850114119,0.0
208.618674539,72.8174461188,64.0850114119,0.0
423.710848733,436.435908161,64.0850114119,0.0
284.849312455,435.509483613,64.0850114119,0.0
70.5371840941,267.593415658,64.0850114119,0.0
@ 1270 10 0.601891659501 0.492178361217
376.474869187,391.527678285,63.1000214763,0.0
401.057152159,254.109811321,63.1000214763,0.0
93.3131255991,445.224798769,63.1000214763,0.0
153.821278538,323.361309861,63.1000214763,0.0
253.942025997,241.946720132,63.1000214763,0.0
127.652241421,197.097495412,63.1000214763,0.0
241.251516904,425.060812142,63.1000214763,0.0
381.211919864,70.0743360535,63.1000214763,0.0
211.662614344,73.5253073671,63.1000214763,0.0
69.2164057066,79.2563665705,63.1000214763,0.0
@ 1280 10 0.601891659501 0.47716501902
73.9779280938,419.306680002,62.1034103119,0.0
154.455008791,300.613955107,62.1034103119,0.0
405.816202216,98.1008283033,62.1034103119,0.0
301.572851475,338.909438008,62.1034103119,0.0
396.209291991,424.002944044,62.1034103119,0.0
75.7620579028,163.89640558,62.1034103119,0.0
199.276932105,76.9215393651,62.1034103119,0.0
224.303994987,444.906714266,62.1034103119,0.0
310.814485042,181.855983708,62.1034103119,0.0
425.124586911,249.826275293,62.1034103119,0.0
@ 1290 10 0.601891659501 0.462211219125
341.560190361,226.689499957,65.0327905124,0.0
324.588799861,90.9268692117,65.0327905124,0.0
444.867672609,145.15397643,65.0327905124,0.0
69.7096283041,129.380830592,65.0327905124,0.0
83.2310531958,296.026286447,65.0327905124,0.0
187.346050133,73.6374324585,65.0327905124,0.0
285.515660555,356.329185846,65.0327905124,0.0
110.551713701,430.084950669,65.0327905124,0.0
443.48107488,357.424746427,65.0327905124,0.0
194.828256551,221.38104446,65.0327905124,0.0
@ 1300 10 0.601891659501 0.506844062532
246.491779927,425.402534625,66.9982119767,0.0
109.055006589,421.030767809,66.9982119767,0.0
406.672245047,275.415360737,66.9982119767,0.0
71.6520295863,73.5203787894,66.9982119767,0.0
407.831261616,420.931414619,66.9982119767,0.0
427.126708265,114.410654874,66.9982119767,0.0
191.980401409,157.574433391,66.9982119767,0.0
297.969589713,74.3657563741,66.9982119767,0.0
218.430480131,291.806158558,66.9982119767,0.0
74.7661315529,278.751574379,66.9982119767,0.0
@ 1310 10 1.18243243243 0.537942688386
76.628718358,279.27634664,63.7120438178,0.0
64.322873729,444.81658624,63.7120438178,0.0
422.643294423,442.916925816,63.7120438178,0.0
199.558719712,179.733398335,63.7120438178,0.0
255.130543487,431.010280828,63.7120438178,0.0
445.549395461,243.68392441,63.7120438178,0.0
445.323393122,69.8495313682,63.7120438178,0.0
309.414056696,83.3487628802,63.7120438178,0.0
326.231463265,308.774823687,63.7120438178,0.0
100.55830814,75.1724808382,63.7120438178,0.0
@ 1320 10 1.18243243243 0.486466185881
71.1773170297,363.534891479,67.7735149441,0.0
235.004577815,420.971705593,67.7735149441,0.0
441.99024231,423.449831248,67.7735149441,0.0
100.490416641,223.742710806,67.7735149441,0.0
244.399682517,202.602733028,67.7735149441,0.0
436.067957748,223.166101092,67.7735149441,0.0
433.933670969,85.7162284594,67.7735149441,0.0
295.969668798,71.0065159063,67.7735149441,0.0
343.505618499,325.824393244,67.7735149441,0.0
129.036563431,82.2419139588,67.7735149441,0.0
@ 1330 10 1.18243243243 0.550464864959
71.5755941297,269.438190996,68.8072078062,0.0
76.783949202,410.462659548,68.8072078062,0.0
217.947456702,438.443320546,68.8072078062,0.0
426.440956449,244.840993325,68.8072078062,0.0
196.360733826,200.719899826,68.8072078062,0.0
404.698929016,427.960735896,68.8072078062,0.0
435.463760686,92.2771663753,68.8072078062,0.0
277.959587911,89.6691990594,68.8072078062,0.0
305.521451504,327.639817305,68.8072078062,0.0
74.2303428903,121.085730786,68.8072078062,0.0
@ 1340 10 1.18243243243 0.567384481176
70.8200630878,90.2893996292,66.5116406826,0.0
71.3138907417,438.866487245,66.5116406826,0.0
67.7061824634,294.261676656,66.5116406826,0.0
215.76372953,421.661466727,66.5116406826,0.0
410.147420176,443.705488737,66.5116406826,0.0
303.661966759,306.406987549,66.5116406826,0.0
439.314296084,296.010663518,66.5116406826,0.0
176.961763666,186.841206546,66.5116406826,0.0
428.647384099,85.574001798,66.5116406826,0.0
309.500381734,168.393424952,66.5116406826,0.0
@ 1350 10 1.18243243243 0.530157495374
254.926446692,183.073015899,65.9412552211,0.0
430.520781573,433.335291158,65.9412552211,0.0
106.722217149,445.91262406,65.9412552211,0.0
358.657651016,321.952064858,65.9412552211,0.0
160.101122425,304.171348306,65.9412552211,0.0
71.8330573355,165.145016154,65.9412552211,0.0
242.422247583,408.903879699,65.9412552211,0.0
175.865725369,71.951635401,65.9412552211,0.0
437.44663239,78.3180575548,65.9412552211,0.0
438.965754404,211.160568335,65.9412552211,0.0
@ 1360 10 1.18243243243 0.521103516242
99.8131799954,381.324429442,65.865656907,0.0
411.890985058,263.263797772,65.865656907,0.0
264.681347144,437.947713989,65.865656907,0.0
432.732044572,106.43396784,65.865656907,0.0
72.8702101085,228.884649966,65.865656907,0.0
199.655950641,170.977163169,65.865656907,0.0
432.336492269,428.289697071,65.865656907,0.0
302.044782251,82.7043353993,65.865656907,0.0
217.583519459,303.439287293,65.865656907,0.0
81.8082294335,81.8985549148,65.865656907,0.0
@ 1370 10 1.18243243243 0.5199093635
320.727855477,173.346114356,67.2690925785,0.0
274.498917886,438.952275584,67.2690925785,0.0
205.855405793,71.590772659,67.2690925785,0.0
420.513584444,434.909614423,67.2690925785,0.0
74.5733410022,111.926688684,67.2690925785,0.0
268.240312934,298.402031206,67.2690925785,0.0
85.5299999152,414.855588473,67.2690925785,0.0
436.284070765,91.2783727192,67.2690925785,0.0
434.390421861,276.313330515,67.2690925785,0.0
68.834739385,264.179468387,67.2690925785,0.0
@ 1380 10 1.18243243243 0.542301396229
429.8976276,443.636544065,65.5245627159,0.0
404.34034213,290.958635371,65.5245627159,0.0
307.02025515,112.316362449,65.5245627159,0.0
77.0960903113,263.404404208,65.5245627159,0.0
71.5771159181,115.538618244,65.5245627159,0.0
226.894422374,426.288162495,65.5245627159,0.0
72.5659599496,399.624331467,65.5245627159,0.0
195.142894469,181.242406102,65.5245627159,0.0
443.669763111,67.4091004484,65.5245627159,0.0
269.52738932,296.125800704,65.5245627159,0.0
@ 1390 10 1.18243243243 0.51453846499
446.51903945,278.10799239,63.2843065793,0.0
335.690172604,342.582298297,63.2843065793,0.0
81.1161425353,106.9649176,63.2843065793,0.0
430.933933221,442.010884664,63.2843065793,0.0
209.272806112,386.97254891,63.2843065793,0.0
71.7845584771,382.946257416,63.2843065793,0.0
81.44431969,253.878621773,63.2843065793,0.0
217.573982864,88.1132837206,63.2843065793,0.0
373.815706276,103.139192786,63.2843065793,0.0
210.865323086,242.132777142,63.2843065793,0.0
@ 1400 10 1.18243243243 0.479956232394
435.432539418,279.360345571,75.1089660324,0.0
285.523045302,436.814568073,75.1089660324,0.0
77.0906139487,75.1714231954,75.1089660324,0.0
436.606607326,435.297817918,75.1089660324,0.0
197.926305397,313.041869014,75.1089660324,0.0
96.5234087494,431.174677728,75.1089660324,0.0
75.4232905296,225.599514537,75.1089660324,0.0
228.121236628,75.3196008601,75.1089660324,0.0
389.61571951,76.7194687529,75.1089660324,0.0
305.176003222,204.390227801,75.1089660324,0.0
@ 1410 10 33.3333333333 0.676072312989
436.486096471,282.403167566,75.3257179329,0.0
284.836859291,436.587661511,75.3257179329,0.0
77.5460817899,75.4221506961,75.3257179329,0.0
435.531546581,434.402830618,75.3257179329,0.0
200.217401433,311.847204269,75.3257179329,0.0
80.4473445978,413.40934001,75.3257179329,0.0
75.3648868481,227.508562718,75.3257179329,0.0
228.996636158,75.4554875284,75.3257179329,0.0
398.583688754,77.913117568,75.3257179329,0.0
306.596264292,204.859533914,75.3257179329,0.0
@ 1420 10 33.3333333333 0.679980006342
436.531325904,286.002335143,75.1948710028,0.0
285.470380309,435.823079962,75.1948710028,0.0
78.0952276819,77.3252316537,75.1948710028,0.0
436.053869446,436.458505605,75.1948710028,0.0
202.386996676,310.123337628,75.1948710028,0.0
91.0465968525,436.464411455,75.1948710028,0.0
76.2720263751,228.001831887,75.1948710028,0.0
231.802111164,75.809779214,75.1948710028,0.0
410.405501811,76.3485143288,75.1948710028,0.0
309.765407094,204.794997428,75.1948710028,0.0
@ 1430 10 33.3333333333 0.677619696427
435.69805894,286.168392629,75.1724084123,0.0
283.788317783,434.58426621,75.1724084123,0.0
75.6774490949,76.0996442529,75.1724084123,0.0
434.659894569,436.666607717,75.1724084123,0.0
203.453180458,307.22371995,75.1724084123,0.0
81.7786754103,418.989893159,75.1724084123,0.0
75.177887313,226.973746572,75.1724084123,0.0
228.949801976,75.3747290324,75.1724084123,0.0
435.458025147,107.740558035,75.1724084123,0.0
310.791084316,201.779725359,75.1724084123,0.0
@ 1440 10 33.3333333333 0.677214912959
436.268885928,285.031362896,75.3358190009,0.0
284.747171252,435.252195206,75.3358190009,0.0
75.8741392862,76.425688222,75.3358190009,0.0
436.497344157,436.619145526,75.3358190009,0.0
204.686031824,307.113658208,75.3358190009,0.0
78.2575002538,419.141092862,75.3358190009,0.0
76.2090146006,227.997236384,75.3358190009,0.0
226.545381221,75.3847633318,75.3358190009,0.0
428.665206634,93.5396013747,75.3358190009,0.0
310.947044972,200.241172683,75.3358190009,0.0
@ 1450 10 33.3333333333 0.680162387206
435.125970694,285.444287591,75.1738267121,0.0
283.374283683,436.596254394,75.1738267121,0.0
76.6183280121,76.1096029924,75.1738267121,0.0
436.341255524,436.265685367,75.1738267121,0.0
200.82055315,310.153255612,75.1738267121,0.0
89.8142147385,431.223427054,75.1738267121,0.0
75.4190572555,227.037246916,75.1738267121,0.0
228.654959138,75.8089404204,75.1738267121,0.0
428.496200939,80.7613186857,75.1738267121,0.0
307.970846428,203.864568327,75.1738267121,0.0
@ 1460 10 33.3333333333 0.677240467625
436.403453682,283.766107712,75.3070316666,0.0
285.856210179,436.35788376,75.3070316666,0.0
76.4624041411,75.9255786972,75.3070316666,0.0
436.53814767,436.103666322,75.3070316666,0.0
199.984095861,312.576092725,75.3070316666,0.0
84.102493771,430.01508835,75.3070316666,0.0
75.7651332367,227.332932276,75.3070316666,0.0
228.314452252,75.3934169157,75.3070316666,0.0
427.480349747,99.5466360373,75.3070316666,0.0
306.7100611,205.730939121,75.3070316666,0.0
@ 1470 10 33.3333333333 0.679642679018
436.338901678,285.098833728,75.1217171222,0.0
285.802926177,435.821631283,75.1217171222,0.0
76.4086290746,75.3727391958,75.1217171222,0.0
436.465656076,436.684238006,75.1217171222,0.0
200.451731992,311.506679448,75.1217171222,0.0
87.4157007282,425.558167031,75.1217171222,0.0
75.821769222,227.391773191,75.1217171222,0.0
228.412007392,75.7531891997,75.1217171222,0.0
409.852540862,90.5890258762,75.1217171222,0.0
307.275640361,205.568829019,75.1217171222,0.0
@ 1480 10 33.3333333333 0.676301883199
436.500353078,283.838223994,75.0908207122,0.0
283.09940804,436.673882822,75.0908207122,0.0
76.4572654359,75.2368781801,75.0908207122,0.0
435.050716138,436.570501001,75.0908207122,0.0
202.029515554,309.009475128,75.0908207122,0.0
95.9366992118,419.263450416,75.0908207122,0.0
76.724943068,225.95966166,75.0908207122,0.0
226.71778441,76.213553469,75.0908207122,0.0
401.079074545,81.0716396403,75.0908207122,0.0
308.412781515,202.937730884,75.0908207122,0.0
@ 1490 10 33.3333333333 0.675745692416
435.400206104,283.589422787,75.3058935771,0.0
285.41718553,436.424682271,75.3058935771,0.0
76.8087966578,76.0163902204,75.3058935771,0.0
436.317065257,434.791574604,75.3058935771,0.0
201.527295769,310.988900859,75.3058935771,0.0
104.642264632,430.535700595,75.3058935771,0.0
75.8278566672,227.32295592,75.3058935771,0.0
228.152412169,75.3227146696,75.3058935771,0.0
419.895370047,93.800845401,75.3058935771,0.0
307.763400318,203.190834227,75.3058935771,0.0
@ 1500 10 33.3333333333 0.679622136756
