10 10 0.0873362445415 0.238141677537 0.0309016375781 90.0777297213 3 0.1 0.4335 0.380487804878 131.921049372 20 0.330921813422
20 10 0.0873362445415 0.316092245554 0.0510829808012 19.4069693851 3 0.1 0.38753 0.352745424293 99.3883919708 20 0.330921813422
30 10 0.0873362445415 0.192798897908 0.0303878821734 35.6644491198 3 0.1 0.39247 0.375201288245 162.946470861 20 0.330921813422
40 10 0.0873362445415 0.207300812716 0.0450224089526 49.2012605239 3 0.1 0.44851 0.443697478992 151.547403931 20 0.330921813422
50 10 0.0873362445415 0.207744596358 0.0392787560438 36.6878005155 3 0.1 0.40777 0.411290322581 151.223668634 20 0.330921813422
60 10 0.0873362445415 0.234803153397 0.0191760999403 32.0184341575 3 0.1 0.37069 0.363333333333 133.79675505 20 0.330921813422
70 10 0.0873362445415 0.20426594066 0.0373995588045 12.2763536151 3 0.1 0.40992 0.358333333333 153.799012692 20 0.330921813422
80 10 0.0873362445415 0.28349186271 0.0399614247833 39.3803545718 3 0.1 0.37485 0.413738019169 110.817642876 20 0.330921813422
90 10 0.0873362445415 0.210175033177 0.0476346096888 54.872256889 3 0.1 0.3981 0.354785478548 149.474937747 20 0.333933233809
100 10 0.0873362445415 0.293746233678 0.0545344026418 36.7613313414 3 0.1 0.41532 0.368584758942 106.949115931 20 0.346476505396
110 10 0.0940354648039 0.235130277605 0.0519248355592 41.4269846719 3 0.1 0.34611 0.345058626466 133.610610765 0 0.374163029555
120 10 0.0940354648039 0.270930895929 0.0450838793909 46.739939674 3 0.1 0.40855 0.433489827856 115.955398487 0 0.374163029555
130 10 0.0940354648039 0.199004452617 0.0328149137029 26.7202348397 3 0.1 0.35005 0.307826086957 157.865311991 0 0.374163029555
140 10 0.0940354648039 0.191475200288 0.0427026328991 55.0958543887 3 0.1 0.39643 0.407232704403 164.072944971 0 0.374163029555
150 10 0.0940354648039 0.24698669371 0.0226609742364 41.8669543261 3 0.1 0.42675 0.36935483871 127.196730836 0 0.374163029555
160 10 0.0940354648039 0.237328214971 0.0331158394403 44.7381714872 3 0.1 0.41655 0.45971563981 132.373219947 0 0.374163029555
170 10 0.0940354648039 0.231343472121 0.048901064299 41.7452469968 3 0.1 0.37793 0.375816993464 135.797650618 0 0.374163029555
180 10 0.0940354648039 0.176791375476 0.0402896361675 60.3552104627 3 0.1 0.39713 0.416403785489 177.700410529 0 0.374163029555
190 10 0.0940354648039 0.237683814624 0.0548700926127 30.0287863776 3 0.1 0.43959 0.390357698289 132.175175872 0 0.374163029555
200 10 0.0940354648039 0.271933484904 0.0421571932238 20.8504575741 3 0.1 0.40921 0.441935483871 115.527883634 0 0.374163029555
210 10 0.101847810272 0.27226589697 0.0337257637447 24.1883993392 3 0.1 0.40569 0.422764227642 115.386834523 0 0.374163029555
220 10 0.101847810272 0.210715668149 0.03940603285 32.7658183245 3 0.1 0.39062 0.401253918495 149.091428635 0 0.374163029555
230 10 0.101847810272 0.231277940294 0.0410488300907 34.9205531721 3 0.1 0.41224 0.355411954766 135.836128427 0 0.374163029555
240 10 0.101847810272 0.227307793634 0.0338685029331 29.1036328555 3 0.1 0.39255 0.408037094281 138.208635515 0 0.374163029555
250 10 0.101847810272 0.209394416093 0.0447546452974 41.7935347169 3 0.1 0.39191 0.342767295597 150.032176532 0 0.374163029555
260 10 0.101847810272 0.277456015164 0.0289321227967 30.086517017 3 0.1 0.45941 0.396850393701 113.228397595 0 0.374163029555
270 10 0.101847810272 0.264757786958 0.0629934949298 31.8936887579 3 0.1 0.41158 0.411856474259 118.659021746 0 0.43180678475
280 10 0.101847810272 0.233371733996 0.0312365494237 34.6221084054 3 0.1 0.38906 0.36694214876 134.617416866 0 0.43180678475
290 10 0.101847810272 0.199732540666 0.0439207513864 32.5608422015 3 0.1 0.40457 0.431924882629 157.289843183 0 0.43180678475
300 10 0.101847810272 0.22615107202 0.0222441031344 44.6282541719 3 0.1 0.38815 0.40350877193 138.915547556 0 0.43180678475
310 10 0.111075848937 0.215416501507 0.0531575596289 25.2610123431 3 0.1 0.42735 0.340288924559 145.83794547 0 0.43180678475
320 10 0.111075848937 0.234769689086 0.0437817351884 31.2493174227 3 0.1 0.38514 0.327272727273 133.815826576 0 0.43180678475
330 10 0.111075848937 0.243348583872 0.031476612805 30.141234958 3 0.1 0.4461 0.432389937107 129.098347318 0 0.43180678475
340 10 0.111075848937 0.253631958233 0.0456059380363 36.668588231 3 0.1 0.43006 0.431711145997 123.864122719 0 0.43180678475
350 10 0.111075848937 0.331556338295 0.0471214102129 27.0534314936 3 0.1 0.3835 0.401263823065 94.7528259045 0 0.43180678475
360 10 0.111075848937 0.207823422535 0.0366514739414 34.7551537289 3 0.1 0.43061 0.35905511811 151.166310403 0 0.43180678475
370 10 0.111075848937 0.2776873616 0.0432430885415 25.6467475904 3 0.1 0.39525 0.375409836066 113.134064939 0 0.43180678475
380 10 0.111075848937 0.307998039608 0.0279298940623 25.8607813779 3 0.1 0.40134 0.379615952733 102.000324547 0 0.43180678475
390 10 0.111075848937 0.201896648663 0.0416539498404 35.6561604254 3 0.1 0.39248 0.47213622291 155.603870634 0 0.43180678475
400 10 0.111075848937 0.282367261692 0.0566530591277 25.6983349673 3 0.1 0.4362 0.426282051282 111.259002944 0 0.43180678475
410 10 0.122142732507 0.251934805354 0.0276178842701 24.2379854981 3 0.1 0.4101 0.396899224806 124.698530463 0 0.43180678475
420 10 0.122142732507 0.202333568928 0.054455410725 42.0588108399 3 0.1 0.39203 0.448717948718 155.267858747 0 0.43180678475
430 10 0.122142732507 0.229113973394 0.0449083603438 36.469450494 3 0.1 0.40441 0.379968203498 137.119092016 0 0.43180678475
440 10 0.122142732507 0.193410891748 0.0381605489322 37.0466977704 3 0.1 0.38629 0.420560747664 162.430873029 0 0.43180678475
450 10 0.122142732507 0.203916604878 0.0407369060366 35.0817789155 3 0.1 0.4236 0.394693200663 154.062490491 0 0.43180678475
460 10 0.122142732507 0.293861090278 0.0395639598504 44.7037750518 3 0.1 0.38571 0.407936507937 106.907314508 0 0.43180678475
470 10 0.122142732507 0.286861915052 0.0591594490063 20.8809766497 3 0.1 0.41713 0.365131578947 109.515757762 0 0.43180678475
480 10 0.122142732507 0.184156707736 0.03224825246 44.7659573768 3 0.1 0.367 0.392282958199 170.59329734 0 0.43180678475
490 10 0.122142732507 0.235458008556 0.0397756864433 37.8296679916 3 0.1 0.42047 0.45166163142 133.424639886 0 0.43180678475
500 10 0.122142732507 0.253153491164 0.0237810727474 29.1865072372 3 0.1 0.39794 0.441455696203 124.098229322 0 0.43180678475
510 10 0.135658914729 0.213383369074 0.0313380204502 24.0654183582 3 0.1 0.38682 0.438825448613 147.227500139 0 0.43180678475
520 10 0.135658914729 0.281333676269 0.0426869995094 23.392682009 3 0.1 0.43276 0.405063291139 111.667754876 0 0.43180678475
530 10 0.135658914729 0.24077263288 0.034962209555 27.2905239644 3 0.1 0.38637 0.38961038961 130.479530104 0 0.43180678475
540 10 0.135658914729 0.296478681354 0.0402221604671 27.1568662757 3 0.1 0.43638 0.434931506849 105.963436752 0 0.43180678475
550 10 0.135658914729 0.2493335888 0.0412156398307 34.0967359296 3 0.1 0.38322 0.309178743961 125.999469832 0 0.43180678475
560 10 0.135658914729 0.234735231791 0.0392049090047 35.8101077995 3 0.1 0.42668 0.38203957382 133.835469692 0 0.43180678475
570 10 0.135658914729 0.307682863533 0.0476787686524 25.7383224229 3 0.1 0.40026 0.424092409241 102.104808956 0 0.43180678475
580 10 0.135658914729 0.341738128491 0.0317033878607 27.0776232977 3 0.1 0.36309 0.394034536892 91.9297479 0 0.43180678475
590 10 0.135658914729 0.321723971916 0.0625404987914 25.3023568253 3 0.1 0.39469 0.397174254317 97.6486141609 0 0.43180678475
600 10 0.135658914729 0.311892311689 0.038633580336 25.5537203369 3 0.1 0.40606 0.421474358974 100.726753506 0 0.43180678475
610 10 0.152538679451 0.279980201618 0.0269797050166 23.9688093572 3 0.1 0.43683 0.450726978998 112.207576887 0 0.43180678475
620 10 0.152538679451 0.317594457371 0.0435900016257 31.537746785 3 0.1 0.38797 0.358085808581 98.9182879955 0 0.43180678475
630 10 0.152538679451 0.25468474614 0.0399599591528 43.266516408 3 0.1 0.42941 0.394389438944 123.352106776 0 0.43180678475
640 10 0.152538679451 0.304194714224 0.026893465019 33.8516610359 3 0.1 0.40883 0.510869565217 103.275627521 0 0.43180678475
650 10 0.152538679451 0.249796042482 0.0232369541675 34.2859458652 3 0.1 0.38245 0.46117274168 125.766203851 0 0.43180678475
660 10 0.152538679451 0.243609296966 0.0532892063032 25.9027445048 3 0.1 0.36985 0.393939393939 128.960184982 0 0.43180678475
670 10 0.152538679451 0.283936139049 0.0473211373177 29.2792350775 3 0.1 0.41852 0.40350877193 110.64424594 0 0.43180678475
680 10 0.152538679451 0.277918945341 0.0229864561313 19.8405574758 3 0.1 0.42373 0.401337792642 113.039792813 0 0.43180678475
690 10 0.152538679451 0.282086693844 0.0280644077233 26.3324571282 3 0.1 0.38037 0.394088669951 111.369662893 0 0.43180678475
700 10 0.152538679451 0.428711667722 0.0422363323457 19.6715291398 3 0.1 0.38801 0.3668261563 73.2797877113 0 0.43180678475
710 10 0.174216027875 0.326174769082 0.0454911629802 23.9408490521 3 0.1 0.35665 0.323001631321 96.3161561772 0 0.43180678475
720 10 0.174216027875 0.321877439535 0.0371885905932 19.2711715824 3 0.1 0.3984 0.348387096774 97.602056377 0 0.43180678475
730 10 0.174216027875 0.356502717189 0.0436771150384 29.0514997329 3 0.1 0.45414 0.438948995363 88.1224699988 0 0.43180678475
740 10 0.174216027875 0.300686095398 0.0419708401332 23.4183684567 3 0.1 0.40295 0.377179080824 104.480720861 0 0.43180678475
750 10 0.174216027875 0.262256723744 0.0410005743431 38.786994427 3 0.1 0.4013 0.427001569859 119.79063702 0 0.43180678475
760 10 0.174216027875 0.21033259016 0.0331799283055 42.2405021645 3 0.1 0.38191 0.407467532468 149.362968317 0 0.43180678475
770 10 0.174216027875 0.291448884952 0.0343162615377 30.4353749909 3 0.1 0.40445 0.393220338983 107.792143398 0 0.43180678475
780 10 0.174216027875 0.220046535102 0.0489775920979 30.6777964592 3 0.1 0.33486 0.386942675159 142.769346427 0 0.43180678475
790 10 0.174216027875 0.259174237801 0.0454481479877 36.7766916048 3 0.1 0.39442 0.450320512821 121.215365642 0 0.43180678475
800 10 0.174216027875 0.323218688032 0.0516146158836 21.2970008001 3 0.1 0.43873 0.412420382166 97.1970407753 0 0.43180678475
810 10 0.203075137801 0.273568619454 0.0410261653756 28.0913359307 3 0.1 0.42193 0.391096979332 114.837367176 0 0.43180678475
820 10 0.203075137801 0.285746044018 0.0473177106303 26.9076093735 3 0.1 0.38487 0.385761589404 109.943429341 0 0.43180678475
830 10 0.203075137801 0.299432410394 0.0263957377032 37.0306269179 3 0.1 0.43184 0.420472440945 104.918168206 0 0.43180678475
840 10 0.203075137801 0.292848106254 0.0469453871324 33.5211065091 3 0.1 0.3862 0.389857369255 107.277115095 0 0.43180678475
850 10 0.203075137801 0.369181719279 0.0291703567537 22.0279509459 3 0.1 0.42442 0.437898089172 85.0960336319 0 0.43180678475
860 10 0.203075137801 0.370593977174 0.0321391210121 22.2732419813 3 0.1 0.37273 0.397415185784 84.7717500419 0 0.43180678475
870 10 0.203075137801 0.292154708348 0.0507464222479 25.2648728454 3 0.1 0.4445 0.459842519685 107.531725837 0 0.43180678475
880 10 0.203075137801 0.336573108114 0.0417796451375 24.1942365253 3 0.1 0.36038 0.378812199037 93.3404934698 0 0.43180678475
890 10 0.203075137801 0.421068111784 0.043091109653 15.73785515 3 0.1 0.40282 0.378834355828 74.6100194262 0 0.43180678475
900 10 0.203075137801 0.263569986981 0.0341675544681 25.9525379388 3 0.1 0.37884 0.451410658307 119.193768455 0 0.43180678475
910 10 0.243393602225 0.337128785546 0.0476438083525 19.6369742328 3 0.1 0.46253 0.443585780526 93.1866436416 0 0.432971538352
920 10 0.243393602225 0.283131690927 0.0405615492176 14.5068377453 3 0.1 0.42865 0.42658423493 110.958613983 0 0.432971538352
930 10 0.243393602225 0.37438185421 0.0462905233427 20.2390888532 3 0.1 0.40227 0.379598662207 83.9140563218 0 0.432971538352
940 10 0.243393602225 0.374551151892 0.0276112278981 20.4788767406 3 0.1 0.34458 0.402261712439 83.8761270426 0 0.432971538352
950 10 0.243393602225 0.380113785974 0.0392205082403 30.2018137288 3 0.1 0.38349 0.39863713799 82.6486730007 0 0.432971538352
960 10 0.243393602225 0.359720260791 0.0312858954671 32.2657601064 3 0.1 0.40538 0.40664556962 87.334252263 0 0.432971538352
970 10 0.243393602225 0.338736529978 0.0269374926924 23.5659739548 3 0.1 0.35802 0.331658291457 92.744352084 0 0.432971538352
980 10 0.243393602225 0.267959786619 0.0373047575311 33.9840360317 3 0.1 0.41461 0.396072013093 117.241099482 0 0.432971538352
990 10 0.243393602225 0.352630633294 0.0337599318761 19.0068596333 3 0.1 0.38736 0.435257410296 89.0901045849 0 0.432971538352
1000 10 0.243393602225 0.340154213387 0.0316117846425 22.9768684526 3 0.1 0.43009 0.416398713826 92.3578152603 0 0.432971538352
1010 10 0.303687635575 0.411083284756 0.0381554069351 22.2877573858 3 0.1 0.37272 0.323283082077 76.4222267482 0 0.449307573077
1020 10 0.303687635575 0.357789610284 0.0372444292738 15.0472129515 3 0.1 0.42834 0.411570247934 87.8055122255 0 0.449307573077
1030 10 0.303687635575 0.351467709433 0.0243884060694 15.7944871786 3 0.1 0.40912 0.352014010508 89.3848827554 0 0.449307573077
1040 10 0.303687635575 0.415378127586 0.0231543298963 20.1909544393 3 0.1 0.37297 0.358139534884 75.6320516504 0 0.449307573077
1050 10 0.303687635575 0.363024335306 0.0345120775343 17.2959802058 3 0.1 0.36606 0.349834983498 86.5393775145 0 0.449307573077
1060 10 0.303687635575 0.370325478305 0.0142473966644 18.4268310153 3 0.1 0.40627 0.427051671733 84.8332125129 0 0.449307573077
1070 10 0.303687635575 0.406105333657 0.0431963292147 21.4472387318 3 0.1 0.35894 0.363344051447 77.3589938283 0 0.461755290289
1080 10 0.303687635575 0.380166941248 0.0454829926254 16.6031444127 3 0.1 0.42709 0.442006269592 82.6371169909 0 0.461755290289
1090 10 0.303687635575 0.405632269533 0.0305388057174 17.3914871321 3 0.1 0.37411 0.370015948963 77.4492128946 0 0.461755290289
1100 10 0.303687635575 0.432306366157 0.043970964522 14.5316423499 3 0.1 0.43558 0.439509954058 72.6704542412 0 0.461755290289
1110 10 0.40369088812 0.421787825565 0.0369283348162 16.0397896677 3 0.1 0.3885 0.359867330017 74.4827093051 0 0.461755290289
1120 10 0.40369088812 0.357720703898 0.0236134860292 22.3096748192 3 0.1 0.41954 0.407528641571 87.8224258694 0 0.461755290289
1130 10 0.40369088812 0.395301921161 0.0301408699984 18.0593764751 3 0.1 0.36046 0.363184079602 79.4731781413 0 0.470591984175
1140 10 0.40369088812 0.516451310714 0.0459964831952 13.9657173836 3 0.1 0.44391 0.4046875 60.8303229138 0 0.516451310714
1150 10 0.40369088812 0.435276798565 0.0216455709908 15.7632850785 3 0.1 0.39251 0.374798061389 72.1745337762 0 0.516451310714
1160 10 0.40369088812 0.42654945149 0.0354922097707 21.4156689568 3 0.1 0.41063 0.385579937304 73.6512493223 0 0.516451310714
1170 10 0.40369088812 0.445669799182 0.0338140268495 19.9096188918 3 0.1 0.3683 0.37984496124 70.4914267417 0 0.516451310714
1180 10 0.40369088812 0.390539759948 0.0186440846113 23.0437837632 3 0.1 0.43485 0.462025316456 80.4422576697 0 0.516451310714
1190 10 0.40369088812 0.399994763971 0.0176572628559 18.2905779216 3 0.1 0.40073 0.447004608295 78.5407781045 0 0.516451310714
1200 10 0.40369088812 0.444360409354 0.0345323688113 14.3836116272 3 0.1 0.35335 0.379032258065 70.6991427199 0 0.516451310714
1210 10 0.601891659501 0.402098962161 0.053493818075 19.9865947004 3 0.1 0.36809 0.364379084967 78.1297714153 0 0.545398665174
1220 10 0.601891659501 0.514939572636 0.0298409548867 24.364231508 3 0.1 0.38572 0.40031152648 61.0089060337 0 0.545398665174
1230 10 0.601891659501 0.536515986312 0.0421317767888 12.4394763164 3 0.1 0.38983 0.326765188834 58.5553847444 0 0.571585278566
1240 10 0.601891659501 0.496805879158 0.0292351229908 6.58713383323 3 0.1 0.46818 0.366220735786 63.2357653521 0 0.571585278566
1250 10 0.601891659501 0.428143532605 0.047059764348 19.9670842315 3 0.1 0.44357 0.447619047619 73.3770280468 0 0.571585278566
1260 10 0.601891659501 0.390266930078 0.0335749813852 24.1450850672 3 0.1 0.3988 0.37216828479 80.4984936686 0 0.571585278566
1270 10 0.601891659501 0.479726012418 0.0428962741263 18.275650703 3 0.1 0.44393 0.417069243156 65.4871722333 0 0.571585278566
1280 10 0.601891659501 0.510925760512 0.037702911595 12.8146857147 3 0.1 0.40096 0.405186385737 61.4881895336 0 0.571585278566
1290 10 0.601891659501 0.515212964836 0.0456935054214 10.937467072 3 0.1 0.35965 0.36292834891 60.9765323161 0 0.571585278566
1300 10 0.601891659501 0.462421439489 0.0382822681811 15.1055506289 3 0.1 0.40258 0.359677419355 67.937810225 0 0.571585278566
1310 10 1.18243243243 0.52122948558 0.019819432247 9.34160222366 3 0.1 0.40226 0.357382550336 60.2726838545 30 0.571585278566
1320 10 1.18243243243 0.548563565945 0.0322642276421 8.98550857193 3 0.1 0.3294 0.373770491803 57.2693885455 30 0.610414540106
1330 10 1.18243243243 0.498951266008 0.0350597873239 21.6074767709 3 0.1 0.37625 0.412872841444 62.9638646903 30 0.610414540106
1340 10 1.18243243243 0.533975618511 0.0198972580245 7.35887574578 3 0.1 0.42825 0.400635930048 58.833959662 30 0.610414540106
1350 10 1.18243243243 0.519973980222 0.0267150326655 11.3562703236 3 0.1 0.38708 0.351081530782 60.4182155164 30 0.610414540106
1360 10 1.18243243243 0.48164984995 0.029170538115 19.3601855281 3 0.1 0.4012 0.365231259968 65.2255990596 30 0.610414540106
1370 10 1.18243243243 0.471921715126 0.0301004030371 11.3690676637 3 0.1 0.4183 0.423017107309 66.5701513473 30 0.610414540106
1380 10 1.18243243243 0.511556993267 0.0168992060186 11.019639907 3 0.1 0.35982 0.40826446281 61.4123165424 30 0.610414540106
1390 10 1.18243243243 0.5373847541 0.0177437076091 13.6488623879 3 0.1 0.3826 0.352664576803 58.4607206668 30 0.610414540106
1400 10 1.18243243243 0.552648672825 0.0242174848419 5.64041798421 3 0.1 0.4431 0.426229508197 56.8460606979 30 0.610414540106
1410 10 33.3333333333 0.682969741709 0.0320874431809 0.055589540228 3 0.1 0.58491 0.513157894737 45.9989631772 300 0.684944652329
1420 10 33.3333333333 0.683450670387 0.00153029550936 0.000811664225797 3 0.1 0.35595 0.35910652921 45.966594754 300 0.684944652329
1430 10 33.3333333333 0.683891730593 0.00192283645123 0.00222588912879 3 0.1 0.33786 0.317666126418 45.9369496584 300 0.68500494368
1440 10 33.3333333333 0.680949933549 0.00170584671084 0.00130790522617 3 0.1 0.4451 0.421221864952 46.135403577 300 0.68500494368
1450 10 33.3333333333 0.684367276605 0.00161230829732 0.00195738876051 3 0.1 0.37445 0.320126782884 45.9050294688 300 0.685096492279
1460 10 33.3333333333 0.684468591377 0.00190486161487 0.000431189124889 3 0.1 0.473 0.419713831479 45.8982346243 300 0.685096492279
1470 10 33.3333333333 0.681266766823 0.00119527312789 0.00152183211823 3 0.1 0.39448 0.355048859935 46.1139476192 300 0.685096492279
1480 10 33.3333333333 0.681924656694 0.0024722740819 0.00159122000955 3 0.1 0.44562 0.410423452769 46.0694589815 300 0.685096492279
1490 10 33.3333333333 0.680512459878 0.00137653666066 0.00181158454786 3 0.1 0.37778 0.358803986711 46.1650621439 300 0.685096492279
1500 10 33.3333333333 0.682649196465 0.00246855954067 0.000707851004795 3 0.1 0.40036 0.38768718802 46.0205624831 300 0.687031922703
