10 10 0.0873362445415 0.278592153769 0.0437624025361 82.1008264154 5 0.1 0.40973 0.407407407407 112.766636013 40 0.366320648824
20 10 0.0873362445415 0.307792722239 0.038654339505 23.6536984381 5 0.1 0.3655 0.379478827362 102.068365267 40 0.366320648824
30 10 0.0873362445415 0.218388484254 0.0475219080015 31.9248865607 5 0.1 0.37771 0.35593220339 143.853281034 40 0.366320648824
40 10 0.0873362445415 0.185064436567 0.0338340035509 50.2199771992 5 0.1 0.42214 0.400306748466 169.756548491 40 0.366320648824
50 10 0.0873362445415 0.217431709465 0.0312036656674 32.0396267292 5 0.1 0.42915 0.423566878981 144.486285268 40 0.366320648824
60 10 0.0873362445415 0.246563516924 0.0401022236431 48.7407779166 5 0.1 0.36297 0.357142857143 127.415038494 40 0.366320648824
70 10 0.0873362445415 0.2002479729 0.041913619566 33.8768904934 5 0.1 0.40461 0.369841269841 156.884983878 40 0.366320648824
80 10 0.0873362445415 0.339774835904 0.0432804741265 25.9667932569 5 0.1 0.37083 0.414944356121 92.4609378926 40 0.366320648824
90 10 0.0873362445415 0.20530054021 0.0641621238561 36.3746976394 5 0.1 0.35987 0.356792144026 153.023951948 40 0.390306033309
100 10 0.0873362445415 0.151250671407 0.0477093349516 42.0714217894 5 0.1 0.44576 0.395604395604 207.707507728 40 0.390306033309
110 10 0.0940354648039 0.229137386394 0.036788058117 31.6583017412 5 0.1 0.42717 0.394342762063 137.105081342 0 0.390306033309
120 10 0.0940354648039 0.327535139132 0.0460436222693 20.4517758705 5 0.1 0.40768 0.400630914826 95.9161208878 0 0.390306033309
130 10 0.0940354648039 0.175915993311 0.046895491858 39.9529566616 5 0.1 0.39547 0.414551607445 178.584672199 0 0.390306033309
140 10 0.0940354648039 0.211397199029 0.0517809602199 35.7007911379 5 0.1 0.39489 0.333333333333 148.610767523 0 0.390306033309
150 10 0.0940354648039 0.267422019565 0.0544526632543 43.5691932944 5 0.1 0.40476 0.365079365079 117.476863166 0 0.390306033309
160 10 0.0940354648039 0.250460250358 0.0189630594746 30.6978156622 5 0.1 0.41324 0.426666666667 125.43267826 0 0.390306033309
170 10 0.0940354648039 0.291799451134 0.0341507671449 26.9183029178 5 0.1 0.39296 0.396411092985 107.662642537 0 0.390306033309
180 10 0.0940354648039 0.197997688489 0.0406927245099 44.1074266926 5 0.1 0.42146 0.445141065831 158.668013954 0 0.390306033309
190 10 0.0940354648039 0.178911074978 0.031754120053 22.791775361 5 0.1 0.38315 0.403305785124 175.595054715 0 0.390306033309
200 10 0.0940354648039 0.291183396261 0.0349534177349 33.9383254049 5 0.1 0.40623 0.318181818182 107.89042371 0 0.390306033309
210 10 0.101847810272 0.197977979267 0.0406226770733 38.7056940454 5 0.1 0.4187 0.444099378882 158.683809766 0 0.390306033309
220 10 0.101847810272 0.252697757215 0.0320865899621 29.2450857769 5 0.1 0.38238 0.37898089172 124.322037308 0 0.390306033309
230 10 0.101847810272 0.233639790957 0.0342843322092 29.865283075 5 0.1 0.39152 0.40092879257 134.462969134 0 0.390306033309
240 10 0.101847810272 0.316856251467 0.0392649751944 25.7032083731 5 0.1 0.4512 0.395730706076 99.148746015 0 0.390306033309
250 10 0.101847810272 0.26328587504 0.0332396520416 37.217598884 5 0.1 0.42701 0.448113207547 119.32239052 0 0.390306033309
260 10 0.101847810272 0.301244122519 0.0485755053477 16.6123290652 5 0.1 0.38583 0.393890675241 104.287179903 0 0.390306033309
270 10 0.101847810272 0.164227983164 0.0483006970078 60.0025298967 5 0.1 0.3969 0.400313971743 191.294439563 0 0.390306033309
280 10 0.101847810272 0.269663814322 0.0198921248486 41.5221068374 5 0.1 0.46508 0.403225806452 116.500243383 0 0.390306033309
290 10 0.101847810272 0.201469793785 0.0437983947898 44.1801098915 5 0.1 0.43017 0.386106623586 155.933549193 0 0.390306033309
300 10 0.101847810272 0.304074642908 0.0365702209342 27.8173330749 5 0.1 0.388 0.384491114701 103.31640843 0 0.390306033309
310 10 0.111075848937 0.295649512158 0.0523345605755 30.4589113993 5 0.1 0.38429 0.4256 106.260618428 0 0.390306033309
320 10 0.111075848937 0.277720936901 0.0480098900538 39.6989045988 5 0.1 0.4254 0.392568659128 113.120387503 0 0.390306033309
330 10 0.111075848937 0.168157844305 0.0339497082439 36.8149368112 5 0.1 0.41205 0.458204334365 186.823874497 0 0.390306033309
340 10 0.111075848937 0.279351940314 0.0320555326185 13.8225546828 5 0.1 0.36641 0.42429022082 112.459931242 0 0.390306033309
350 10 0.111075848937 0.330300958178 0.0512729832724 22.4053675589 5 0.1 0.40819 0.4096 95.1129544802 0 0.390306033309
360 10 0.111075848937 0.243117120201 0.0352208643666 17.9499614767 5 0.1 0.36707 0.386287625418 129.221257532 0 0.390306033309
370 10 0.111075848937 0.230990943558 0.0245905833838 41.69858228 5 0.1 0.3909 0.394736842105 136.004899223 0 0.390306033309
380 10 0.111075848937 0.188824233158 0.0413587008263 64.5128964568 5 0.1 0.43207 0.446982055465 166.376420412 0 0.390306033309
390 10 0.111075848937 0.287523098765 0.0539277716322 40.246951327 5 0.1 0.37558 0.344720496894 109.263917003 0 0.390306033309
400 10 0.111075848937 0.288285905627 0.0407922917013 30.6071987885 5 0.1 0.44315 0.434426229508 108.974803786 0 0.390306033309
410 10 0.122142732507 0.271849872884 0.0374075535938 30.1070258082 5 0.1 0.43121 0.415032679739 115.563416185 0 0.390306033309
420 10 0.122142732507 0.207206073249 0.048062612237 61.7318004242 5 0.1 0.38393 0.376971608833 151.616694952 0 0.390306033309
430 10 0.122142732507 0.234813440764 0.0446483154527 25.2826420825 5 0.1 0.41113 0.400318979266 133.790893306 0 0.390306033309
440 10 0.122142732507 0.189365398403 0.0257675211368 37.5304737766 5 0.1 0.43821 0.415282392027 165.900952682 0 0.390306033309
450 10 0.122142732507 0.279324852218 0.0452395093783 15.7628540937 5 0.1 0.38079 0.374781085814 112.470837272 0 0.390306033309
460 10 0.122142732507 0.219302107635 0.0340569133396 27.7156202321 5 0.1 0.38952 0.351612903226 143.253981181 0 0.390306033309
470 10 0.122142732507 0.296723243204 0.0414710243332 20.6369273609 5 0.1 0.41427 0.386046511628 105.876100776 0 0.390306033309
480 10 0.122142732507 0.29082060584 0.0698384497712 20.4217114307 5 0.1 0.38465 0.420965058236 108.02501394 0 0.392438753355
490 10 0.122142732507 0.275778475053 0.0457628441002 35.6166898893 5 0.1 0.43386 0.4 113.917157581 0 0.392438753355
500 10 0.122142732507 0.30362609754 0.0344852882764 19.8827901025 5 0.1 0.41884 0.40065681445 103.469037262 0 0.392438753355
510 10 0.135658914729 0.321238803076 0.0292881633252 16.6214087074 5 0.1 0.42196 0.349102773246 97.7960934332 0 0.392438753355
520 10 0.135658914729 0.233245774801 0.0462785245727 30.2225943313 5 0.1 0.36377 0.359098228663 134.690114009 0 0.392438753355
530 10 0.135658914729 0.244184156621 0.0411219974052 27.0955260869 5 0.1 0.39794 0.407528641571 128.65658622 0 0.392438753355
540 10 0.135658914729 0.22640714727 0.031561138955 47.0979257756 5 0.1 0.43483 0.322580645161 138.758428693 0 0.392438753355
550 10 0.135658914729 0.314216252608 0.0606196999217 25.7517382472 5 0.1 0.40834 0.398692810458 99.9817792339 0 0.392438753355
560 10 0.135658914729 0.308663938034 0.0370397552951 26.6433581005 5 0.1 0.35125 0.411858974359 101.780273394 0 0.392438753355
570 10 0.135658914729 0.203624382059 0.0288580559015 39.237332264 5 0.1 0.41317 0.414239482201 154.283586683 0 0.392438753355
580 10 0.135658914729 0.259370909439 0.0199452153892 38.0314381299 5 0.1 0.369 0.372093023256 121.123452387 0 0.392438753355
590 10 0.135658914729 0.275408105221 0.0230833080159 21.1754835382 5 0.1 0.38239 0.368088467615 114.070353793 0 0.392438753355
600 10 0.135658914729 0.291070251473 0.0346433463422 24.8268469307 5 0.1 0.45328 0.456953642384 107.932362861 0 0.392438753355
610 10 0.152538679451 0.226806881061 0.0426899622468 23.0805891595 5 0.1 0.44938 0.426517571885 138.513875122 0 0.392438753355
620 10 0.152538679451 0.339863073419 0.0518342325573 25.6979213758 5 0.1 0.39405 0.362295081967 92.4369325681 0 0.398502767666
630 10 0.152538679451 0.399623726388 0.0498100061896 25.5942737707 5 0.1 0.40236 0.383435582822 78.6137006528 0 0.399623726388
640 10 0.152538679451 0.251273365384 0.0427976791882 25.625144597 5 0.1 0.36634 0.354587869362 125.026780901 0 0.399623726388
650 10 0.152538679451 0.236275470622 0.0430571313369 22.2113289911 5 0.1 0.43981 0.49468892261 132.963019467 0 0.399623726388
660 10 0.152538679451 0.317003250822 0.0409941204407 28.3135573607 5 0.1 0.38263 0.398763523957 99.1027691941 0 0.399623726388
670 10 0.152538679451 0.251179749164 0.0405961213954 22.9568391326 5 0.1 0.44167 0.485316846986 125.073379142 0 0.399623726388
680 10 0.152538679451 0.239770643012 0.0516355616226 34.6621787012 5 0.1 0.37692 0.409475465313 131.024797721 0 0.399623726388
690 10 0.152538679451 0.27214737211 0.0331870694871 23.3246735847 5 0.1 0.43091 0.421585160202 115.437087474 0 0.399623726388
700 10 0.152538679451 0.228146769485 0.042090268448 28.180915328 5 0.1 0.42674 0.393034825871 137.70039379 0 0.399623726388
710 10 0.174216027875 0.307703311357 0.0510775978144 31.0232371685 5 0.1 0.38941 0.384879725086 102.09802378 0 0.417085048329
720 10 0.174216027875 0.348604707311 0.042169452927 18.986817127 5 0.1 0.41285 0.459968602826 90.1189781466 0 0.417085048329
730 10 0.174216027875 0.305356867012 0.0324479472084 28.7269233563 5 0.1 0.41201 0.408227848101 102.882572471 0 0.417085048329
740 10 0.174216027875 0.315450949625 0.0263286919536 22.6378340273 5 0.1 0.34355 0.350168350168 99.5904435771 0 0.417085048329
750 10 0.174216027875 0.377733843245 0.0411977546844 17.1358341308 5 0.1 0.39903 0.436507936508 83.1694076711 0 0.417085048329
760 10 0.174216027875 0.234751071437 0.0555926413593 44.2593217816 5 0.1 0.43104 0.371987951807 133.826439248 0 0.417085048329
770 10 0.174216027875 0.290795430766 0.0120608503659 23.8065830295 5 0.1 0.42279 0.421393841167 108.034366005 0 0.417085048329
780 10 0.174216027875 0.361801930454 0.041010736926 23.9803254813 5 0.1 0.36642 0.364723467862 86.8317644424 0 0.417085048329
790 10 0.174216027875 0.32754500801 0.034027867589 33.5992659617 5 0.1 0.38439 0.375 95.9132309508 0 0.417085048329
800 10 0.174216027875 0.326750396953 0.0382135437916 26.2783334766 5 0.1 0.43592 0.476265822785 96.1464784526 0 0.417085048329
810 10 0.203075137801 0.340536419644 0.0341493819319 24.2791026324 5 0.1 0.40198 0.405731523379 92.2541560544 0 0.429940968715
820 10 0.203075137801 0.309048263787 0.0512671902897 32.1337627019 5 0.1 0.38273 0.365231259968 101.653701642 0 0.443576239061
830 10 0.203075137801 0.334692073742 0.0350369829272 23.7239199815 5 0.1 0.40257 0.391869918699 93.8650851476 0 0.443576239061
840 10 0.203075137801 0.309387217993 0.0338854676731 22.6421648536 5 0.1 0.4 0.421921921922 101.542333274 0 0.443576239061
850 10 0.203075137801 0.287392695426 0.0261249536664 20.5909781783 5 0.1 0.38959 0.411585365854 109.313495089 0 0.443576239061
860 10 0.203075137801 0.365518522917 0.0352599415651 19.9536137916 5 0.1 0.39448 0.379426644182 85.9488590327 0 0.443576239061
870 10 0.203075137801 0.302037939924 0.0490421989487 20.6498463888 5 0.1 0.41056 0.337641357027 104.013091892 0 0.443576239061
880 10 0.203075137801 0.326892946082 0.0490235394967 18.8000813799 5 0.1 0.41102 0.405775075988 96.1045515866 0 0.451648004188
890 10 0.203075137801 0.308189309924 0.0319230756475 32.9150803521 5 0.1 0.40102 0.410423452769 101.937020488 0 0.451648004188
900 10 0.203075137801 0.385324944862 0.0388230088541 24.6839774868 5 0.1 0.37318 0.400646203554 81.5309271275 0 0.451648004188
910 10 0.243393602225 0.410835722936 0.0409431724993 17.1215355073 5 0.1 0.39503 0.298217179903 76.4682773336 0 0.451648004188
920 10 0.243393602225 0.288802815851 0.0330970454072 20.6185750612 5 0.1 0.42247 0.349834983498 108.779756553 0 0.451648004188
930 10 0.243393602225 0.342402248784 0.0368884525282 19.950179979 5 0.1 0.42079 0.395695364238 91.7514417956 0 0.451648004188
940 10 0.243393602225 0.368763467836 0.0578043040771 25.2008256861 5 0.1 0.36232 0.449206349206 85.1925495341 0 0.451648004188
950 10 0.243393602225 0.368123092556 0.0275195025292 27.9539912696 5 0.1 0.39989 0.370253164557 85.3407477967 0 0.451648004188
960 10 0.243393602225 0.286073169595 0.0339790354816 19.5093404023 5 0.1 0.42663 0.409937888199 109.817708681 0 0.451648004188
970 10 0.243393602225 0.386105440753 0.0330641276911 28.6786194464 5 0.1 0.41114 0.396524486572 81.3661157914 0 0.451648004188
980 10 0.243393602225 0.36142738277 0.0457918846002 20.3556516579 5 0.1 0.38854 0.412322274882 86.9217483169 0 0.451648004188
990 10 0.243393602225 0.343594618602 0.0388907743233 23.1010175767 5 0.1 0.40149 0.378466557912 91.4330385261 0 0.451648004188
1000 10 0.243393602225 0.367589452056 0.0467468554908 25.2789503901 5 0.1 0.40705 0.458536585366 85.4646394893 0 0.451648004188
1010 10 0.303687635575 0.333051242921 0.0437349367982 14.6409696418 5 0.1 0.36793 0.39546191248 94.3275266726 0 0.451648004188
1020 10 0.303687635575 0.445428776325 0.0445876820834 24.3923301 5 0.1 0.42105 0.446540880503 70.5295698656 0 0.451648004188
1030 10 0.303687635575 0.327032431543 0.0468830297526 18.1131402172 5 0.1 0.34986 0.404802744425 96.0635611941 0 0.472328633269
1040 10 0.303687635575 0.369168621602 0.0353157141697 21.1843317183 5 0.1 0.41515 0.4 85.099052741 0 0.472328633269
1050 10 0.303687635575 0.345152064136 0.0298878961034 22.6280394812 5 0.1 0.35268 0.309328968903 91.020461021 0 0.472328633269
1060 10 0.303687635575 0.358693212861 0.0220296170759 28.1188824309 5 0.1 0.42052 0.405797101449 87.58431683 0 0.472328633269
1070 10 0.303687635575 0.345447726528 0.035653007188 34.5059747573 5 0.1 0.34127 0.325242718447 90.942558273 0 0.472328633269
1080 10 0.303687635575 0.333140549859 0.0271232772667 20.2886454147 5 0.1 0.4132 0.411861614498 94.3022397403 0 0.472328633269
1090 10 0.303687635575 0.37291783898 0.0368991966044 21.2485714711 5 0.1 0.3776 0.372131147541 84.2434893593 0 0.472328633269
1100 10 0.303687635575 0.36418869644 0.0443585715616 13.8285988415 5 0.1 0.40122 0.3936 86.262699274 0 0.472328633269
1110 10 0.40369088812 0.410219363382 0.0334571594768 23.5866172677 5 0.1 0.35862 0.41167192429 76.5831718449 0 0.472328633269
1120 10 0.40369088812 0.362809946085 0.0297981573386 32.1975355461 5 0.1 0.3664 0.307958477509 86.5905147832 0 0.472328633269
1130 10 0.40369088812 0.379241717398 0.0443901090475 27.3083716172 5 0.1 0.4103 0.351724137931 82.8387241139 0 0.483381792146
1140 10 0.40369088812 0.434894761234 0.0318034621733 19.5791537794 5 0.1 0.36706 0.375 72.2379361638 0 0.490106761981
1150 10 0.40369088812 0.461921368556 0.0284088080934 14.6376888016 5 0.1 0.39192 0.366564417178 68.0113589423 0 0.490106761981
1160 10 0.40369088812 0.406195412345 0.028907945262 8.96572730919 5 0.1 0.44191 0.452269170579 77.3418385467 0 0.490106761981
1170 10 0.40369088812 0.362345684524 0.0430145627711 20.858156215 5 0.1 0.43532 0.414239482201 86.7014603507 0 0.49786641908
1180 10 0.40369088812 0.368224957218 0.0370355642234 28.1530302243 5 0.1 0.41916 0.421875 85.3171393849 0 0.49786641908
1190 10 0.40369088812 0.395621566169 0.0363512756415 11.0474504764 5 0.1 0.38027 0.423393739703 79.408967272 0 0.49786641908
1200 10 0.40369088812 0.439571797975 0.0175988536816 13.8563395974 5 0.1 0.39579 0.317626527051 71.4693257045 0 0.49786641908
1210 10 0.601891659501 0.39791936051 0.0273769314809 24.2714765477 5 0.1 0.38513 0.366612111293 78.9504183958 10 0.512714371473
1220 10 0.601891659501 0.423459158489 0.0357638342936 13.1759007382 5 0.1 0.41229 0.369281045752 74.1887366709 10 0.512714371473
1230 10 0.601891659501 0.440767935316 0.0285910350132 17.7423451344 5 0.1 0.38513 0.386942675159 71.2753752777 10 0.512714371473
1240 10 0.601891659501 0.427237378783 0.0228017204426 9.60322288712 5 0.1 0.42805 0.402140672783 73.5326578623 10 0.512714371473
1250 10 0.601891659501 0.455261462299 0.021703669028 13.6200939499 5 0.1 0.41131 0.453795379538 69.0062801305 10 0.512714371473
1260 10 0.601891659501 0.462723998201 0.0311895335734 14.3202317116 5 0.1 0.34586 0.336092715232 67.8933881151 10 0.512714371473
1270 10 0.601891659501 0.466850015929 0.0384392113405 16.5259016929 5 0.1 0.38791 0.388709677419 67.2933467454 10 0.512714371473
1280 10 0.601891659501 0.496222763492 0.0307208050139 16.9569311354 5 0.1 0.43952 0.437293729373 63.3100742475 10 0.512714371473
1290 10 0.601891659501 0.451749633635 0.0286231115451 16.706594459 5 0.1 0.38919 0.4 69.542723803 10 0.512714371473
1300 10 0.601891659501 0.488590526154 0.02265839519 18.1821405364 5 0.1 0.41701 0.377952755906 64.299036347 10 0.512714371473
1310 10 1.18243243243 0.510478758102 0.0150036516705 8.7349883975 5 0.1 0.44538 0.41610738255 61.5420318699 40 0.593900596322
1320 10 1.18243243243 0.560075264858 0.0367219667215 12.6735446687 5 0.1 0.39052 0.359400998336 56.0922825399 40 0.593900596322
1330 10 1.18243243243 0.580112665005 0.0232748590671 14.3494528709 5 0.1 0.41123 0.378335949765 54.1548252523 40 0.593900596322
1340 10 1.18243243243 0.540254452479 0.0098590320328 3.77398812825 5 0.1 0.35829 0.399693721286 58.1501917399 40 0.593900596322
1350 10 1.18243243243 0.482228106675 0.0201276330696 13.0459204193 5 0.1 0.44425 0.489666136725 65.1473847442 40 0.593900596322
1360 10 1.18243243243 0.500461272528 0.0302736786308 10.414702539 5 0.1 0.4118 0.421647819063 62.7738882597 40 0.593900596322
1370 10 1.18243243243 0.496105961595 0.0220156074689 9.76750731351 5 0.1 0.34912 0.356230031949 63.3249798067 40 0.593900596322
1380 10 1.18243243243 0.52562566255 0.0276058621812 17.5496172062 5 0.1 0.38048 0.383252818035 59.7685810232 40 0.593900596322
1390 10 1.18243243243 0.57999336658 0.0258149330376 6.99858432383 5 0.1 0.41714 0.423676012461 54.16596432 40 0.593900596322
1400 10 1.18243243243 0.51776876364 0.0103756996705 10.7811778253 5 0.1 0.40356 0.413008130081 60.6755412959 40 0.593900596322
1410 10 33.3333333333 0.68436801308 0.0500581167357 0.362750160926 5 0.1 0.67325 0.559800664452 45.9049800686 280 0.686865425771
1420 10 33.3333333333 0.684249329499 0.00157026967833 0.00345624684588 5 0.1 0.35843 0.297723292469 45.9129423232 280 0.686865425771
1430 10 33.3333333333 0.682001502093 0.00205674438523 0.000383752615999 5 0.1 0.42528 0.340715502555 46.0642680458 280 0.686865425771
1440 10 33.3333333333 0.683577710463 0.00100880741673 0.00115985215016 5 0.1 0.33773 0.351046698873 45.9580520534 280 0.686865425771
1450 10 33.3333333333 0.680648148182 0.00186126348473 0.00331788763093 5 0.1 0.3899 0.350931677019 46.1558590645 280 0.686865425771
1460 10 33.3333333333 0.683409949453 0.00182070442177 0.00274705335895 5 0.1 0.438 0.385714285714 45.9693336703 280 0.686865425771
1470 10 33.3333333333 0.681630957798 0.00187094569948 0.00116673335598 5 0.1 0.41438 0.455259026688 46.0893092378 280 0.686865425771
1480 10 33.3333333333 0.683684329828 0.00121093439375 0.000861859683022 5 0.1 0.37347 0.373643410853 45.9508849763 280 0.686865425771
1490 10 33.3333333333 0.684114362987 0.00162970129496 0.000233712455029 5 0.1 0.43249 0.492845786963 45.9220003258 280 0.686865425771
1500 10 33.3333333333 0.683280357868 0.00121053687088 0.00184875700474 5 0.1 0.39305 0.397009966777 45.9780522567 280 0.686865425771
