344.431760355,128.341876485,46.4843832891,0.0
47.5565084327,77.9738292504,46.4843832891,0.0
188.139489295,54.2981698669,46.4843832891,0.0
89.3786500029,435.625023406,46.4843832891,0.0
284.640836782,53.6191759284,46.4843832891,0.0
364.337263921,300.433678603,46.4843832891,0.0
385.27052385,437.750195363,46.4843832891,0.0
147.321329356,246.929901071,46.4843832891,0.0
247.437546058,362.776226279,46.4843832891,0.0
115.568586853,340.61271759,46.4843832891,0.0
@ 10 10 0.0873362445415 0.25895466013
366.533443561,302.134629423,43.7388585457,0.0
259.441255394,327.412122928,43.7388585457,0.0
454.114115731,359.378981043,43.7388585457,0.0
151.422646657,103.836373919,43.7388585457,0.0
260.367986449,465.53685477,43.7388585457,0.0
95.6676230682,413.757307435,43.7388585457,0.0
54.0506333551,98.6817178236,43.7388585457,0.0
374.313495135,114.460849491,43.7388585457,0.0
49.8031272157,283.043042014,43.7388585457,0.0
214.85346867,221.753101838,43.7388585457,0.0
@ 20 10 0.0873362445415 0.229268544568
241.530362635,466.152646742,45.0963875362,0.0
387.167949378,75.5688813539,45.0963875362,0.0
444.656835166,215.035337287,45.0963875362,0.0
281.932901389,174.980558391,45.0963875362,0.0
252.994947828,69.9526248321,45.0963875362,0.0
453.483519494,383.215162015,45.0963875362,0.0
194.326320062,141.720209718,45.0963875362,0.0
338.839003003,245.468050116,45.0963875362,0.0
346.722970974,377.467681093,45.0963875362,0.0
78.8916195142,393.207647536,45.0963875362,0.0
@ 30 10 0.0873362445415 0.243721078793
146.348941417,451.35534464,38.3161176214,0.0
262.490336816,445.622903346,38.3161176214,0.0
314.117395568,289.67005664,38.3161176214,0.0
398.82314753,131.290366348,38.3161176214,0.0
465.962670178,177.638611596,38.3161176214,0.0
232.641885805,254.793110861,38.3161176214,0.0
121.94917938,267.610558653,38.3161176214,0.0
155.467035518,143.998887629,38.3161176214,0.0
70.6857566351,346.136785364,38.3161176214,0.0
462.568676403,309.842989991,38.3161176214,0.0
@ 40 10 0.0873362445415 0.175943237649
403.715566889,56.536431951,35.2528599916,0.0
467.675883296,395.029401659,35.2528599916,0.0
300.608090651,148.33106701,35.2528599916,0.0
63.9492436851,438.144307274,35.2528599916,0.0
326.800308312,279.880595578,35.2528599916,0.0
82.6016241792,341.073288992,35.2528599916,0.0
56.4763168172,79.639967593,35.2528599916,0.0
108.809727296,169.128236036,35.2528599916,0.0
288.196024906,363.445590636,35.2528599916,0.0
198.151338327,452.57293864,35.2528599916,0.0
@ 50 10 0.0873362445415 0.148935523491
201.27207096,198.946344379,45.7380711268,0.0
464.540317046,334.456117517,45.7380711268,0.0
420.055871566,425.688207821,45.7380711268,0.0
122.588240255,452.211178783,45.7380711268,0.0
283.384031668,126.357480767,45.7380711268,0.0
122.262779799,91.886129346,45.7380711268,0.0
239.58717212,289.448730598,45.7380711268,0.0
436.241814868,198.089076312,45.7380711268,0.0
334.238496716,311.915107613,45.7380711268,0.0
55.2194968934,275.213956866,45.7380711268,0.0
@ 60 10 0.0873362445415 0.250706315856
54.3845730486,415.323681499,43.61327726,0.0
99.7085825718,170.332038916,43.61327726,0.0
46.4966448997,72.238847067,43.61327726,0.0
226.051954732,116.714626984,43.61327726,0.0
322.718550062,206.831843314,43.61327726,0.0
154.846925962,335.875127578,43.61327726,0.0
450.034336185,234.61838529,43.61327726,0.0
444.806811216,455.419331698,43.61327726,0.0
262.117064166,457.18630234,43.61327726,0.0
288.059920035,303.592789557,43.61327726,0.0
@ 70 10 0.0873362445415 0.227953900951
73.0646367716,175.596037906,46.943722068,0.0
296.714116832,335.310578488,46.943722068,0.0
458.206832109,99.6717546129,46.943722068,0.0
401.415866495,437.91186087,46.943722068,0.0
330.782171546,177.510686549,46.943722068,0.0
443.888751315,344.591382284,46.943722068,0.0
202.150539096,294.7687962,46.943722068,0.0
303.616224973,63.4842107679,46.943722068,0.0
402.307122554,246.724268139,46.943722068,0.0
168.848049872,160.57356648,46.943722068,0.0
@ 80 10 0.0873362445415 0.264097704099
187.767523974,60.4560149994,41.6822813181,0.0
68.4870660413,99.8012004374,41.6822813181,0.0
446.642390762,424.877828111,41.6822813181,0.0
354.282883973,71.546651621,41.6822813181,0.0
468.950787831,45.3364552382,41.6822813181,0.0
385.460368892,299.924080589,41.6822813181,0.0
195.161992441,420.304362214,41.6822813181,0.0
56.9875109987,257.793260945,41.6822813181,0.0
147.40135601,322.486214053,41.6822813181,0.0
146.234878483,179.738758638,41.6822813181,0.0
@ 90 10 0.0873362445415 0.208215254755
89.8722658679,285.227535024,41.0544829211,0.0
409.881987679,301.30076485,41.0544829211,0.0
201.787614905,333.28108242,41.0544829211,0.0
121.620613606,131.785631299,41.0544829211,0.0
315.521541964,186.439553646,41.0544829211,0.0
437.798763562,407.305985972,41.0544829211,0.0
445.965437199,44.3967114737,41.0544829211,0.0
283.739080975,407.257931233,41.0544829211,0.0
317.195862996,95.9227231408,41.0544829211,0.0
117.291563172,462.819574985,41.0544829211,0.0
@ 100 10 0.0873362445415 0.201990412959
218.016676486,282.32063098,49.5187874595,0.0
271.592910589,128.984848239,49.5187874595,0.0
296.305128176,440.381868378,49.5187874595,0.0
457.972378815,173.048586195,49.5187874595,0.0
389.947401298,370.654317052,49.5187874595,0.0
64.0159828653,438.26455824,49.5187874595,0.0
358.469485334,211.205913953,49.5187874595,0.0
435.691018276,279.042632192,49.5187874595,0.0
130.726753426,361.619061684,49.5187874595,0.0
57.1102795756,130.525907325,49.5187874595,0.0
@ 110 10 0.0940354648039 0.293866166434
72.7766357478,104.441516946,45.6145516818,0.0
62.0431265233,430.269586709,45.6145516818,0.0
240.290403594,320.32388551,45.6145516818,0.0
256.851422131,100.454834269,45.6145516818,0.0
375.008889926,248.504270296,45.6145516818,0.0
159.612591285,382.889846325,45.6145516818,0.0
461.318954412,416.932102057,45.6145516818,0.0
81.192055962,322.213313736,45.6145516818,0.0
439.252542001,157.713641877,45.6145516818,0.0
240.188705313,444.455932848,45.6145516818,0.0
@ 120 10 0.0940354648039 0.249354038001
104.668398053,191.458109586,42.0873686663,0.0
419.782566262,285.635857343,42.0873686663,0.0
272.571646706,339.235129048,42.0873686663,0.0
65.6960559717,362.466168116,42.0873686663,0.0
347.151307201,228.514902768,42.0873686663,0.0
75.4103428492,54.5601761128,42.0873686663,0.0
400.504348526,44.8191387001,42.0873686663,0.0
181.083537691,369.190953151,42.0873686663,0.0
456.277526123,452.63907875,42.0873686663,0.0
289.727439497,91.3092856433,42.0873686663,0.0
@ 130 10 0.0940354648039 0.212281981241
257.085796134,439.424665031,46.1448532262,0.0
160.006037134,374.584428784,46.1448532262,0.0
363.543334865,244.504808392,46.1448532262,0.0
270.378313468,151.036719739,46.1448532262,0.0
139.556986723,254.749545297,46.1448532262,0.0
75.9122940305,327.101198253,46.1448532262,0.0
138.030285873,66.0010093674,46.1448532262,0.0
56.024699184,427.596565605,46.1448532262,0.0
355.078997738,101.340513818,46.1448532262,0.0
49.8129692573,231.86536583,46.1448532262,0.0
@ 140 10 0.0940354648039 0.255185575386
103.554879455,330.26472874,47.0774021785,0.0
240.448548366,133.061364062,47.0774021785,0.0
337.703483096,49.7719816577,47.0774021785,0.0
105.331413606,425.110148647,47.0774021785,0.0
436.609845073,240.376882025,47.0774021785,0.0
282.316599099,227.882625574,47.0774021785,0.0
364.320939931,371.474002709,47.0774021785,0.0
53.9611570758,81.1161463346,47.0774021785,0.0
409.223010728,142.586234763,47.0774021785,0.0
464.509680725,446.629913035,47.0774021785,0.0
@ 150 10 0.0940354648039 0.265603970608
336.647013301,108.874260423,47.7857557522,0.0
71.6025598098,339.533905487,47.7857557522,0.0
428.853858943,282.77886118,47.7857557522,0.0
452.498054138,138.63456212,47.7857557522,0.0
152.844162148,115.266680471,47.7857557522,0.0
242.408643209,418.597907102,47.7857557522,0.0
59.762420097,241.832893804,47.7857557522,0.0
257.808959443,205.80052579,47.7857557522,0.0
300.769614761,327.073153538,47.7857557522,0.0
65.2137910673,51.0353813513,47.7857557522,0.0
@ 160 10 0.0940354648039 0.273656962302
427.445370576,329.275020294,43.9717359255,0.0
54.5625185315,221.481909603,43.9717359255,0.0
226.410982528,376.618006365,43.9717359255,0.0
183.979753272,455.945626374,43.9717359255,0.0
91.8136205723,63.0998032989,43.9717359255,0.0
101.224918289,417.217945199,43.9717359255,0.0
431.007957353,51.0993078861,43.9717359255,0.0
428.920976907,423.039951973,43.9717359255,0.0
181.972064398,273.21669961,43.9717359255,0.0
314.81920797,46.3967615332,43.9717359255,0.0
@ 170 10 0.0940354648039 0.231716417919
376.568276962,374.95906056,47.3077386294,0.0
395.459297233,209.911622687,47.3077386294,0.0
57.3083299878,300.544069824,47.3077386294,0.0
276.653218296,367.689036686,47.3077386294,0.0
67.4865276411,186.87602172,47.3077386294,0.0
189.814080921,264.221547302,47.3077386294,0.0
177.274707339,435.828295433,47.3077386294,0.0
63.2615882058,457.480647586,47.3077386294,0.0
177.610321201,157.143292145,47.3077386294,0.0
273.948321263,62.3423299524,47.3077386294,0.0
@ 180 10 0.0940354648039 0.26820937945
206.905992286,215.479684256,50.3285462448,0.0
180.40098082,381.4587084,50.3285462448,0.0
390.789469313,173.392689206,50.3285462448,0.0
299.538196617,383.794016999,50.3285462448,0.0
448.686616287,89.6181167442,50.3285462448,0.0
171.697009932,99.0369981979,50.3285462448,0.0
449.02307996,458.78104232,50.3285462448,0.0
300.063813831,126.163929992,50.3285462448,0.0
60.9453743092,132.775233122,50.3285462448,0.0
85.9064398973,231.813408493,50.3285462448,0.0
@ 190 10 0.0940354648039 0.303555674408
294.154457192,391.584753346,44.3172167849,0.0
46.817710053,228.480896415,44.3172167849,0.0
420.994966644,46.5022578868,44.3172167849,0.0
79.347763911,89.4051962724,44.3172167849,0.0
438.930914168,461.771623498,44.3172167849,0.0
104.906366468,403.268166817,44.3172167849,0.0
321.208723261,149.269883135,44.3172167849,0.0
356.203867456,270.544037507,44.3172167849,0.0
234.472600538,108.545215036,44.3172167849,0.0
240.359654027,231.142184441,44.3172167849,0.0
@ 200 10 0.0940354648039 0.235371860281
202.429837464,417.990452383,41.7863090172,0.0
451.250479942,322.14547385,41.7863090172,0.0
107.850244105,312.40239098,41.7863090172,0.0
382.124623644,455.994518704,41.7863090172,0.0
349.572132491,43.9217148114,41.7863090172,0.0
295.965480555,149.979384009,41.7863090172,0.0
100.826982512,462.792602358,41.7863090172,0.0
451.975384256,233.332264034,41.7863090172,0.0
70.6657020945,197.128804557,41.7863090172,0.0
99.20744838,98.8018387456,41.7863090172,0.0
@ 210 10 0.101847810272 0.209255849566
76.3873804324,425.934798179,42.7529879982,0.0
179.690544126,60.8459609472,42.7529879982,0.0
374.02796507,467.016811848,42.7529879982,0.0
135.119374845,233.393582091,42.7529879982,0.0
307.773802313,354.22626123,42.7529879982,0.0
411.640224921,77.6688257661,42.7529879982,0.0
247.581729245,272.58623561,42.7529879982,0.0
467.508385975,369.934064245,42.7529879982,0.0
56.1595930049,326.104300672,42.7529879982,0.0
261.062289993,425.880903357,42.7529879982,0.0
@ 220 10 0.101847810272 0.219049632893
426.74483605,472.670975023,38.2396210277,0.0
142.069267078,435.910420786,38.2396210277,0.0
356.545019703,229.470840507,38.2396210277,0.0
340.519606887,47.7489795855,38.2396210277,0.0
43.4852918385,342.11635086,38.2396210277,0.0
404.950522359,94.7925349836,38.2396210277,0.0
295.961656245,461.580716211,38.2396210277,0.0
89.9427670542,130.973253736,38.2396210277,0.0
213.475141741,314.647457034,38.2396210277,0.0
460.394574635,167.258758232,38.2396210277,0.0
@ 230 10 0.101847810272 0.175241411682
380.198496714,331.5337474,35.8792525276,0.0
330.463337758,219.252018813,35.8792525276,0.0
270.328601381,128.199279375,35.8792525276,0.0
224.77780828,279.053959398,35.8792525276,0.0
186.864499621,414.704278688,35.8792525276,0.0
411.060534257,438.840612402,35.8792525276,0.0
406.113247609,233.300582594,35.8792525276,0.0
256.112551344,448.31980691,35.8792525276,0.0
131.792465782,339.508032925,35.8792525276,0.0
456.282272226,134.304313001,35.8792525276,0.0
@ 240 10 0.101847810272 0.154275285054
371.532801849,93.3161234486,39.2341243564,0.0
371.245255595,427.336565188,39.2341243564,0.0
41.4720501457,258.293262301,39.2341243564,0.0
79.9214171065,64.7268385589,39.2341243564,0.0
329.044903164,168.084911231,39.2341243564,0.0
433.168569365,42.2472858091,39.2341243564,0.0
463.20981044,301.192123584,39.2341243564,0.0
202.810651314,81.8130837184,39.2341243564,0.0
280.390070669,378.692405852,39.2341243564,0.0
164.943135518,358.8276562,39.2341243564,0.0
@ 250 10 0.101847810272 0.184474997226
214.290588793,77.9494255181,46.4968775451,0.0
362.423791217,93.4059554881,46.4968775451,0.0
54.8228387072,368.397599862,46.4968775451,0.0
278.553578876,380.397098415,46.4968775451,0.0
464.188553765,214.594964484,46.4968775451,0.0
132.373015526,123.285647245,46.4968775451,0.0
174.896333506,435.338736563,46.4968775451,0.0
351.187941893,455.219037203,46.4968775451,0.0
220.885356905,262.425898745,46.4968775451,0.0
89.8915484046,245.39883761,46.4968775451,0.0
@ 260 10 0.101847810272 0.25909388455
382.073351802,71.2029236809,42.5654908557,0.0
113.922942004,116.819716586,42.5654908557,0.0
254.920992063,154.420772143,42.5654908557,0.0
462.638401699,334.43333301,42.5654908557,0.0
154.649457746,437.003208141,42.5654908557,0.0
59.6628925726,47.705348531,42.5654908557,0.0
314.631689087,446.285076458,42.5654908557,0.0
60.1341547192,367.407005797,42.5654908557,0.0
434.866505294,451.183040892,42.5654908557,0.0
230.893708788,275.692630991,42.5654908557,0.0
@ 270 10 0.101847810272 0.217132521531
125.602436069,238.606240928,38.8342892488,0.0
294.346355077,257.852696141,38.8342892488,0.0
332.912098584,178.098451048,38.8342892488,0.0
40.7950932,59.138260741,38.8342892488,0.0
49.8651510614,447.989716187,38.8342892488,0.0
195.79239383,60.0415444241,38.8342892488,0.0
230.904461195,435.826064324,38.8342892488,0.0
254.318346521,143.946638636,38.8342892488,0.0
208.520584134,218.361629082,38.8342892488,0.0
456.35109387,419.818403421,38.8342892488,0.0
@ 280 10 0.101847810272 0.180734185394
266.671840855,434.126473357,50.9602600756,0.0
177.209530098,111.581664875,50.9602600756,0.0
58.4782897181,297.280180583,50.9602600756,0.0
364.183865053,338.767719066,50.9602600756,0.0
138.659713649,404.753010821,50.9602600756,0.0
223.206990265,277.861555529,50.9602600756,0.0
395.446948988,226.581596049,50.9602600756,0.0
63.6290914578,77.1629158519,50.9602600756,0.0
273.586179408,148.485093744,50.9602600756,0.0
357.368885052,52.5960324103,50.9602600756,0.0
@ 290 10 0.101847810272 0.311223838936
452.158135955,440.554696212,47.8163707937,0.0
249.216396121,111.645539245,47.8163707937,0.0
456.500008261,155.559506876,47.8163707937,0.0
345.141896528,369.441921559,47.8163707937,0.0
390.455626684,259.857257241,47.8163707937,0.0
312.374317683,201.081184974,47.8163707937,0.0
198.3395304,291.935149908,47.8163707937,0.0
63.4604681318,52.1006280158,47.8163707937,0.0
56.7527690693,155.119720442,47.8163707937,0.0
245.694379203,389.005773376,47.8163707937,0.0
@ 300 10 0.101847810272 0.274007723859
305.97939823,329.011742677,47.5944381379,0.0
272.775281666,146.929711914,47.5944381379,0.0
52.6152968116,298.04451398,47.5944381379,0.0
387.909510406,202.349324775,47.5944381379,0.0
459.595153595,57.9513380332,47.5944381379,0.0
255.991831933,423.038028395,47.5944381379,0.0
370.566790065,99.6296222983,47.5944381379,0.0
106.045183655,453.860050036,47.5944381379,0.0
83.1018108487,66.675645031,47.5944381379,0.0
132.268960659,360.426213382,47.5944381379,0.0
@ 310 10 0.111075848937 0.271470093437
299.003800898,432.191830196,44.5290343286,0.0
400.272303593,437.866401222,44.5290343286,0.0
81.6454810968,109.83792749,44.5290343286,0.0
105.370758226,420.312356012,44.5290343286,0.0
217.459948485,359.917344419,44.5290343286,0.0
433.463084779,265.357514722,44.5290343286,0.0
118.845357007,266.433841514,44.5290343286,0.0
322.318643006,85.3098891369,44.5290343286,0.0
323.314856972,206.760376884,44.5290343286,0.0
251.312290346,271.138295555,44.5290343286,0.0
@ 320 10 0.111075848937 0.237627192991
442.780780455,461.231946424,43.1212951383,0.0
55.3900488635,235.893440049,43.1212951383,0.0
354.256154858,296.681110598,43.1212951383,0.0
246.693036661,141.127594046,43.1212951383,0.0
147.129398625,282.588118511,43.1212951383,0.0
447.839712468,265.742368281,43.1212951383,0.0
387.775463891,80.2329101846,43.1212951383,0.0
279.960918958,47.9228823695,43.1212951383,0.0
318.853304568,430.240568326,43.1212951383,0.0
284.622592304,221.983135959,43.1212951383,0.0
@ 330 10 0.111075848937 0.222840013722
186.245373958,270.11663289,50.0800882993,0.0
313.995385456,315.899342998,50.0800882993,0.0
317.303315786,460.567006667,50.0800882993,0.0
81.6256975757,389.58153753,50.0800882993,0.0
370.545482703,53.0226896613,50.0800882993,0.0
428.97303171,428.013420702,50.0800882993,0.0
221.803655222,75.3335184623,50.0800882993,0.0
62.7239131096,192.894064385,50.0800882993,0.0
325.906070698,214.337305243,50.0800882993,0.0
74.827812866,63.7239787962,50.0800882993,0.0
@ 340 10 0.111075848937 0.300565933632
134.342148498,246.957183627,47.8324449334,0.0
227.228336454,344.749572282,47.8324449334,0.0
105.949253897,90.8983967901,47.8324449334,0.0
402.852058659,79.9361438341,47.8324449334,0.0
53.9106276238,360.995534954,47.8324449334,0.0
272.515253157,447.354248755,47.8324449334,0.0
361.750868034,277.875728241,47.8324449334,0.0
415.793589702,446.785388969,47.8324449334,0.0
253.25755846,75.4105563991,47.8324449334,0.0
237.118087493,192.987482966,47.8324449334,0.0
@ 350 10 0.111075848937 0.274191977856
309.660792432,196.911180367,47.637913404,0.0
108.227185322,85.6536875852,47.637913404,0.0
349.539958786,441.972654724,47.637913404,0.0
302.158786462,297.819865467,47.637913404,0.0
405.689678495,163.576927769,47.637913404,0.0
299.529573496,85.1445682086,47.637913404,0.0
459.213348142,369.910479091,47.637913404,0.0
70.905457927,270.418934192,47.637913404,0.0
225.856636711,428.755965843,47.637913404,0.0
88.2220991893,369.433005647,47.637913404,0.0
@ 360 10 0.111075848937 0.271966270108
455.718676798,60.0410318882,51.6271270933,0.0
305.684473129,206.205189052,51.6271270933,0.0
196.357312126,434.498066072,51.6271270933,0.0
192.518717515,55.021535627,51.6271270933,0.0
310.722297878,316.453921994,51.6271270933,0.0
417.128213509,218.670865789,51.6271270933,0.0
151.766530823,251.45795698,51.6271270933,0.0
85.84249868,404.051519642,51.6271270933,0.0
338.957203031,85.5218873303,51.6271270933,0.0
56.6274574317,126.235878246,51.6271270933,0.0
@ 370 10 0.111075848937 0.319422497322
169.938463028,326.084449653,42.1850000963,0.0
403.603198844,381.3162981,42.1850000963,0.0
72.1093651356,359.07590758,42.1850000963,0.0
456.795497841,149.681375796,42.1850000963,0.0
271.367804362,150.444581454,42.1850000963,0.0
468.763295447,42.9823157899,42.1850000963,0.0
263.148201536,339.253238336,42.1850000963,0.0
332.891376057,441.924928259,42.1850000963,0.0
359.108714015,251.695119713,42.1850000963,0.0
240.446985023,466.332176858,42.1850000963,0.0
@ 380 10 0.111075848937 0.213267998315
50.4411565101,109.978637831,44.0618257199,0.0
347.916311711,358.452279378,44.0618257199,0.0
419.806008481,457.059471061,44.0618257199,0.0
277.938754107,448.357070194,44.0618257199,0.0
365.868227004,166.839884511,44.0618257199,0.0
105.301046925,254.717092998,44.0618257199,0.0
300.213622941,99.6302167418,44.0618257199,0.0
127.711229975,161.898758245,44.0618257199,0.0
196.546218984,234.591070738,44.0618257199,0.0
122.767902027,356.245855706,44.0618257199,0.0
@ 390 10 0.111075848937 0.232666877062
208.315756931,255.372029429,50.7784301896,0.0
445.656333854,84.5407974672,50.7784301896,0.0
245.783673696,107.744284226,50.7784301896,0.0
265.839377196,410.681716624,50.7784301896,0.0
451.701416764,262.170322695,50.7784301896,0.0
92.6076333436,337.9590155,50.7784301896,0.0
330.441756467,259.230141975,50.7784301896,0.0
343.885524047,73.2926044676,50.7784301896,0.0
381.794105685,444.193618228,50.7784301896,0.0
141.238778896,162.953716504,50.7784301896,0.0
@ 400 10 0.111075848937 0.309006862929
63.7072644708,399.45407014,48.2608482423,0.0
157.152587052,432.044167739,48.2608482423,0.0
378.853753667,183.461076517,48.2608482423,0.0
125.22823325,229.948030688,48.2608482423,0.0
221.531815829,344.473663409,48.2608482423,0.0
363.304262857,426.208575812,48.2608482423,0.0
381.335760057,55.0930634081,48.2608482423,0.0
64.9030180807,105.492813422,48.2608482423,0.0
265.804752213,153.057153112,48.2608482423,0.0
450.94570778,337.370124534,48.2608482423,0.0
@ 410 10 0.122142732507 0.279125481777
331.029176405,456.000723,51.0192742605,0.0
71.8029367746,52.9232288556,51.0192742605,0.0
137.278023214,145.181544528,51.0192742605,0.0
191.180350604,239.143877325,51.0192742605,0.0
442.88655237,456.237026084,51.0192742605,0.0
413.086386151,345.127517674,51.0192742605,0.0
446.400923209,229.011377551,51.0192742605,0.0
313.066579151,245.673255165,51.0192742605,0.0
102.260714311,289.644186598,51.0192742605,0.0
411.597478542,114.007166837,51.0192742605,0.0
@ 420 10 0.122142732507 0.311945077635
457.751218017,443.77313049,51.0588777428,0.0
451.394149943,258.94285146,51.0588777428,0.0
229.513894221,67.5880711373,51.0588777428,0.0
414.551024505,130.899041719,51.0588777428,0.0
393.574229024,356.411168695,51.0588777428,0.0
323.597217225,458.015772425,51.0588777428,0.0
242.246205076,365.389571653,51.0588777428,0.0
53.7820323286,176.247096227,51.0588777428,0.0
123.91355595,395.133679909,51.0588777428,0.0
106.046861568,78.840908582,51.0588777428,0.0
@ 430 10 0.122142732507 0.312429557528
384.299776164,66.3791147319,54.9566066897,0.0
454.415376877,196.0183475,54.9566066897,0.0
250.129432528,436.837021323,54.9566066897,0.0
115.541755461,435.081385317,54.9566066897,0.0
329.784532621,269.164095361,54.9566066897,0.0
221.768353899,74.001332616,54.9566066897,0.0
438.755439262,437.746423854,54.9566066897,0.0
228.33520665,211.718765781,54.9566066897,0.0
111.007777328,59.2757012666,54.9566066897,0.0
72.0376651034,315.608684181,54.9566066897,0.0
@ 440 10 0.122142732507 0.361950684611
265.993407268,85.3129934461,41.1750144874,0.0
85.9756602839,126.768307398,41.1750144874,0.0
305.386306502,167.112380079,41.1750144874,0.0
431.014853933,171.765228212,41.1750144874,0.0
231.222378322,446.187817856,41.1750144874,0.0
85.6966827462,280.323031968,41.1750144874,0.0
171.498792056,153.024003747,41.1750144874,0.0
62.2928363267,400.679672217,41.1750144874,0.0
182.229807176,348.445507395,41.1750144874,0.0
453.651416945,386.463619253,41.1750144874,0.0
@ 450 10 0.122142732507 0.203178198461
181.316422186,103.965373696,45.3729647033,0.0
364.553744054,401.872569619,45.3729647033,0.0
52.6309986747,419.013280439,45.3729647033,0.0
100.391663072,46.7475436039,45.3729647033,0.0
246.845749045,170.19156554,45.3729647033,0.0
419.465429389,272.307172325,45.3729647033,0.0
466.195402722,388.505354916,45.3729647033,0.0
224.686003974,400.973786697,45.3729647033,0.0
183.727800848,261.844089838,45.3729647033,0.0
344.881212684,198.013171218,45.3729647033,0.0
@ 460 10 0.122142732507 0.246719739913
363.067850938,440.162719561,46.9202705679,0.0
73.0005404418,254.219941085,46.9202705679,0.0
229.140619581,93.2374884063,46.9202705679,0.0
292.882495919,191.229324835,46.9202705679,0.0
116.826027001,155.043266645,46.9202705679,0.0
427.512909685,268.537795152,46.9202705679,0.0
341.013462311,305.702861234,46.9202705679,0.0
77.0693332741,422.727007655,46.9202705679,0.0
238.029617251,352.016980843,46.9202705679,0.0
326.81552176,49.2388008319,46.9202705679,0.0
@ 470 10 0.122142732507 0.2638339014
222.966181284,97.5818138569,41.7045214624,0.0
247.21342862,352.230345031,41.7045214624,0.0
307.652697257,283.082812539,41.7045214624,0.0
55.300430182,448.392266889,41.7045214624,0.0
58.1081541414,267.240396672,41.7045214624,0.0
392.618092988,381.065592672,41.7045214624,0.0
133.373294755,111.588515931,41.7045214624,0.0
327.31853806,463.845367761,41.7045214624,0.0
462.763953245,327.121274838,41.7045214624,0.0
406.847256624,130.656639581,41.7045214624,0.0
@ 480 10 0.122142732507 0.208437506156
279.624256706,408.547266294,50.3700154114,0.0
436.15184158,240.682006836,50.3700154114,0.0
216.238672987,302.52150599,50.3700154114,0.0
319.665468191,182.286922738,50.3700154114,0.0
392.255518602,343.938938327,50.3700154114,0.0
110.606585055,228.318459557,50.3700154114,0.0
408.261282959,95.4301051143,50.3700154114,0.0
411.140569988,445.851838835,50.3700154114,0.0
211.325813229,67.0089933348,50.3700154114,0.0
81.7425907488,355.934717839,50.3700154114,0.0
@ 490 10 0.122142732507 0.304056121488
183.778517258,401.205526658,50.0706597783,0.0
296.936295283,293.974024809,50.0706597783,0.0
418.322622392,50.7664310442,50.0706597783,0.0
85.8199138451,211.964999632,50.0706597783,0.0
447.467294359,275.335521386,50.0706597783,0.0
266.595147227,77.7191750838,50.0706597783,0.0
461.306140296,174.561011439,50.0706597783,0.0
66.8428584693,62.0784894739,50.0706597783,0.0
409.485709883,445.463626751,50.0706597783,0.0
110.607480993,332.087877365,50.0706597783,0.0
@ 500 10 0.122142732507 0.300452769876
303.855988085,445.717146008,42.3213532481,0.0
443.564973849,466.328762961,42.3213532481,0.0
104.358664553,438.086733776,42.3213532481,0.0
339.569532582,269.688539043,42.3213532481,0.0
317.732389879,67.1395295859,42.3213532481,0.0
212.284710261,397.877983314,42.3213532481,0.0
169.4248401,138.522643546,42.3213532481,0.0
51.9723850705,79.6562469246,42.3213532481,0.0
457.304787306,369.332491252,42.3213532481,0.0
433.094790847,160.601090148,42.3213532481,0.0
@ 510 10 0.135658914729 0.214648904346
125.287826634,117.044761616,53.1878896374,0.0
433.599463668,197.803465655,53.1878896374,0.0
54.1121377818,252.395228084,53.1878896374,0.0
340.47926723,67.9607146327,53.1878896374,0.0
312.598456893,174.053310403,53.1878896374,0.0
444.138032777,443.260290993,53.1878896374,0.0
54.2123981424,404.032232603,53.1878896374,0.0
215.182360979,388.510471299,53.1878896374,0.0
176.091763623,269.438161471,53.1878896374,0.0
339.084019757,358.962084672,53.1878896374,0.0
@ 520 10 0.135658914729 0.339027636332
277.908662767,428.767415177,42.7913521993,0.0
366.371450041,277.038608888,42.7913521993,0.0
238.284406148,198.580917635,42.7913521993,0.0
381.91649706,189.118442237,42.7913521993,0.0
445.111305035,312.359808541,42.7913521993,0.0
437.008329481,443.160107888,42.7913521993,0.0
179.610413646,347.421780179,42.7913521993,0.0
158.260547369,247.698741178,42.7913521993,0.0
49.2171640812,172.858520929,42.7913521993,0.0
377.93062348,81.1133187319,42.7913521993,0.0
@ 530 10 0.135658914729 0.21944293568
170.396129819,342.78906198,45.7460786598,0.0
179.298145623,434.081188474,45.7460786598,0.0
301.095046968,291.552113587,45.7460786598,0.0
187.144660585,66.2097273258,45.7460786598,0.0
84.6688256152,297.134209268,45.7460786598,0.0
420.963516813,73.4825044081,45.7460786598,0.0
454.897801037,371.271808998,45.7460786598,0.0
288.186860834,452.682658829,45.7460786598,0.0
48.9856296307,193.858705414,45.7460786598,0.0
395.65288341,447.193276974,45.7460786598,0.0
@ 540 10 0.135658914729 0.250794107702
95.3058466102,143.805978992,48.6128872356,0.0
146.579107421,458.119325337,48.6128872356,0.0
365.626747222,300.123689369,48.6128872356,0.0
298.023660456,448.948979354,48.6128872356,0.0
349.572524465,111.876564131,48.6128872356,0.0
438.462990408,412.800479844,48.6128872356,0.0
221.150120955,215.801442516,48.6128872356,0.0
188.685998414,114.946533949,48.6128872356,0.0
71.8872681602,366.666708636,48.6128872356,0.0
186.942388751,369.064894095,48.6128872356,0.0
@ 550 10 0.135658914729 0.28321249837
313.331571559,388.495339138,45.3027815823,0.0
77.0512946948,311.069580989,45.3027815823,0.0
447.124379923,325.492810253,45.3027815823,0.0
135.20292087,383.576360529,45.3027815823,0.0
414.176998694,160.879335516,45.3027815823,0.0
106.241871433,52.08412231,45.3027815823,0.0
63.2512526306,211.597063385,45.3027815823,0.0
223.474345594,101.049482434,45.3027815823,0.0
209.618855566,330.521648997,45.3027815823,0.0
237.859297804,216.014862301,45.3027815823,0.0
@ 560 10 0.135658914729 0.245957075644
52.5494060883,431.635913832,52.2432694705,0.0
236.340005747,450.396760927,52.2432694705,0.0
79.6760769271,59.0158475177,52.2432694705,0.0
328.279194906,255.018830072,52.2432694705,0.0
159.219755129,235.599000414,52.2432694705,0.0
306.109343604,104.315807056,52.2432694705,0.0
323.764601563,377.070434789,52.2432694705,0.0
194.596636582,103.50904049,52.2432694705,0.0
433.172460214,149.135150556,52.2432694705,0.0
442.146665088,381.625756753,52.2432694705,0.0
@ 570 10 0.135658914729 0.327092269314
157.372430807,425.889515584,51.9850551205,0.0
456.704942504,230.474734388,51.9850551205,0.0
208.507289186,78.9590561788,51.9850551205,0.0
251.667246102,201.169646031,51.9850551205,0.0
415.005946358,449.891712883,51.9850551205,0.0
77.6404433972,339.365524447,51.9850551205,0.0
310.899010084,421.091329417,51.9850551205,0.0
335.270628577,99.684716817,51.9850551205,0.0
125.063118539,164.081882047,51.9850551205,0.0
208.234432391,312.175414832,51.9850551205,0.0
@ 580 10 0.135658914729 0.32386692774
271.556697026,152.016543339,46.1629252517,0.0
127.063470737,457.601129802,46.1629252517,0.0
407.117448521,64.9331153885,46.1629252517,0.0
158.808768197,196.952251483,46.1629252517,0.0
442.685954869,197.128237617,46.1629252517,0.0
107.09395021,311.887285652,46.1629252517,0.0
128.111635526,75.0829292848,46.1629252517,0.0
465.759013855,396.81342677,46.1629252517,0.0
237.463862092,299.926653135,46.1629252517,0.0
50.153178096,217.458227039,46.1629252517,0.0
@ 590 10 0.135658914729 0.255385494681
442.641068519,458.309025391,47.4035593337,0.0
185.653688911,184.916521451,47.4035593337,0.0
432.046180779,325.20374734,47.4035593337,0.0
288.74962771,374.818560552,47.4035593337,0.0
123.155237043,109.597534201,47.4035593337,0.0
391.863794622,235.090808023,47.4035593337,0.0
206.881239849,291.293375825,47.4035593337,0.0
51.3940356117,348.523017104,47.4035593337,0.0
422.271667359,73.68623242,47.4035593337,0.0
135.057918711,440.546578648,47.4035593337,0.0
@ 600 10 0.135658914729 0.269296983287
63.9460004793,73.9304725066,50.1623838255,0.0
358.922725733,459.32080606,50.1623838255,0.0
111.448820912,182.577853541,50.1623838255,0.0
313.986428419,59.4019496366,50.1623838255,0.0
444.361005644,202.849704899,50.1623838255,0.0
433.940710247,348.400696582,50.1623838255,0.0
347.198642619,254.549280765,50.1623838255,0.0
228.496742217,206.504941285,50.1623838255,0.0
196.43419761,441.501495559,50.1623838255,0.0
154.179882398,320.136644021,50.1623838255,0.0
@ 610 10 0.152538679451 0.301554572269
365.688410681,373.864147094,42.572805058,0.0
435.800585575,467.917990397,42.572805058,0.0
145.138273338,273.355148023,42.572805058,0.0
443.083585499,217.068530294,42.572805058,0.0
61.2569280163,122.685632848,42.572805058,0.0
142.047677111,394.107292467,42.572805058,0.0
251.537615482,212.051621316,42.572805058,0.0
452.417996709,378.217107584,42.572805058,0.0
338.176111383,154.770593696,42.572805058,0.0
432.635083138,60.201132828,42.572805058,0.0
@ 620 10 0.152538679451 0.21720714948
173.539819308,301.501501334,49.3088535209,0.0
282.422362511,192.823056695,49.3088535209,0.0
216.088326942,56.3247107647,49.3088535209,0.0
66.5062385486,261.729601922,49.3088535209,0.0
70.0306274362,406.027125977,49.3088535209,0.0
419.608684646,372.026015945,49.3088535209,0.0
123.602390313,104.516236697,49.3088535209,0.0
224.288562257,456.665501992,49.3088535209,0.0
316.292924745,85.5366451467,49.3088535209,0.0
401.214358543,218.535547259,49.3088535209,0.0
@ 630 10 0.152538679451 0.291379768328
255.444628445,343.321094796,46.0184860239,0.0
399.862497803,274.115772229,46.0184860239,0.0
325.335074505,178.658359494,46.0184860239,0.0
232.863008009,250.574536547,46.0184860239,0.0
277.262102687,93.3685597134,46.0184860239,0.0
112.183698218,178.720932739,46.0184860239,0.0
162.12815703,396.343976329,46.0184860239,0.0
450.963088639,161.074831906,46.0184860239,0.0
366.546419512,395.196131154,46.0184860239,0.0
255.500070762,436.9865224,46.0184860239,0.0
@ 640 10 0.152538679451 0.253789842999
182.43606137,246.49860755,53.9492535125,0.0
240.299648324,455.298750606,53.9492535125,0.0
92.9536344698,168.088937734,53.9492535125,0.0
368.122760372,220.633350354,53.9492535125,0.0
452.021625439,292.701683208,53.9492535125,0.0
54.4955552242,355.389247637,53.9492535125,0.0
55.0441770371,63.4336018801,53.9492535125,0.0
426.519441934,422.156472304,53.9492535125,0.0
388.866662805,91.4628871191,53.9492535125,0.0
270.16052536,135.140843699,53.9492535125,0.0
@ 650 10 0.152538679451 0.348803202332
121.790537373,254.710927551,47.8408426725,0.0
410.686792212,48.874491777,47.8408426725,0.0
131.299665094,156.935075848,47.8408426725,0.0
401.783806526,280.126571821,47.8408426725,0.0
329.058465266,458.024688637,47.8408426725,0.0
262.782437875,237.566781115,47.8408426725,0.0
357.493508572,140.761512088,47.8408426725,0.0
453.554822996,449.78993195,47.8408426725,0.0
103.54948065,60.8076150329,47.8408426725,0.0
239.222889574,365.48234627,47.8408426725,0.0
@ 660 10 0.152538679451 0.274288263749
350.803737216,259.524093396,53.5595585143,0.0
264.169582388,354.557375937,53.5595585143,0.0
162.361998896,388.322655751,53.5595585143,0.0
222.365367127,86.8514321263,53.5595585143,0.0
456.190005639,176.208312152,53.5595585143,0.0
406.483210457,356.773014667,53.5595585143,0.0
93.544510385,305.892260255,53.5595585143,0.0
53.8914523351,67.6458025033,53.5595585143,0.0
56.3664421674,424.379416428,53.5595585143,0.0
189.909011941,246.465388181,53.5595585143,0.0
@ 670 10 0.152538679451 0.343782338094
176.372441119,454.189279273,43.7587335727,0.0
411.256140526,192.331626772,43.7587335727,0.0
129.935797678,252.696854418,43.7587335727,0.0
167.765525964,54.2025407634,43.7587335727,0.0
67.6912426184,436.211238756,43.7587335727,0.0
466.915776625,54.9503647692,43.7587335727,0.0
88.4799291304,144.98452793,43.7587335727,0.0
377.946677189,456.374853935,43.7587335727,0.0
242.308703427,337.927787532,43.7587335727,0.0
266.644854218,158.195683138,43.7587335727,0.0
@ 680 10 0.152538679451 0.229476952101
165.524573195,52.2828606665,47.7876803818,0.0
87.8057602635,361.868784432,47.7876803818,0.0
303.596832932,157.901169016,47.7876803818,0.0
439.08164543,223.16078729,47.7876803818,0.0
90.7011235856,191.006471066,47.7876803818,0.0
77.2971322982,92.514066356,47.7876803818,0.0
229.75365002,226.658237241,47.7876803818,0.0
407.221868461,398.219262084,47.7876803818,0.0
384.353675937,86.8927228071,47.7876803818,0.0
224.342961594,358.052163249,47.7876803818,0.0
@ 690 10 0.152538679451 0.273679006482
90.2331168395,449.190988455,48.6046492966,0.0
229.819011125,158.408424689,48.6046492966,0.0
442.383685881,305.624975683,48.6046492966,0.0
228.386070305,302.374844418,48.6046492966,0.0
59.5707363295,176.953181439,48.6046492966,0.0
352.149575764,261.427964236,48.6046492966,0.0
211.322385434,441.124030747,48.6046492966,0.0
327.233594081,87.8788884189,48.6046492966,0.0
388.830121832,422.839543897,48.6046492966,0.0
427.727602057,162.500445804,48.6046492966,0.0
@ 700 10 0.152538679451 0.283116520133
438.571959458,404.494019976,54.4435856078,0.0
268.260599331,343.63628232,54.4435856078,0.0
149.059676396,422.585767082,54.4435856078,0.0
406.813312469,241.148853191,54.4435856078,0.0
325.39159548,167.76205019,54.4435856078,0.0
86.4445331194,157.332445223,54.4435856078,0.0
304.879725611,60.6312360833,54.4435856078,0.0
165.177473419,62.6439709985,54.4435856078,0.0
158.434432698,244.188832639,54.4435856078,0.0
68.4234701393,312.533346301,54.4435856078,0.0
@ 710 10 0.174216027875 0.355224591401
117.966576008,153.904856186,48.9816522667,0.0
173.887323005,432.385483389,48.9816522667,0.0
79.009672232,50.3820362504,48.9816522667,0.0
424.379264234,295.275726522,48.9816522667,0.0
406.376235782,415.818196153,48.9816522667,0.0
398.094914624,52.8280177899,48.9816522667,0.0
267.901735482,401.469327127,48.9816522667,0.0
434.162809215,180.36409439,48.9816522667,0.0
91.4203985997,343.879400567,48.9816522667,0.0
289.135070364,268.741352427,48.9816522667,0.0
@ 720 10 0.174216027875 0.287525551763
132.272938091,220.55990198,53.8812855642,0.0
358.275288335,57.7669241106,53.8812855642,0.0
364.195052606,454.604796857,53.8812855642,0.0
451.824405858,145.985609658,53.8812855642,0.0
295.628659455,351.252820988,53.8812855642,0.0
219.032580257,457.916647143,53.8812855642,0.0
220.856434567,60.9545539047,53.8812855642,0.0
428.164594055,299.819206654,53.8812855642,0.0
79.836335973,88.0049504828,53.8812855642,0.0
119.05411233,347.016472835,53.8812855642,0.0
@ 730 10 0.174216027875 0.347924876773
454.738341543,392.587260573,54.1414300589,0.0
184.875348243,119.320852318,54.1414300589,0.0
119.831167396,270.386525959,54.1414300589,0.0
325.236358278,455.446172328,54.1414300589,0.0
320.212530057,70.6471758127,54.1414300589,0.0
286.433187219,236.455198383,54.1414300589,0.0
172.564600232,435.545056211,54.1414300589,0.0
448.852920846,143.313893297,54.1414300589,0.0
349.706431561,340.468900357,54.1414300589,0.0
64.5665925022,60.1064495768,54.1414300589,0.0
@ 740 10 0.174216027875 0.351292622661
255.163238661,456.386164976,55.4695518452,0.0
444.015412055,60.9898989123,55.4695518452,0.0
444.164811931,425.167460697,55.4695518452,0.0
283.9408433,255.111570592,55.4695518452,0.0
145.506102704,439.550917077,55.4695518452,0.0
368.61757584,333.208619808,55.4695518452,0.0
324.149600716,113.516530602,55.4695518452,0.0
156.488893247,169.071700268,55.4695518452,0.0
452.51146976,250.180780111,55.4695518452,0.0
56.8420726685,233.54522847,55.4695518452,0.0
@ 750 10 0.174216027875 0.368738851028
122.184486378,146.667398967,50.8902675994,0.0
306.786805192,425.771335088,50.8902675994,0.0
387.241626299,57.180880175,50.8902675994,0.0
380.061855962,204.89020342,50.8902675994,0.0
290.320334499,128.570483635,50.8902675994,0.0
428.043609966,444.941851259,50.8902675994,0.0
193.443952638,58.6705533071,50.8902675994,0.0
453.619681274,319.766591186,50.8902675994,0.0
229.683821658,320.410469258,50.8902675994,0.0
123.537987681,308.250905682,50.8902675994,0.0
@ 760 10 0.174216027875 0.310369511751
160.625882168,164.596712424,52.1307136119,0.0
259.739079575,265.345418206,52.1307136119,0.0
80.5705264099,296.437127234,52.1307136119,0.0
238.24238655,67.6659934383,52.1307136119,0.0
381.510992147,354.469448382,52.1307136119,0.0
53.8793368857,159.961606273,52.1307136119,0.0
435.918469455,444.317950808,52.1307136119,0.0
220.801184299,370.274137974,52.1307136119,0.0
145.13359373,452.440661334,52.1307136119,0.0
375.477456734,141.039024265,52.1307136119,0.0
@ 770 10 0.174216027875 0.325684375354
58.5519414281,212.326543744,53.1270370175,0.0
78.2029744671,333.863325123,53.1270370175,0.0
388.075584856,445.313552492,53.1270370175,0.0
443.48678287,63.6195687333,53.1270370175,0.0
286.478298361,255.141465501,53.1270370175,0.0
306.671949275,54.6254324004,53.1270370175,0.0
272.901316468,457.013744585,53.1270370175,0.0
411.219728294,226.203735975,53.1270370175,0.0
125.037450212,433.971178758,53.1270370175,0.0
192.906919294,86.057819973,53.1270370175,0.0
@ 780 10 0.174216027875 0.338252312545
366.526482048,292.149176938,53.7753546859,0.0
437.093094953,375.194247785,53.7753546859,0.0
405.038119336,148.039717841,53.7753546859,0.0
126.315796736,66.8685858686,53.7753546859,0.0
89.1730950585,167.84821354,53.7753546859,0.0
246.595920968,283.977876108,53.7753546859,0.0
66.1270484924,428.675649745,53.7753546859,0.0
285.712370637,169.940939175,53.7753546859,0.0
199.552095931,444.623315805,53.7753546859,0.0
325.30156803,415.492886138,53.7753546859,0.0
@ 790 10 0.174216027875 0.34655817745
65.7628158888,403.133642448,51.9599050311,0.0
278.798015499,94.7423281316,51.9599050311,0.0
292.814749458,221.910013591,51.9599050311,0.0
154.769644587,292.271063377,51.9599050311,0.0
438.767778254,243.525019625,51.9599050311,0.0
229.038304893,443.256695363,51.9599050311,0.0
64.310154152,218.817750174,51.9599050311,0.0
165.263719216,105.129346429,51.9599050311,0.0
444.008536977,379.518968679,51.9599050311,0.0
315.455838719,384.735436245,51.9599050311,0.0
@ 800 10 0.174216027875 0.323553633395
127.051718741,95.47459642,44.238336739,0.0
432.989775689,201.080758811,44.238336739,0.0
151.572601078,229.167677147,44.238336739,0.0
63.4694555252,186.635364087,44.238336739,0.0
296.84134285,435.999022563,44.238336739,0.0
46.114513893,280.234786176,44.238336739,0.0
131.503894854,327.703958799,44.238336739,0.0
433.010289795,329.879507986,44.238336739,0.0
232.991060514,283.601184717,44.238336739,0.0
93.1632607218,443.842576394,44.238336739,0.0
@ 810 10 0.203075137801 0.234534730985
319.956557154,90.1986227162,52.2599531336,0.0
394.860215215,199.658405051,52.2599531336,0.0
283.538662093,416.34559157,52.2599531336,0.0
457.451559457,373.659527861,52.2599531336,0.0
58.1315195654,339.217677915,52.2599531336,0.0
57.1409332101,79.1822343443,52.2599531336,0.0
321.434654288,318.343257783,52.2599531336,0.0
121.428963272,459.225630249,52.2599531336,0.0
246.408767664,238.601297809,52.2599531336,0.0
131.281004543,162.680775114,52.2599531336,0.0
@ 820 10 0.203075137801 0.327301213688
315.887269613,63.8505744363,55.7933386157,0.0
316.869036558,295.401065695,55.7933386157,0.0
300.443141043,435.273218248,55.7933386157,0.0
232.59907482,153.765284812,55.7933386157,0.0
73.5954706268,323.644075218,55.7933386157,0.0
449.218209759,67.9849571193,55.7933386157,0.0
74.8295558,80.3644581269,55.7933386157,0.0
429.457023371,341.868033279,55.7933386157,0.0
415.408641922,188.561058623,55.7933386157,0.0
156.754460404,243.829870704,55.7933386157,0.0
@ 830 10 0.203075137801 0.373056218569
437.040630208,167.066930807,54.6827835294,0.0
401.032664318,384.859054602,54.6827835294,0.0
276.613051755,442.738652623,54.6827835294,0.0
227.339885211,65.698273418,54.6827835294,0.0
68.5210086378,176.864680925,54.6827835294,0.0
191.853238621,345.675376128,54.6827835294,0.0
360.310486391,80.1148520496,54.6827835294,0.0
100.137361692,285.684982163,54.6827835294,0.0
91.6804772273,408.576721047,54.6827835294,0.0
329.611701169,230.242623728,54.6827835294,0.0
@ 840 10 0.203075137801 0.3583528071
375.912586222,302.305150679,42.9023361427,0.0
173.536160098,359.439073172,42.9023361427,0.0
269.040806533,242.266580168,42.9023361427,0.0
347.402330946,394.211190183,42.9023361427,0.0
53.8058310043,55.6858787479,42.9023361427,0.0
154.263284991,443.513237753,42.9023361427,0.0
70.1570388335,335.736693937,42.9023361427,0.0
424.589183326,43.3639073131,42.9023361427,0.0
186.992734451,153.465573022,42.9023361427,0.0
437.265484669,449.762105391,42.9023361427,0.0
@ 850 10 0.203075137801 0.220582709222
232.998404009,448.983444941,57.4360900375,0.0
391.274329281,408.86143373,57.4360900375,0.0
118.683675188,431.392311263,57.4360900375,0.0
175.406865891,318.672584328,57.4360900375,0.0
309.003328756,138.435411771,57.4360900375,0.0
290.349834564,253.730210389,57.4360900375,0.0
450.820086718,144.296517402,57.4360900375,0.0
62.7338120494,200.000320094,57.4360900375,0.0
415.26270867,264.101880407,57.4360900375,0.0
87.338560216,68.4609201323,57.4360900375,0.0
@ 860 10 0.203075137801 0.395347793422
420.483439606,207.445646346,49.3825759974,0.0
227.273386476,290.408374667,49.3825759974,0.0
452.938955434,301.487274208,49.3825759974,0.0
156.375283335,161.797497767,49.3825759974,0.0
53.9382600946,67.4120517862,49.3825759974,0.0
85.7504618938,269.411930347,49.3825759974,0.0
276.552150618,140.448711598,49.3825759974,0.0
426.732908215,88.3774096159,49.3825759974,0.0
301.679237238,386.511624777,49.3825759974,0.0
85.8394524176,416.124389888,49.3825759974,0.0
@ 870 10 0.203075137801 0.292251713022
456.156485499,387.319757958,51.8800019979,0.0
210.708692693,161.737911753,51.8800019979,0.0
189.185643461,263.529644556,51.8800019979,0.0
297.187807561,70.1766798189,51.8800019979,0.0
56.9812685686,459.085533709,51.8800019979,0.0
57.0871051669,273.800874017,51.8800019979,0.0
424.40705548,189.79541774,51.8800019979,0.0
74.3720754117,144.577660426,51.8800019979,0.0
185.320759086,370.613997972,51.8800019979,0.0
434.785185215,86.1678817666,51.8800019979,0.0
@ 880 10 0.203075137801 0.322559288291
329.359189609,448.612465247,54.5123019025,0.0
210.065226806,106.424309485,54.5123019025,0.0
330.501661794,84.232679294,54.5123019025,0.0
219.821173321,327.636074003,54.5123019025,0.0
96.7607486086,60.8467949645,54.5123019025,0.0
364.792446283,337.143301353,54.5123019025,0.0
449.523268278,190.24988147,54.5123019025,0.0
79.6618192683,231.969479366,54.5123019025,0.0
317.872389046,207.927988611,54.5123019025,0.0
107.67284015,362.206021289,54.5123019025,0.0
@ 890 10 0.203075137801 0.35612185494
347.389522893,363.65290459,58.0275627394,0.0
446.632111132,211.375747421,58.0275627394,0.0
192.596146977,107.690749488,58.0275627394,0.0
60.7357012375,448.24215011,58.0275627394,0.0
453.631226465,424.581526619,58.0275627394,0.0
61.7664492621,265.309360282,58.0275627394,0.0
373.855319286,103.414851186,58.0275627394,0.0
201.358713767,386.71367096,58.0275627394,0.0
177.017450683,224.143096814,58.0275627394,0.0
62.6526429244,67.2562818462,58.0275627394,0.0
@ 900 10 0.203075137801 0.403532244971
322.226714111,333.361383118,57.2998545854,0.0
447.262172579,125.789902083,57.2998545854,0.0
288.076338769,171.021116266,57.2998545854,0.0
83.6227761484,197.055500038,57.2998545854,0.0
441.778271438,437.646934266,57.2998545854,0.0
78.9351196332,413.889577381,57.2998545854,0.0
62.6707099404,69.0657750886,57.2998545854,0.0
207.739854604,274.50295403,57.2998545854,0.0
315.904490502,58.9037301253,57.2998545854,0.0
435.682282088,278.334105195,57.2998545854,0.0
@ 910 10 0.243393602225 0.393474528431
235.506520903,96.8093519993,56.6120427694,0.0
61.9614356556,268.738257298,56.6120427694,0.0
418.098864519,266.1129435,56.6120427694,0.0
436.96267533,437.532877964,56.6120427694,0.0
88.3644952715,70.6398898755,56.6120427694,0.0
287.744754457,454.398562218,56.6120427694,0.0
70.1627941076,395.242823742,56.6120427694,0.0
356.495354197,61.9159588005,56.6120427694,0.0
258.485897507,331.329546018,56.6120427694,0.0
163.826372134,196.974772047,56.6120427694,0.0
@ 920 10 0.243393602225 0.384084902263
267.992029201,58.2971048253,50.7378702584,0.0
83.1722755531,107.399835988,50.7378702584,0.0
322.599480486,437.607372682,50.7378702584,0.0
55.5031152027,310.004651888,50.7378702584,0.0
248.532703681,184.075732287,50.7378702584,0.0
455.777396703,218.564519111,50.7378702584,0.0
445.191159109,114.773887457,50.7378702584,0.0
437.553279085,397.32883516,50.7378702584,0.0
115.890787736,449.954551703,50.7378702584,0.0
168.233312553,334.330926986,50.7378702584,0.0
@ 930 10 0.243393602225 0.308513413586
113.134808359,330.908172227,55.8739689372,0.0
64.7056792983,171.942731715,55.8739689372,0.0
242.79068723,444.693875666,55.8739689372,0.0
430.295044372,295.291693908,55.8739689372,0.0
414.984345749,454.254994533,55.8739689372,0.0
127.273313319,61.7529763428,55.8739689372,0.0
398.121408436,163.276751102,55.8739689372,0.0
272.810026022,292.044344512,55.8739689372,0.0
68.7675919973,434.449155154,55.8739689372,0.0
453.251474199,60.4232814093,55.8739689372,0.0
@ 940 10 0.243393602225 0.374135249813
373.295432178,183.537931924,55.5670591042,0.0
448.994701625,277.151061714,55.5670591042,0.0
106.853498637,286.541596916,55.5670591042,0.0
248.839772652,72.786583741,55.5670591042,0.0
63.9361127257,68.5503355795,55.5670591042,0.0
277.700114296,264.443386764,55.5670591042,0.0
360.556952864,384.5581523,55.5670591042,0.0
449.982302947,66.2313392565,55.5670591042,0.0
190.123271158,443.682462682,55.5670591042,0.0
79.7544339593,414.525174828,55.5670591042,0.0
@ 950 10 0.243393602225 0.370036367051
256.994059328,436.910270984,47.6089404097,0.0
77.9386020999,149.861517,47.6089404097,0.0
412.305690527,197.448422483,47.6089404097,0.0
254.43060172,247.988571153,47.6089404097,0.0
137.404559087,422.926051152,47.6089404097,0.0
448.557139452,403.119170961,47.6089404097,0.0
358.444262387,359.280233171,47.6089404097,0.0
122.973958711,246.603108502,47.6089404097,0.0
56.1000788609,354.476994861,47.6089404097,0.0
195.597585748,81.3317660595,47.6089404097,0.0
@ 960 10 0.243393602225 0.271635555328
190.220233278,67.8520836883,52.2365726059,0.0
323.716205833,114.100371373,52.2365726059,0.0
349.435167936,297.285806524,52.2365726059,0.0
58.2338779281,230.563657066,52.2365726059,0.0
220.598216054,332.991439718,52.2365726059,0.0
212.00872743,228.721802564,52.2365726059,0.0
65.8909692071,444.627890942,52.2365726059,0.0
419.690478657,180.829201174,52.2365726059,0.0
456.832839638,54.8552060862,52.2365726059,0.0
384.804417135,413.585816416,52.2365726059,0.0
@ 970 10 0.243393602225 0.32700841728
401.69278483,436.897130426,50.9573169929,0.0
53.6321723538,82.2974651986,50.9573169929,0.0
367.851346027,337.077750379,50.9573169929,0.0
56.0427915223,416.117187692,50.9573169929,0.0
211.911358153,358.292785944,50.9573169929,0.0
196.865801739,238.799358621,50.9573169929,0.0
261.9589907,457.300288333,50.9573169929,0.0
261.803485235,99.2769951334,50.9573169929,0.0
109.817250689,185.50511437,50.9573169929,0.0
435.153523801,181.291591425,50.9573169929,0.0
@ 980 10 0.243393602225 0.311187892061
349.929836909,353.16643832,50.815828208,0.0
455.342712472,138.577678304,50.815828208,0.0
58.5668978376,234.639136191,50.815828208,0.0
267.079429245,212.177974429,50.815828208,0.0
67.0200630473,336.397597412,50.815828208,0.0
447.835227254,270.722175091,50.815828208,0.0
410.35176542,449.035058815,50.815828208,0.0
314.127288299,86.333575752,50.815828208,0.0
239.172636316,419.404550922,50.815828208,0.0
119.14737398,126.860091535,50.815828208,0.0
@ 990 10 0.243393602225 0.309462194056
407.798136097,447.981157805,57.8679225848,0.0
407.459365283,321.93542917,57.8679225848,0.0
68.1556311259,198.426135919,57.8679225848,0.0
433.606105219,200.344431871,57.8679225848,0.0
288.819633371,174.866822239,57.8679225848,0.0
133.960111423,70.1390207884,57.8679225848,0.0
92.0996654674,407.942942507,57.8679225848,0.0
441.305633269,73.673612293,57.8679225848,0.0
257.862443413,58.06876832,57.8679225848,0.0
247.773074698,418.000305158,57.8679225848,0.0
@ 1000 10 0.243393602225 0.4013149767
189.455849765,426.531505068,54.4543231119,0.0
185.08925156,205.36413667,54.4543231119,0.0
298.739008068,449.958275686,54.4543231119,0.0
65.2123817265,211.202655387,54.4543231119,0.0
397.76088274,228.919413016,54.4543231119,0.0
299.701878264,179.508654688,54.4543231119,0.0
348.694200744,331.352834514,54.4543231119,0.0
451.336861462,386.875784148,54.4543231119,0.0
124.006824244,68.1868129884,54.4543231119,0.0
66.4089944456,326.37054843,54.4543231119,0.0
@ 1010 10 0.303687635575 0.355364721835
431.197661588,96.9012716624,56.0369960332,0.0
302.091555466,67.0764133253,56.0369960332,0.0
62.285179366,271.291872331,56.0369960332,0.0
298.247345042,383.826154963,56.0369960332,0.0
319.264695945,260.835180475,56.0369960332,0.0
63.9370125147,74.4792771628,56.0369960332,0.0
125.997243486,396.956415162,56.0369960332,0.0
424.451067422,434.171655043,56.0369960332,0.0
193.538543722,172.335997392,56.0369960332,0.0
442.373858454,209.783396896,56.0369960332,0.0
@ 1020 10 0.303687635575 0.376321712231
173.082936137,90.2548667777,56.5955135354,0.0
417.886679809,221.295942345,56.5955135354,0.0
61.3160197256,446.789628359,56.5955135354,0.0
285.272279073,286.483927706,56.5955135354,0.0
261.785014665,412.519336097,56.5955135354,0.0
62.7966182347,197.632716065,56.5955135354,0.0
380.160593659,94.7551053342,56.5955135354,0.0
148.881485474,363.42787897,56.5955135354,0.0
411.813569675,339.730653545,56.5955135354,0.0
175.940391932,241.976712159,56.5955135354,0.0
@ 1030 10 0.303687635575 0.383860649538
316.364186787,336.1964287,54.1812016974,0.0
176.981123404,445.822351301,54.1812016974,0.0
87.7591893932,306.629471875,54.1812016974,0.0
63.8907899164,425.763397591,54.1812016974,0.0
339.712570764,183.46607191,54.1812016974,0.0
81.4537954311,112.979431507,54.1812016974,0.0
197.156358799,173.186012024,54.1812016974,0.0
447.010792271,354.393771837,54.1812016974,0.0
206.314453542,321.927241658,54.1812016974,0.0
446.776075383,208.460714463,54.1812016974,0.0
@ 1040 10 0.303687635575 0.351808922833
203.883781946,58.8023774187,52.0904769154,0.0
261.047690614,281.894989411,52.0904769154,0.0
448.956457336,108.920573418,52.0904769154,0.0
122.074164783,446.400490128,52.0904769154,0.0
141.526517962,335.359776814,52.0904769154,0.0
378.68494556,188.374517075,52.0904769154,0.0
115.130226986,208.057641172,52.0904769154,0.0
373.047366742,385.431871028,52.0904769154,0.0
230.135767305,437.872127178,52.0904769154,0.0
76.7650753139,61.1566917556,52.0904769154,0.0
@ 1050 10 0.303687635575 0.32518181534
183.783704488,247.061760391,53.4775789194,0.0
188.863124528,375.849261585,53.4775789194,0.0
294.025519756,275.898518338,53.4775789194,0.0
228.979111427,56.3689015642,53.4775789194,0.0
342.169775916,393.369465898,53.4775789194,0.0
389.926905013,81.9156468737,53.4775789194,0.0
61.769937211,278.523285297,53.4775789194,0.0
448.135496451,417.242031116,53.4775789194,0.0
69.9187584138,414.293521258,53.4775789194,0.0
104.550813138,66.6162076466,53.4775789194,0.0
@ 1060 10 0.303687635575 0.342730739885
171.017644905,166.242641842,53.988113639,0.0
440.904797092,423.084423547,53.988113639,0.0
198.088736386,298.570275206,53.988113639,0.0
333.712287636,444.40179684,53.988113639,0.0
400.117094641,180.636511265,53.988113639,0.0
378.576242391,331.97692931,53.988113639,0.0
274.000096084,71.1533585225,53.988113639,0.0
89.1369500198,273.874837588,53.988113639,0.0
164.187179208,414.383431932,53.988113639,0.0
419.2579328,71.3263137395,53.988113639,0.0
@ 1070 10 0.303687635575 0.349305875397
215.029928995,330.348967852,58.6431171522,0.0
327.03005867,93.5059478465,58.6431171522,0.0
104.547707122,410.165078729,58.6431171522,0.0
88.5563883872,84.2820626197,58.6431171522,0.0
282.235360809,427.513882226,58.6431171522,0.0
113.743126377,269.844006923,58.6431171522,0.0
213.425278907,195.451219077,58.6431171522,0.0
397.086525154,308.846817362,58.6431171522,0.0
452.841972395,186.439053542,58.6431171522,0.0
408.90816577,438.836012847,58.6431171522,0.0
@ 1080 10 0.303687635575 0.4121389667
280.076206912,218.694751716,53.0982910189,0.0
453.37189585,435.071807329,53.0982910189,0.0
65.4143875072,144.886688755,53.0982910189,0.0
211.703882864,457.072211293,53.0982910189,0.0
276.93746709,74.0260793067,53.0982910189,0.0
131.155999027,57.5809079715,53.0982910189,0.0
180.603707288,264.672741689,53.0982910189,0.0
416.739824462,269.635532806,53.0982910189,0.0
320.373644356,415.361729517,53.0982910189,0.0
112.101008598,360.441693366,53.0982910189,0.0
@ 1090 10 0.303687635575 0.337886368179
265.662721245,63.4215052837,57.0984010793,0.0
372.249488794,120.638140563,57.0984010793,0.0
402.603322154,396.735224649,57.0984010793,0.0
57.7393844401,243.78324101,57.0984010793,0.0
68.6807194866,454.333252929,57.0984010793,0.0
281.522460717,315.323991624,57.0984010793,0.0
205.430158675,451.390912543,57.0984010793,0.0
116.144680184,59.4237959242,57.0984010793,0.0
135.857946301,337.597447049,57.0984010793,0.0
245.515188375,188.846625671,57.0984010793,0.0
@ 1100 10 0.303687635575 0.390712654718
133.163662782,261.538244144,58.1903394602,0.0
185.27905311,99.9832401326,58.1903394602,0.0
63.754502229,100.343154765,58.1903394602,0.0
209.326041448,438.610407427,58.1903394602,0.0
309.233173845,101.633833463,58.1903394602,0.0
97.8864882708,382.487272962,58.1903394602,0.0
385.960207775,450.497099857,58.1903394602,0.0
424.10438447,65.8657795645,58.1903394602,0.0
299.889477764,249.022815519,58.1903394602,0.0
411.490922973,185.83644342,58.1903394602,0.0
@ 1110 10 0.40369088812 0.405799367073
279.466577919,93.2452535189,63.0633081953,0.0
89.5154617318,406.112293131,63.0633081953,0.0
413.672246254,144.406706305,63.0633081953,0.0
199.127992694,341.203918917,63.0633081953,0.0
193.27979334,188.411204741,63.0633081953,0.0
314.065847436,262.222147694,63.0633081953,0.0
293.12195327,439.58039916,63.0633081953,0.0
67.5401584202,238.499255998,63.0633081953,0.0
66.6774095803,91.0671925736,63.0633081953,0.0
415.601644777,368.184046712,63.0633081953,0.0
@ 1120 10 0.40369088812 0.476609925798
386.363898502,434.790874227,63.1524687239,0.0
169.888595351,183.919689868,63.1524687239,0.0
114.18218829,304.750259648,63.1524687239,0.0
246.223065867,72.0201359627,63.1524687239,0.0
249.27673455,342.46794894,63.1524687239,0.0
74.9454644359,443.683034595,63.1524687239,0.0
447.699109061,64.7612511916,63.1524687239,0.0
439.214974685,282.199794495,63.1524687239,0.0
69.7932613943,83.0581979552,63.1524687239,0.0
307.246029642,188.125302551,63.1524687239,0.0
@ 1130 10 0.40369088812 0.477958565259
433.51507706,415.643951514,59.412497807,0.0
207.80716342,232.028703923,59.412497807,0.0
333.955141255,222.90309919,59.412497807,0.0
297.131662173,444.104830807,59.412497807,0.0
155.128717521,65.729823109,59.412497807,0.0
91.3944524151,368.690321795,59.412497807,0.0
340.530839364,79.9232680032,59.412497807,0.0
69.9863233991,206.43873537,59.412497807,0.0
433.722543307,288.445054782,59.412497807,0.0
450.458641987,170.44887197,59.412497807,0.0
@ 1140 10 0.40369088812 0.423024193793
191.004076516,62.0087996466,60.3572560289,0.0
277.114602787,396.449111754,60.3572560289,0.0
449.849995121,63.9972929865,60.3572560289,0.0
399.027209213,428.925336874,60.3572560289,0.0
134.587199332,265.267032699,60.3572560289,0.0
247.114777009,218.993723038,60.3572560289,0.0
88.2992079665,149.230570574,60.3572560289,0.0
74.2932722136,436.772480072,60.3572560289,0.0
403.521698327,190.825159173,60.3572560289,0.0
320.705019017,84.8001756635,60.3572560289,0.0
@ 1150 10 0.40369088812 0.436584747434
213.161336745,66.3285580997,60.8788707791,0.0
83.1085081975,212.263435028,60.8788707791,0.0
179.304128002,295.25119126,60.8788707791,0.0
174.705668788,444.476237371,60.8788707791,0.0
361.37707841,90.7727542563,60.8788707791,0.0
446.58181563,413.249789835,60.8788707791,0.0
262.085852287,196.37001349,60.8788707791,0.0
66.5148224462,78.7906037228,60.8788707791,0.0
436.737129289,286.204451132,60.8788707791,0.0
310.711465946,426.783725412,60.8788707791,0.0
@ 1160 10 0.40369088812 0.444163391332
198.205589986,86.9830491682,56.8225818652,0.0
293.968790566,339.139250625,56.8225818652,0.0
418.379353958,440.142283582,56.8225818652,0.0
405.446442896,278.386753978,56.8225818652,0.0
179.468130181,374.448613674,56.8225818652,0.0
440.023980033,113.972746796,56.8225818652,0.0
314.397512416,57.3344507343,56.8225818652,0.0
335.12826956,183.617845812,56.8225818652,0.0
77.9577188943,102.757120315,56.8225818652,0.0
82.5639114166,281.862727547,56.8225818652,0.0
@ 1170 10 0.40369088812 0.386947023166
85.5441625452,67.5598010028,54.3465082343,0.0
265.18868594,249.3051424,54.3465082343,0.0
381.50716356,210.067061796,54.3465082343,0.0
436.682994058,313.132997847,54.3465082343,0.0
154.263943299,184.364923667,54.3465082343,0.0
161.044708019,315.39654328,54.3465082343,0.0
251.169286628,124.282239919,54.3465082343,0.0
309.595658051,410.493711381,54.3465082343,0.0
350.031640103,67.9915500218,54.3465082343,0.0
100.292829211,440.99718046,54.3465082343,0.0
@ 1180 10 0.40369088812 0.353958931698
64.9734640147,439.021446237,60.3892946404,0.0
90.7669863928,161.299453919,60.3892946404,0.0
227.377458333,98.3979635678,60.3892946404,0.0
424.350337194,181.104277389,60.3892946404,0.0
427.299796971,447.927912388,60.3892946404,0.0
286.52751164,449.560637514,60.3892946404,0.0
240.457037341,274.581778281,60.3892946404,0.0
108.526743113,287.989693611,60.3892946404,0.0
381.516783781,321.393231387,60.3892946404,0.0
372.973255386,64.1671481494,60.3892946404,0.0
@ 1190 10 0.40369088812 0.437048362994
414.345978061,442.601991751,61.2286165162,0.0
286.097116853,413.134201102,61.2286165162,0.0
64.6288031784,72.4267747072,61.2286165162,0.0
109.629844358,188.779172947,61.2286165162,0.0
199.514276979,305.058478614,61.2286165162,0.0
443.74884992,309.516777687,61.2286165162,0.0
431.485909246,101.192069681,61.2286165162,0.0
279.379225124,71.1661554108,61.2286165162,0.0
325.685296783,193.495663538,61.2286165162,0.0
136.083534038,450.679743247,61.2286165162,0.0
@ 1200 10 0.40369088812 0.449281438784
441.538203886,437.108222843,64.6052182864,0.0
443.329592343,305.986145506,64.6052182864,0.0
188.675284456,239.145890147,64.6052182864,0.0
78.9537825104,309.651418748,64.6052182864,0.0
216.237568005,112.387408948,64.6052182864,0.0
325.187776254,199.72335988,64.6052182864,0.0
152.484868955,447.150495214,64.6052182864,0.0
289.290793549,424.264271724,64.6052182864,0.0
69.3396653566,76.9155565308,64.6052182864,0.0
402.717135664,78.9626718798,64.6052182864,0.0
@ 1210 10 0.601891659501 0.500201258778
421.218161383,80.5544785536,62.8393955054,0.0
373.834803013,445.977035267,62.8393955054,0.0
297.738123607,307.516090486,62.8393955054,0.0
93.1341792489,126.708192516,62.8393955054,0.0
408.260312698,207.950329243,62.8393955054,0.0
74.8949930044,289.232599419,62.8393955054,0.0
89.5910750852,447.54030172,62.8393955054,0.0
204.210970648,213.971632623,62.8393955054,0.0
208.083983092,401.65074591,62.8393955054,0.0
278.801031097,77.5829470304,62.8393955054,0.0
@ 1220 10 0.601891659501 0.473231430275
64.0333373935,71.1657830805,63.0546698085,0.0
212.023384707,77.3522639951,63.0546698085,0.0
410.567245521,83.2148763599,63.0546698085,0.0
152.74827666,211.470580151,63.0546698085,0.0
66.7150364609,340.301089343,63.0546698085,0.0
445.48359479,410.680707804,63.0546698085,0.0
304.223737082,165.824532208,63.0546698085,0.0
157.676943108,428.688692061,63.0546698085,0.0
225.146672678,321.477985611,63.0546698085,0.0
434.826922615,266.73591732,63.0546698085,0.0
@ 1230 10 0.601891659501 0.476479363065
427.095868311,280.916845618,59.5509365241,0.0
450.19841495,402.939718282,59.5509365241,0.0
72.5851705726,123.678214195,59.5509365241,0.0
399.814844678,59.7321704227,59.5509365241,0.0
160.978824817,430.599591207,59.5509365241,0.0
326.000186501,347.37191967,59.5509365241,0.0
78.6251174716,293.555630252,59.5509365241,0.0
313.20761637,163.620864819,59.5509365241,0.0
208.366053945,236.654995794,59.5509365241,0.0
243.942262612,63.2228015887,59.5509365241,0.0
@ 1240 10 0.601891659501 0.424997891531
254.515628668,215.771600755,62.3382643463,0.0
311.749796815,438.076871945,62.3382643463,0.0
299.222854441,64.0014888198,62.3382643463,0.0
170.560317108,112.349807408,62.3382643463,0.0
195.812969556,340.588098895,62.3382643463,0.0
107.115599542,435.923191852,62.3382643463,0.0
447.127501752,444.98555128,62.3382643463,0.0
92.1513638971,234.074207055,62.3382643463,0.0
438.65702646,125.544314537,62.3382643463,0.0
426.882931463,294.58085792,62.3382643463,0.0
@ 1250 10 0.601891659501 0.465713681317
369.071770665,428.769641776,61.2755784442,0.0
286.258043318,270.820967701,61.2755784442,0.0
100.157295714,395.891778298,61.2755784442,0.0
196.651413258,180.63577723,61.2755784442,0.0
89.8194589543,246.453445349,61.2755784442,0.0
393.208463254,204.213195781,61.2755784442,0.0
116.663226312,86.7793374132,61.2755784442,0.0
426.878251954,76.938613836,61.2755784442,0.0
245.783010187,388.463407523,61.2755784442,0.0
300.772813497,103.698468417,61.2755784442,0.0
@ 1260 10 0.601891659501 0.449970894638
223.790929078,74.3477417812,64.6471348253,0.0
353.183688889,67.4151661796,64.6471348253,0.0
66.4923567285,411.305900275,64.6471348253,0.0
431.381477198,178.895349411,64.6471348253,0.0
148.275190416,298.382928057,64.6471348253,0.0
88.3921529,164.594556402,64.6471348253,0.0
248.210251613,209.711104207,64.6471348253,0.0
219.643688346,428.695507631,64.6471348253,0.0
372.926650607,439.709994666,64.6471348253,0.0
379.994969213,309.505468574,64.6471348253,0.0
@ 1270 10 0.601891659501 0.500850540919
90.077592357,427.352588865,62.3210899539,0.0
73.9926869685,267.923839277,62.3210899539,0.0
119.954932689,78.3804678084,62.3210899539,0.0
193.354211105,225.439549019,62.3210899539,0.0
448.716569932,187.981175625,62.3210899539,0.0
319.154008354,203.337251258,62.3210899539,0.0
216.694339822,429.279420199,62.3210899539,0.0
296.294549083,326.913834136,62.3210899539,0.0
444.236141177,364.284044814,62.3210899539,0.0
264.983216066,71.7167165097,62.3210899539,0.0
@ 1280 10 0.601891659501 0.465457105429
170.30040452,311.021516387,64.442389911,0.0
105.626077112,422.757946611,64.442389911,0.0
437.906352071,82.1238824083,64.442389911,0.0
424.37717869,445.438407851,64.442389911,0.0
298.755486804,83.9694602472,64.442389911,0.0
247.774751051,435.472264255,64.442389911,0.0
72.2374825799,200.304172135,64.442389911,0.0
103.473111005,70.2168683317,64.442389911,0.0
196.331137344,163.482911836,64.442389911,0.0
339.629411239,313.048094704,64.442389911,0.0
@ 1290 10 0.601891659501 0.497683062177
441.19535301,73.3091568494,54.8279080431,0.0
279.566401706,207.398346702,54.8279080431,0.0
204.392717236,330.451407421,54.8279080431,0.0
57.1724010408,81.0991811138,54.8279080431,0.0
211.848999963,60.0053040986,54.8279080431,0.0
155.545817512,230.082689317,54.8279080431,0.0
147.055166557,438.075073768,54.8279080431,0.0
295.97871308,406.631275585,54.8279080431,0.0
429.014375403,330.575398039,54.8279080431,0.0
399.445930481,192.914921647,54.8279080431,0.0
@ 1300 10 0.601891659501 0.360257420708
284.022553418,305.904871065,69.0066531337,0.0
112.638368208,79.6407010267,69.0066531337,0.0
440.236798094,435.946242301,69.0066531337,0.0
197.252948553,190.325997836,69.0066531337,0.0
300.626094883,89.4008210196,69.0066531337,0.0
94.544435596,432.979733086,69.0066531337,0.0
69.2739745033,267.762237646,69.0066531337,0.0
435.31832075,276.332612061,69.0066531337,0.0
249.243027875,442.834498873,69.0066531337,0.0
441.594011938,120.244179965,69.0066531337,0.0
@ 1310 10 1.18243243243 0.570678502075
209.929669762,417.698319566,67.5438875435,0.0
225.422513626,69.7745333433,67.5438875435,0.0
356.382061268,443.722002442,67.5438875435,0.0
417.051799616,275.875962789,67.5438875435,0.0
259.119968543,290.917605524,67.5438875435,0.0
69.2343111194,99.5434415351,67.5438875435,0.0
88.9461524705,250.459351529,67.5438875435,0.0
327.577548546,171.708549414,67.5438875435,0.0
67.7059355167,430.823008918,67.5438875435,0.0
425.364769377,72.9170865651,67.5438875435,0.0
@ 1320 10 1.18243243243 0.546741059826
73.3968723087,274.491787942,68.7453570152,0.0
288.006242727,83.1372164974,68.7453570152,0.0
439.782604719,244.056517773,68.7453570152,0.0
179.086478758,185.463968921,68.7453570152,0.0
429.422413534,431.264012877,68.7453570152,0.0
441.473671253,73.3323004416,68.7453570152,0.0
274.18802677,442.259264526,68.7453570152,0.0
75.446853669,77.1321609411,68.7453570152,0.0
79.1247046321,426.35832466,68.7453570152,0.0
278.087824246,282.766532948,68.7453570152,0.0
@ 1330 10 1.18243243243 0.566364895947
84.4814214623,430.738754376,67.2461129035,0.0
82.7836493009,138.862362969,67.2461129035,0.0
230.528315936,444.146143034,67.2461129035,0.0
326.335643407,209.31604939,67.2461129035,0.0
427.013835528,299.296963059,67.2461129035,0.0
442.533838709,118.922549296,67.2461129035,0.0
385.594660615,438.169217035,67.2461129035,0.0
71.5266525545,287.050671437,67.2461129035,0.0
206.376131938,289.736405267,67.2461129035,0.0
219.33782363,86.3299599813,67.2461129035,0.0
@ 1340 10 1.18243243243 0.541930950283
67.4012740255,298.700354496,65.8184837292,0.0
82.6450761056,117.341457933,65.8184837292,0.0
116.740345158,443.695396372,65.8184837292,0.0
375.663782751,282.105461294,65.8184837292,0.0
432.944484887,88.855081355,65.8184837292,0.0
217.051600289,66.9670205879,65.8184837292,0.0
391.011020945,429.392646287,65.8184837292,0.0
316.771132139,162.901956129,65.8184837292,0.0
252.497461509,417.298891028,65.8184837292,0.0
180.930223868,214.459574207,65.8184837292,0.0
@ 1350 10 1.18243243243 0.519164908945
435.550354291,383.158098688,67.1323729813,0.0
435.622744668,237.634918195,67.1323729813,0.0
247.669742812,157.793855568,67.1323729813,0.0
68.0337207738,77.6552334926,67.1323729813,0.0
303.803506599,286.656904304,67.1323729813,0.0
72.9704059213,424.748635595,67.1323729813,0.0
396.908944553,76.2492268094,67.1323729813,0.0
168.626061857,324.037733432,67.1323729813,0.0
76.1689878269,218.283633281,67.1323729813,0.0
247.229055556,435.26254243,67.1323729813,0.0
@ 1360 10 1.18243243243 0.540099259104
445.882957823,278.260318242,65.3626192649,0.0
418.100783976,72.5308261148,65.3626192649,0.0
218.550565594,255.554232267,65.3626192649,0.0
66.6737340069,67.8935827906,65.3626192649,0.0
90.6443881172,197.683315066,65.3626192649,0.0
94.5592447444,409.45772039,65.3626192649,0.0
224.732638516,76.2386369009,65.3626192649,0.0
417.183400148,430.407785618,65.3626192649,0.0
327.215097432,179.266457502,65.3626192649,0.0
232.54597796,388.159683166,65.3626192649,0.0
@ 1370 10 1.18243243243 0.511998252243
279.456792309,85.1978746676,66.6066004848,0.0
441.693987391,74.0766143371,66.6066004848,0.0
439.991592363,282.36975717,66.6066004848,0.0
68.8843356137,259.616076116,66.6066004848,0.0
91.1261284961,445.390619464,66.6066004848,0.0
304.571345264,224.903883032,66.6066004848,0.0
195.7856967,302.252792891,66.6066004848,0.0
279.859766834,435.275205239,66.6066004848,0.0
104.584378937,93.7820752544,66.6066004848,0.0
433.683898012,419.199802544,66.6066004848,0.0
@ 1380 10 1.18243243243 0.531672405805
71.0510650503,69.7361679279,68.7209946285,0.0
293.963250766,209.169463027,68.7209946285,0.0
401.710395506,298.248708743,68.7209946285,0.0
228.607834736,73.7630185069,68.7209946285,0.0
69.6531635544,211.893537139,68.7209946285,0.0
436.758467461,436.57753676,68.7209946285,0.0
178.906867561,338.219027597,68.7209946285,0.0
299.810093875,424.032918234,68.7209946285,0.0
382.885732905,103.172683895,68.7209946285,0.0
71.6866904855,442.322482547,68.7209946285,0.0
@ 1390 10 1.18243243243 0.565963543586
310.441806922,75.6960028726,67.5275507574,0.0
306.976447937,234.688279078,67.5275507574,0.0
71.269955241,433.832886699,67.5275507574,0.0
435.520532504,129.969455226,67.5275507574,0.0
68.0017137514,263.321517622,67.5275507574,0.0
436.656572133,275.472517854,67.5275507574,0.0
201.771383284,339.688488521,67.5275507574,0.0
427.194701921,431.384214345,67.5275507574,0.0
180.797647054,184.675948439,67.5275507574,0.0
77.0467321619,84.2184426978,67.5275507574,0.0
@ 1400 10 1.18243243243 0.546476612165
298.624858944,75.5512035194,75.5047352612,0.0
285.060924952,293.237280583,75.5047352612,0.0
77.7392280834,435.876920078,75.5047352612,0.0
435.631447775,139.734686189,75.5047352612,0.0
78.449077464,284.28526297,75.5047352612,0.0
436.131567015,293.267585285,75.5047352612,0.0
229.418273096,434.41220072,75.5047352612,0.0
382.620424856,434.622518775,75.5047352612,0.0
186.964379268,177.782310411,75.5047352612,0.0
75.5636430706,75.5103393745,75.5047352612,0.0
@ 1410 10 33.3333333333 0.683215895904
293.149010121,75.6060228812,75.4188626599,0.0
284.788016637,295.906111573,75.4188626599,0.0
76.0775113906,436.42815054,75.4188626599,0.0
435.133260038,128.463470885,75.4188626599,0.0
75.6902759413,285.405008904,75.4188626599,0.0
436.476737017,283.02720991,75.4188626599,0.0
227.916837164,436.234251928,75.4188626599,0.0
391.222806711,428.214295952,75.4188626599,0.0
185.44061276,181.851415549,75.4188626599,0.0
75.5944595544,75.9398724615,75.4188626599,0.0
@ 1420 10 33.3333333333 0.681662717466
297.356636371,76.343437989,75.3844076724,0.0
284.108375512,295.85222618,75.3844076724,0.0
75.7209937493,434.720762138,75.3844076724,0.0
435.554298622,137.465417924,75.3844076724,0.0
77.3957920795,283.84654386,75.3844076724,0.0
435.7963928,289.107553255,75.3844076724,0.0
227.735779233,436.314618394,75.3844076724,0.0
388.78798418,433.424412506,75.3844076724,0.0
187.034493618,180.255452219,75.3844076724,0.0
76.2041197562,75.386879396,75.3844076724,0.0
@ 1430 10 33.3333333333 0.681040026679
296.382710595,75.6830344525,75.5172886671,0.0
284.455517086,295.323234371,75.5172886671,0.0
77.7839755167,434.178586112,75.5172886671,0.0
435.449562062,138.479745674,75.5172886671,0.0
76.0474142103,282.534476553,75.5172886671,0.0
436.341794793,293.842207355,75.5172886671,0.0
228.949715433,436.398801798,75.5172886671,0.0
382.2639366,435.29324191,75.5172886671,0.0
186.853420518,179.708274507,75.5172886671,0.0
77.2139909635,75.6080737597,75.5172886671,0.0
@ 1440 10 33.3333333333 0.683443097532
296.519982004,75.6468803366,75.365459866,0.0
284.426794141,294.489939728,75.365459866,0.0
76.800621036,434.039177606,75.365459866,0.0
435.429110211,135.920649903,75.365459866,0.0
76.6668264035,282.573015348,75.365459866,0.0
435.636916892,286.661309313,75.365459866,0.0
227.911303598,436.248526808,75.365459866,0.0
384.275160472,434.112607418,75.365459866,0.0
186.777801981,179.205961154,75.365459866,0.0
76.6115120588,75.864722899,75.365459866,0.0
@ 1450 10 33.3333333333 0.680697712047
296.001643059,76.4003579683,75.4804666394,0.0
284.268211407,294.538658101,75.4804666394,0.0
76.0902690437,436.394590029,75.4804666394,0.0
435.905668436,134.466220349,75.4804666394,0.0
76.9415340064,285.247077341,75.4804666394,0.0
435.525576057,290.229227177,75.4804666394,0.0
231.136815194,436.204624151,75.4804666394,0.0
384.709711655,436.226836788,75.4804666394,0.0
185.716160039,179.985890018,75.4804666394,0.0
76.5686542431,75.6473134597,75.4804666394,0.0
@ 1460 10 33.3333333333 0.682776769974
296.022621157,75.6442552116,75.4504295209,0.0
285.355812916,296.83443816,75.4504295209,0.0
76.2901899554,436.373372189,75.4504295209,0.0
435.413709925,134.674164842,75.4504295209,0.0
75.5854747502,283.855755207,75.4504295209,0.0
436.100745378,288.269445544,75.4504295209,0.0
227.713459144,436.326332746,75.4504295209,0.0
387.095448389,433.42251043,75.4504295209,0.0
187.108127265,180.878909524,75.4504295209,0.0
75.6718600319,77.0500210979,75.4504295209,0.0
@ 1470 10 33.3333333333 0.682233462096
297.201913861,75.7364933491,75.6195602565,0.0
285.033050718,295.391872892,75.6195602565,0.0
76.5251013822,436.298840515,75.6195602565,0.0
436.306751627,135.528118916,75.6195602565,0.0
76.1888634356,285.001128439,75.6195602565,0.0
436.336174179,288.316261412,75.6195602565,0.0
228.859924412,435.959116338,75.6195602565,0.0
390.351791516,432.734103574,75.6195602565,0.0
186.066310628,180.556473025,75.6195602565,0.0
76.3105230105,76.3473538675,75.6195602565,0.0
@ 1480 10 33.3333333333 0.685295498302
297.495506532,75.5615502961,75.3852158429,0.0
283.926986525,295.230077084,75.3852158429,0.0
76.3524235306,436.528843354,75.3852158429,0.0
436.421598596,137.061595492,75.3852158429,0.0
75.8027313641,283.523864213,75.3852158429,0.0
436.612366379,293.120165867,75.3852158429,0.0
227.525940347,435.718444283,75.3852158429,0.0
384.769294942,436.083073262,75.3852158429,0.0
187.006764146,178.428783283,75.3852158429,0.0
75.4152384807,75.6943152783,75.3852158429,0.0
@ 1490 10 33.3333333333 0.681054629152
297.874401355,76.3493236729,75.452210109,0.0
284.118846363,294.311475318,75.452210109,0.0
77.5210719719,435.339788716,75.452210109,0.0
436.138387657,137.34755297,75.452210109,0.0
76.2927074904,284.028869478,75.452210109,0.0
435.141670959,289.945279774,75.452210109,0.0
229.410125957,435.334319731,75.452210109,0.0
388.394964763,433.489059989,75.452210109,0.0
186.191560489,178.945139904,75.452210109,0.0
75.9305318258,75.7440396757,75.452210109,0.0
@ 1500 10 33.3333333333 0.682265663135
