101.359073892,244.322314063,44.3247362578,0.0
112.400341194,404.952229828,44.3247362578,0.0
327.582230907,61.325612205,44.3247362578,0.0
129.732626261,130.488691183,44.3247362578,0.0
276.454969972,388.052277981,44.3247362578,0.0
262.905147136,294.688399517,44.3247362578,0.0
458.794719265,105.666172837,44.3247362578,0.0
442.514367682,203.062024913,44.3247362578,0.0
380.150834343,271.113222698,44.3247362578,0.0
462.039698844,341.988170008,44.3247362578,0.0
@ 10 10 0.0873362445415 0.235451739958
129.856363501,269.207326205,43.0565786086,0.0
238.696903568,308.188692251,43.0565786086,0.0
53.1353652893,161.782853353,43.0565786086,0.0
431.956105948,414.926125886,43.0565786086,0.0
403.900658678,57.7117826225,43.0565786086,0.0
49.3432114184,429.951884288,43.0565786086,0.0
285.497554924,157.067248366,43.0565786086,0.0
426.065144329,314.570390954,43.0565786086,0.0
206.38016362,97.6159280408,43.0565786086,0.0
59.7178726045,59.2356046774,43.0565786086,0.0
@ 20 10 0.0873362445415 0.222171638134
249.046574127,147.590567909,44.7875732071,0.0
329.257650689,79.6818582892,44.7875732071,0.0
100.547484773,190.082588192,44.7875732071,0.0
72.6340524919,449.707156481,44.7875732071,0.0
111.53519971,321.590284449,44.7875732071,0.0
444.517066845,119.151800519,44.7875732071,0.0
298.059085588,337.827781933,44.7875732071,0.0
185.607092523,449.441169661,44.7875732071,0.0
325.258080152,241.112314932,44.7875732071,0.0
411.831702565,465.034175888,44.7875732071,0.0
@ 30 10 0.0873362445415 0.240394565763
295.65352031,466.914548167,43.9874469762,0.0
86.2750670321,313.447932127,43.9874469762,0.0
431.713058342,391.804873632,43.9874469762,0.0
55.3817640281,77.1561040306,43.9874469762,0.0
443.083772663,169.197898379,43.9874469762,0.0
269.323958706,293.60077799,43.9874469762,0.0
131.656840739,205.688382818,43.9874469762,0.0
304.115783785,68.6480476611,43.9874469762,0.0
389.007954852,92.5063251284,43.9874469762,0.0
182.549523928,341.657481373,43.9874469762,0.0
@ 40 10 0.0873362445415 0.23188203152
111.991641288,135.227043414,44.620929902,0.0
301.941314619,129.99926337,44.620929902,0.0
214.671296406,80.6673194722,44.620929902,0.0
376.24329707,229.007036892,44.620929902,0.0
387.218467342,375.683457279,44.620929902,0.0
239.940359333,253.13713819,44.620929902,0.0
153.874873588,293.962212939,44.620929902,0.0
299.572648774,332.562666311,44.620929902,0.0
433.791758388,466.350755282,44.620929902,0.0
455.880090149,89.9742736728,44.620929902,0.0
@ 50 10 0.0873362445415 0.238608998239
323.916873586,316.066144955,44.1072066121,0.0
280.579286785,95.7052809156,44.1072066121,0.0
449.42354238,153.438935659,44.1072066121,0.0
144.724890368,253.409288892,44.1072066121,0.0
427.277589032,441.147366956,44.1072066121,0.0
348.131130209,227.514380362,44.1072066121,0.0
129.65290152,56.3183012005,44.1072066121,0.0
59.104273629,308.360020168,44.1072066121,0.0
141.934765608,461.385221682,44.1072066121,0.0
255.15957777,211.58566361,44.1072066121,0.0
@ 60 10 0.0873362445415 0.233146388187
427.316100831,317.176387317,49.1442086209,0.0
355.144093236,149.04813571,49.1442086209,0.0
407.400814902,60.0476353871,49.1442086209,0.0
188.001694428,101.742795306,49.1442086209,0.0
210.690051272,457.251967037,49.1442086209,0.0
182.943640054,212.364191618,49.1442086209,0.0
446.0950465,462.11309379,49.1442086209,0.0
282.337283208,216.258723379,49.1442086209,0.0
74.4363505784,265.38151067,49.1442086209,0.0
151.949866803,364.297473846,49.1442086209,0.0
@ 70 10 0.0873362445415 0.289437151731
297.26731929,150.620607042,44.8668451016,0.0
47.1943134266,70.2842522997,44.8668451016,0.0
153.893508737,305.231657198,44.8668451016,0.0
57.331257538,411.066109161,44.8668451016,0.0
64.6824216311,259.41057288,44.8668451016,0.0
164.148875974,429.392381424,44.8668451016,0.0
321.709063161,282.345025547,44.8668451016,0.0
135.906254501,104.687275575,44.8668451016,0.0
310.127877841,435.139013292,44.8668451016,0.0
225.104384189,77.9645723386,44.8668451016,0.0
@ 80 10 0.0873362445415 0.241246292966
184.077192448,370.703369102,48.949933009,0.0
436.199170435,157.147760023,48.949933009,0.0
171.508260891,130.976742192,48.949933009,0.0
314.270388527,233.071501678,48.949933009,0.0
275.078963668,448.149461378,48.949933009,0.0
286.230764786,133.913195453,48.949933009,0.0
79.1513521577,338.21251172,48.949933009,0.0
459.641729965,366.915667436,48.949933009,0.0
450.135843257,256.497363496,48.949933009,0.0
104.398870805,211.956044552,48.949933009,0.0
@ 90 10 0.0873362445415 0.28715328404
176.808724435,359.091821072,34.0653262239,0.0
175.638160141,132.737247927,34.0653262239,0.0
54.0368398952,397.560348767,34.0653262239,0.0
476.256862107,317.224948016,34.0653262239,0.0
236.800147078,470.659837087,34.0653262239,0.0
133.597326861,55.1326634179,34.0653262239,0.0
281.140837677,84.5861706695,34.0653262239,0.0
362.271824342,167.265048777,34.0653262239,0.0
297.865837911,298.643054309,34.0653262239,0.0
259.053259472,366.834392831,34.0653262239,0.0
@ 100 10 0.0873362445415 0.139070395095
76.9748906255,164.508282829,43.2965516971,0.0
452.236210042,396.962992128,43.2965516971,0.0
248.458780335,251.293603652,43.2965516971,0.0
313.811374688,67.7748590155,43.2965516971,0.0
157.708386863,109.909881901,43.2965516971,0.0
345.401969394,266.539337949,43.2965516971,0.0
144.862680906,316.317420594,43.2965516971,0.0
461.844943382,123.81339964,43.2965516971,0.0
467.147146085,300.776284397,43.2965516971,0.0
393.043930623,467.270412821,43.2965516971,0.0
@ 110 10 0.0940354648039 0.22465505834
330.77619891,466.21583296,42.0518700509,0.0
124.799364225,310.622351798,42.0518700509,0.0
42.5109932502,175.695848377,42.0518700509,0.0
236.414862393,283.10416095,42.0518700509,0.0
224.559741029,381.299759665,42.0518700509,0.0
396.745672721,142.361062585,42.0518700509,0.0
339.052094408,210.069595504,42.0518700509,0.0
437.19464999,333.827860379,42.0518700509,0.0
68.2535576857,465.64062765,42.0518700509,0.0
81.2997056339,69.276282767,42.0518700509,0.0
@ 120 10 0.0940354648039 0.211924033541
426.557701284,426.463490374,48.660841902,0.0
462.629803331,312.547624344,48.660841902,0.0
187.269040503,79.5314772621,48.660841902,0.0
81.8569077499,367.010819769,48.660841902,0.0
183.997468344,341.277801997,48.660841902,0.0
214.720366561,245.547800737,48.660841902,0.0
60.1019161089,95.5670396344,48.660841902,0.0
416.820559255,210.145450323,48.660841902,0.0
320.116435559,444.805300285,48.660841902,0.0
295.962952009,116.551715975,48.660841902,0.0
@ 130 10 0.0940354648039 0.283771529539
76.1349469741,86.8208970732,45.795881274,0.0
460.606171441,414.136410162,45.795881274,0.0
407.427355901,162.411842763,45.795881274,0.0
181.123272646,379.28300598,45.795881274,0.0
277.992342751,106.477275515,45.795881274,0.0
169.381251265,276.201653906,45.795881274,0.0
149.186712526,156.5849843,45.795881274,0.0
74.8596051246,351.995236215,45.795881274,0.0
260.043916179,200.56378217,45.795881274,0.0
377.119021153,311.724965591,45.795881274,0.0
@ 140 10 0.0940354648039 0.251340471518
364.550491067,463.520255191,47.2730847704,0.0
425.116773635,58.8766462221,47.2730847704,0.0
295.158787452,176.40355203,47.2730847704,0.0
261.857401572,375.925618848,47.2730847704,0.0
380.957497122,342.030180563,47.2730847704,0.0
439.815674253,264.573533982,47.2730847704,0.0
53.2016644232,319.13607335,47.2730847704,0.0
70.9205651293,449.177054911,47.2730847704,0.0
102.8497389,171.246472943,47.2730847704,0.0
221.78069668,82.0709503282,47.2730847704,0.0
@ 150 10 0.0940354648039 0.267816585963
448.248029814,301.801751598,45.0941809915,0.0
174.6254788,451.084260989,45.0941809915,0.0
318.088886477,283.716418678,45.0941809915,0.0
451.336337188,203.357159015,45.0941809915,0.0
369.1687688,60.5508586376,45.0941809915,0.0
347.730822064,195.496550512,45.0941809915,0.0
396.588729671,399.639359595,45.0941809915,0.0
169.295528983,233.332833984,45.0941809915,0.0
175.939382996,103.3308199,45.0941809915,0.0
117.758669513,381.042598024,45.0941809915,0.0
@ 160 10 0.0940354648039 0.243697229065
280.627052058,222.882981803,38.9442540228,0.0
364.291016076,306.670474169,38.9442540228,0.0
238.190940086,68.6892269184,38.9442540228,0.0
52.979737046,391.983580266,38.9442540228,0.0
90.1045884202,300.524360454,38.9442540228,0.0
392.111577809,400.622278826,38.9442540228,0.0
195.577217795,264.372903557,38.9442540228,0.0
142.938391074,128.054223572,38.9442540228,0.0
114.555201518,211.708605128,38.9442540228,0.0
469.194601684,200.12497936,38.9442540228,0.0
@ 170 10 0.0940354648039 0.181759183292
301.619920092,204.291971853,48.1781247993,0.0
148.772334326,426.197213682,48.1781247993,0.0
191.828894488,180.846634116,48.1781247993,0.0
390.021280222,371.268128566,48.1781247993,0.0
442.630485821,213.57966154,48.1781247993,0.0
385.346026702,99.2196384227,48.1781247993,0.0
278.976854466,78.9935727581,48.1781247993,0.0
289.867438296,327.718077238,48.1781247993,0.0
145.18412702,272.103857114,48.1781247993,0.0
93.3223358349,187.755475255,48.1781247993,0.0
@ 180 10 0.0940354648039 0.278169409417
415.737900508,246.741284257,46.5619336943,0.0
253.392417148,247.328194915,46.5619336943,0.0
156.175456125,60.1816101386,46.5619336943,0.0
320.573716414,129.85255495,46.5619336943,0.0
278.071425794,383.64927952,46.5619336943,0.0
402.390914184,50.2719855209,46.5619336943,0.0
363.116311305,454.744384967,46.5619336943,0.0
72.8594196407,219.316568055,46.5619336943,0.0
77.9121955999,412.239032189,46.5619336943,0.0
457.092834163,357.123825488,46.5619336943,0.0
@ 190 10 0.0940354648039 0.259819414654
184.624605449,91.7423783131,46.9492742208,0.0
308.002501339,313.535861857,46.9492742208,0.0
409.062415396,351.513966429,46.9492742208,0.0
257.553897346,460.468825359,46.9492742208,0.0
318.18578635,74.0269426723,46.9492742208,0.0
91.5908758857,332.000197692,46.9492742208,0.0
381.91788683,240.910628924,46.9492742208,0.0
75.7007993046,170.67517474,46.9492742208,0.0
198.215481432,288.984051448,46.9492742208,0.0
426.61928975,134.732642896,46.9492742208,0.0
@ 200 10 0.0940354648039 0.264160178801
63.6999489798,430.368870999,49.7501539533,0.0
442.825266586,218.601669413,49.7501539533,0.0
299.170296499,281.309038054,49.7501539533,0.0
408.669661932,314.942522169,49.7501539533,0.0
199.906749305,86.3895705869,49.7501539533,0.0
456.744557858,103.475610357,49.7501539533,0.0
290.464657178,451.804036407,49.7501539533,0.0
313.641365216,166.014131479,49.7501539533,0.0
138.166056214,167.826274864,49.7501539533,0.0
162.427078754,283.452613884,49.7501539533,0.0
@ 210 10 0.101847810272 0.296618641794
123.611197092,417.522932784,46.7372689302,0.0
418.289559692,142.342122007,46.7372689302,0.0
51.4779938415,130.444248265,46.7372689302,0.0
392.4739271,413.008100617,46.7372689302,0.0
54.9585158975,301.735888895,46.7372689302,0.0
150.397621685,89.7040678473,46.7372689302,0.0
109.326729044,214.900487774,46.7372689302,0.0
399.543676969,243.702770375,46.7372689302,0.0
211.543207569,186.444879422,46.7372689302,0.0
286.397828977,354.283586578,46.7372689302,0.0
@ 220 10 0.101847810272 0.261779868931
200.467476848,260.650755188,42.9198041128,0.0
136.232409546,198.97448775,42.9198041128,0.0
464.176325869,282.920541373,42.9198041128,0.0
313.246691787,191.127657523,42.9198041128,0.0
98.1547813987,63.423140001,42.9198041128,0.0
242.670855476,335.547986923,42.9198041128,0.0
347.78555402,276.109941311,42.9198041128,0.0
139.512996767,450.928634711,42.9198041128,0.0
46.6491143916,149.535042423,42.9198041128,0.0
373.533823221,375.173487317,42.9198041128,0.0
@ 230 10 0.101847810272 0.220762369209
417.049038171,148.357434741,50.5115191759,0.0
225.373224357,127.401230882,50.5115191759,0.0
386.77678819,313.270023844,50.5115191759,0.0
59.1412554839,238.122627359,50.5115191759,0.0
151.951615034,285.34460023,50.5115191759,0.0
236.97549419,403.770225337,50.5115191759,0.0
418.017309165,415.339663208,50.5115191759,0.0
125.209011546,97.9109369888,50.5115191759,0.0
278.678050192,267.686634765,50.5115191759,0.0
105.01816722,391.556056909,50.5115191759,0.0
@ 240 10 0.101847810272 0.305766882159
223.683793103,95.2099858293,48.4458378753,0.0
130.355249409,64.0281539668,48.4458378753,0.0
300.720451128,382.656021013,48.4458378753,0.0
459.145275277,295.5174342,48.4458378753,0.0
409.906157332,157.62253945,48.4458378753,0.0
137.127749363,319.360472041,48.4458378753,0.0
111.603658736,174.097229672,48.4458378753,0.0
459.728462816,61.1018340921,48.4458378753,0.0
209.435932971,192.678147546,48.4458378753,0.0
441.911430197,420.6313949,48.4458378753,0.0
@ 250 10 0.101847810272 0.281269425969
397.060654218,83.2235021344,45.0025366665,0.0
90.8063608959,453.669234798,45.0025366665,0.0
193.065642234,118.631276068,45.0025366665,0.0
231.283553891,352.505671754,45.0025366665,0.0
132.891465988,187.444671428,45.0025366665,0.0
345.080463675,176.247324616,45.0025366665,0.0
425.070866335,273.074113873,45.0025366665,0.0
69.6548663199,94.9047153218,45.0025366665,0.0
180.904053046,464.165853541,45.0025366665,0.0
348.788502852,401.272016054,45.0025366665,0.0
@ 260 10 0.101847810272 0.242707710082
194.516234313,51.1975227774,41.7383896392,0.0
402.110082141,250.107157085,41.7383896392,0.0
310.9036916,220.695384691,41.7383896392,0.0
201.890280839,329.144894628,41.7383896392,0.0
62.8025584811,46.7888536508,41.7383896392,0.0
84.0343120449,140.054011881,41.7383896392,0.0
412.476786134,376.776337036,41.7383896392,0.0
288.76978894,64.7231809034,41.7383896392,0.0
370.272417846,115.02581989,41.7383896392,0.0
160.333036934,227.076095651,41.7383896392,0.0
@ 270 10 0.101847810272 0.208776187169
176.38369102,75.3070098687,45.1210462979,0.0
272.298309227,141.918885055,45.1210462979,0.0
444.560864736,462.462779884,45.1210462979,0.0
340.158241,217.358594373,45.1210462979,0.0
89.6044672542,129.975868698,45.1210462979,0.0
54.323055031,360.895769768,45.1210462979,0.0
180.846653513,230.903299848,45.1210462979,0.0
160.69634674,409.831391117,45.1210462979,0.0
132.097883063,311.1729918,45.1210462979,0.0
373.638262665,66.329868401,45.1210462979,0.0
@ 280 10 0.101847810272 0.243987685651
255.136409518,130.242629494,43.7821992979,0.0
266.832331841,336.087958066,43.7821992979,0.0
191.323672707,264.783266203,43.7821992979,0.0
102.608935072,364.577920392,43.7821992979,0.0
357.363184481,391.430175552,43.7821992979,0.0
437.236640389,431.990045011,43.7821992979,0.0
136.70448754,186.958847835,43.7821992979,0.0
136.252504269,464.255490414,43.7821992979,0.0
140.089637529,49.7724517667,43.7821992979,0.0
49.2975130013,201.695823218,43.7821992979,0.0
@ 290 10 0.101847810272 0.229723133216
423.353955262,51.8210207624,50.2282244439,0.0
234.579810589,195.614886686,50.2282244439,0.0
301.356131058,88.8273459381,50.2282244439,0.0
166.519670817,436.979852747,50.2282244439,0.0
175.504755081,55.8407965447,50.2282244439,0.0
188.604642098,332.059671455,50.2282244439,0.0
369.585700789,194.820981635,50.2282244439,0.0
112.481129858,188.289975661,50.2282244439,0.0
296.353233126,371.866667191,50.2282244439,0.0
454.13657038,364.019608222,50.2282244439,0.0
@ 300 10 0.101847810272 0.302346702467
454.115610304,303.84514488,42.5726248872,0.0
344.559938979,128.064006845,42.5726248872,0.0
108.311886623,77.3088079323,42.5726248872,0.0
224.795417597,451.759655703,42.5726248872,0.0
58.504766319,301.921055222,42.5726248872,0.0
307.468097283,255.846887642,42.5726248872,0.0
225.181337792,323.038785438,42.5726248872,0.0
198.768858596,144.719608205,42.5726248872,0.0
363.300908345,331.736315296,42.5726248872,0.0
89.4094815414,191.742616662,42.5726248872,0.0
@ 310 10 0.111075848937 0.217205311015
326.135716347,246.613261675,54.3108545145,0.0
259.583580541,346.267943475,54.3108545145,0.0
122.854205403,300.511281697,54.3108545145,0.0
222.253939663,73.9687848857,54.3108545145,0.0
450.745492571,415.335078477,54.3108545145,0.0
330.092719788,436.405026659,54.3108545145,0.0
380.005071468,91.9354007423,54.3108545145,0.0
97.4676056778,147.769382203,54.3108545145,0.0
444.624406387,257.073687976,54.3108545145,0.0
75.0722089203,447.686724327,54.3108545145,0.0
@ 320 10 0.111075848937 0.353494658524
408.904792066,437.433671121,45.2895176094,0.0
152.067178952,439.302328966,45.2895176094,0.0
448.827570237,149.825702588,45.2895176094,0.0
53.1916236006,201.363426984,45.2895176094,0.0
84.6503455314,79.0196071142,45.2895176094,0.0
233.62832452,205.04751954,45.2895176094,0.0
48.0796774098,372.769684786,45.2895176094,0.0
452.817690776,352.965771136,45.2895176094,0.0
125.396780092,316.540859313,45.2895176094,0.0
355.486090627,135.821387992,45.2895176094,0.0
@ 330 10 0.111075848937 0.245813071665
467.323086546,53.3120409618,42.3300551528,0.0
431.211641945,201.752662483,42.3300551528,0.0
448.895498628,426.076224147,42.3300551528,0.0
47.7908418871,376.734522953,42.3300551528,0.0
260.240955753,362.04843355,42.3300551528,0.0
322.66938814,136.546521736,42.3300551528,0.0
132.430211488,54.2181804656,42.3300551528,0.0
175.385936424,202.964386873,42.3300551528,0.0
378.420313414,367.6358669,42.3300551528,0.0
46.0943851345,68.1591321873,42.3300551528,0.0
@ 340 10 0.111075848937 0.214737183486
144.00354777,408.31754097,48.1663271446,0.0
463.481833274,391.765691063,48.1663271446,0.0
262.331386009,63.0176547148,48.1663271446,0.0
392.865357267,269.736767134,48.1663271446,0.0
303.600882784,171.856706732,48.1663271446,0.0
91.979361282,57.9428484237,48.1663271446,0.0
150.864209322,270.135477834,48.1663271446,0.0
59.9524579312,460.322733117,48.1663271446,0.0
54.7624779648,301.019980135,48.1663271446,0.0
205.765143427,163.382187125,48.1663271446,0.0
@ 350 10 0.111075848937 0.278033192209
269.446677223,45.4001268827,40.2502704045,0.0
218.921740479,330.341866977,40.2502704045,0.0
140.900974604,169.402726064,40.2502704045,0.0
417.566656898,63.8506381032,40.2502704045,0.0
316.619400243,181.156253332,40.2502704045,0.0
302.995768169,467.594728799,40.2502704045,0.0
53.7485702985,59.1612198857,40.2502704045,0.0
468.863555074,353.582480461,40.2502704045,0.0
179.530483199,59.1144009609,40.2502704045,0.0
371.615252161,269.482007088,40.2502704045,0.0
@ 360 10 0.111075848937 0.194154378295
244.871373425,298.386459852,40.4786249222,0.0
188.770537847,210.369156113,40.4786249222,0.0
420.445580687,116.888899619,40.4786249222,0.0
466.039808441,460.620922007,40.4786249222,0.0
273.249116251,89.2230395106,40.4786249222,0.0
337.799317812,166.765391254,40.4786249222,0.0
396.641943019,322.314073294,40.4786249222,0.0
465.933184442,43.4639938654,40.4786249222,0.0
146.467166611,129.920476394,40.4786249222,0.0
174.230184455,370.60461693,40.4786249222,0.0
@ 370 10 0.111075848937 0.196363645275
180.681735574,247.741463124,44.609517729,0.0
389.802545111,370.203704546,44.609517729,0.0
178.587852666,128.435722052,44.609517729,0.0
455.391864217,462.852146549,44.609517729,0.0
62.788225736,308.414697073,44.609517729,0.0
299.621373208,373.50769451,44.609517729,0.0
56.7185961577,438.225555559,44.609517729,0.0
326.5978996,92.1974542222,44.609517729,0.0
463.84100062,263.350436708,44.609517729,0.0
51.9333753272,83.4663720139,44.609517729,0.0
@ 380 10 0.111075848937 0.238486961386
110.158835374,264.182795689,47.4440091085,0.0
157.24733066,82.9694194098,47.4440091085,0.0
263.203990487,106.724679509,47.4440091085,0.0
453.81384076,67.8045156183,47.4440091085,0.0
266.712959615,440.641048999,47.4440091085,0.0
420.285870643,304.752490831,47.4440091085,0.0
54.3908084805,63.8142424914,47.4440091085,0.0
353.545262535,186.069659391,47.4440091085,0.0
246.37937634,235.807409077,47.4440091085,0.0
83.5291129857,358.453017967,47.4440091085,0.0
@ 390 10 0.111075848937 0.269756765212
172.024953748,62.7970136804,48.4125326229,0.0
326.600036374,437.636824849,48.4125326229,0.0
129.857900986,182.606782582,48.4125326229,0.0
76.4101022863,409.596340746,48.4125326229,0.0
227.91047274,376.613859015,48.4125326229,0.0
444.449177195,428.133014908,48.4125326229,0.0
372.889758269,351.440431401,48.4125326229,0.0
461.265660132,294.43859055,48.4125326229,0.0
288.58959436,135.768218645,48.4125326229,0.0
364.437072423,198.932811708,48.4125326229,0.0
@ 400 10 0.111075848937 0.280882828085
436.218034196,68.0162486056,52.8763752705,0.0
165.562569565,427.665902423,52.8763752705,0.0
103.663286052,257.345511552,52.8763752705,0.0
221.224840015,187.010224331,52.8763752705,0.0
275.023054361,77.2832907601,52.8763752705,0.0
207.507707989,301.669797073,52.8763752705,0.0
113.311189018,89.4489939277,52.8763752705,0.0
334.328439316,219.9696912,52.8763752705,0.0
434.11958009,181.670765855,52.8763752705,0.0
346.522588091,438.533719261,52.8763752705,0.0
@ 410 10 0.122142732507 0.335067986774
436.594808067,449.29732083,47.8468399045,0.0
262.176010614,338.542813741,47.8468399045,0.0
169.647228325,369.63197567,47.8468399045,0.0
148.064978053,56.2076571087,47.8468399045,0.0
422.590890364,196.52789974,47.8468399045,0.0
274.98129917,60.5913701191,47.8468399045,0.0
72.8237531188,406.285431262,47.8468399045,0.0
167.10157317,169.875302227,47.8468399045,0.0
300.739159481,249.564663825,47.8468399045,0.0
378.54375831,101.502099462,47.8468399045,0.0
@ 420 10 0.122142732507 0.274357036512
192.184934191,264.91541237,44.3424656297,0.0
61.4241206609,386.846765677,44.3424656297,0.0
309.981173195,452.905413341,44.3424656297,0.0
328.493891337,189.422876627,44.3424656297,0.0
337.239687179,48.1644831058,44.3424656297,0.0
268.190351061,343.047150057,44.3424656297,0.0
127.505674539,65.8116775752,44.3424656297,0.0
93.5048901723,262.473361076,44.3424656297,0.0
198.947114441,453.486825495,44.3424656297,0.0
456.191619019,81.404110303,44.3424656297,0.0
@ 430 10 0.122142732507 0.235640133467
222.055688511,372.946041902,50.5789565215,0.0
317.283856322,72.6927361805,50.5789565215,0.0
146.02362966,298.531589367,50.5789565215,0.0
370.016167129,327.899583801,50.5789565215,0.0
113.276995407,455.150758666,50.5789565215,0.0
427.142921635,69.7990272386,50.5789565215,0.0
78.4009904298,220.966009075,50.5789565215,0.0
315.681638236,425.478977605,50.5789565215,0.0
224.776742808,229.050620584,50.5789565215,0.0
166.511496226,145.673428825,50.5789565215,0.0
@ 440 10 0.122142732507 0.306583878839
80.4104997486,341.227253013,49.3442384355,0.0
288.897183916,356.602171334,49.3442384355,0.0
202.498078522,440.196346944,49.3442384355,0.0
422.435981161,260.970937774,49.3442384355,0.0
174.016076865,187.641896987,49.3442384355,0.0
446.088000402,61.0374850189,49.3442384355,0.0
391.247450687,462.394749041,49.3442384355,0.0
257.653448989,93.9234685808,49.3442384355,0.0
296.534017395,232.792484044,49.3442384355,0.0
458.629870592,168.492931202,49.3442384355,0.0
@ 450 10 0.122142732507 0.29179811704
111.547820959,459.044249984,51.8538701497,0.0
385.36284562,56.0579802347,51.8538701497,0.0
318.041036452,174.206422509,51.8538701497,0.0
155.967840544,331.522116479,51.8538701497,0.0
243.994083615,426.398145268,51.8538701497,0.0
99.3377891608,242.359860353,51.8538701497,0.0
194.84097957,152.928980335,51.8538701497,0.0
363.021839842,441.451967922,51.8538701497,0.0
453.945418774,146.004172399,51.8538701497,0.0
372.150479516,300.624494694,51.8538701497,0.0
@ 460 10 0.122142732507 0.322234425253
319.838807207,427.35159905,48.5099042606,0.0
95.8767027256,64.4636478635,48.5099042606,0.0
326.627258557,129.093535001,48.5099042606,0.0
396.2582576,200.019067595,48.5099042606,0.0
134.592569276,280.037129156,48.5099042606,0.0
205.212187611,139.003761746,48.5099042606,0.0
231.464675171,374.370949308,48.5099042606,0.0
457.468942368,379.979480386,48.5099042606,0.0
108.165299055,412.117669867,48.5099042606,0.0
362.202672952,308.865328412,48.5099042606,0.0
@ 470 10 0.122142732507 0.282013837925
83.2527647368,168.455988429,50.8833884385,0.0
214.254374275,74.778530571,50.8833884385,0.0
73.7861555274,330.859842694,50.8833884385,0.0
422.427826391,181.462593048,50.8833884385,0.0
162.250646437,410.547876217,50.8833884385,0.0
341.260194441,409.263680258,50.8833884385,0.0
202.216146673,315.834224091,50.8833884385,0.0
192.635246102,209.663800541,50.8833884385,0.0
93.4680744916,61.3024098525,50.8833884385,0.0
459.542533852,408.319322883,50.8833884385,0.0
@ 480 10 0.122142732507 0.310285608183
390.359791251,75.1547444562,45.6651454891,0.0
177.561317611,46.3828098346,45.6651454891,0.0
307.749037691,399.225071835,45.6651454891,0.0
444.987102472,412.584670619,45.6651454891,0.0
90.3687553901,232.20838758,45.6651454891,0.0
453.329251368,315.489461067,45.6651454891,0.0
294.306824799,300.336034731,45.6651454891,0.0
196.295163092,180.146810507,45.6651454891,0.0
179.558235002,443.522411065,45.6651454891,0.0
447.081192239,195.945225884,45.6651454891,0.0
@ 490 10 0.122142732507 0.249907491499
342.170571735,287.232142742,48.7713828651,0.0
291.90994277,446.178241583,48.7713828651,0.0
218.112600917,367.484190569,48.7713828651,0.0
71.8319141579,420.502704045,48.7713828651,0.0
286.611140853,66.9496085446,48.7713828651,0.0
146.134760498,211.73957057,48.7713828651,0.0
97.8407067364,303.326465965,48.7713828651,0.0
282.880304194,192.515419804,48.7713828651,0.0
451.275364469,274.111351711,48.7713828651,0.0
112.276966271,102.188489419,48.7713828651,0.0
@ 500 10 0.122142732507 0.285062259668
423.821941414,91.4506775659,44.8669294216,0.0
46.3160849106,419.0282352,44.8669294216,0.0
165.270902186,162.403187263,44.8669294216,0.0
60.5735769647,127.481820433,44.8669294216,0.0
370.670000269,377.442838855,44.8669294216,0.0
54.7095171429,227.983050775,44.8669294216,0.0
275.638430043,211.129575813,44.8669294216,0.0
466.711546426,268.553939324,44.8669294216,0.0
270.011668101,93.403153171,44.8669294216,0.0
168.860436251,46.8417350072,44.8669294216,0.0
@ 510 10 0.135658914729 0.241247199735
71.0504862666,359.527356747,48.2682061744,0.0
193.245374802,274.306195411,48.2682061744,0.0
461.256581156,432.428453285,48.2682061744,0.0
436.353878988,321.957982157,48.2682061744,0.0
443.220133925,68.2288078464,48.2682061744,0.0
451.736778832,199.311790457,48.2682061744,0.0
294.9961094,210.258313136,48.2682061744,0.0
151.588052541,447.660137362,48.2682061744,0.0
59.3464001964,219.23093849,48.2682061744,0.0
80.6619871923,116.653817439,48.2682061744,0.0
@ 520 10 0.135658914729 0.279210600169
214.658487733,440.445909908,45.6847810008,0.0
301.015906832,340.322968017,45.6847810008,0.0
128.124766378,316.718373014,45.6847810008,0.0
465.826310353,264.471920275,45.6847810008,0.0
288.022100793,153.579304768,45.6847810008,0.0
153.387160185,46.3529084319,45.6847810008,0.0
70.8190524451,239.41588254,45.6847810008,0.0
217.908680006,255.654040622,45.6847810008,0.0
74.7409321579,128.092539658,45.6847810008,0.0
417.336129837,420.235418366,45.6847810008,0.0
@ 530 10 0.135658914729 0.250122452665
334.71756717,52.3439476802,47.1637490085,0.0
99.4039611179,355.992984162,47.1637490085,0.0
361.142277263,199.928399999,47.1637490085,0.0
404.956594543,409.122960864,47.1637490085,0.0
253.612437824,100.812325167,47.1637490085,0.0
79.2143910422,69.2241766768,47.1637490085,0.0
62.7859396488,175.67280249,47.1637490085,0.0
438.270627431,265.744981343,47.1637490085,0.0
204.569379642,330.066352859,47.1637490085,0.0
161.35604311,207.552849114,47.1637490085,0.0
@ 540 10 0.135658914729 0.266579177057
401.938082988,209.581029302,39.658181689,0.0
271.078779038,122.954169702,39.658181689,0.0
106.707130413,112.239898634,39.658181689,0.0
124.489341316,286.942043552,39.658181689,0.0
94.4156099085,439.885135551,39.658181689,0.0
179.821428313,419.08023622,39.658181689,0.0
74.4740005588,356.987341525,39.658181689,0.0
288.315403082,296.862286167,39.658181689,0.0
407.859556185,303.977027331,39.658181689,0.0
59.912324759,212.832234813,39.658181689,0.0
@ 550 10 0.135658914729 0.188484299606
378.724539325,306.638511441,46.8519396794,0.0
431.430186149,73.5687179276,46.8519396794,0.0
78.0510241507,310.797494562,46.8519396794,0.0
160.783583829,154.776292123,46.8519396794,0.0
256.89722823,296.495787521,46.8519396794,0.0
259.691043375,199.333409533,46.8519396794,0.0
300.254624394,106.741145749,46.8519396794,0.0
93.7978680728,73.3519951744,46.8519396794,0.0
369.071440325,173.059056461,46.8519396794,0.0
290.053140524,397.319062026,46.8519396794,0.0
@ 560 10 0.135658914729 0.263066008231
378.380476446,120.823364324,44.3009132218,0.0
189.431844006,102.093817219,44.3009132218,0.0
74.082190641,48.202214597,44.3009132218,0.0
146.643138228,268.484973891,44.3009132218,0.0
214.407918389,193.688906819,44.3009132218,0.0
256.584074567,464.296168912,44.3009132218,0.0
217.06658576,361.710283958,44.3009132218,0.0
104.939453118,370.709498815,44.3009132218,0.0
80.2435570325,207.010982245,44.3009132218,0.0
402.317982488,460.654328195,44.3009132218,0.0
@ 570 10 0.135658914729 0.235198713391
144.876206122,432.012661682,52.2732188062,0.0
307.652053455,233.568992898,52.2732188062,0.0
192.950984447,56.7553571857,52.2732188062,0.0
364.061022118,339.20148679,52.2732188062,0.0
440.500333775,129.120606973,52.2732188062,0.0
69.8095012225,62.3612121545,52.2732188062,0.0
105.31600439,183.116159625,52.2732188062,0.0
282.712898696,440.856063981,52.2732188062,0.0
202.149377324,290.313274144,52.2732188062,0.0
430.776657922,243.319771477,52.2732188062,0.0
@ 580 10 0.135658914729 0.327467399133
60.6188130854,291.058123346,53.4107233781,0.0
180.828173797,137.193811087,53.4107233781,0.0
182.286210123,280.12370559,53.4107233781,0.0
327.766626706,108.141341552,53.4107233781,0.0
400.363513679,409.940953893,53.4107233781,0.0
57.0482503299,147.458054688,53.4107233781,0.0
262.169923326,401.502293505,53.4107233781,0.0
116.56467814,446.773842565,53.4107233781,0.0
357.055331223,298.352038311,53.4107233781,0.0
454.230582881,82.0598376618,53.4107233781,0.0
@ 590 10 0.135658914729 0.341874338872
370.548811486,157.575216099,46.0292996563,0.0
436.536845248,303.284510461,46.0292996563,0.0
91.2392025137,349.702235848,46.0292996563,0.0
161.639856127,422.190702096,46.0292996563,0.0
268.43669669,431.608977574,46.0292996563,0.0
212.578943631,343.368394765,46.0292996563,0.0
247.447554067,98.9148680781,46.0292996563,0.0
124.377836398,135.294487483,46.0292996563,0.0
299.792485028,309.873831075,46.0292996563,0.0
362.139646146,401.16803736,46.0292996563,0.0
@ 600 10 0.135658914729 0.253909130387
51.0463375211,79.9057103926,49.9305150966,0.0
180.246000025,55.3106555398,49.9305150966,0.0
436.606107392,318.046544935,49.9305150966,0.0
90.6127701574,215.026221674,49.9305150966,0.0
329.782447835,338.197717338,49.9305150966,0.0
285.720926476,458.403446047,49.9305150966,0.0
143.064055086,312.985299957,49.9305150966,0.0
308.194266092,63.1957330835,49.9305150966,0.0
268.863481623,232.454082197,49.9305150966,0.0
364.4966732,192.949346285,49.9305150966,0.0
@ 610 10 0.152538679451 0.298773226178
453.724401689,376.907597625,51.8091228616,0.0
180.759605006,373.145270363,51.8091228616,0.0
374.804554039,68.6882887915,51.8091228616,0.0
55.9451727651,307.152742602,51.8091228616,0.0
59.9273043346,412.776306107,51.8091228616,0.0
99.2595494567,57.0341903542,51.8091228616,0.0
247.585661918,265.426444506,51.8091228616,0.0
360.783585156,436.031598112,51.8091228616,0.0
113.346154528,202.574279573,51.8091228616,0.0
230.721731343,61.4550894997,51.8091228616,0.0
@ 620 10 0.152538679451 0.321678520935
109.345137454,147.863280082,48.714149053,0.0
292.400558339,416.269743539,48.714149053,0.0
65.221686878,268.561757136,48.714149053,0.0
357.989759129,228.207908821,48.714149053,0.0
406.038872128,81.4686542034,48.714149053,0.0
118.25999638,393.563363769,48.714149053,0.0
261.478129025,213.030603859,48.714149053,0.0
270.862339912,65.9109540881,48.714149053,0.0
236.305114488,332.745687365,48.714149053,0.0
364.15654155,341.968817829,48.714149053,0.0
@ 630 10 0.152538679451 0.284393604164
277.836215766,393.358203916,49.1257020074,0.0
127.80221042,460.245383885,49.1257020074,0.0
323.125050484,191.6199058,49.1257020074,0.0
172.042508099,55.5573153669,49.1257020074,0.0
332.695383682,297.798782103,49.1257020074,0.0
433.093540945,406.080361248,49.1257020074,0.0
156.741847555,182.862743775,49.1257020074,0.0
61.5976428416,356.600868843,49.1257020074,0.0
60.8711272246,141.362451802,49.1257020074,0.0
454.456720627,71.1519755769,49.1257020074,0.0
@ 640 10 0.152538679451 0.289219201617
407.567202918,258.709080821,43.3310505638,0.0
201.890376079,457.97739921,43.3310505638,0.0
407.688993543,63.0795138188,43.3310505638,0.0
295.475890465,442.470052469,43.3310505638,0.0
208.791522582,205.351638399,43.3310505638,0.0
354.637143511,139.440032797,43.3310505638,0.0
272.961278614,284.607544124,43.3310505638,0.0
385.530107178,345.029303613,43.3310505638,0.0
64.7523582656,365.146760124,43.3310505638,0.0
447.867529322,447.61995389,43.3310505638,0.0
@ 650 10 0.152538679451 0.225013213081
346.214301142,260.719954047,44.4639264017,0.0
283.669679578,171.533437396,44.4639264017,0.0
133.053481473,450.689209681,44.4639264017,0.0
187.251647121,195.047898083,44.4639264017,0.0
419.277141576,204.453012891,44.4639264017,0.0
197.526221824,386.201043176,44.4639264017,0.0
378.531891489,65.4490193279,44.4639264017,0.0
451.668260624,119.56181463,44.4639264017,0.0
56.3978550912,376.286296117,44.4639264017,0.0
317.694998572,443.69077687,44.4639264017,0.0
@ 660 10 0.152538679451 0.236932809948
438.978901728,88.3276217851,54.0646823904,0.0
207.986150983,457.243978035,54.0646823904,0.0
344.436270622,287.020463013,54.0646823904,0.0
282.103345529,189.202417314,54.0646823904,0.0
113.558425625,387.728214228,54.0646823904,0.0
219.353463188,298.162704584,54.0646823904,0.0
77.0097946138,88.8270674209,54.0646823904,0.0
230.04443616,91.6339832274,54.0646823904,0.0
441.178295564,228.99227822,54.0646823904,0.0
412.768995928,415.268276987,54.0646823904,0.0
@ 670 10 0.152538679451 0.350297385533
436.459344131,403.077575592,45.099908809,0.0
134.968560784,60.5140722685,45.099908809,0.0
403.482492964,170.136061224,45.099908809,0.0
173.649318951,203.809145056,45.099908809,0.0
207.664011398,332.252504185,45.099908809,0.0
64.5602298813,157.836459055,45.099908809,0.0
414.072537279,49.7873653047,45.099908809,0.0
78.306350009,295.375092391,45.099908809,0.0
198.668869424,439.714198054,45.099908809,0.0
322.523612059,466.280367978,45.099908809,0.0
@ 680 10 0.152538679451 0.24375914135
266.764847934,250.002165918,46.6685806094,0.0
453.443942514,168.747942185,46.6685806094,0.0
426.008620867,58.2999106538,46.6685806094,0.0
331.579863236,83.0576105945,46.6685806094,0.0
371.149498422,244.473006397,46.6685806094,0.0
424.963463898,320.90384282,46.6685806094,0.0
93.2882200292,98.4427014956,46.6685806094,0.0
129.41657917,366.656499183,46.6685806094,0.0
351.355282804,445.345445438,46.6685806094,0.0
237.097690703,416.261054662,46.6685806094,0.0
@ 690 10 0.152538679451 0.261010974778
377.230064558,276.295692387,53.4098387313,0.0
80.2289027808,171.567779151,53.4098387313,0.0
179.144382667,242.381453747,53.4098387313,0.0
77.1058213169,364.858026319,53.4098387313,0.0
362.530764836,385.502610457,53.4098387313,0.0
290.851939313,199.410656196,53.4098387313,0.0
145.635993671,450.049782173,53.4098387313,0.0
235.187963053,378.394783191,53.4098387313,0.0
224.22813406,64.9501401497,53.4098387313,0.0
447.496706345,93.1366584236,53.4098387313,0.0
@ 700 10 0.152538679451 0.341863013972
62.1179859012,338.898163086,52.282842879,0.0
105.601111851,131.922342012,52.282842879,0.0
248.005196596,282.788746466,52.282842879,0.0
422.861611972,172.928912503,52.282842879,0.0
102.034175754,459.599769759,52.282842879,0.0
451.990553781,62.7803142054,52.282842879,0.0
256.399773499,164.245653453,52.282842879,0.0
442.923690912,384.064380287,52.282842879,0.0
201.052777932,52.4489465773,52.282842879,0.0
324.65134906,425.244710878,52.282842879,0.0
@ 710 10 0.174216027875 0.327587990912
275.831542495,314.429334855,52.5643548343,0.0
371.824718522,240.786326663,52.5643548343,0.0
66.6949529072,295.955045332,52.5643548343,0.0
458.425107874,89.6899614483,52.5643548343,0.0
419.852992673,365.341058327,52.5643548343,0.0
357.132045527,54.788078385,52.5643548343,0.0
112.34653142,72.9962478569,52.5643548343,0.0
178.143215902,172.335906424,52.5643548343,0.0
199.431470318,440.007504937,52.5643548343,0.0
221.359360089,56.2262701606,52.5643548343,0.0
@ 720 10 0.174216027875 0.331125220544
64.7579863336,228.96595998,50.8321068068,0.0
403.695649948,118.81721562,50.8321068068,0.0
81.7676319188,52.1861862638,50.8321068068,0.0
229.852553317,217.724924021,50.8321068068,0.0
260.856607468,329.825481986,50.8321068068,0.0
158.336329529,127.007500287,50.8321068068,0.0
226.156611253,458.232263114,50.8321068068,0.0
146.921542851,344.169064845,50.8321068068,0.0
366.37420529,357.596320485,50.8321068068,0.0
408.332865966,455.392121812,50.8321068068,0.0
@ 730 10 0.174216027875 0.309660495174
305.593102963,271.40131627,52.2555499951,0.0
456.765395631,107.582909776,52.2555499951,0.0
94.7836513328,218.665470577,52.2555499951,0.0
116.731286518,107.73983496,52.2555499951,0.0
243.864696148,62.5142438306,52.2555499951,0.0
135.89320191,418.369532138,52.2555499951,0.0
169.032121267,317.664340071,52.2555499951,0.0
238.904525273,190.676058713,52.2555499951,0.0
332.75330346,140.308581671,52.2555499951,0.0
401.720089081,402.644343034,52.2555499951,0.0
@ 740 10 0.174216027875 0.327246062782
210.95722071,115.63496293,52.7320171726,0.0
149.255670575,252.344533618,52.7320171726,0.0
55.6828534594,328.013891601,52.7320171726,0.0
398.284846336,308.180510238,52.7320171726,0.0
281.156858019,275.137482849,52.7320171726,0.0
247.432786748,378.168548711,52.7320171726,0.0
332.000022976,97.3164986516,52.7320171726,0.0
405.561741835,182.214788779,52.7320171726,0.0
97.9320928247,458.492332804,52.7320171726,0.0
67.6155891385,66.2559405635,52.7320171726,0.0
@ 750 10 0.174216027875 0.333240942099
297.364835636,423.832781123,53.5405105086,0.0
205.193720702,234.482243147,53.5405105086,0.0
114.976793235,123.630006086,53.5405105086,0.0
373.392882295,172.015375747,53.5405105086,0.0
61.5308222833,267.505482304,53.5405105086,0.0
389.754119712,313.387598386,53.5405105086,0.0
423.026949919,68.1872306499,53.5405105086,0.0
185.6408805,453.169641283,53.5405105086,0.0
417.146615442,428.091772626,53.5405105086,0.0
287.851095609,89.8428178477,53.5405105086,0.0
@ 760 10 0.174216027875 0.343537854992
333.044080021,55.5860481656,51.026731848,0.0
58.6104462914,72.979403865,51.026731848,0.0
187.904404116,441.558297669,51.026731848,0.0
78.8411530562,301.43376372,51.026731848,0.0
188.052542825,76.6790866136,51.026731848,0.0
425.758349747,323.196683383,51.026731848,0.0
297.172834555,299.861979604,51.026731848,0.0
413.295287171,155.114119815,51.026731848,0.0
197.628840222,329.08770773,51.026731848,0.0
66.9672587593,456.954738462,51.026731848,0.0
@ 770 10 0.174216027875 0.312036279549
104.774213791,322.949070076,48.5898119398,0.0
50.5930676577,434.926628417,48.5898119398,0.0
73.9866579622,75.320719753,48.5898119398,0.0
394.313425587,131.459752192,48.5898119398,0.0
216.392778667,95.0379968445,48.5898119398,0.0
336.939458163,289.660273539,48.5898119398,0.0
454.03377457,242.355636482,48.5898119398,0.0
157.544842263,209.173427866,48.5898119398,0.0
365.699006176,450.458400064,48.5898119398,0.0
439.892950582,364.662969355,48.5898119398,0.0
@ 780 10 0.174216027875 0.282943694705
235.660962702,392.475350942,45.6924910219,0.0
359.479559595,356.9353064,45.6924910219,0.0
280.948202668,196.462319503,45.6924910219,0.0
400.888828684,182.384011784,45.6924910219,0.0
134.218881594,415.493305774,45.6924910219,0.0
456.161118033,332.478670443,45.6924910219,0.0
79.9718463805,180.560032931,45.6924910219,0.0
132.649542454,104.22459471,45.6924910219,0.0
455.564869008,447.8207124,45.6924910219,0.0
202.929739819,256.920390532,45.6924910219,0.0
@ 790 10 0.174216027875 0.250206883939
286.947863657,202.179871255,53.481396141,0.0
142.715372626,215.219469538,53.481396141,0.0
205.495772375,401.036355308,53.481396141,0.0
425.2009011,265.819608533,53.481396141,0.0
418.769893525,71.955441368,53.481396141,0.0
362.596873866,442.983524737,53.481396141,0.0
309.790901237,64.0201972261,53.481396141,0.0
120.980207536,57.6252599252,53.481396141,0.0
127.321501202,325.57382534,53.481396141,0.0
306.907457662,328.993405142,53.481396141,0.0
@ 800 10 0.174216027875 0.342779669769
110.067773192,83.5418335121,42.1098174657,0.0
293.072302354,258.440836681,42.1098174657,0.0
165.370509728,453.112417165,42.1098174657,0.0
264.29217689,65.1587256108,42.1098174657,0.0
267.314564264,368.063328026,42.1098174657,0.0
106.627223131,252.923632219,42.1098174657,0.0
196.196594788,151.806402308,42.1098174657,0.0
52.7252886702,350.446066551,42.1098174657,0.0
351.763749698,416.484777906,42.1098174657,0.0
372.153147065,64.3195587255,42.1098174657,0.0
@ 810 10 0.203075137801 0.212508497969
189.713108088,436.520839119,51.4642445145,0.0
451.49655812,95.3594872696,51.4642445145,0.0
309.216408365,244.143812444,51.4642445145,0.0
210.850569265,313.871769951,51.4642445145,0.0
262.087409227,76.1298007452,51.4642445145,0.0
402.44313839,299.317186535,51.4642445145,0.0
110.881176107,169.369224735,51.4642445145,0.0
221.800929611,188.2419528,51.4642445145,0.0
66.6329448457,434.087838398,51.4642445145,0.0
70.1511076455,268.678029506,51.4642445145,0.0
@ 820 10 0.203075137801 0.317410133327
244.79331669,421.00336414,54.0550314821,0.0
169.468685731,76.6352428146,54.0550314821,0.0
450.873661426,266.568729448,54.0550314821,0.0
297.016376233,64.6870667405,54.0550314821,0.0
80.11074086,406.190583366,54.0550314821,0.0
147.911443185,194.85879267,54.0550314821,0.0
152.682285613,307.587520976,54.0550314821,0.0
381.46527115,364.689266475,54.0550314821,0.0
251.583513977,226.415599812,54.0550314821,0.0
379.661243229,159.886991353,54.0550314821,0.0
@ 830 10 0.203075137801 0.35017233583
71.2516602697,200.473127981,53.8891547123,0.0
61.1520414112,65.4905396725,53.8891547123,0.0
121.669121818,333.383983104,53.8891547123,0.0
213.483037752,240.929738084,53.8891547123,0.0
436.384597146,111.936006685,53.8891547123,0.0
445.95196777,329.458821138,53.8891547123,0.0
327.879697399,138.788235245,53.8891547123,0.0
275.666398434,390.086080384,53.8891547123,0.0
379.40447805,457.494511195,53.8891547123,0.0
190.364616224,113.721166588,53.8891547123,0.0
@ 840 10 0.203075137801 0.348026510291
312.054214617,74.6616114989,52.2279446332,0.0
269.647069817,276.719459181,52.2279446332,0.0
211.314632585,148.995742495,52.2279446332,0.0
391.002255209,432.88809407,52.2279446332,0.0
126.615158337,458.413193398,52.2279446332,0.0
70.1958729322,218.118612094,52.2279446332,0.0
52.4544124474,352.15735302,52.2279446332,0.0
164.981221166,347.790966119,52.2279446332,0.0
377.031863235,206.66433806,52.2279446332,0.0
120.301256738,69.8404879986,52.2279446332,0.0
@ 850 10 0.203075137801 0.326900401514
83.1525196897,88.938061995,60.5966900892,0.0
86.3154744685,320.247982476,60.5966900892,0.0
313.991730048,325.203831761,60.5966900892,0.0
333.787084479,447.156517643,60.5966900892,0.0
84.4215518411,444.654343396,60.5966900892,0.0
404.519018822,64.7072487621,60.5966900892,0.0
432.452889378,281.138615386,60.5966900892,0.0
285.888421226,119.045140128,60.5966900892,0.0
147.167919827,207.737058398,60.5966900892,0.0
215.900935513,416.531700797,60.5966900892,0.0
@ 860 10 0.203075137801 0.440055435289
197.069422709,185.59181927,54.5517810494,0.0
251.71812715,360.562610398,54.5517810494,0.0
120.300926168,327.805363339,54.5517810494,0.0
436.25322501,192.043938982,54.5517810494,0.0
154.362317178,456.762176452,54.5517810494,0.0
348.734289801,93.764124386,54.5517810494,0.0
299.868968887,230.022758728,54.5517810494,0.0
160.246891887,55.7082728609,54.5517810494,0.0
67.2659041055,222.181154788,54.5517810494,0.0
327.936852798,450.210448799,54.5517810494,0.0
@ 870 10 0.203075137801 0.356637866101
284.350260204,273.6540881,59.9589657859,0.0
62.1005820547,288.23350791,59.9589657859,0.0
169.862987659,231.594690345,59.9589657859,0.0
118.648136187,418.300582165,59.9589657859,0.0
86.7809083682,98.2444991491,59.9589657859,0.0
254.457433481,63.4906751415,59.9589657859,0.0
446.245670936,288.030644968,59.9589657859,0.0
411.775612536,433.110836036,59.9589657859,0.0
423.798863164,77.1485381675,59.9589657859,0.0
248.142567477,428.102580885,59.9589657859,0.0
@ 880 10 0.203075137801 0.430841818567
277.092337924,278.341860222,49.4037088474,0.0
430.112065263,218.507382356,49.4037088474,0.0
78.2217981575,405.069296288,49.4037088474,0.0
454.57924647,79.5158535613,49.4037088474,0.0
193.471071074,388.690452352,49.4037088474,0.0
313.277589558,165.091509244,49.4037088474,0.0
185.53448353,231.719525943,49.4037088474,0.0
216.430174888,83.1003410063,49.4037088474,0.0
345.091822377,68.7524919947,49.4037088474,0.0
457.22927698,352.852912386,49.4037088474,0.0
@ 890 10 0.203075137801 0.292501899772
459.124789872,435.429909055,50.958545951,0.0
335.13929373,442.622081716,50.958545951,0.0
320.403443355,314.013987451,50.958545951,0.0
377.158972742,62.2693298744,50.958545951,0.0
173.469524439,378.874063942,50.958545951,0.0
331.28565289,180.064191379,50.958545951,0.0
66.5183011981,331.623327736,50.958545951,0.0
115.953536857,215.468232561,50.958545951,0.0
189.547242698,80.9588148326,50.958545951,0.0
231.034628592,256.016641965,50.958545951,0.0
@ 900 10 0.203075137801 0.311202902328
138.10649275,84.1709395406,50.2964505388,0.0
306.686640088,243.211585201,50.2964505388,0.0
81.0152012441,348.742166428,50.2964505388,0.0
449.08289685,417.643184421,50.2964505388,0.0
220.875926775,148.241278894,50.2964505388,0.0
432.734767515,292.308917412,50.2964505388,0.0
335.137808235,64.9979088505,50.2964505388,0.0
100.795029661,459.304895045,50.2964505388,0.0
343.230931412,414.472851307,50.2964505388,0.0
72.3876632065,197.347605867,50.2964505388,0.0
@ 910 10 0.243393602225 0.303168628576
191.836153774,299.779507342,53.9327433998,0.0
260.626083993,454.233993527,53.9327433998,0.0
73.880498584,350.657310465,53.9327433998,0.0
86.8988260463,84.9938417728,53.9327433998,0.0
444.073884626,339.04629293,53.9327433998,0.0
293.765364043,138.78295367,53.9327433998,0.0
404.977013057,94.3223246758,53.9327433998,0.0
373.603341428,446.253157879,53.9327433998,0.0
182.549682116,180.590206537,53.9327433998,0.0
312.225629155,350.414413461,53.9327433998,0.0
@ 920 10 0.243393602225 0.348589746218
84.7922689823,455.538958823,56.1223889399,0.0
173.171847139,349.130909009,56.1223889399,0.0
381.456027178,333.570518366,56.1223889399,0.0
68.998804879,276.157292744,56.1223889399,0.0
445.951106587,439.081303798,56.1223889399,0.0
433.622513128,68.2601747361,56.1223889399,0.0
259.293669823,89.0029770319,56.1223889399,0.0
63.7982161441,91.8705610839,56.1223889399,0.0
252.730236164,428.789096871,56.1223889399,0.0
329.360587859,231.951697554,56.1223889399,0.0
@ 930 10 0.243393602225 0.377469514291
230.843727179,188.714061882,51.8467148298,0.0
367.927185756,133.949298726,51.8467148298,0.0
406.907614576,420.624514209,51.8467148298,0.0
210.375510818,355.453986757,51.8467148298,0.0
446.97201954,206.858223591,51.8467148298,0.0
92.3666324868,342.783056284,51.8467148298,0.0
93.0224410925,228.290742101,51.8467148298,0.0
56.9140026661,446.896920629,51.8467148298,0.0
340.144199934,322.049971948,51.8467148298,0.0
232.956208808,60.970533019,51.8467148298,0.0
@ 940 10 0.243393602225 0.322145501079
378.316462388,219.829054355,50.6365266085,0.0
266.673300174,252.374483263,50.6365266085,0.0
455.186876498,380.046046796,50.6365266085,0.0
340.651408054,383.271829303,50.6365266085,0.0
77.7838361249,378.000907048,50.6365266085,0.0
188.022077308,346.586401395,50.6365266085,0.0
69.3412805938,111.121487034,50.6365266085,0.0
352.53664013,97.3833198021,50.6365266085,0.0
447.971938129,52.4122873034,50.6365266085,0.0
102.079221374,271.945524666,50.6365266085,0.0
@ 950 10 0.243393602225 0.307282197138
66.8271221551,273.259039078,53.9763262001,0.0
295.270644605,133.235455487,53.9763262001,0.0
401.921510606,57.3548961546,53.9763262001,0.0
266.949726459,344.844552105,53.9763262001,0.0
135.146464828,165.301163849,53.9763262001,0.0
224.390857282,232.586834344,53.9763262001,0.0
333.96830878,449.799565509,53.9763262001,0.0
442.166895362,406.196866768,53.9763262001,0.0
121.960303027,399.833601345,53.9763262001,0.0
453.341004758,223.91501161,53.9763262001,0.0
@ 960 10 0.243393602225 0.349153361374
319.138278965,321.888123248,50.9166327988,0.0
450.061933223,422.193214976,50.9166327988,0.0
452.231498498,146.00854378,50.9166327988,0.0
96.1546485967,334.996914526,50.9166327988,0.0
454.140282787,309.742903129,50.9166327988,0.0
363.688063943,78.1636203709,50.9166327988,0.0
274.947682579,146.792043465,50.9166327988,0.0
111.61990077,226.883790348,50.9166327988,0.0
217.874322456,452.469429198,50.9166327988,0.0
114.885044525,88.3179502858,50.9166327988,0.0
@ 970 10 0.243393602225 0.310691187158
271.34240967,206.257966845,58.7202104572,0.0
317.329265404,65.1164548061,58.7202104572,0.0
99.279226051,428.92951606,58.7202104572,0.0
345.325469533,360.073509849,58.7202104572,0.0
65.6925838222,206.832234251,58.7202104572,0.0
253.645191724,446.957508015,58.7202104572,0.0
156.420597428,302.133561597,58.7202104572,0.0
423.907264887,447.9361242,58.7202104572,0.0
96.3743207702,84.5029955997,58.7202104572,0.0
388.491646296,185.913074195,58.7202104572,0.0
@ 980 10 0.243393602225 0.413223289681
407.471410065,439.837754911,53.4804893047,0.0
72.4803767289,150.742725274,53.4804893047,0.0
151.751598587,420.042723605,53.4804893047,0.0
316.833458567,134.961418707,53.4804893047,0.0
336.740055372,242.823130878,53.4804893047,0.0
443.216126758,89.2431370678,53.4804893047,0.0
304.473212122,390.508460004,53.4804893047,0.0
441.0804912,274.213132775,53.4804893047,0.0
176.826003955,293.220713473,53.4804893047,0.0
54.3608379119,274.966177789,53.4804893047,0.0
@ 990 10 0.243393602225 0.34276804545
84.9651244705,114.455728259,50.1091916081,0.0
355.334400802,431.278953195,50.1091916081,0.0
273.130407365,160.404404958,50.1091916081,0.0
453.985414055,322.161063717,50.1091916081,0.0
232.433703183,56.5471944064,50.1091916081,0.0
424.060415992,192.624251132,50.1091916081,0.0
329.608505669,302.818438626,50.1091916081,0.0
181.329401408,215.850908553,50.1091916081,0.0
57.9725798691,282.696138049,50.1091916081,0.0
233.135316333,337.341349378,50.1091916081,0.0
@ 1000 10 0.243393602225 0.300915374106
225.457120076,161.305278526,54.1147231408,0.0
351.112461811,225.640613195,54.1147231408,0.0
109.994906922,215.20877671,54.1147231408,0.0
151.409227909,338.75340292,54.1147231408,0.0
333.815409862,117.192545394,54.1147231408,0.0
159.031719213,57.9575853613,54.1147231408,0.0
59.666314031,397.922737358,54.1147231408,0.0
404.850622432,334.422435944,54.1147231408,0.0
284.180729702,330.297684699,54.1147231408,0.0
455.872247713,107.557143928,54.1147231408,0.0
@ 1010 10 0.303687635575 0.350946136455
184.41197047,400.237644694,54.5953283891,0.0
64.1087859826,171.460501528,54.5953283891,0.0
314.168486894,270.655610109,54.5953283891,0.0
369.196213819,455.336493696,54.5953283891,0.0
161.493386189,67.5582818717,54.5953283891,0.0
147.011465878,288.764481343,54.5953283891,0.0
85.3673656896,453.172051236,54.5953283891,0.0
431.373529025,349.12155841,54.5953283891,0.0
396.513960385,183.358776312,54.5953283891,0.0
289.280882279,126.275311054,54.5953283891,0.0
@ 1020 10 0.303687635575 0.357207483769
335.244986874,199.371563974,57.9020663921,0.0
184.532815319,202.275733051,57.9020663921,0.0
417.682728627,448.643513869,57.9020663921,0.0
58.9180866727,273.881361856,57.9020663921,0.0
100.193058858,384.422237355,57.9020663921,0.0
283.92168266,437.945419214,57.9020663921,0.0
417.071138451,291.21642537,57.9020663921,0.0
126.867120319,79.9605732446,57.9020663921,0.0
308.906785465,64.0658779985,57.9020663921,0.0
451.908384171,127.622870494,57.9020663921,0.0
@ 1030 10 0.303687635575 0.401788692122
208.130778077,424.977853166,56.2954901434,0.0
205.689442337,236.991063757,56.2954901434,0.0
67.5623243216,273.274776778,56.2954901434,0.0
440.015070234,378.305230956,56.2954901434,0.0
296.381120349,158.083021562,56.2954901434,0.0
307.080734469,304.837194565,56.2954901434,0.0
72.3719549618,438.457334205,56.2954901434,0.0
420.982631864,62.9053520177,56.2954901434,0.0
77.3323397328,82.7761483336,56.2954901434,0.0
437.170375752,264.367461373,56.2954901434,0.0
@ 1040 10 0.303687635575 0.37980160296
102.192007976,88.0455109535,54.4245851907,0.0
414.402264255,384.024187147,54.4245851907,0.0
103.16239791,256.221528363,54.4245851907,0.0
392.275770304,248.137813264,54.4245851907,0.0
211.287345169,305.753096499,54.4245851907,0.0
231.727463024,55.4421448527,54.4245851907,0.0
265.092580928,400.440587118,54.4245851907,0.0
121.868308095,431.089727283,54.4245851907,0.0
406.722229401,81.238836997,54.4245851907,0.0
306.722427062,164.331342217,54.4245851907,0.0
@ 1050 10 0.303687635575 0.354976693046
141.301003671,452.034801881,56.3052083927,0.0
129.762076739,302.254503498,56.3052083927,0.0
185.481695697,202.043395077,56.3052083927,0.0
248.549596598,56.491535619,56.3052083927,0.0
278.56161817,442.995265558,56.3052083927,0.0
403.724311037,73.4390405338,56.3052083927,0.0
67.7994777958,193.189349785,56.3052083927,0.0
126.214331613,91.3950052839,56.3052083927,0.0
322.18723532,184.404704888,56.3052083927,0.0
423.636051867,281.994060041,56.3052083927,0.0
@ 1060 10 0.303687635575 0.379932744025
438.143052122,85.1269148397,50.3104766505,0.0
191.386811475,134.801251465,50.3104766505,0.0
146.225679264,391.180017305,50.3104766505,0.0
154.141232947,273.076067018,50.3104766505,0.0
438.92077261,356.186013766,50.3104766505,0.0
320.631014629,107.249615867,50.3104766505,0.0
72.8204577678,67.3530176515,50.3104766505,0.0
95.6481802048,172.648759819,50.3104766505,0.0
306.679091838,460.262522406,50.3104766505,0.0
292.390030993,312.156397511,50.3104766505,0.0
@ 1070 10 0.303687635575 0.303337740706
299.335898155,103.312039597,55.9243397246,0.0
308.249995937,455.832217755,55.9243397246,0.0
148.789499391,452.406720379,55.9243397246,0.0
92.7267595273,351.928464047,55.9243397246,0.0
215.472566826,300.750262119,55.9243397246,0.0
114.518913474,75.3372249514,55.9243397246,0.0
452.386811864,200.305768776,55.9243397246,0.0
425.001312666,70.396615218,55.9243397246,0.0
334.217664507,221.337935175,55.9243397246,0.0
182.265464569,177.897615142,55.9243397246,0.0
@ 1080 10 0.303687635575 0.37481012515
56.9646586298,290.237862471,56.0092198919,0.0
328.468901225,420.35065956,56.0092198919,0.0
414.724902358,117.472992332,56.0092198919,0.0
207.033655608,432.477632586,56.0092198919,0.0
198.594437691,240.409006738,56.0092198919,0.0
313.396610799,58.3161978615,56.0092198919,0.0
454.573054688,364.034894858,56.0092198919,0.0
121.318705909,142.02927865,56.0092198919,0.0
343.409300641,278.29613055,56.0092198919,0.0
57.2234055692,414.912224547,56.0092198919,0.0
@ 1090 10 0.303687635575 0.375948738117
318.254953831,70.1177933013,55.9716481749,0.0
103.46046334,414.257648303,55.9716481749,0.0
247.290622773,453.149400148,55.9716481749,0.0
357.469353473,216.086622241,55.9716481749,0.0
203.489107124,142.898516521,55.9716481749,0.0
450.031286706,122.187962553,55.9716481749,0.0
203.258828425,307.822521254,55.9716481749,0.0
418.108699421,373.142996553,55.9716481749,0.0
66.5133768868,89.5271570781,55.9716481749,0.0
78.5500232219,256.021376585,55.9716481749,0.0
@ 1100 10 0.303687635575 0.375444524634
69.8901569443,362.946937687,61.3150647059,0.0
310.42923211,219.258514985,61.3150647059,0.0
449.259165456,436.408994624,61.3150647059,0.0
382.413477673,104.964734166,61.3150647059,0.0
351.554583726,359.993656338,61.3150647059,0.0
66.9854700082,122.356105818,61.3150647059,0.0
143.98030442,251.32761561,61.3150647059,0.0
188.705458939,426.239291362,61.3150647059,0.0
197.878616668,107.898476102,61.3150647059,0.0
447.030028717,233.665331428,61.3150647059,0.0
@ 1110 10 0.40369088812 0.450551008076
66.7986593707,443.284060394,61.7143165393,0.0
246.469484916,327.258062171,61.7143165393,0.0
326.221099389,162.785182264,61.7143165393,0.0
424.923068913,66.7695149561,61.7143165393,0.0
177.843114094,168.807464661,61.7143165393,0.0
430.874528831,274.815073452,61.7143165393,0.0
120.608199432,314.217504207,61.7143165393,0.0
283.622341466,449.574602318,61.7143165393,0.0
79.006803765,90.503588892,61.7143165393,0.0
446.888220041,403.496359092,61.7143165393,0.0
@ 1120 10 0.40369088812 0.456437619147
230.222734648,225.521701372,53.3456993048,0.0
177.203661103,380.307815574,53.3456993048,0.0
344.316714145,135.158070017,53.3456993048,0.0
451.789079973,173.262052353,53.3456993048,0.0
53.6256788424,70.0145424348,53.3456993048,0.0
349.177550753,347.79291979,53.3456993048,0.0
320.023667324,451.749019572,53.3456993048,0.0
77.928930004,324.402745486,53.3456993048,0.0
67.8254025081,458.155741305,53.3456993048,0.0
165.953412773,137.396426582,53.3456993048,0.0
@ 1130 10 0.40369088812 0.341042426145
385.615752075,343.931969554,57.6284253629,0.0
213.596975769,316.518809744,57.6284253629,0.0
272.354648248,191.855175038,57.6284253629,0.0
96.5543638734,205.07568116,57.6284253629,0.0
446.136227657,447.83589255,57.6284253629,0.0
275.847961263,416.6134752,57.6284253629,0.0
128.116885931,436.909741778,57.6284253629,0.0
382.721661343,106.237606837,57.6284253629,0.0
167.410349148,104.619179637,57.6284253629,0.0
437.1197,231.820518677,57.6284253629,0.0
@ 1140 10 0.40369088812 0.398000016521
75.6665773233,453.661299289,57.2770112446,0.0
199.466493086,123.260758008,57.2770112446,0.0
235.752378943,427.848739114,57.2770112446,0.0
100.728882909,243.478906231,57.2770112446,0.0
434.293422783,89.9086327621,57.2770112446,0.0
215.651753089,310.158419157,57.2770112446,0.0
311.930249656,216.716391657,57.2770112446,0.0
431.041139472,243.280658575,57.2770112446,0.0
362.844344381,427.119662295,57.2770112446,0.0
67.7211409673,107.60735242,57.2770112446,0.0
@ 1150 10 0.40369088812 0.393160863373
443.192402993,67.3649324602,53.1805263939,0.0
65.9353038807,281.525399963,53.1805263939,0.0
114.055674562,114.544343655,53.1805263939,0.0
203.551421521,249.70459037,53.1805263939,0.0
213.5966849,356.750447119,53.1805263939,0.0
86.6128829707,426.031783868,53.1805263939,0.0
457.690597526,294.009180575,53.1805263939,0.0
273.76544319,133.886088514,53.1805263939,0.0
382.071077117,191.403134211,53.1805263939,0.0
273.280944111,451.890997128,53.1805263939,0.0
@ 1160 10 0.40369088812 0.338933773978
377.393172727,346.597259844,62.8671468796,0.0
132.153602183,448.179057131,62.8671468796,0.0
69.450580136,186.063761627,62.8671468796,0.0
422.022119196,192.902288545,62.8671468796,0.0
265.85412242,195.379610936,62.8671468796,0.0
247.73428522,325.03241972,62.8671468796,0.0
305.47900957,73.7277044365,62.8671468796,0.0
171.089094329,100.830135625,62.8671468796,0.0
115.174937576,304.684385907,62.8671468796,0.0
432.401703797,66.8026998759,62.8671468796,0.0
@ 1170 10 0.40369088812 0.473649503119
167.276764801,188.637685689,54.4794902489,0.0
177.377167113,446.794918095,54.4794902489,0.0
285.007923674,86.3195205753,54.4794902489,0.0
425.547400993,125.319978243,54.4794902489,0.0
289.49358011,378.055256771,54.4794902489,0.0
383.856267941,320.471296419,54.4794902489,0.0
56.1113226492,272.640356745,54.4794902489,0.0
423.23888194,443.280156109,54.4794902489,0.0
163.607635623,323.586129775,54.4794902489,0.0
77.2655251267,88.7457731622,54.4794902489,0.0
@ 1180 10 0.40369088812 0.355693275339
216.834986107,69.1052916489,58.2882108977,0.0
437.902498827,78.1313948648,58.2882108977,0.0
204.63237777,314.846614995,58.2882108977,0.0
235.363941643,448.667916911,58.2882108977,0.0
183.991983949,195.5657962,58.2882108977,0.0
385.177943193,449.1457471,58.2882108977,0.0
307.173877861,157.064337829,58.2882108977,0.0
73.1103435906,335.604967518,58.2882108977,0.0
72.1396997195,125.83328698,58.2882108977,0.0
386.201459546,313.68042153,58.2882108977,0.0
@ 1190 10 0.40369088812 0.40716555835
265.381961881,445.48466006,57.2247823999,0.0
438.326882919,79.919366909,57.2247823999,0.0
102.708002831,325.294391302,57.2247823999,0.0
218.73253695,331.849617599,57.2247823999,0.0
158.328284117,191.363804331,57.2247823999,0.0
391.675843478,428.449126973,57.2247823999,0.0
142.815689985,451.864841711,57.2247823999,0.0
432.368186076,198.8886381,57.2247823999,0.0
264.471628466,65.9913280505,57.2247823999,0.0
84.5726630756,98.3127509578,57.2247823999,0.0
@ 1200 10 0.40369088812 0.392444171808
245.485568272,61.7596207078,61.2330788397,0.0
101.346457768,134.134850502,61.2330788397,0.0
435.170291693,223.275902255,61.2330788397,0.0
185.286643008,385.235612166,61.2330788397,0.0
277.289602307,271.774616538,61.2330788397,0.0
421.431998285,448.600902869,61.2330788397,0.0
450.016860785,85.9088762445,61.2330788397,0.0
328.292706997,157.957866644,61.2330788397,0.0
105.286844977,276.035718851,61.2330788397,0.0
65.0062579816,445.065601472,61.2330788397,0.0
@ 1210 10 0.601891659501 0.449346928169
443.941893343,288.824401198,62.5093117814,0.0
431.076556367,431.654707145,62.5093117814,0.0
437.73537265,118.385617825,62.5093117814,0.0
313.259766898,134.632266287,62.5093117814,0.0
189.902969812,69.5818463459,62.5093117814,0.0
219.834756764,399.730853088,62.5093117814,0.0
83.660066058,335.057036225,62.5093117814,0.0
163.742223435,208.316882843,62.5093117814,0.0
67.5321077237,114.93205381,62.5093117814,0.0
310.84527908,261.562103568,62.5093117814,0.0
@ 1220 10 0.601891659501 0.468272893327
316.545010877,128.556238173,61.3221694518,0.0
191.302283165,127.329587922,61.3221694518,0.0
101.825251865,433.79364155,61.3221694518,0.0
265.807211683,431.954124618,61.3221694518,0.0
256.266288022,246.092781328,61.3221694518,0.0
440.270229911,88.4248825774,61.3221694518,0.0
412.660713055,220.903984922,61.3221694518,0.0
70.261540626,106.103492786,61.3221694518,0.0
114.523158823,259.320615248,61.3221694518,0.0
427.759234541,439.272363809,61.3221694518,0.0
@ 1230 10 0.601891659501 0.450655427306
300.50209474,151.322584502,57.5766731459,0.0
333.025479807,441.418863476,57.5766731459,0.0
426.563563783,350.966281579,57.5766731459,0.0
242.825332769,325.396317425,57.5766731459,0.0
429.316088205,221.809346727,57.5766731459,0.0
85.3440019048,437.796343364,57.5766731459,0.0
120.904962901,285.822359271,57.5766731459,0.0
102.987113151,127.328495747,57.5766731459,0.0
217.641477118,444.134612256,57.5766731459,0.0
434.420914349,95.8526503206,57.5766731459,0.0
@ 1240 10 0.601891659501 0.397285503344
171.880660579,362.120040795,59.9291830004,0.0
65.4314071036,293.006528989,59.9291830004,0.0
190.850030568,65.8893089115,59.9291830004,0.0
150.221229647,180.150454349,59.9291830004,0.0
405.505055645,282.030761902,59.9291830004,0.0
81.6623355351,448.035942515,59.9291830004,0.0
390.909992441,151.659469489,59.9291830004,0.0
445.423797984,451.307307641,59.9291830004,0.0
297.214403404,427.176703131,59.9291830004,0.0
275.214673909,223.525224605,59.9291830004,0.0
@ 1250 10 0.601891659501 0.430413909831
66.6836045871,93.8446069874,62.060547583,0.0
101.008467069,448.312286388,62.060547583,0.0
243.646984854,321.404592359,62.060547583,0.0
75.7461220599,306.334157214,62.060547583,0.0
426.912980452,140.893354273,62.060547583,0.0
178.402852613,211.52288673,62.060547583,0.0
278.256268053,447.155088342,62.060547583,0.0
280.556670454,131.50796844,62.060547583,0.0
431.905647466,428.782844963,62.060547583,0.0
442.953281281,290.280583811,62.060547583,0.0
@ 1260 10 0.601891659501 0.461573418486
323.955399258,82.6554137779,60.7778088455,0.0
145.596965355,305.28306906,60.7778088455,0.0
70.7599850846,162.792263898,60.7778088455,0.0
444.460767911,102.832732615,60.7778088455,0.0
402.556867958,271.543628019,60.7778088455,0.0
209.800995372,148.107944944,60.7778088455,0.0
269.671597129,254.905129987,60.7778088455,0.0
93.2273681521,435.288256424,60.7778088455,0.0
264.717878713,411.486085385,60.7778088455,0.0
428.952323288,442.784684061,60.7778088455,0.0
@ 1270 10 0.601891659501 0.442689948989
71.0201858434,346.164013248,59.6088834309,0.0
279.811311351,110.550082312,59.6088834309,0.0
148.440157153,65.5171323308,59.6088834309,0.0
434.56967085,186.300576772,59.6088834309,0.0
289.025721964,451.564305811,59.6088834309,0.0
383.654247991,310.807852669,59.6088834309,0.0
241.776976154,223.750472841,59.6088834309,0.0
81.3562043883,172.961164666,59.6088834309,0.0
405.705132329,68.4265254243,59.6088834309,0.0
435.573095562,426.205144785,59.6088834309,0.0
@ 1280 10 0.601891659501 0.425825394728
68.9757346586,102.085771499,60.8580871354,0.0
86.6352953354,355.436107477,60.8580871354,0.0
134.797292679,213.44685573,60.8580871354,0.0
448.34599067,367.401639434,60.8580871354,0.0
260.160902764,175.62676433,60.8580871354,0.0
208.005050409,64.7088273248,60.8580871354,0.0
436.632946708,83.7048924801,60.8580871354,0.0
210.164724841,318.445087899,60.8580871354,0.0
379.684847265,202.912553299,60.8580871354,0.0
311.449195961,394.655915416,60.8580871354,0.0
@ 1290 10 0.601891659501 0.443860174212
65.1604591883,272.213471809,62.1030167736,0.0
441.71159019,69.2542244266,62.1030167736,0.0
428.67852286,235.801956524,62.1030167736,0.0
67.7845400762,105.301621584,62.1030167736,0.0
192.848290174,73.41642741,62.1030167736,0.0
125.955400289,447.32500161,62.1030167736,0.0
283.818636271,190.191723581,62.1030167736,0.0
283.588318148,411.083142982,62.1030167736,0.0
424.93053124,376.679467445,62.1030167736,0.0
189.155274861,280.463257062,62.1030167736,0.0
@ 1300 10 0.601891659501 0.462205361241
378.3043286,245.795918397,64.5222140518,0.0
433.517004547,126.778413314,64.5222140518,0.0
235.104410726,297.970123504,64.5222140518,0.0
69.4893959065,93.9104734883,64.5222140518,0.0
68.7634988435,328.067748617,64.5222140518,0.0
141.205408325,436.737121353,64.5222140518,0.0
296.421521662,72.3433352677,64.5222140518,0.0
277.881708252,438.473096448,64.5222140518,0.0
140.104873726,203.547601356,64.5222140518,0.0
413.799229752,399.231889264,64.5222140518,0.0
@ 1310 10 1.18243243243 0.498916775815
333.351718803,377.459923163,64.453134655,0.0
419.937535312,102.902352373,64.453134655,0.0
213.493348845,308.053211486,64.453134655,0.0
197.279619712,156.616817388,64.453134655,0.0
66.0487665112,254.837640656,64.453134655,0.0
75.8624634563,401.926013277,64.453134655,0.0
341.740365198,225.039878066,64.453134655,0.0
218.479376065,438.538029319,64.453134655,0.0
66.0291151749,79.2244521547,64.453134655,0.0
446.048312228,443.166365442,64.453134655,0.0
@ 1320 10 1.18243243243 0.49784903749
289.902819288,436.716948028,66.6856432815,0.0
309.040287137,272.605222148,66.6856432815,0.0
444.398840866,115.031724781,66.6856432815,0.0
283.144057123,135.68286377,66.6856432815,0.0
185.070237659,336.703075968,66.6856432815,0.0
133.648708515,204.687571493,66.6856432815,0.0
443.553222702,250.507270382,66.6856432815,0.0
80.0839588803,443.243103436,66.6856432815,0.0
143.996861153,67.7654320567,66.6856432815,0.0
442.483453785,384.653190498,66.6856432815,0.0
@ 1330 10 1.18243243243 0.532935037714
255.469722579,269.257691413,66.635684229,0.0
418.746433516,87.6414654563,66.635684229,0.0
134.3389084,200.294761467,66.635684229,0.0
428.437052486,242.727880957,66.635684229,0.0
179.369966448,445.0635691,66.635684229,0.0
257.766540491,94.2489970771,66.635684229,0.0
72.6609878825,345.13368889,66.635684229,0.0
306.941464964,402.443836187,66.635684229,0.0
68.2866315981,84.2883316477,66.635684229,0.0
440.702131888,405.423119743,66.635684229,0.0
@ 1340 10 1.18243243243 0.532136816241
365.796713828,189.20476007,65.6870439137,0.0
444.830939567,319.120604515,65.6870439137,0.0
240.144550136,241.153745195,65.6870439137,0.0
427.951821615,72.3693150202,65.6870439137,0.0
73.4970685928,272.210540491,65.6870439137,0.0
215.798866971,442.032998685,65.6870439137,0.0
216.990828699,95.8100539082,65.6870439137,0.0
76.9313584623,420.884242008,65.6870439137,0.0
69.4583032368,135.495698651,65.6870439137,0.0
344.537452416,409.880257439,65.6870439137,0.0
@ 1350 10 1.18243243243 0.517093429955
443.810588468,423.283294321,67.1630715493,0.0
302.160354925,200.147375943,67.1630715493,0.0
81.1447635237,102.672787706,67.1630715493,0.0
431.330152023,266.147818824,67.1630715493,0.0
216.534540868,90.31930574,67.1630715493,0.0
159.992617358,230.952553339,67.1630715493,0.0
413.942820898,118.101286384,67.1630715493,0.0
201.032971493,440.901831875,67.1630715493,0.0
75.2224326759,335.507385056,67.1630715493,0.0
297.55951091,338.227133576,67.1630715493,0.0
@ 1360 10 1.18243243243 0.54059332967
428.376355835,273.649109628,68.6370186562,0.0
106.485628324,102.292854117,68.6370186562,0.0
72.7544473117,244.086895371,68.6370186562,0.0
300.47656898,329.4979519,68.6370186562,0.0
289.643827683,83.7139375462,68.6370186562,0.0
230.947226832,207.980923344,68.6370186562,0.0
438.342080488,108.743642199,68.6370186562,0.0
402.524611981,422.410000411,68.6370186562,0.0
74.7470719402,407.792339019,68.6370186562,0.0
209.427051392,437.789818201,68.6370186562,0.0
@ 1370 10 1.18243243243 0.564581191649
205.408735274,440.896350376,62.527396494,0.0
339.33469406,75.4760469927,62.527396494,0.0
257.796747925,186.297085712,62.527396494,0.0
442.594470581,421.564283617,62.527396494,0.0
340.109835696,342.683368845,62.527396494,0.0
190.061743546,73.1873743498,62.527396494,0.0
448.486921809,185.436616537,62.527396494,0.0
78.2635439447,445.248515176,62.527396494,0.0
153.898895225,287.500312564,62.527396494,0.0
80.5901939165,158.871012899,62.527396494,0.0
@ 1380 10 1.18243243243 0.468543886735
126.100897628,308.288450069,66.4715156373,0.0
354.932206587,310.573468302,66.4715156373,0.0
358.144421103,80.5807557167,66.4715156373,0.0
265.639167885,416.801688959,66.4715156373,0.0
443.913045716,189.091143473,66.4715156373,0.0
271.411308085,186.579016182,66.4715156373,0.0
440.725491785,422.235142595,66.4715156373,0.0
102.786952825,439.335984958,66.4715156373,0.0
181.052979133,70.6528801845,66.4715156373,0.0
80.1161307111,159.48897385,66.4715156373,0.0
@ 1390 10 1.18243243243 0.529518023045
211.951169585,286.256857594,67.9957989275,0.0
422.147235783,438.0777728,67.9957989275,0.0
432.190871429,297.264533875,67.9957989275,0.0
311.313033361,191.481692907,67.9957989275,0.0
403.415774392,76.3024242472,67.9957989275,0.0
70.7840732279,380.01754356,67.9957989275,0.0
244.379642536,434.604326163,67.9957989275,0.0
70.0481026539,241.029079027,67.9957989275,0.0
223.408490243,69.9642086419,67.9957989275,0.0
69.514873948,69.4039065131,67.9957989275,0.0
@ 1400 10 1.18243243243 0.554081622353
218.02079159,285.33946903,75.3259353339,0.0
382.051750456,436.267734837,75.3259353339,0.0
436.46224976,293.991412347,75.3259353339,0.0
331.683681289,185.232799284,75.3259353339,0.0
436.198612698,76.4591767009,75.3259353339,0.0
78.3471507356,401.515995834,75.3259353339,0.0
230.537623666,435.778168624,75.3259353339,0.0
75.9780874999,234.595586918,75.3259353339,0.0
226.536178583,75.638323218,75.3259353339,0.0
75.3476867762,77.723844371,75.3259353339,0.0
@ 1410 10 33.3333333333 0.67998393139
218.850948836,284.384153579,75.4544260141,0.0
371.505237594,436.273312641,75.4544260141,0.0
435.194878976,299.342109213,75.4544260141,0.0
333.776673837,186.549317081,75.4544260141,0.0
436.460804071,75.6063234698,75.4544260141,0.0
77.728533528,383.26612488,75.4544260141,0.0
219.240019219,436.363424489,75.4544260141,0.0
75.9801846602,231.411534662,75.4544260141,0.0
227.951763101,77.0452172087,75.4544260141,0.0
76.7114349504,79.5412950883,75.4544260141,0.0
@ 1420 10 33.3333333333 0.682305737725
216.622640965,284.313273556,75.3541988443,0.0
368.774279498,435.010190424,75.3541988443,0.0
436.458910138,298.853717872,75.3541988443,0.0
333.700949002,188.149773989,75.3541988443,0.0
436.321532938,75.4738560771,75.3541988443,0.0
76.7384016976,378.542272888,75.3541988443,0.0
216.424561334,436.513567322,75.3541988443,0.0
76.0554347703,227.765738578,75.3541988443,0.0
231.175867851,75.5829253787,75.3541988443,0.0
76.7422497516,76.6396014619,75.3541988443,0.0
@ 1430 10 33.3333333333 0.680494309082
216.442537683,284.647003361,75.4875038406,0.0
369.456966593,435.978452818,75.4875038406,0.0
436.081926269,299.643090184,75.4875038406,0.0
333.252052341,188.389160796,75.4875038406,0.0
436.459395121,75.88961614,75.4875038406,0.0
76.5910100061,380.321565127,75.4875038406,0.0
217.61796812,436.409641043,75.4875038406,0.0
75.5063515127,228.289949942,75.4875038406,0.0
230.658442476,77.574370085,75.4875038406,0.0
78.9863166339,77.2003170947,75.4875038406,0.0
@ 1440 10 33.3333333333 0.682904089311
216.20173761,285.054569015,75.4013446779,0.0
381.793746163,436.256000984,75.4013446779,0.0
436.574180766,294.512563211,75.4013446779,0.0
331.373859876,186.261184011,75.4013446779,0.0
436.412622373,75.7662474065,75.4013446779,0.0
77.1231943536,388.116427319,75.4013446779,0.0
222.005108473,436.222065216,75.4013446779,0.0
75.4083720641,228.211936186,75.4013446779,0.0
227.88639285,75.5989856287,75.4013446779,0.0
76.3660107161,75.7577572492,75.4013446779,0.0
@ 1450 10 33.3333333333 0.681346086641
216.562609366,283.866332441,75.4644735862,0.0
374.544302278,435.673550674,75.4644735862,0.0
436.533144954,295.176418669,75.4644735862,0.0
331.43284928,185.532528969,75.4644735862,0.0
435.969094322,76.4251895421,75.4644735862,0.0
75.9312535055,395.134562871,75.4644735862,0.0
222.799748149,435.269483241,75.4644735862,0.0
76.0303656263,228.345341476,75.4644735862,0.0
227.15658092,75.9443749501,75.4644735862,0.0
75.8870537728,76.7821055175,75.4644735862,0.0
@ 1460 10 33.3333333333 0.682487462586
218.41298082,284.664351975,75.4344824775,0.0
370.836444547,435.158600555,75.4344824775,0.0
435.90328695,297.592487982,75.4344824775,0.0
333.09340042,186.492444346,75.4344824775,0.0
436.026592568,75.9261657948,75.4344824775,0.0
76.4172128772,384.472719931,75.4344824775,0.0
219.648748252,435.825989124,75.4344824775,0.0
75.9084727825,229.559578236,75.4344824775,0.0
229.467486533,75.7024245121,75.4344824775,0.0
77.8181672116,77.8277724873,75.4344824775,0.0
@ 1470 10 33.3333333333 0.681945101727
215.656573065,284.680814185,75.4986065114,0.0
370.591047712,435.087432456,75.4986065114,0.0
436.442601969,298.80844102,75.4986065114,0.0
332.863943277,187.743032093,75.4986065114,0.0
436.138697122,76.929895356,75.4986065114,0.0
76.1665415047,380.771306712,75.4986065114,0.0
216.819637231,436.28372684,75.4986065114,0.0
75.5269375163,228.137826878,75.4986065114,0.0
230.48055837,76.2657581631,75.4986065114,0.0
78.763726158,75.6981422711,75.4986065114,0.0
@ 1480 10 33.3333333333 0.683104986585
215.44187367,285.154511418,75.3778062392,0.0
374.258373831,434.561196067,75.3778062392,0.0
436.493372521,296.723993517,75.3778062392,0.0
331.670379276,187.693212273,75.3778062392,0.0
434.058190075,75.5112483044,75.3778062392,0.0
77.2312051125,381.910243189,75.3778062392,0.0
222.6611182,436.422220449,75.3778062392,0.0
75.9263767059,226.700606877,75.3778062392,0.0
228.548875251,77.3596360954,75.3778062392,0.0
77.6003920603,75.4861689764,75.3778062392,0.0
@ 1490 10 33.3333333333 0.680920754178
216.285745769,285.280810719,75.4894772503,0.0
373.454222428,436.063638783,75.4894772503,0.0
435.140783741,297.574122191,75.4894772503,0.0
332.355796112,186.206880935,75.4894772503,0.0
435.431062193,75.5180713065,75.4894772503,0.0
78.2869108429,383.356950661,75.4894772503,0.0
222.35224661,436.44781367,75.4894772503,0.0
75.5234952382,229.919713408,75.4894772503,0.0
228.834504797,75.9163696187,75.4894772503,0.0
76.2369443051,78.7155069064,75.4894772503,0.0
@ 1500 10 33.3333333333 0.682939795015
