122.647255311,48.9471989513,43.2061157348,0.0
233.068768133,419.525960639,43.2061157348,0.0
65.851580481,356.561170086,43.2061157348,0.0
297.975459274,92.8390173657,43.2061157348,0.0
93.2318206096,264.636672209,43.2061157348,0.0
241.831519587,280.313030843,43.2061157348,0.0
261.579246259,192.732857841,43.2061157348,0.0
353.199884016,401.001227706,43.2061157348,0.0
459.280376702,122.618997662,43.2061157348,0.0
453.460636481,431.798916173,43.2061157348,0.0
@ 10 10 0.0873362445415 0.223717538973
261.842731943,72.373676318,36.3591386428,0.0
443.234647028,224.438773159,36.3591386428,0.0
272.05705483,203.453760391,36.3591386428,0.0
213.388574383,429.290921089,36.3591386428,0.0
448.550488674,418.325787985,36.3591386428,0.0
382.861594739,181.129559628,36.3591386428,0.0
414.894723568,98.7529847392,36.3591386428,0.0
167.991728577,188.113778974,36.3591386428,0.0
53.2876369426,295.017088574,36.3591386428,0.0
113.929186495,73.0781084383,36.3591386428,0.0
@ 20 10 0.0873362445415 0.158429757027
400.620922717,140.845910125,37.317059715,0.0
473.815371351,72.9830749249,37.317059715,0.0
100.11322276,441.737563608,37.317059715,0.0
299.623439152,121.665810164,37.317059715,0.0
248.515045716,446.491438232,37.317059715,0.0
474.019168362,383.734104656,37.317059715,0.0
179.582505438,348.686028132,37.317059715,0.0
72.6255243886,331.800229029,37.317059715,0.0
327.546042452,292.026736209,37.317059715,0.0
148.698328197,279.037792441,37.317059715,0.0
@ 30 10 0.0873362445415 0.166887734406
436.56829404,359.689696878,41.4366724624,0.0
65.071584929,43.9344930723,41.4366724624,0.0
139.618270633,398.135167742,41.4366724624,0.0
338.206245354,315.468062736,41.4366724624,0.0
361.066113253,51.6906831668,41.4366724624,0.0
468.978283454,462.115297395,41.4366724624,0.0
283.832823807,381.472968859,41.4366724624,0.0
314.625048461,176.435588091,41.4366724624,0.0
159.282418311,266.491115126,41.4366724624,0.0
228.853911175,99.5176202771,41.4366724624,0.0
@ 40 10 0.0873362445415 0.205768707133
160.513111747,389.408089661,44.8877227177,0.0
241.886344604,447.884085192,44.8877227177,0.0
71.4734418907,331.849703262,44.8877227177,0.0
401.173073339,187.681285448,44.8877227177,0.0
264.382543648,344.559994385,44.8877227177,0.0
292.530267636,132.683868048,44.8877227177,0.0
427.961498855,366.075611014,44.8877227177,0.0
182.13306589,166.965128125,44.8877227177,0.0
151.347318682,281.513063515,44.8877227177,0.0
141.968657305,67.0248805615,44.8877227177,0.0
@ 50 10 0.0873362445415 0.241470860542
246.346880847,169.204185659,40.0774266107,0.0
444.145005383,84.3846213274,40.0774266107,0.0
447.846174657,213.934295419,40.0774266107,0.0
229.809115119,289.346961689,40.0774266107,0.0
57.3611200516,294.443168686,40.0774266107,0.0
173.627093464,445.265741972,40.0774266107,0.0
437.01823429,308.474295497,40.0774266107,0.0
365.701615707,206.749053896,40.0774266107,0.0
97.5786521949,223.370105925,40.0774266107,0.0
42.018322328,395.138702121,40.0774266107,0.0
@ 60 10 0.0873362445415 0.192490472668
59.2230348284,435.397461697,44.864353703,0.0
369.313420119,454.612888669,44.864353703,0.0
427.563982509,300.415338403,44.864353703,0.0
69.2704183731,125.836233951,44.864353703,0.0
263.991149159,404.767059924,44.864353703,0.0
334.356555183,158.269864079,44.864353703,0.0
277.61742726,238.603608602,44.864353703,0.0
451.418028549,45.7347778313,44.864353703,0.0
131.424545745,220.118353052,44.864353703,0.0
164.228621906,52.1737834001,44.864353703,0.0
@ 70 10 0.0873362445415 0.241219501514
113.460577962,274.373516908,45.631031734,0.0
434.362135096,248.222129459,45.631031734,0.0
182.332496559,202.29263894,45.631031734,0.0
189.086522516,350.155743066,45.631031734,0.0
450.620139485,404.568586942,45.631031734,0.0
310.664176468,449.79929289,45.631031734,0.0
136.191551655,106.228217363,45.631031734,0.0
132.227374597,455.155227053,45.631031734,0.0
342.711119131,335.27051521,45.631031734,0.0
385.314949125,127.668296214,45.631031734,0.0
@ 80 10 0.0873362445415 0.249534248471
348.586028126,383.796415911,40.7001629794,0.0
249.182955457,41.1552942193,40.7001629794,0.0
425.213078706,56.3003824112,40.7001629794,0.0
128.848644485,113.369908581,40.7001629794,0.0
57.6297042152,68.3848985347,40.7001629794,0.0
78.452830577,439.282308139,40.7001629794,0.0
422.392405375,274.736305073,40.7001629794,0.0
297.559146493,276.846442498,40.7001629794,0.0
452.618107626,171.200926448,40.7001629794,0.0
246.407276851,434.012131912,40.7001629794,0.0
@ 90 10 0.0873362445415 0.198518909346
322.974371185,329.11005022,43.5634904586,0.0
226.662349146,55.1616646177,43.5634904586,0.0
408.566785292,294.868620424,43.5634904586,0.0
294.881367938,463.570132737,43.5634904586,0.0
130.980167411,414.373058828,43.5634904586,0.0
215.009297812,382.111253963,43.5634904586,0.0
332.162963537,218.335019513,43.5634904586,0.0
339.502030606,112.530594403,43.5634904586,0.0
141.043950059,232.163930202,43.5634904586,0.0
467.55351572,214.227313581,43.5634904586,0.0
@ 100 10 0.0873362445415 0.227433755778
166.910694481,353.457164113,42.4470270578,0.0
333.90186606,314.94204025,42.4470270578,0.0
447.020368462,349.002191168,42.4470270578,0.0
52.8237484373,146.41806265,42.4470270578,0.0
362.625236287,157.143611518,42.4470270578,0.0
265.330033749,196.911611328,42.4470270578,0.0
169.868072366,196.805358381,42.4470270578,0.0
90.6395289147,278.69587079,42.4470270578,0.0
249.635252353,442.568669445,42.4470270578,0.0
258.42726514,77.1631709899,42.4470270578,0.0
@ 110 10 0.0940354648039 0.215925602556
439.640584008,377.455633246,44.3004083615,0.0
317.065892255,67.6787449589,44.3004083615,0.0
90.0525189859,69.9360501186,44.3004083615,0.0
209.676637949,105.86006865,44.3004083615,0.0
77.9865326958,226.438370387,44.3004083615,0.0
77.8279560144,396.131362012,44.3004083615,0.0
388.971916492,456.269893,44.3004083615,0.0
386.030142032,260.053720683,44.3004083615,0.0
158.928800796,359.540607674,44.3004083615,0.0
444.016439966,167.204329846,44.3004083615,0.0
@ 120 10 0.0940354648039 0.235193352697
115.748082496,366.984264873,49.4502766731,0.0
264.225626261,452.956046666,49.4502766731,0.0
166.193332088,96.9300247211,49.4502766731,0.0
187.865032266,225.070745748,49.4502766731,0.0
461.485757015,137.844686173,49.4502766731,0.0
372.532397695,58.6954154233,49.4502766731,0.0
357.236154477,167.868217249,49.4502766731,0.0
258.693356013,320.282388858,49.4502766731,0.0
271.461485188,105.966382841,49.4502766731,0.0
414.479679497,387.138466911,49.4502766731,0.0
@ 130 10 0.0940354648039 0.293053582933
440.487442702,378.604872881,42.7798911714,0.0
61.8178220977,133.527437405,42.7798911714,0.0
101.030380042,54.6028824247,42.7798911714,0.0
203.542822838,442.767502163,42.7798911714,0.0
87.5907460154,307.813908405,42.7798911714,0.0
315.520611367,280.631183497,42.7798911714,0.0
266.586284941,85.0537672093,42.7798911714,0.0
282.101941782,190.149446359,42.7798911714,0.0
179.228481222,150.403118143,42.7798911714,0.0
357.346312202,96.2096584512,42.7798911714,0.0
@ 140 10 0.0940354648039 0.219325402362
201.021039838,330.404565939,38.8489576998,0.0
434.171573373,408.705395179,38.8489576998,0.0
210.642415356,442.069012025,38.8489576998,0.0
150.916217532,91.0713761738,38.8489576998,0.0
269.03138716,49.7068436185,38.8489576998,0.0
81.9865943699,195.965647771,38.8489576998,0.0
115.629844556,394.453013992,38.8489576998,0.0
363.476172529,62.8361304235,38.8489576998,0.0
321.567335907,338.417523834,38.8489576998,0.0
338.692766332,168.884985637,38.8489576998,0.0
@ 150 10 0.0940354648039 0.180870744671
120.749527907,453.226422185,45.4902419753,0.0
89.4566127747,263.849991013,45.4902419753,0.0
428.49630745,228.249274616,45.4902419753,0.0
250.829120004,300.409939152,45.4902419753,0.0
379.113616096,454.846014693,45.4902419753,0.0
384.725990738,315.452158045,45.4902419753,0.0
294.261450851,84.1005524414,45.4902419753,0.0
147.158043097,67.5136628961,45.4902419753,0.0
400.037435417,84.2903949977,45.4902419753,0.0
154.890836509,362.533698964,45.4902419753,0.0
@ 160 10 0.0940354648039 0.24799680049
240.751008288,110.810449611,45.2277476734,0.0
292.357950085,410.160425031,45.2277476734,0.0
208.224867327,249.948458638,45.2277476734,0.0
145.100876493,49.3718956387,45.2277476734,0.0
98.3184584292,148.063678439,45.2277476734,0.0
158.225507731,346.209500353,45.2277476734,0.0
45.2854788746,223.35495473,45.2277476734,0.0
343.52526906,138.663568567,45.2277476734,0.0
136.644443809,447.309468388,45.2277476734,0.0
427.451631506,327.154252357,45.2277476734,0.0
@ 170 10 0.0940354648039 0.245143004773
111.306805686,48.2143676617,42.573037196,0.0
219.251236168,94.3967602949,42.573037196,0.0
135.286130831,423.469928584,42.573037196,0.0
102.176199017,194.964372915,42.573037196,0.0
68.6698526356,311.23554844,42.573037196,0.0
388.623385096,259.278973056,42.573037196,0.0
150.539457147,270.799619449,42.573037196,0.0
372.844904765,61.2281368755,42.573037196,0.0
279.491829585,245.944721637,42.573037196,0.0
290.021928024,360.355058652,42.573037196,0.0
@ 180 10 0.0940354648039 0.21720951823
294.371516963,157.958518445,45.1774606986,0.0
261.904409712,366.978462955,45.1774606986,0.0
174.144251587,451.858384885,45.1774606986,0.0
85.8156668614,76.7432991776,45.1774606986,0.0
299.607795534,256.923154209,45.1774606986,0.0
55.5223329916,443.641016094,45.1774606986,0.0
421.941253188,283.460659869,45.1774606986,0.0
76.5871867688,200.265155564,45.1774606986,0.0
108.025617416,354.534632711,45.1774606986,0.0
396.937571635,434.453312588,45.1774606986,0.0
@ 190 10 0.0940354648039 0.24459817787
97.4256130009,307.447339533,48.0031257636,0.0
375.357195995,77.4905588572,48.0031257636,0.0
319.808171425,444.211008367,48.0031257636,0.0
319.856422387,170.190352196,48.0031257636,0.0
457.106428467,366.269856693,48.0031257636,0.0
67.1014372472,201.422150058,48.0031257636,0.0
122.179568146,439.121737881,48.0031257636,0.0
205.537307634,189.14040089,48.0031257636,0.0
138.827249867,88.1710584635,48.0031257636,0.0
185.565794167,354.066374805,48.0031257636,0.0
@ 200 10 0.0940354648039 0.276152271194
326.393184754,422.014061507,51.319418203,0.0
58.1568154007,405.258564774,51.319418203,0.0
422.872043805,362.349497876,51.319418203,0.0
181.624357022,444.847470668,51.319418203,0.0
290.14825189,115.0216094,51.319418203,0.0
252.195709151,314.774195897,51.319418203,0.0
415.124478929,205.21850931,51.319418203,0.0
130.079375885,255.674027277,51.319418203,0.0
449.333050536,96.4008325108,51.319418203,0.0
79.014837063,129.169030974,51.319418203,0.0
@ 210 10 0.101847810272 0.315626189629
305.855651648,225.517459325,44.1586343314,0.0
46.9743463393,180.973451284,44.1586343314,0.0
186.169058116,75.6214358345,44.1586343314,0.0
52.4760847786,414.961596496,44.1586343314,0.0
325.466181042,111.973059656,44.1586343314,0.0
203.862417138,396.239401129,44.1586343314,0.0
194.176390987,249.029788101,44.1586343314,0.0
148.174604264,168.228197616,44.1586343314,0.0
336.745646997,359.448910078,44.1586343314,0.0
285.411494134,466.635037305,44.1586343314,0.0
@ 220 10 0.101847810272 0.233690388954
84.3349219802,77.2831076956,50.7494105588,0.0
458.296033928,440.597955733,50.7494105588,0.0
309.677777352,194.819919404,50.7494105588,0.0
453.678811014,87.5276185474,50.7494105588,0.0
197.88844204,115.127302616,50.7494105588,0.0
252.348832779,304.086244219,50.7494105588,0.0
451.738259255,283.165189946,50.7494105588,0.0
57.2911815544,190.076791404,50.7494105588,0.0
320.980655034,82.1325347621,50.7494105588,0.0
136.248188051,284.908695669,50.7494105588,0.0
@ 230 10 0.101847810272 0.308653771954
71.4896032844,258.577035148,40.9874041385,0.0
48.1336230791,44.3290573398,40.9874041385,0.0
432.398166395,99.5111300503,40.9874041385,0.0
160.080578975,200.265661618,40.9874041385,0.0
414.901779904,181.273119559,40.9874041385,0.0
281.796488563,450.722592004,40.9874041385,0.0
418.592356757,415.902730174,40.9874041385,0.0
175.499128667,356.234476466,40.9874041385,0.0
115.932027693,128.369259227,40.9874041385,0.0
293.126498439,275.329777012,40.9874041385,0.0
@ 240 10 0.101847810272 0.201330889273
225.644876839,70.0447032915,41.0542601869,0.0
51.2131563845,440.377206075,41.0542601869,0.0
371.893509311,372.259174671,41.0542601869,0.0
263.919318046,432.366426754,41.0542601869,0.0
142.494173498,90.150601546,41.0542601869,0.0
289.507117433,194.62143765,41.0542601869,0.0
435.932748055,448.405518546,41.0542601869,0.0
325.587314118,49.2363890737,41.0542601869,0.0
412.261938087,63.50229662,41.0542601869,0.0
223.634660593,251.218595725,41.0542601869,0.0
@ 250 10 0.101847810272 0.201988221235
79.9642762154,397.557408362,48.166039161,0.0
462.897152305,172.179687266,48.166039161,0.0
325.968480806,307.758799668,48.166039161,0.0
233.107646881,236.571954768,48.166039161,0.0
335.251901532,95.3686876224,48.166039161,0.0
333.855226963,198.052795741,48.166039161,0.0
441.968318093,296.458815714,48.166039161,0.0
209.816094253,109.894478203,48.166039161,0.0
48.5199463562,100.624178617,48.166039161,0.0
120.300050851,214.861178567,48.166039161,0.0
@ 260 10 0.101847810272 0.278029867532
424.877158087,234.912371767,47.725524549,0.0
117.152877563,66.0472998287,47.725524549,0.0
187.838310218,350.965806625,47.725524549,0.0
335.315192495,456.964578699,47.725524549,0.0
154.762065764,168.658533854,47.725524549,0.0
136.316478152,263.952195931,47.725524549,0.0
81.7040414343,421.897189744,47.725524549,0.0
242.117631019,104.917852925,47.725524549,0.0
380.131977588,321.751854414,47.725524549,0.0
273.607209147,231.497017667,47.725524549,0.0
@ 270 10 0.101847810272 0.272967539268
379.295160297,451.736984091,51.0632928284,0.0
199.623054212,343.828392055,51.0632928284,0.0
77.594520228,271.395652335,51.0632928284,0.0
130.709801768,456.630154275,51.0632928284,0.0
295.768472356,273.653694715,51.0632928284,0.0
237.506522727,66.7047662574,51.0632928284,0.0
70.2318273559,115.944675538,51.0632928284,0.0
219.891491991,183.906875665,51.0632928284,0.0
416.923222152,251.956550208,51.0632928284,0.0
427.533726726,69.4619141503,51.0632928284,0.0
@ 280 10 0.101847810272 0.312483591731
114.714780033,87.215221488,49.4422387913,0.0
459.530822805,436.307555375,49.4422387913,0.0
272.36256823,167.608873535,49.4422387913,0.0
100.278612398,427.906011281,49.4422387913,0.0
59.1938031754,211.001536232,49.4422387913,0.0
393.621710138,199.174362188,49.4422387913,0.0
440.542564219,88.238680834,49.4422387913,0.0
215.438633453,398.359160936,49.4422387913,0.0
341.812981922,389.894128126,49.4422387913,0.0
162.764754358,188.239638121,49.4422387913,0.0
@ 290 10 0.101847810272 0.292958322046
51.7649510971,175.471280089,42.3066829361,0.0
79.5591436585,263.706721474,42.3066829361,0.0
334.843998852,331.927410919,42.3066829361,0.0
236.342537791,49.4353638765,42.3066829361,0.0
359.476168428,415.288790704,42.3066829361,0.0
224.40525626,277.409884442,42.3066829361,0.0
407.934199534,252.101870622,42.3066829361,0.0
258.779051968,412.700002192,42.3066829361,0.0
121.230952223,78.8302162961,42.3066829361,0.0
396.597360952,162.760100982,42.3066829361,0.0
@ 300 10 0.101847810272 0.21450011796
90.1594281554,99.724315261,46.0387828709,0.0
155.887441383,449.240750118,46.0387828709,0.0
356.949782942,383.995690267,46.0387828709,0.0
312.346398813,253.767948558,46.0387828709,0.0
443.078007574,104.643024401,46.0387828709,0.0
357.491051141,169.452701811,46.0387828709,0.0
100.389731916,339.627081558,46.0387828709,0.0
343.643631985,71.4776448116,46.0387828709,0.0
226.886953901,208.041381012,46.0387828709,0.0
303.191997686,464.13750982,46.0387828709,0.0
@ 310 10 0.111075848937 0.254013764733
290.611099924,63.3285663931,46.35674193,0.0
148.400377988,256.174824429,46.35674193,0.0
202.216005239,332.199516699,46.35674193,0.0
447.983315888,98.8197072078,46.35674193,0.0
172.687059457,55.9865719816,46.35674193,0.0
279.731280977,398.136678812,46.35674193,0.0
106.414685224,457.912151398,46.35674193,0.0
430.690257487,410.900916385,46.35674193,0.0
52.9079108028,222.711370981,46.35674193,0.0
310.678170213,174.967334196,46.35674193,0.0
@ 320 10 0.111075848937 0.257534486648
213.952140218,343.853720538,49.2390309772,0.0
278.013063591,454.917318882,49.2390309772,0.0
339.704117874,319.620079792,49.2390309772,0.0
457.233146386,314.1597441,49.2390309772,0.0
213.409124807,153.577651679,49.2390309772,0.0
103.810787621,62.9946084863,49.2390309772,0.0
404.254293119,212.1451018,49.2390309772,0.0
331.809459711,61.3794414524,49.2390309772,0.0
147.638974007,261.801591687,49.2390309772,0.0
440.189553657,119.546143603,49.2390309772,0.0
@ 330 10 0.111075848937 0.29055515081
102.907706871,97.6683471899,52.8434842132,0.0
264.196421713,416.525309771,52.8434842132,0.0
332.982738407,277.225369883,52.8434842132,0.0
448.34165252,233.414354759,52.8434842132,0.0
378.156649968,394.177280092,52.8434842132,0.0
210.692741827,91.1835508304,52.8434842132,0.0
342.686341545,115.847800524,52.8434842132,0.0
69.8716195449,422.317774946,52.8434842132,0.0
74.766625068,205.150349719,52.8434842132,0.0
200.958685626,314.528083308,52.8434842132,0.0
@ 340 10 0.111075848937 0.334651267108
283.931131388,240.924109001,44.4126041374,0.0
192.501899527,258.370610001,44.4126041374,0.0
366.442925278,424.11297764,44.4126041374,0.0
459.248599483,55.0250469744,44.4126041374,0.0
92.7687840767,378.171749911,44.4126041374,0.0
244.669664684,111.564839489,44.4126041374,0.0
52.7304057758,246.905684026,44.4126041374,0.0
47.8136959411,61.063892324,44.4126041374,0.0
121.185248595,117.923672698,44.4126041374,0.0
392.009172463,280.454934192,44.4126041374,0.0
@ 350 10 0.111075848937 0.236386168591
226.840994128,116.933629788,44.136499251,0.0
205.860797546,222.613769512,44.136499251,0.0
435.059949312,444.026444059,44.136499251,0.0
313.82207504,74.2869394764,44.136499251,0.0
350.92557551,390.871230549,44.136499251,0.0
292.403733912,201.649472717,44.136499251,0.0
444.682001233,252.001110318,44.136499251,0.0
130.555275587,312.17301969,44.136499251,0.0
98.5316373582,44.3257109152,44.136499251,0.0
431.680492348,72.8996988971,44.136499251,0.0
@ 360 10 0.111075848937 0.233456167079
330.595486764,154.393916746,48.648107409,0.0
314.469867899,264.308099401,48.648107409,0.0
371.204125727,441.131479071,48.648107409,0.0
445.926927727,301.987868674,48.648107409,0.0
370.067183699,52.6285932711,48.648107409,0.0
173.50519848,274.612576849,48.648107409,0.0
110.826181164,106.168866271,48.648107409,0.0
109.185216077,380.206764439,48.648107409,0.0
255.594304815,425.846303349,48.648107409,0.0
440.748899129,155.485172411,48.648107409,0.0
@ 370 10 0.111075848937 0.28362302353
237.968593848,394.186167242,47.9595455566,0.0
405.891976199,58.700750654,47.9595455566,0.0
402.196752451,293.855925664,47.9595455566,0.0
325.08480604,439.567243697,47.9595455566,0.0
434.618546293,453.797033672,47.9595455566,0.0
85.5409491783,68.5301259916,47.9595455566,0.0
228.997108914,251.886102205,47.9595455566,0.0
123.918718304,318.167251528,47.9595455566,0.0
276.125286137,72.2587450693,47.9595455566,0.0
110.928442788,207.614107638,47.9595455566,0.0
@ 380 10 0.111075848937 0.275651082574
405.270960364,441.958134907,47.9516049021,0.0
253.658069051,80.8081477846,47.9516049021,0.0
64.8942815293,459.008785573,47.9516049021,0.0
306.700212081,453.667719259,47.9516049021,0.0
313.180229372,298.850694391,47.9516049021,0.0
453.771636271,292.586094824,47.9516049021,0.0
219.269356375,261.854071038,47.9516049021,0.0
70.1447124495,225.481866609,47.9516049021,0.0
75.6208667205,116.878143735,47.9516049021,0.0
355.436070665,96.1298085169,47.9516049021,0.0
@ 390 10 0.111075848937 0.275559811117
448.669358633,359.047350131,48.4657414933,0.0
166.597561812,426.056099138,48.4657414933,0.0
279.765126049,402.150586658,48.4657414933,0.0
151.982150186,317.185951151,48.4657414933,0.0
50.0271949283,92.7697693566,48.4657414933,0.0
179.646205676,61.7708570902,48.4657414933,0.0
104.25976358,221.315392646,48.4657414933,0.0
333.623139295,209.136076118,48.4657414933,0.0
448.561940969,129.906694641,48.4657414933,0.0
431.626625885,233.439378086,48.4657414933,0.0
@ 400 10 0.111075848937 0.281500588415
256.298236764,204.730294493,53.299485893,0.0
262.391022507,392.454893598,53.299485893,0.0
442.68657229,406.66597816,53.299485893,0.0
60.7569782359,93.7317509973,53.299485893,0.0
411.088226314,221.675974522,53.299485893,0.0
132.790296239,430.441768206,53.299485893,0.0
135.643195695,255.203352018,53.299485893,0.0
342.422847747,61.0916969728,53.299485893,0.0
449.46879669,114.177759989,53.299485893,0.0
190.715780196,57.6615262481,53.299485893,0.0
@ 410 10 0.122142732507 0.340451791567
80.183243158,158.626511983,44.1725447761,0.0
226.553988135,393.594964583,44.1725447761,0.0
427.356958095,387.529389749,44.1725447761,0.0
217.232804067,261.52238377,44.1725447761,0.0
348.201673232,174.351755761,44.1725447761,0.0
239.982128089,160.633055916,44.1725447761,0.0
432.338763888,57.6949896741,44.1725447761,0.0
55.7657239342,270.671181069,44.1725447761,0.0
61.9006778101,425.261870045,44.1725447761,0.0
355.855568805,288.767432495,44.1725447761,0.0
@ 420 10 0.122142732507 0.233837642115
453.004633865,367.420380727,51.6976534296,0.0
370.064201751,132.96391992,51.6976534296,0.0
189.141420333,363.225445448,51.6976534296,0.0
55.0193034076,123.546886591,51.6976534296,0.0
452.121723775,219.545355414,51.6976534296,0.0
312.038217124,428.132254181,51.6976534296,0.0
258.668176413,152.839641126,51.6976534296,0.0
121.427392456,276.159860565,51.6976534296,0.0
75.9311379328,374.58081211,51.6976534296,0.0
159.947760353,108.47850025,51.6976534296,0.0
@ 430 10 0.122142732507 0.32029580122
432.810315957,263.688430477,45.6685352759,0.0
205.533684344,287.118174802,45.6685352759,0.0
354.968804109,329.580120556,45.6685352759,0.0
93.2386468908,403.756693329,45.6685352759,0.0
223.664730262,183.825162378,45.6685352759,0.0
399.070920457,59.1812958887,45.6685352759,0.0
306.671629638,77.1709315949,45.6685352759,0.0
74.9749184346,209.649103842,45.6685352759,0.0
314.703650757,195.099366512,45.6685352759,0.0
150.903006277,117.399634618,45.6685352759,0.0
@ 440 10 0.122142732507 0.249944594832
455.472262502,266.657779341,39.8920339143,0.0
149.849752656,124.894883432,39.8920339143,0.0
203.68989657,447.935423044,39.8920339143,0.0
419.124421275,366.881043731,39.8920339143,0.0
392.234670465,213.287085566,39.8920339143,0.0
139.181795731,222.814641411,39.8920339143,0.0
256.473616544,353.233028789,39.8920339143,0.0
177.878109289,46.1803604349,39.8920339143,0.0
412.620308266,84.4246556462,39.8920339143,0.0
41.2559095161,229.684246309,39.8920339143,0.0
@ 450 10 0.122142732507 0.190713722476
414.242834764,209.874494772,44.7480687162,0.0
424.678583472,333.037287379,44.7480687162,0.0
401.652147321,461.10299508,44.7480687162,0.0
308.068864207,393.529410526,44.7480687162,0.0
168.254294703,272.301728969,44.7480687162,0.0
247.057739087,184.370649999,44.7480687162,0.0
227.859125554,448.695018004,44.7480687162,0.0
62.9519377098,258.124780845,44.7480687162,0.0
454.199291637,128.604992679,44.7480687162,0.0
124.617926294,45.5211614214,44.7480687162,0.0
@ 460 10 0.122142732507 0.239970676902
212.088741008,302.073443378,42.3930944486,0.0
62.3804565069,429.805999725,42.3930944486,0.0
262.130572506,197.346506368,42.3930944486,0.0
466.854322559,362.515781652,42.3930944486,0.0
192.018298829,60.0648678157,42.3930944486,0.0
446.070947321,194.949609155,42.3930944486,0.0
363.833084141,354.706615379,42.3930944486,0.0
46.6479770252,271.05446869,42.3930944486,0.0
337.353372981,157.51359734,42.3930944486,0.0
125.974786106,138.045836179,42.3930944486,0.0
@ 470 10 0.122142732507 0.215377246939
464.206315603,446.510337491,44.1203744545,0.0
377.66449268,72.6713045155,44.1203744545,0.0
165.950642276,269.583207308,44.1203744545,0.0
88.037434144,321.733835607,44.1203744545,0.0
89.1669100277,46.957242132,44.1203744545,0.0
269.309868128,109.452936535,44.1203744545,0.0
87.6020906553,208.989052712,44.1203744545,0.0
103.582327923,427.200778943,44.1203744545,0.0
347.767440221,400.796889178,44.1203744545,0.0
220.665364497,414.904002847,44.1203744545,0.0
@ 480 10 0.122142732507 0.233285616826
223.18330893,168.090732602,44.4083025223,0.0
433.617617409,105.373092445,44.4083025223,0.0
278.50164359,427.093278842,44.4083025223,0.0
440.28583886,283.244599825,44.4083025223,0.0
58.112668346,389.420156585,44.4083025223,0.0
465.716689292,392.269410627,44.4083025223,0.0
168.139955646,314.617777619,44.4083025223,0.0
91.2844234484,269.899177387,44.4083025223,0.0
362.25230396,165.029426103,44.4083025223,0.0
358.35071447,335.165829936,44.4083025223,0.0
@ 490 10 0.122142732507 0.2363403801
448.835250349,428.366711816,42.4083246685,0.0
151.890307598,177.290457012,42.4083246685,0.0
281.381526357,344.724230978,42.4083246685,0.0
236.845266128,195.153629487,42.4083246685,0.0
162.017972512,269.036204109,42.4083246685,0.0
370.945565892,265.874538087,42.4083246685,0.0
257.444523707,45.3374826067,42.4083246685,0.0
152.64406364,469.148702291,42.4083246685,0.0
350.306158467,403.488937791,42.4083246685,0.0
304.48534869,124.361256336,42.4083246685,0.0
@ 500 10 0.122142732507 0.215532028377
177.732721196,107.370791917,40.8029699459,0.0
160.594751131,357.087388658,40.8029699459,0.0
421.605098871,57.0718323717,40.8029699459,0.0
379.819520928,140.215898825,40.8029699459,0.0
365.372176933,331.688934213,40.8029699459,0.0
114.969537126,50.0126427952,40.8029699459,0.0
231.032567543,284.211242982,40.8029699459,0.0
469.702667388,468.109758642,40.8029699459,0.0
327.07762355,405.374883523,40.8029699459,0.0
211.691304682,193.996536715,40.8029699459,0.0
@ 510 10 0.135658914729 0.199523077471
54.3598455901,342.695218407,51.358624196,0.0
419.639124338,355.83575077,51.358624196,0.0
453.205192498,460.367497815,51.358624196,0.0
171.310114279,296.313717011,51.358624196,0.0
105.983986613,460.056184921,51.358624196,0.0
301.069268829,442.678376865,51.358624196,0.0
439.170060357,121.597116311,51.358624196,0.0
70.2420380422,235.440361693,51.358624196,0.0
322.846099456,163.644871546,51.358624196,0.0
100.518350094,101.360154241,51.358624196,0.0
@ 520 10 0.135658914729 0.316108625534
287.667365623,52.0492745826,45.7652776736,0.0
156.652780013,140.873803407,45.7652776736,0.0
223.785968515,409.855095755,45.7652776736,0.0
458.320745927,450.975776592,45.7652776736,0.0
174.545500872,272.825758527,45.7652776736,0.0
63.4306664543,401.712120381,45.7652776736,0.0
379.745332104,352.540011635,45.7652776736,0.0
351.512369443,223.765621086,45.7652776736,0.0
281.843061534,310.925860005,45.7652776736,0.0
50.3723876047,281.946292644,45.7652776736,0.0
@ 530 10 0.135658914729 0.251004661702
383.872512738,307.91261737,48.0326916142,0.0
194.0598364,394.674460209,48.0326916142,0.0
292.965848803,82.2805213551,48.0326916142,0.0
49.7318080264,242.302849023,48.0326916142,0.0
437.158650858,456.733953908,48.0326916142,0.0
130.912163748,134.158838269,48.0326916142,0.0
267.984146306,302.606586909,48.0326916142,0.0
106.953426855,442.368810301,48.0326916142,0.0
340.428081646,426.957350411,48.0326916142,0.0
452.64015906,82.9349598113,48.0326916142,0.0
@ 540 10 0.135658914729 0.276492548667
321.931988999,316.876045223,48.6374039213,0.0
64.5993918089,286.185071769,48.6374039213,0.0
254.099717141,234.635684561,48.6374039213,0.0
251.388183513,63.6182203157,48.6374039213,0.0
87.2372402798,71.1878786231,48.6374039213,0.0
173.107680599,436.137739267,48.6374039213,0.0
448.564968488,376.035607397,48.6374039213,0.0
445.051881324,128.924058392,48.6374039213,0.0
55.8956669716,412.288943571,48.6374039213,0.0
204.252261903,318.857023872,48.6374039213,0.0
@ 550 10 0.135658914729 0.283498232588
410.989997997,117.820734801,45.0740611581,0.0
313.018968798,293.48664698,45.0740611581,0.0
122.737770062,77.2891784608,45.0740611581,0.0
292.559446923,128.04674375,45.0740611581,0.0
463.203973632,385.384562277,45.0740611581,0.0
146.924105129,398.527389705,45.0740611581,0.0
382.147845881,207.020430999,45.0740611581,0.0
54.3027056034,167.627565227,45.0740611581,0.0
201.69595493,167.327639825,45.0740611581,0.0
257.058112231,419.031646802,45.0740611581,0.0
@ 560 10 0.135658914729 0.243479815034
130.247751072,358.278710191,43.9207239092,0.0
182.975146089,111.776285259,43.9207239092,0.0
270.444200104,319.72305507,43.9207239092,0.0
251.207657147,467.552380344,43.9207239092,0.0
87.7948632807,96.007702341,43.9207239092,0.0
323.048299658,411.547814614,43.9207239092,0.0
316.39244716,81.6511261317,43.9207239092,0.0
253.77692587,169.430952614,43.9207239092,0.0
51.4129362768,257.270353365,43.9207239092,0.0
463.101929625,365.444339347,43.9207239092,0.0
@ 570 10 0.135658914729 0.23117909707
383.353366309,166.588171338,46.3158490664,0.0
298.777358767,464.251040743,46.3158490664,0.0
56.6473450784,416.483836526,46.3158490664,0.0
376.225145509,307.561862526,46.3158490664,0.0
196.221610372,406.819696874,46.3158490664,0.0
53.14980663,271.291503395,46.3158490664,0.0
268.013794586,72.2870701185,46.3158490664,0.0
49.1801579249,164.206017728,46.3158490664,0.0
425.666608325,455.177628843,46.3158490664,0.0
197.248232818,236.91092544,46.3158490664,0.0
@ 580 10 0.135658914729 0.257080327137
224.719742224,255.500751267,53.4291496128,0.0
187.518691789,62.3835543039,53.4291496128,0.0
70.6834795147,385.792760854,53.4291496128,0.0
182.706404441,458.562776438,53.4291496128,0.0
371.008359076,256.277806268,53.4291496128,0.0
289.882365595,448.987848868,53.4291496128,0.0
347.604601581,96.7465813235,53.4291496128,0.0
90.8839006647,192.024873231,53.4291496128,0.0
454.663823349,361.899644122,53.4291496128,0.0
457.826391962,170.822008985,53.4291496128,0.0
@ 590 10 0.135658914729 0.342110266903
309.643188298,312.85162831,56.9521868541,0.0
65.0538126967,71.992989544,56.9521868541,0.0
237.01804934,424.925905891,56.9521868541,0.0
84.0504237523,453.247634433,56.9521868541,0.0
404.871723172,122.916533878,56.9521868541,0.0
249.841661642,215.093594088,56.9521868541,0.0
139.278183007,335.424575878,56.9521868541,0.0
97.1268268094,227.00330539,56.9521868541,0.0
452.762416113,421.968471262,56.9521868541,0.0
301.707939637,62.1394190599,56.9521868541,0.0
@ 600 10 0.135658914729 0.38871418883
292.932347989,337.016507642,42.2437969662,0.0
75.1499449528,364.066667483,42.2437969662,0.0
346.988755717,81.3436720388,42.2437969662,0.0
274.785425172,221.555165668,42.2437969662,0.0
114.374143602,95.6897628828,42.2437969662,0.0
394.658045033,270.270929617,42.2437969662,0.0
103.379811699,205.500313553,42.2437969662,0.0
467.788092457,387.946628859,42.2437969662,0.0
178.822854829,312.222840975,42.2437969662,0.0
414.442809745,135.005199011,42.2437969662,0.0
@ 610 10 0.152538679451 0.213862912593
429.22174548,148.797839422,47.7392036447,0.0
130.459189925,79.710489519,47.7392036447,0.0
53.3279332303,324.863610032,47.7392036447,0.0
302.698362157,93.5231627785,47.7392036447,0.0
415.625837072,450.854547359,47.7392036447,0.0
328.744806773,190.026982435,47.7392036447,0.0
338.059793888,315.267301063,47.7392036447,0.0
232.531853003,269.644977242,47.7392036447,0.0
210.726944989,369.854233545,47.7392036447,0.0
199.742155344,167.370695087,47.7392036447,0.0
@ 620 10 0.152538679451 0.273124037672
62.3943565553,101.524907356,51.7125964065,0.0
159.290169144,177.445211304,51.7125964065,0.0
227.139889879,378.426107907,51.7125964065,0.0
443.993549631,106.921402821,51.7125964065,0.0
362.593994086,427.607123062,51.7125964065,0.0
130.930430227,291.879130796,51.7125964065,0.0
388.945676168,309.46369648,51.7125964065,0.0
80.9633796907,409.374669193,51.7125964065,0.0
313.880908331,214.241343247,51.7125964065,0.0
200.202689802,53.085498294,51.7125964065,0.0
@ 630 10 0.152538679451 0.320480988136
151.024951977,218.113098815,49.3624526946,0.0
363.192483697,167.821074904,49.3624526946,0.0
156.244659282,329.338738676,49.3624526946,0.0
454.114197464,430.512717229,49.3624526946,0.0
259.313879274,430.775208296,49.3624526946,0.0
269.251633646,303.304582928,49.3624526946,0.0
396.088474094,348.615496002,49.3624526946,0.0
443.179394062,240.362570889,49.3624526946,0.0
61.1819070917,270.203769498,49.3624526946,0.0
60.4804745592,426.256473898,49.3624526946,0.0
@ 640 10 0.152538679451 0.292013577552
407.181791133,117.948781383,47.8813903273,0.0
448.150832758,302.916422274,47.8813903273,0.0
389.150671257,454.288830885,47.8813903273,0.0
299.583921972,346.65330184,47.8813903273,0.0
132.303185047,375.069193917,47.8813903273,0.0
288.075908416,93.9359065294,47.8813903273,0.0
366.352640986,252.18070414,47.8813903273,0.0
82.7612775196,125.898526358,47.8813903273,0.0
72.5887638868,458.083432223,47.8813903273,0.0
250.370441206,447.828508641,47.8813903273,0.0
@ 650 10 0.152538679451 0.274753408522
354.498771474,289.052832433,55.4474087806,0.0
237.484358899,117.332592534,55.4474087806,0.0
446.073345686,80.0114894751,55.4474087806,0.0
447.256039746,356.928576842,55.4474087806,0.0
94.4494140083,313.496370694,55.4474087806,0.0
75.9449519556,192.29850536,55.4474087806,0.0
119.760279428,83.9598630717,55.4474087806,0.0
282.982817707,374.393818266,55.4474087806,0.0
416.370749875,187.735063593,55.4474087806,0.0
142.259666493,425.929846076,55.4474087806,0.0
@ 660 10 0.152538679451 0.368444513748
278.594543214,461.318764118,43.9954330731,0.0
117.190845105,158.231177805,43.9954330731,0.0
49.6015790605,87.4397589774,43.9954330731,0.0
449.140516506,175.014550773,43.9954330731,0.0
328.591813233,370.386844904,43.9954330731,0.0
345.655722997,128.263594112,43.9954330731,0.0
225.365685106,75.063722959,43.9954330731,0.0
126.716385038,268.222750482,43.9954330731,0.0
179.436661658,438.772793513,43.9954330731,0.0
248.357612226,168.626839264,43.9954330731,0.0
@ 670 10 0.152538679451 0.231966237384
423.182273706,463.881222454,42.7604916418,0.0
219.70024059,166.472802466,42.7604916418,0.0
92.3858045328,99.3858168825,42.7604916418,0.0
333.931118126,383.751835835,42.7604916418,0.0
46.0036384039,278.336120293,42.7604916418,0.0
424.563772668,170.69969494,42.7604916418,0.0
324.205551616,118.928352615,42.7604916418,0.0
147.192231267,233.228316896,42.7604916418,0.0
179.765744061,355.768012263,42.7604916418,0.0
59.96144862,367.469960116,42.7604916418,0.0
@ 680 10 0.152538679451 0.219126531126
425.674660174,99.9644001123,46.343455349,0.0
375.982060926,196.888326081,46.343455349,0.0
61.6112642692,452.978881464,46.343455349,0.0
75.2124442776,173.157424293,46.343455349,0.0
295.439502497,387.355884074,46.343455349,0.0
389.290376622,441.090558156,46.343455349,0.0
187.752210706,224.371217865,46.343455349,0.0
122.031916882,363.609724616,46.343455349,0.0
267.912050863,91.9927904537,46.343455349,0.0
380.751827739,290.924125725,46.343455349,0.0
@ 690 10 0.152538679451 0.257386880828
70.7716326161,171.657075664,47.143534003,0.0
257.460854885,70.5929238444,47.143534003,0.0
57.4901505366,388.675360083,47.143534003,0.0
353.461463477,455.115249116,47.143534003,0.0
173.254457223,325.734925908,47.143534003,0.0
369.805781571,78.6641329922,47.143534003,0.0
305.757946879,366.20985913,47.143534003,0.0
167.39986679,120.89487188,47.143534003,0.0
302.828784108,213.069797069,47.143534003,0.0
423.504994574,227.139877079,47.143534003,0.0
@ 700 10 0.152538679451 0.26635070732
277.410220676,256.55610663,49.7312699062,0.0
325.171310546,100.907798905,49.7312699062,0.0
227.692713895,458.311491442,49.7312699062,0.0
173.926137993,49.9971477666,49.7312699062,0.0
197.397271328,175.201414554,49.7312699062,0.0
337.958285255,392.917202104,49.7312699062,0.0
53.9664138667,385.39100526,49.7312699062,0.0
97.4678653978,263.666673252,49.7312699062,0.0
179.136297325,354.075764131,49.7312699062,0.0
397.229949797,245.453299808,49.7312699062,0.0
@ 710 10 0.174216027875 0.296393504909
431.578274907,105.769436755,50.8334073363,0.0
75.7812477445,302.625942515,50.8334073363,0.0
333.017132411,316.108885352,50.8334073363,0.0
180.036692885,201.915097593,50.8334073363,0.0
423.458524104,371.862483266,50.8334073363,0.0
93.0569311967,407.245880813,50.8334073363,0.0
415.052476428,210.848034748,50.8334073363,0.0
321.420635023,157.060561954,50.8334073363,0.0
62.2409811175,112.948345826,50.8334073363,0.0
247.516217941,417.775092562,50.8334073363,0.0
@ 720 10 0.174216027875 0.309676340583
257.501024788,311.749494649,52.2293515403,0.0
432.777296984,152.061384464,52.2293515403,0.0
84.8059957096,219.503660032,52.2293515403,0.0
110.858169352,419.955432802,52.2293515403,0.0
430.553683526,438.136225113,52.2293515403,0.0
234.737923961,116.078565162,52.2293515403,0.0
338.707822963,88.038893205,52.2293515403,0.0
132.351111329,62.4802926011,52.2293515403,0.0
450.821433436,312.073563591,52.2293515403,0.0
335.548774415,214.461978938,52.2293515403,0.0
@ 730 10 0.174216027875 0.326918013721
171.660387633,346.177469589,57.7483617417,0.0
70.1621239723,419.117817836,57.7483617417,0.0
74.515728321,66.5622386282,57.7483617417,0.0
239.674187689,447.197924312,57.7483617417,0.0
381.420707696,237.894393414,57.7483617417,0.0
306.278686623,332.759793023,57.7483617417,0.0
279.19863917,108.269153693,57.7483617417,0.0
443.859935211,114.546069986,57.7483617417,0.0
410.599325928,447.222792887,57.7483617417,0.0
171.669415405,198.139571943,57.7483617417,0.0
@ 740 10 0.174216027875 0.399658377068
217.656498523,293.285074637,53.6334615462,0.0
264.429159001,391.781988571,53.6334615462,0.0
224.075079629,62.1371283473,53.6334615462,0.0
367.227163302,299.544937841,53.6334615462,0.0
327.027470608,135.593476531,53.6334615462,0.0
93.5609387168,432.694801622,53.6334615462,0.0
73.9250246539,264.884713047,53.6334615462,0.0
55.7015309275,110.068395231,53.6334615462,0.0
454.434267244,395.653100882,53.6334615462,0.0
418.091616759,195.723433256,53.6334615462,0.0
@ 750 10 0.174216027875 0.344731714309
69.4837782713,273.159713039,54.1274508388,0.0
184.914043994,204.912003706,54.1274508388,0.0
312.546564193,210.83333962,54.1274508388,0.0
424.173006477,414.022778823,54.1274508388,0.0
268.612533273,105.213406919,54.1274508388,0.0
67.227658636,142.273396273,54.1274508388,0.0
275.712002547,454.120143903,54.1274508388,0.0
421.588171311,83.2189774911,54.1274508388,0.0
267.5093285,318.272637633,54.1274508388,0.0
427.682492282,215.766499017,54.1274508388,0.0
@ 760 10 0.174216027875 0.351111239831
86.0120900857,330.939838199,48.2009893483,0.0
229.651074854,60.6504178495,48.2009893483,0.0
201.14940822,462.209469212,48.2009893483,0.0
345.150633551,427.649238896,48.2009893483,0.0
191.88135096,325.794658507,48.2009893483,0.0
48.2642746196,80.1986653709,48.2009893483,0.0
279.832499735,203.295431628,48.2009893483,0.0
104.474542049,449.530499135,48.2009893483,0.0
57.1373596538,226.964194473,48.2009893483,0.0
446.030489838,180.397395103,48.2009893483,0.0
@ 770 10 0.174216027875 0.278433501362
317.688258853,67.3158641565,47.9821063811,0.0
317.552352414,384.268154436,47.9821063811,0.0
88.6937119054,52.1890521612,47.9821063811,0.0
71.6738325964,156.243954112,47.9821063811,0.0
118.159672893,317.253548487,47.9821063811,0.0
428.556252018,394.23057223,47.9821063811,0.0
445.044783948,57.9933481746,47.9821063811,0.0
149.322300006,446.379259246,47.9821063811,0.0
409.520409825,267.400458161,47.9821063811,0.0
253.689434893,141.617547943,47.9821063811,0.0
@ 780 10 0.174216027875 0.275910483632
453.213402299,385.688570064,47.1625557991,0.0
409.35163737,88.4762792063,47.1625557991,0.0
75.2042454108,391.26601478,47.1625557991,0.0
221.55736268,82.7778050384,47.1625557991,0.0
147.417820545,284.318214706,47.1625557991,0.0
82.6550018056,62.9633376227,47.1625557991,0.0
324.472141105,260.147921145,47.1625557991,0.0
421.468344338,230.292196457,47.1625557991,0.0
138.254898697,153.684526292,47.1625557991,0.0
268.236520904,368.572189137,47.1625557991,0.0
@ 790 10 0.174216027875 0.266565688699
60.4817118813,377.799939718,52.2040412639,0.0
414.70510272,155.042734805,52.2040412639,0.0
339.455894675,327.83442374,52.2040412639,0.0
394.481839435,435.756187151,52.2040412639,0.0
454.056087474,53.4183158282,52.2040412639,0.0
321.855797673,68.5414795965,52.2040412639,0.0
138.375543601,302.507136382,52.2040412639,0.0
218.042768034,445.795290331,52.2040412639,0.0
52.3572520069,185.468846036,52.2040412639,0.0
168.701016858,74.6289072419,52.2040412639,0.0
@ 800 10 0.174216027875 0.326601242397
121.352774082,211.319427671,49.2763160785,0.0
445.687226495,187.113360859,49.2763160785,0.0
368.514369168,273.811913488,49.2763160785,0.0
293.681961179,462.64885242,49.2763160785,0.0
157.291652388,415.332616447,49.2763160785,0.0
281.92603196,321.025265276,49.2763160785,0.0
57.9340725986,320.144813931,49.2763160785,0.0
351.581525434,53.4519202718,49.2763160785,0.0
118.644965727,73.184331984,49.2763160785,0.0
70.6684936609,462.440968556,49.2763160785,0.0
@ 810 10 0.203075137801 0.290995349558
221.82408659,363.42375506,51.3337141933,0.0
427.438109603,146.595398542,51.3337141933,0.0
387.299574269,261.813556753,51.3337141933,0.0
309.839351054,164.402316479,51.3337141933,0.0
199.202714187,109.13742998,51.3337141933,0.0
143.767117025,271.605524275,51.3337141933,0.0
353.043689241,53.9947298684,51.3337141933,0.0
404.458616756,454.129017057,51.3337141933,0.0
72.7892013893,394.717488409,51.3337141933,0.0
273.079973209,455.834017764,51.3337141933,0.0
@ 820 10 0.203075137801 0.315802061359
59.4947643927,277.108848355,51.2273953772,0.0
429.698870145,231.620603928,51.2273953772,0.0
299.574154729,456.016259333,51.2273953772,0.0
178.46052642,392.846241428,51.2273953772,0.0
401.140064931,363.441978755,51.2273953772,0.0
148.977866922,88.4014387718,51.2273953772,0.0
275.872246999,314.222044047,51.2273953772,0.0
258.747799744,70.5151337363,51.2273953772,0.0
156.271493416,223.24625953,51.2273953772,0.0
54.4284657077,170.001853847,51.2273953772,0.0
@ 830 10 0.203075137801 0.314495281517
101.791151917,161.585819831,45.9994557732,0.0
419.156599077,221.297047187,45.9994557732,0.0
209.691710082,229.212453831,45.9994557732,0.0
355.782530544,149.751851419,45.9994557732,0.0
249.510591522,380.216677316,45.9994557732,0.0
370.501788796,462.050524518,45.9994557732,0.0
66.1781739373,463.042744292,45.9994557732,0.0
190.794881616,51.6483525382,45.9994557732,0.0
434.930479835,76.9212427016,45.9994557732,0.0
79.2100145907,371.167263244,45.9994557732,0.0
@ 840 10 0.203075137801 0.253579984478
165.990798049,199.798878147,52.7890946865,0.0
149.81644922,430.904369891,52.7890946865,0.0
311.206872824,300.136986236,52.7890946865,0.0
73.8913637849,354.293163623,52.7890946865,0.0
262.322970761,458.893672486,52.7890946865,0.0
418.740258797,302.687186872,52.7890946865,0.0
368.613378347,207.253422037,52.7890946865,0.0
388.653352195,75.5945334337,52.7890946865,0.0
204.431502757,320.227611331,52.7890946865,0.0
107.679260741,95.6517920926,52.7890946865,0.0
@ 850 10 0.203075137801 0.333962737301
92.6453738248,366.951711847,50.3248705287,0.0
343.780688956,73.5264212788,50.3248705287,0.0
101.428138047,83.1661690953,50.3248705287,0.0
236.623170975,424.368048548,50.3248705287,0.0
360.407182912,425.635800128,50.3248705287,0.0
427.339834334,190.415974962,50.3248705287,0.0
52.6919190799,271.083580751,50.3248705287,0.0
235.826558798,104.171311179,50.3248705287,0.0
181.323822873,193.347917945,50.3248705287,0.0
268.65823793,313.077556606,50.3248705287,0.0
@ 860 10 0.203075137801 0.303511336004
166.93685252,402.974859846,53.6841277425,0.0
68.9454752004,57.3029234445,53.6841277425,0.0
351.074789923,65.4327467317,53.6841277425,0.0
454.587249458,112.235354403,53.6841277425,0.0
196.308239694,101.444395157,53.6841277425,0.0
226.913816587,278.077270222,53.6841277425,0.0
455.205206442,303.515847601,53.6841277425,0.0
288.826245869,383.323845733,53.6841277425,0.0
55.9538952527,300.783962908,53.6841277425,0.0
405.534500892,451.938978907,53.6841277425,0.0
@ 870 10 0.203075137801 0.345383340892
125.698675061,365.578129889,41.0062014237,0.0
121.347164113,265.596163822,41.0062014237,0.0
325.288710171,416.032475161,41.0062014237,0.0
257.08022056,53.5007548838,41.0062014237,0.0
234.29792343,158.406146204,41.0062014237,0.0
431.316856322,57.5415081423,41.0062014237,0.0
160.156288718,454.994800499,41.0062014237,0.0
325.269078403,262.077433475,41.0062014237,0.0
230.230529675,405.71528771,41.0062014237,0.0
55.7707307103,317.411899432,41.0062014237,0.0
@ 880 10 0.203075137801 0.201515596845
288.381270412,278.508796023,50.3759154027,0.0
377.376420368,338.948935986,50.3759154027,0.0
174.017975248,250.54487011,50.3759154027,0.0
418.443785037,149.984700234,50.3759154027,0.0
87.6130846337,427.420099855,50.3759154027,0.0
78.75081688,104.334604502,50.3759154027,0.0
72.8888310155,251.591850771,50.3759154027,0.0
225.083185363,95.7096192861,50.3759154027,0.0
197.53488607,433.300576695,50.3759154027,0.0
336.271481042,69.1457419317,50.3759154027,0.0
@ 890 10 0.203075137801 0.304127355674
449.781810479,440.009414092,58.8714488864,0.0
258.488241682,436.381650947,58.8714488864,0.0
124.215037602,189.217426819,58.8714488864,0.0
436.969164654,241.264841177,58.8714488864,0.0
233.992195796,113.746729558,58.8714488864,0.0
443.853726176,75.54354572,58.8714488864,0.0
85.9839008989,446.714043337,58.8714488864,0.0
312.846412379,284.188057361,58.8714488864,0.0
193.044903549,337.193401889,58.8714488864,0.0
72.7033190702,324.991502334,58.8714488864,0.0
@ 900 10 0.203075137801 0.415354607721
301.771859779,389.708233721,56.6409221657,0.0
103.198401596,147.135473085,56.6409221657,0.0
198.811538345,261.643946503,56.6409221657,0.0
448.349681469,196.619891263,56.6409221657,0.0
209.915617316,96.3061072811,56.6409221657,0.0
338.709972255,70.1705700362,56.6409221657,0.0
179.011971322,438.01081039,56.6409221657,0.0
431.071114844,346.377070897,56.6409221657,0.0
103.948958713,328.987161797,56.6409221657,0.0
339.18632935,239.98122641,56.6409221657,0.0
@ 910 10 0.243393602225 0.38447686725
147.512243676,94.789640558,59.8262788002,0.0
96.3331341876,297.296497098,59.8262788002,0.0
450.405926942,273.446240046,59.8262788002,0.0
325.658539824,260.056580351,59.8262788002,0.0
92.5392906044,437.538895907,59.8262788002,0.0
322.422849355,70.1979961078,59.8262788002,0.0
445.579641132,127.396987424,59.8262788002,0.0
214.699537384,379.954121347,59.8262788002,0.0
189.498324686,210.663299446,59.8262788002,0.0
444.519311063,426.453336828,59.8262788002,0.0
@ 920 10 0.243393602225 0.428937054296
430.846763257,176.233438964,53.6783606341,0.0
178.396051903,401.730522091,53.6783606341,0.0
211.253447103,265.727128989,53.6783606341,0.0
290.443470692,188.645686288,53.6783606341,0.0
321.717476798,451.078288956,53.6783606341,0.0
364.403226726,281.244864791,53.6783606341,0.0
132.672166988,108.921292104,53.6783606341,0.0
453.122203463,387.361714417,53.6783606341,0.0
265.793697497,83.4076049092,53.6783606341,0.0
394.789467084,68.4520668315,53.6783606341,0.0
@ 930 10 0.243393602225 0.345309138097
186.779043927,152.892475156,54.268009417,0.0
282.949179938,228.84860835,54.268009417,0.0
71.9682675137,424.283367277,54.268009417,0.0
281.960893503,428.693222085,54.268009417,0.0
387.733329564,278.191803811,54.268009417,0.0
302.804784628,119.194114868,54.268009417,0.0
54.6635053695,63.115327995,54.268009417,0.0
178.720631662,283.293742304,54.268009417,0.0
430.874807224,114.753733339,54.268009417,0.0
62.1684574513,190.090906054,54.268009417,0.0
@ 940 10 0.243393602225 0.352937144222
73.0157220743,429.189925988,51.9076009218,0.0
202.528243949,110.656189255,51.9076009218,0.0
305.717888034,80.344383221,51.9076009218,0.0
83.3984126154,108.805929758,51.9076009218,0.0
433.593144243,414.465875438,51.9076009218,0.0
249.037477907,229.94220761,51.9076009218,0.0
399.145080748,130.175584534,51.9076009218,0.0
319.40060738,416.815731862,51.9076009218,0.0
60.8597467202,292.1964173,51.9076009218,0.0
246.207491699,335.062308578,51.9076009218,0.0
@ 950 10 0.243393602225 0.322902567273
210.706794331,91.83271221,53.415390896,0.0
419.626184536,443.551908592,53.415390896,0.0
318.511555083,103.337782291,53.415390896,0.0
457.677012418,265.123047813,53.415390896,0.0
67.0077812332,123.670719682,53.415390896,0.0
434.067740496,63.9270059,53.415390896,0.0
314.383488212,371.20081153,53.415390896,0.0
242.400063589,253.979084097,53.415390896,0.0
118.978900439,352.082415831,53.415390896,0.0
115.74628369,245.042255038,53.415390896,0.0
@ 960 10 0.243393602225 0.3419340937
121.099737576,308.770623078,51.33913622,0.0
331.195606875,368.156889319,51.33913622,0.0
174.849455233,447.889010263,51.33913622,0.0
452.230893478,398.103652214,51.33913622,0.0
118.219310711,191.515385488,51.33913622,0.0
428.366245788,64.1046754147,51.33913622,0.0
358.643489473,149.576762216,51.33913622,0.0
69.7356850786,438.304355066,51.33913622,0.0
80.809558534,67.0297139448,51.33913622,0.0
238.996269826,198.174098461,51.33913622,0.0
@ 970 10 0.243393602225 0.315868776875
77.6114562597,224.340997656,51.5387430088,0.0
296.854644495,140.106046313,51.5387430088,0.0
409.245910463,147.135879682,51.5387430088,0.0
451.789606239,331.031552748,51.5387430088,0.0
241.090588527,287.543594912,51.5387430088,0.0
245.24472467,403.033303531,51.5387430088,0.0
60.9908375722,404.566827203,51.5387430088,0.0
58.1293166064,117.771776802,51.5387430088,0.0
175.456654206,96.5340632076,51.5387430088,0.0
352.472124062,446.969997642,51.5387430088,0.0
@ 980 10 0.243393602225 0.318329750135
425.582847348,204.803809363,61.5225868939,0.0
366.517806338,65.8089757287,61.5225868939,0.0
138.708826771,206.074059966,61.5225868939,0.0
66.156618408,320.400252645,61.5225868939,0.0
383.125076915,380.342579853,61.5225868939,0.0
235.039855146,378.171081969,61.5225868939,0.0
194.181961856,72.9126450507,61.5225868939,0.0
84.1396570395,442.550747448,61.5225868939,0.0
66.7075701869,86.8028969785,61.5225868939,0.0
309.831132658,265.28946546,61.5225868939,0.0
@ 990 10 0.243393602225 0.45360596877
221.194642348,302.153995042,56.8322760638,0.0
384.668027483,321.60166615,56.8322760638,0.0
333.296364609,216.461072162,56.8322760638,0.0
141.648986979,446.393423034,56.8322760638,0.0
188.493640636,167.30153308,56.8322760638,0.0
278.418651592,422.574641111,56.8322760638,0.0
311.856589091,68.4143649161,56.8322760638,0.0
443.11208407,447.312758,56.8322760638,0.0
440.730497579,107.710331189,56.8322760638,0.0
94.0044980768,320.876262269,56.8322760638,0.0
@ 1000 10 0.243393602225 0.387079064378
173.347872321,279.995634427,52.6733935969,0.0
57.1504558016,309.010886389,52.6733935969,0.0
308.740241467,385.852406954,52.6733935969,0.0
225.366532118,131.947274893,52.6733935969,0.0
429.77034108,330.104710976,52.6733935969,0.0
53.5009200382,429.685418756,52.6733935969,0.0
383.064575263,223.600658873,52.6733935969,0.0
115.771064272,65.9904966503,52.6733935969,0.0
103.619278814,188.047651604,52.6733935969,0.0
425.985209873,66.5655012541,52.6733935969,0.0
@ 1010 10 0.303687635575 0.332500408456
388.631157679,455.753200882,56.1361267789,0.0
144.845215717,80.844385907,56.1361267789,0.0
57.95100929,160.192280894,56.1361267789,0.0
448.474451837,342.471207613,56.1361267789,0.0
300.538720805,150.354019352,56.1361267789,0.0
331.484912169,320.151992931,56.1361267789,0.0
247.806971496,414.931283931,56.1361267789,0.0
451.212731732,84.0863221972,56.1361267789,0.0
115.372951103,393.657387189,56.1361267789,0.0
145.247447018,247.857281287,56.1361267789,0.0
@ 1020 10 0.303687635575 0.377654333584
311.908771282,73.0305833177,55.3117164385,0.0
352.342227382,412.108365616,55.3117164385,0.0
249.049044784,344.987428077,55.3117164385,0.0
140.358122612,307.8783526,55.3117164385,0.0
58.479854669,401.48847807,55.3117164385,0.0
79.3128449176,122.674569468,55.3117164385,0.0
330.650240765,240.832532715,55.3117164385,0.0
171.316928983,454.042130425,55.3117164385,0.0
199.393843136,123.645012665,55.3117164385,0.0
439.418593934,178.507163358,55.3117164385,0.0
@ 1030 10 0.303687635575 0.366643386321
86.247589802,227.649359962,55.3921214205,0.0
89.3086639434,432.715171254,55.3921214205,0.0
205.740490605,76.3906878501,55.3921214205,0.0
250.438580942,403.278828596,55.3921214205,0.0
454.964403142,358.711563765,55.3921214205,0.0
357.022188894,214.06477481,55.3921214205,0.0
222.342761078,188.012693918,55.3921214205,0.0
65.9405880785,106.290112909,55.3921214205,0.0
369.52554017,82.9786796477,55.3921214205,0.0
188.335387595,303.552133841,55.3921214205,0.0
@ 1040 10 0.303687635575 0.367710118067
423.801188026,233.144148646,55.9597883577,0.0
270.200552592,177.079952576,55.9597883577,0.0
373.4598476,110.196066391,55.9597883577,0.0
294.732696148,372.697876925,55.9597883577,0.0
120.902168356,113.486498804,55.9597883577,0.0
183.994355125,436.965115621,55.9597883577,0.0
256.974981535,64.8933852705,55.9597883577,0.0
203.903272427,270.560283917,55.9597883577,0.0
402.105549686,423.287520232,55.9597883577,0.0
59.6031419028,408.91288357,55.9597883577,0.0
@ 1050 10 0.303687635575 0.375285435815
443.740579502,309.034644493,55.2587627736,0.0
209.060609748,264.532155098,55.2587627736,0.0
270.745675628,68.5343347084,55.2587627736,0.0
341.374761813,456.320955149,55.2587627736,0.0
393.436310021,86.1686169918,55.2587627736,0.0
335.607998545,190.285005632,55.2587627736,0.0
449.891757435,190.878980364,55.2587627736,0.0
65.4157807499,349.722799246,55.2587627736,0.0
112.478065047,453.77147592,55.2587627736,0.0
75.8711634995,208.106474393,55.2587627736,0.0
@ 1060 10 0.303687635575 0.36594169711
292.842062772,332.059865344,58.112446185,0.0
437.959765217,317.339549637,58.112446185,0.0
240.413667945,450.714772389,58.112446185,0.0
416.010574914,444.115612105,58.112446185,0.0
364.568532571,63.2622800263,58.112446185,0.0
401.294643863,191.058872947,58.112446185,0.0
113.804050775,447.285312615,58.112446185,0.0
236.910545755,213.100991173,58.112446185,0.0
74.5206522637,158.636287395,58.112446185,0.0
186.81245132,77.8510682047,58.112446185,0.0
@ 1070 10 0.303687635575 0.404713692502
327.910906524,396.850160892,52.2582965287,0.0
77.6753467794,99.3780639769,52.2582965287,0.0
314.71506731,272.134412316,52.2582965287,0.0
154.622843384,376.07307061,52.2582965287,0.0
189.695777188,249.444927092,52.2582965287,0.0
193.943338196,112.943324494,52.2582965287,0.0
432.527379986,435.292908905,52.2582965287,0.0
452.973176711,228.98645757,52.2582965287,0.0
369.917709291,94.8405666908,52.2582965287,0.0
90.8432123914,215.192437478,52.2582965287,0.0
@ 1080 10 0.303687635575 0.327280463566
113.895823473,233.788917064,53.3088520937,0.0
104.835748564,59.6218103777,53.3088520937,0.0
458.00712622,58.4353065117,53.3088520937,0.0
327.207495106,434.465256988,53.3088520937,0.0
281.468084988,264.921487005,53.3088520937,0.0
450.724053038,410.406463243,53.3088520937,0.0
398.098292376,307.648947517,53.3088520937,0.0
177.564630764,387.327329608,53.3088520937,0.0
369.15889697,198.478994712,53.3088520937,0.0
280.176918556,121.871984735,53.3088520937,0.0
@ 1090 10 0.303687635575 0.34057145576
124.230883403,184.011994723,57.5230249935,0.0
239.763338664,120.806942985,57.5230249935,0.0
263.175226164,435.266741434,57.5230249935,0.0
62.7095014582,304.956208223,57.5230249935,0.0
417.38940687,393.422950961,57.5230249935,0.0
147.583564009,404.929227743,57.5230249935,0.0
343.921534816,59.5436484727,57.5230249935,0.0
316.153431005,280.97614728,57.5230249935,0.0
121.915765154,62.9783488871,57.5230249935,0.0
398.218215238,196.630847025,57.5230249935,0.0
@ 1100 10 0.303687635575 0.396545491726
74.0647347923,112.170565673,61.3252489295,0.0
98.4941893953,271.347258848,61.3252489295,0.0
298.507402317,297.942694329,61.3252489295,0.0
431.11289528,378.391013326,61.3252489295,0.0
300.766996168,436.533266934,61.3252489295,0.0
186.457788782,365.006447935,61.3252489295,0.0
197.028062841,152.061344435,61.3252489295,0.0
73.2899312323,423.214410471,61.3252489295,0.0
310.497206064,102.553166023,61.3252489295,0.0
427.837297285,243.574669945,61.3252489295,0.0
@ 1110 10 0.40369088812 0.450700690486
72.9241689638,350.963583499,57.3599959391,0.0
95.780284469,172.947624679,57.3599959391,0.0
434.678128485,370.883094809,57.3599959391,0.0
438.983654055,251.819912661,57.3599959391,0.0
182.103257568,445.995757918,57.3599959391,0.0
340.646839019,57.8831524373,57.3599959391,0.0
304.69358774,313.561770673,57.3599959391,0.0
311.045326067,443.188700769,57.3599959391,0.0
189.030039053,256.666577158,57.3599959391,0.0
282.596351357,190.24666016,57.3599959391,0.0
@ 1120 10 0.40369088812 0.39430093575
108.560836164,59.2196260157,57.9070302374,0.0
415.680550579,425.638548243,57.9070302374,0.0
379.49032779,182.139024716,57.9070302374,0.0
335.291075122,299.826435902,57.9070302374,0.0
192.144809168,139.735227314,57.9070302374,0.0
181.780480048,296.742715907,57.9070302374,0.0
139.791987479,412.936163743,57.9070302374,0.0
418.35943227,68.0629572334,57.9070302374,0.0
453.965038637,279.797390356,57.9070302374,0.0
276.788332829,450.629297023,57.9070302374,0.0
@ 1130 10 0.40369088812 0.401857584392
116.134028708,308.108023825,58.1451573472,0.0
81.5766033412,193.381536716,58.1451573472,0.0
164.700571917,417.467150339,58.1451573472,0.0
205.447473406,82.1555960823,58.1451573472,0.0
440.741307356,377.426241185,58.1451573472,0.0
315.605664664,433.265482049,58.1451573472,0.0
320.503259513,164.711674813,58.1451573472,0.0
443.681249955,106.524047279,58.1451573472,0.0
252.471073779,267.185577261,58.1451573472,0.0
382.827105303,270.990423718,58.1451573472,0.0
@ 1140 10 0.40369088812 0.405169442762
266.039558094,416.797619691,58.8328010726,0.0
436.358672168,100.639312624,58.8328010726,0.0
200.880657477,294.330687554,58.8328010726,0.0
83.4845526695,218.090056949,58.8328010726,0.0
77.1203248601,425.955232262,58.8328010726,0.0
435.141472976,445.182154365,58.8328010726,0.0
439.319961515,232.584339025,58.8328010726,0.0
63.098370521,83.9498255891,58.8328010726,0.0
247.015264967,152.17098785,58.8328010726,0.0
334.384933823,304.081393373,58.8328010726,0.0
@ 1150 10 0.40369088812 0.41480944436
258.426265382,442.87277268,65.5740643979,0.0
218.726071628,113.890381193,65.5740643979,0.0
416.633872304,79.8687780358,65.5740643979,0.0
92.0996798969,79.529821191,65.5740643979,0.0
438.178007846,432.464006718,65.5740643979,0.0
343.037751352,189.690551503,65.5740643979,0.0
105.021032365,381.468684704,65.5740643979,0.0
83.2090569195,213.451167796,65.5740643979,0.0
443.510925979,283.312584728,65.5740643979,0.0
212.147955834,291.599926935,65.5740643979,0.0
@ 1160 10 0.40369088812 0.515316192899
426.812307866,438.682468694,56.721964201,0.0
243.583308837,259.415254935,56.721964201,0.0
76.6141402931,117.370452785,56.721964201,0.0
73.1408387252,409.222914142,56.721964201,0.0
308.932208791,161.613997347,56.721964201,0.0
201.743169132,428.053064704,56.721964201,0.0
450.259783438,220.672809342,56.721964201,0.0
389.086474524,68.0524898988,56.721964201,0.0
107.861215734,294.259310905,56.721964201,0.0
322.468581663,373.375510793,56.721964201,0.0
@ 1170 10 0.40369088812 0.385577876122
268.359380407,410.199905093,60.1663965209,0.0
62.0908621998,123.068018597,60.1663965209,0.0
308.430105032,153.665064084,60.1663965209,0.0
194.541261272,109.638738671,60.1663965209,0.0
398.970018115,368.296577463,60.1663965209,0.0
442.699775656,109.300270738,60.1663965209,0.0
292.267048902,286.635644645,60.1663965209,0.0
66.68177281,435.622930352,60.1663965209,0.0
421.85992751,242.637170826,60.1663965209,0.0
107.89159357,291.633886448,60.1663965209,0.0
@ 1180 10 0.40369088812 0.433828008318
386.087290311,331.929807478,54.1295887369,0.0
54.3130868623,297.084074485,54.1295887369,0.0
288.631713812,99.7280054183,54.1295887369,0.0
433.369362102,86.6088052477,54.1295887369,0.0
148.863652343,77.9657568949,54.1295887369,0.0
322.701928006,442.582540173,54.1295887369,0.0
273.747509427,217.223688598,54.1295887369,0.0
172.252335015,332.262268872,54.1295887369,0.0
186.158961294,439.75441393,54.1295887369,0.0
159.835124802,185.766087593,54.1295887369,0.0
@ 1190 10 0.40369088812 0.351138976399
199.566807781,277.894086868,60.0536509921,0.0
72.884440444,232.91763524,60.0536509921,0.0
349.275486999,67.7994617831,60.0536509921,0.0
272.072788493,181.273025161,60.0536509921,0.0
193.440096867,441.548753368,60.0536509921,0.0
128.882248135,116.143346055,60.0536509921,0.0
426.741410365,433.631828435,60.0536509921,0.0
78.4320093886,378.779552798,60.0536509921,0.0
333.803908945,339.272681392,60.0536509921,0.0
450.468955067,149.358694425,60.0536509921,0.0
@ 1200 10 0.40369088812 0.43220363515
227.54202096,444.1380611,63.7967725705,0.0
426.04075227,94.8239397946,63.7967725705,0.0
70.6710498349,245.277318058,63.7967725705,0.0
185.503604929,186.504692537,63.7967725705,0.0
299.157495255,121.44295285,63.7967725705,0.0
420.633273852,222.472046319,63.7967725705,0.0
95.0637819565,79.7684715735,63.7967725705,0.0
436.961313302,430.757292972,63.7967725705,0.0
293.614523481,278.457597429,63.7967725705,0.0
74.9287947366,376.359291749,63.7967725705,0.0
@ 1210 10 0.601891659501 0.487760920056
442.750088138,168.887247247,64.6978041558,0.0
207.897599301,442.352607274,64.6978041558,0.0
376.33019158,443.654256941,64.6978041558,0.0
276.793760746,311.601681569,64.6978041558,0.0
208.683544456,90.720568243,64.6978041558,0.0
440.767498641,326.096971972,64.6978041558,0.0
157.816974836,254.519440245,64.6978041558,0.0
358.768096784,68.4334877814,64.6978041558,0.0
74.0938754641,75.9309583964,64.6978041558,0.0
67.6022622086,442.935799113,64.6978041558,0.0
@ 1220 10 0.601891659501 0.501635964959
328.221639018,150.319818213,58.6431094427,0.0
60.4560150767,99.3023912558,58.6431094427,0.0
370.106879869,304.189239284,58.6431094427,0.0
168.560902813,150.51816792,58.6431094427,0.0
411.550796908,59.3774018944,58.6431094427,0.0
80.9392893349,283.396626477,58.6431094427,0.0
308.015654004,435.18930263,58.6431094427,0.0
214.0157928,269.387084898,58.6431094427,0.0
155.268407292,450.86209449,58.6431094427,0.0
445.670260989,201.850950457,58.6431094427,0.0
@ 1230 10 0.601891659501 0.412138858335
152.462430161,443.096268416,61.2444791265,0.0
445.686965986,404.37228902,61.2444791265,0.0
320.134073147,301.066213579,61.2444791265,0.0
292.735872496,120.498271105,61.2444791265,0.0
415.97830623,94.4266162182,61.2444791265,0.0
93.8603004015,199.88239073,61.2444791265,0.0
439.696241387,247.434218875,61.2444791265,0.0
157.687045196,88.6403336782,61.2444791265,0.0
308.118601679,449.811146351,61.2444791265,0.0
188.182224324,290.08548831,61.2444791265,0.0
@ 1240 10 0.601891659501 0.449514261277
440.293388585,231.401410155,58.9309562395,0.0
329.604661551,301.983401957,58.9309562395,0.0
265.6207299,434.888642525,58.9309562395,0.0
242.287458627,216.613238476,58.9309562395,0.0
402.97338362,407.804303286,58.9309562395,0.0
414.891893833,76.2639415833,58.9309562395,0.0
60.9798025585,195.413871366,58.9309562395,0.0
233.224787626,95.6608168355,58.9309562395,0.0
125.934599115,302.896453014,58.9309562395,0.0
71.1556325411,407.337850679,58.9309562395,0.0
@ 1250 10 0.601891659501 0.416194714278
293.538460567,155.792027434,63.647908733,0.0
183.904068761,69.8137226846,63.647908733,0.0
403.250433785,307.455962332,63.647908733,0.0
68.0971809989,123.727529862,63.647908733,0.0
443.400413663,102.239061751,63.647908733,0.0
69.996776912,407.891608522,63.647908733,0.0
261.905350087,300.11310821,63.647908733,0.0
133.811167887,239.249242353,63.647908733,0.0
198.520414747,411.633547171,63.647908733,0.0
346.337497611,431.155969286,63.647908733,0.0
@ 1260 10 0.601891659501 0.485487286294
344.831507662,107.104161857,56.7416222209,0.0
74.6876936579,89.7789811466,56.7416222209,0.0
78.6859827536,406.352816747,56.7416222209,0.0
172.210758606,305.308737431,56.7416222209,0.0
191.791372682,59.6669453182,56.7416222209,0.0
438.732931625,394.65513573,56.7416222209,0.0
283.047162,279.465383689,56.7416222209,0.0
323.784805706,400.647302,56.7416222209,0.0
73.3767942599,240.943406602,56.7416222209,0.0
196.620562731,183.592333115,56.7416222209,0.0
@ 1270 10 0.601891659501 0.38584518037
217.863893375,132.671028947,57.7934798484,0.0
234.97052199,385.636523974,57.7934798484,0.0
65.4140849183,75.618733078,57.7934798484,0.0
94.8247747298,431.828957725,57.7934798484,0.0
335.962566803,97.0385940026,57.7934798484,0.0
336.79238055,443.091915573,57.7934798484,0.0
246.086760097,267.460363043,57.7934798484,0.0
423.449939089,356.690698369,57.7934798484,0.0
394.757550288,241.182678788,57.7934798484,0.0
91.3635926697,220.236502063,57.7934798484,0.0
@ 1280 10 0.601891659501 0.400283117676
435.05275592,224.616151731,65.6137045937,0.0
198.985050929,79.7613144979,65.6137045937,0.0
124.161720273,266.076340163,65.6137045937,0.0
229.104924852,389.509250283,65.6137045937,0.0
65.8850889629,136.861031458,65.6137045937,0.0
273.446403404,210.4704062,65.6137045937,0.0
72.5783470474,396.484951251,65.6137045937,0.0
362.12396584,88.2230070482,65.6137045937,0.0
435.697518009,441.597751699,65.6137045937,0.0
343.813563956,323.209482586,65.6137045937,0.0
@ 1290 10 0.601891659501 0.515939409079
73.2215743131,397.662950379,63.4682356184,0.0
421.358474176,92.2766954937,63.4682356184,0.0
318.455829419,197.208302206,63.4682356184,0.0
249.695698728,440.783261857,63.4682356184,0.0
279.93261225,70.6288117587,63.4682356184,0.0
80.7017444417,93.7496974051,63.4682356184,0.0
411.023622548,431.952675441,63.4682356184,0.0
323.794814854,332.988438791,63.4682356184,0.0
440.832733734,265.89674894,63.4682356184,0.0
210.673999871,269.677498868,63.4682356184,0.0
@ 1300 10 0.601891659501 0.482750169105
84.7940109291,402.806340376,68.7245914321,0.0
430.408044995,90.7919101803,68.7245914321,0.0
114.273304862,251.51084293,68.7245914321,0.0
440.842073266,400.147812512,68.7245914321,0.0
226.557645493,439.543060398,68.7245914321,0.0
81.9566571359,89.2277923906,68.7245914321,0.0
249.454191472,209.738901813,68.7245914321,0.0
225.960261859,69.8628388654,68.7245914321,0.0
435.094474845,243.341792138,68.7245914321,0.0
322.250768062,328.810550947,68.7245914321,0.0
@ 1310 10 1.18243243243 0.566022789323
99.2422782719,433.209045038,68.8535026387,0.0
217.818003587,144.03539055,68.8535026387,0.0
72.8870632297,223.74347217,68.8535026387,0.0
441.92292464,294.453869352,68.8535026387,0.0
421.681368469,439.427774884,68.8535026387,0.0
82.1534429179,77.3211604106,68.8535026387,0.0
272.205652459,426.691255984,68.8535026387,0.0
176.470481517,314.884960578,68.8535026387,0.0
410.635861807,153.091797128,68.8535026387,0.0
304.262872067,257.307591223,68.8535026387,0.0
@ 1320 10 1.18243243243 0.568148232731
172.070215207,188.472718025,67.2019884554,0.0
90.9080276241,434.93928121,67.2019884554,0.0
278.382442853,274.926937311,67.2019884554,0.0
425.213047684,432.549111285,67.2019884554,0.0
263.794483888,441.98825116,67.2019884554,0.0
426.645188921,262.560921189,67.2019884554,0.0
69.1509800221,280.965469479,67.2019884554,0.0
284.385832177,113.744228434,67.2019884554,0.0
436.039845553,101.947731537,67.2019884554,0.0
68.7728489991,78.0838865519,67.2019884554,0.0
@ 1330 10 1.18243243243 0.54121999294
103.834026141,239.613250233,67.1661737084,0.0
287.556109996,440.23437041,67.1661737084,0.0
104.273569481,442.576732212,67.1661737084,0.0
438.673036619,433.501291095,67.1661737084,0.0
203.494654249,330.441273776,67.1661737084,0.0
439.796973721,278.238936754,67.1661737084,0.0
76.3681069419,104.592043206,67.1661737084,0.0
309.624548907,224.431089339,67.1661737084,0.0
381.44681709,104.612269915,67.1661737084,0.0
226.483353926,105.590751135,67.1661737084,0.0
@ 1340 10 1.18243243243 0.540643269174
77.8219833866,396.013851272,69.2563509203,0.0
440.509625037,109.177224395,69.2563509203,0.0
220.435279852,440.237642793,69.2563509203,0.0
324.26177379,189.143970478,69.2563509203,0.0
302.684685818,326.578395012,69.2563509203,0.0
417.791233297,433.782242329,69.2563509203,0.0
91.4582789987,92.9549200066,69.2563509203,0.0
435.875967521,280.476332685,69.2563509203,0.0
231.380550638,80.0962018759,69.2563509203,0.0
172.066042643,264.716927754,69.2563509203,0.0
@ 1350 10 1.18243243243 0.574815928322
77.3834716412,416.207529,63.1221683487,0.0
263.506654254,210.544011519,63.1221683487,0.0
249.369535332,448.83993961,63.1221683487,0.0
73.2498318182,267.169452228,63.1221683487,0.0
408.42855063,447.194380795,63.1221683487,0.0
332.906604768,82.2021509341,63.1221683487,0.0
196.615793691,321.854949792,63.1221683487,0.0
430.354146024,242.230538859,63.1221683487,0.0
325.74003979,339.764010212,63.1221683487,0.0
74.5908552217,109.74517398,63.1221683487,0.0
@ 1360 10 1.18243243243 0.477500028962
86.9050859565,255.60521887,66.6120373899,0.0
195.115766256,162.317291705,66.6120373899,0.0
255.527615465,428.448287306,66.6120373899,0.0
415.998169084,217.92671466,66.6120373899,0.0
77.0322583106,407.047452695,66.6120373899,0.0
442.880321395,77.9587242267,66.6120373899,0.0
308.233023801,73.825801732,66.6120373899,0.0
427.497915335,430.424742258,66.6120373899,0.0
266.823948912,288.911362606,66.6120373899,0.0
67.2754452365,118.946173627,66.6120373899,0.0
@ 1370 10 1.18243243243 0.531759207125
164.536379716,78.6746610516,63.288685864,0.0
74.3628391416,345.767715569,63.288685864,0.0
257.748502196,169.3787376,63.288685864,0.0
360.869905147,314.498386006,63.288685864,0.0
288.410175397,445.038044814,63.288685864,0.0
417.85257417,194.147503212,63.288685864,0.0
354.336018218,82.3384361032,63.288685864,0.0
433.52366158,426.709934288,63.288685864,0.0
205.683675342,328.601238505,63.288685864,0.0
135.915232554,217.301323266,63.288685864,0.0
@ 1380 10 1.18243243243 0.480022660796
440.212154147,104.609978934,63.5084720202,0.0
104.715926811,124.974718709,63.5084720202,0.0
429.606698538,415.956193074,63.5084720202,0.0
299.931584125,315.009255829,63.5084720202,0.0
102.24853504,439.19638415,63.5084720202,0.0
243.976921396,446.392332565,63.5084720202,0.0
421.803900219,255.574743153,63.5084720202,0.0
93.2830228334,260.056634289,63.5084720202,0.0
213.029815189,215.904595137,63.5084720202,0.0
241.677540415,78.6819955859,63.5084720202,0.0
@ 1390 10 1.18243243243 0.483362452925
266.918067902,429.70086335,65.5778731138,0.0
306.187349527,153.209895782,65.5778731138,0.0
78.0607885205,80.6033438641,65.5778731138,0.0
419.340779068,242.680047301,65.5778731138,0.0
71.5993649396,307.382700136,65.5778731138,0.0
71.6646793361,440.821841618,65.5778731138,0.0
409.490796114,420.453852542,65.5778731138,0.0
300.417350217,299.164478349,65.5778731138,0.0
178.553594902,197.330682051,65.5778731138,0.0
413.080403003,66.4909405719,65.5778731138,0.0
@ 1400 10 1.18243243243 0.515376056505
226.79957717,436.702168504,75.0850032335,0.0
279.403214403,75.7393901587,75.0850032335,0.0
108.113358267,85.4624332687,75.0850032335,0.0
436.620441633,226.085339462,75.0850032335,0.0
75.0966776478,281.309825624,75.0850032335,0.0
75.3334837895,434.976144814,75.0850032335,0.0
415.651428705,430.036225617,75.0850032335,0.0
314.874975998,314.789205374,75.0850032335,0.0
206.181577074,207.96906013,75.0850032335,0.0
435.341679874,75.3417288692,75.0850032335,0.0
@ 1410 10 33.3333333333 0.675640992964
227.796068837,436.62545851,75.333881364,0.0
283.940464569,76.0059779744,75.333881364,0.0
104.15842561,85.2276497301,75.333881364,0.0
436.020733606,226.519580529,75.333881364,0.0
75.4927583477,285.33229493,75.333881364,0.0
75.7713514439,436.518898986,75.333881364,0.0
423.90060981,421.685189363,75.333881364,0.0
310.183494523,310.083256145,75.333881364,0.0
202.035422259,202.658519595,75.333881364,0.0
435.230038154,75.6291608109,75.333881364,0.0
@ 1420 10 33.3333333333 0.68012740011
228.414699157,436.412302374,75.3547558341,0.0
284.791303909,75.3731191143,75.3547558341,0.0
96.1408431525,94.5941987229,75.3547558341,0.0
436.436585218,226.303300371,75.3547558341,0.0
76.6804094093,284.057201714,75.3547558341,0.0
76.8869880011,435.440583329,75.3547558341,0.0
434.844241582,407.074825569,75.3547558341,0.0
310.773047672,309.599888179,75.3547558341,0.0
203.933358425,202.782587439,75.3547558341,0.0
435.771543666,75.486182348,75.3547558341,0.0
@ 1430 10 33.3333333333 0.680504369033
226.399193304,436.359877013,75.1847650657,0.0
284.316922228,76.8808515433,75.1847650657,0.0
101.208284624,88.1472624369,75.1847650657,0.0
436.196528494,227.375310305,75.1847650657,0.0
75.3777408044,283.977815042,75.1847650657,0.0
75.7823445623,435.851432805,75.1847650657,0.0
421.945628312,419.981811659,75.1847650657,0.0
312.621568973,313.140719219,75.1847650657,0.0
203.458448342,203.866219073,75.1847650657,0.0
435.478507158,76.4393416913,75.1847650657,0.0
@ 1440 10 33.3333333333 0.677437569062
226.781493072,436.413756347,75.3329725964,0.0
284.144743626,76.3501863123,75.3329725964,0.0
88.7241305758,79.692356091,75.3329725964,0.0
436.310779007,228.466482499,75.3329725964,0.0
75.3347592985,285.414714198,75.3329725964,0.0
75.6135861666,436.659860888,75.3329725964,0.0
417.092899529,435.558189504,75.3329725964,0.0
308.79222302,309.633377614,75.3329725964,0.0
201.480875456,202.704424499,75.3329725964,0.0
436.652898188,76.6131330394,75.3329725964,0.0
@ 1450 10 33.3333333333 0.680110991184
225.723171852,436.256271338,75.2112792658,0.0
284.224271691,78.5975683175,75.2112792658,0.0
110.808826937,79.954648426,75.2112792658,0.0
436.287253622,226.310903399,75.2112792658,0.0
75.4609805301,285.831812586,75.2112792658,0.0
75.2542626938,436.69415234,75.2112792658,0.0
426.902561321,431.270279334,75.2112792658,0.0
312.373875554,312.40839875,75.2112792658,0.0
203.927701588,206.488541189,75.2112792658,0.0
435.962304194,75.866526131,75.2112792658,0.0
@ 1460 10 33.3333333333 0.677915455304
229.679972477,436.546841252,74.9115686857,0.0
284.611300058,75.3898945288,74.9115686857,0.0
91.3862794903,82.0536279332,74.9115686857,0.0
435.471406759,227.348906993,74.9115686857,0.0
75.1768319549,284.662900078,74.9115686857,0.0
78.4956244422,435.046942809,74.9115686857,0.0
433.033265898,404.7177913,74.9115686857,0.0
308.026695712,306.51948244,74.9115686857,0.0
199.817342577,199.326183932,74.9115686857,0.0
436.904194653,76.3062539066,74.9115686857,0.0
@ 1470 10 33.3333333333 0.672523348909
226.228707774,436.659822764,75.3301459359,0.0
283.596579996,76.4243096188,75.3301459359,0.0
117.042950971,75.7579358648,75.3301459359,0.0
436.273727796,226.658521888,75.3301459359,0.0
77.6723604937,285.126512679,75.3301459359,0.0
75.3454243967,435.832083666,75.3301459359,0.0
416.376381101,430.565495001,75.3301459359,0.0
312.243925467,312.839301316,75.3301459359,0.0
205.889251445,205.817415035,75.3301459359,0.0
435.38063117,75.6429845894,75.3301459359,0.0
@ 1480 10 33.3333333333 0.680059953592
229.442854121,436.96293896,75.0175063121,0.0
281.125784511,75.3747553769,75.0175063121,0.0
90.3709387209,90.3606409016,75.0175063121,0.0
436.885886271,226.077968836,75.0175063121,0.0
76.2850061544,282.539330137,75.0175063121,0.0
77.7113567746,436.469438518,75.0175063121,0.0
433.921246307,422.518138678,75.0175063121,0.0
312.582533692,311.279086633,75.0175063121,0.0
205.694945477,205.169766902,75.0175063121,0.0
432.419707153,75.2694469443,75.0175063121,0.0
@ 1490 10 33.3333333333 0.674426817362
228.109808184,435.979144505,75.2922884084,0.0
285.741202956,75.6024722415,75.2922884084,0.0
88.9201523695,80.8009154183,75.2922884084,0.0
435.618196845,228.279417982,75.2922884084,0.0
75.5592564383,283.347354299,75.2922884084,0.0
76.4208892408,434.141219372,75.2922884084,0.0
400.40316138,430.079598641,75.2922884084,0.0
307.777434438,307.874929807,75.2922884084,0.0
201.776836033,200.77691022,75.2922884084,0.0
436.678631846,75.3518921363,75.2922884084,0.0
@ 1500 10 33.3333333333 0.679376590541
