10 10 0.0873362445415 0.191168299484 0.0577658933666 101.118709601 8 0.1 0.38877 0.3961352657 164.336347003 40 0.337767001651
20 10 0.0873362445415 0.287885516527 0.0365196192637 37.9590710229 8 0.1 0.43344 0.4384 109.126365157 40 0.337767001651
30 10 0.0873362445415 0.26645083022 0.0474975548618 22.5398339741 8 0.1 0.37461 0.335949764521 117.905055781 40 0.337767001651
40 10 0.0873362445415 0.266224587311 0.0422608612894 24.9495986803 8 0.1 0.44714 0.425566343042 118.005253825 40 0.337767001651
50 10 0.0873362445415 0.207906628801 0.0564308220586 47.8761733505 8 0.1 0.38427 0.394904458599 151.105812168 40 0.379453754719
60 10 0.0873362445415 0.2122328901 0.0310712749331 43.3091313788 8 0.1 0.42042 0.429022082019 148.025595775 40 0.379453754719
70 10 0.0873362445415 0.278722377617 0.0509025632712 32.4916127328 8 0.1 0.4115 0.372964169381 112.713949517 40 0.379453754719
80 10 0.0873362445415 0.268337746614 0.0354887920652 13.3195463514 8 0.1 0.34737 0.384962406015 117.075962649 40 0.379453754719
90 10 0.0873362445415 0.136889894237 0.0503672492669 63.6887139967 8 0.1 0.41673 0.47811993517 229.49758399 40 0.379453754719
100 10 0.0873362445415 0.312175697549 0.0461478876827 28.446437958 8 0.1 0.37626 0.401785714286 100.635316095 40 0.379453754719
110 10 0.0940354648039 0.241711579762 0.0286873308747 33.2645039161 8 0.1 0.36321 0.400981996727 129.972672517 0 0.379453754719
120 10 0.0940354648039 0.219450653642 0.0436979455457 53.4527368196 8 0.1 0.40183 0.380634390651 143.157012653 0 0.379453754719
130 10 0.0940354648039 0.263224697095 0.0448766677758 33.6724710648 8 0.1 0.35481 0.375196232339 119.350123095 0 0.379453754719
140 10 0.0940354648039 0.242464163877 0.0385139160946 33.7907730081 8 0.1 0.40302 0.434915773354 129.569250555 0 0.379453754719
150 10 0.0940354648039 0.306319772923 0.0401747722562 21.9613992574 8 0.1 0.3625 0.37520661157 102.559164562 0 0.379453754719
160 10 0.0940354648039 0.202334121358 0.0384318969549 27.5756256 8 0.1 0.41245 0.421538461538 155.267434821 0 0.379453754719
170 10 0.0940354648039 0.233654862908 0.032544100236 32.3364222224 8 0.1 0.40576 0.443686006826 134.454295575 0 0.379453754719
180 10 0.0940354648039 0.337428927946 0.0446303230489 16.7083057597 8 0.1 0.34509 0.36704730832 93.1037542963 0 0.379453754719
190 10 0.0940354648039 0.198249218077 0.0404823317131 43.1153617662 8 0.1 0.35859 0.354632587859 158.466703197 0 0.379453754719
200 10 0.0940354648039 0.199695682631 0.0404523899471 15.531142223 8 0.1 0.42686 0.467889908257 157.31887433 0 0.379453754719
210 10 0.101847810272 0.213667406027 0.0594628213414 28.1111358451 8 0.1 0.39199 0.349102773246 147.031784511 0 0.38937757344
220 10 0.101847810272 0.206267749304 0.0490227714357 38.6517248927 8 0.1 0.44144 0.380126182965 152.306408084 0 0.38937757344
230 10 0.101847810272 0.254328308455 0.0545766890261 26.7704237254 8 0.1 0.41728 0.380305602716 123.524983085 0 0.38937757344
240 10 0.101847810272 0.268107395745 0.0629689006135 21.0271852077 8 0.1 0.3651 0.440124416796 117.176551257 0 0.422063319829
250 10 0.101847810272 0.187191990139 0.0433944636168 36.5591782816 8 0.1 0.41988 0.415335463259 167.827159574 0 0.422063319829
260 10 0.101847810272 0.271750542062 0.0223432714488 22.1487495157 8 0.1 0.41386 0.419254658385 115.605657165 0 0.422063319829
270 10 0.101847810272 0.292918278427 0.0297101161736 36.0874906555 8 0.1 0.34142 0.37061769616 107.251415544 0 0.422063319829
280 10 0.101847810272 0.291280084115 0.0433696277694 37.7229427206 8 0.1 0.40429 0.405572755418 107.854610436 0 0.422063319829
290 10 0.101847810272 0.235444848269 0.0300625476917 24.6836610324 8 0.1 0.36139 0.379139072848 133.432097712 0 0.422063319829
300 10 0.101847810272 0.254208658476 0.0449581905917 24.5641193325 8 0.1 0.38057 0.370675453048 123.583123362 0 0.422063319829
310 10 0.111075848937 0.270703745976 0.0456518235168 21.7756249674 8 0.1 0.37524 0.453100158983 116.052697707 0 0.422063319829
320 10 0.111075848937 0.22700936907 0.0537853652212 39.6636801428 8 0.1 0.4194 0.41214057508 138.390323398 0 0.422063319829
330 10 0.111075848937 0.28185964578 0.0443817905792 13.3724544003 8 0.1 0.40391 0.414442700157 111.459375155 0 0.422063319829
340 10 0.111075848937 0.336236645164 0.0400257468174 24.7237579331 8 0.1 0.32256 0.294851794072 93.4338967862 0 0.422063319829
350 10 0.111075848937 0.211648087513 0.0252402234584 40.5004519354 8 0.1 0.40367 0.413509060956 148.434603729 0 0.422063319829
360 10 0.111075848937 0.220405783786 0.0297218626597 38.0435775213 8 0.1 0.40333 0.355960264901 142.536640647 0 0.422063319829
370 10 0.111075848937 0.217048897903 0.0340216746708 39.411254331 8 0.1 0.32846 0.379365079365 144.74111734 0 0.422063319829
380 10 0.111075848937 0.306510294729 0.0558343602579 17.8615567468 8 0.1 0.36736 0.4208 102.495415457 0 0.422063319829
390 10 0.111075848937 0.256175112809 0.0284016534825 21.9493677998 8 0.1 0.40539 0.415584415584 122.634473175 0 0.422063319829
400 10 0.111075848937 0.325908091827 0.047301188924 18.8178290494 8 0.1 0.36376 0.39527027027 96.3949677465 0 0.422063319829
410 10 0.122142732507 0.331224822849 0.0587034386803 23.9629267903 8 0.1 0.40951 0.423895253682 94.8476618684 0 0.422063319829
420 10 0.122142732507 0.247923666957 0.0280734673656 17.3308181499 8 0.1 0.40107 0.390243902439 126.716018626 0 0.422063319829
430 10 0.122142732507 0.328298315432 0.0273532368681 23.7962075656 8 0.1 0.34345 0.387149917628 95.6931501724 0 0.422063319829
440 10 0.122142732507 0.258859303823 0.0420098422671 23.2642474816 8 0.1 0.4067 0.459293394777 121.362838948 0 0.422063319829
450 10 0.122142732507 0.233213812221 0.0294115559251 28.3529503497 8 0.1 0.35047 0.383900928793 134.708573651 0 0.422063319829
460 10 0.122142732507 0.318773381282 0.0419067328569 37.1578375952 8 0.1 0.39196 0.392971246006 98.5524571519 0 0.422063319829
470 10 0.122142732507 0.173669268718 0.0441912531069 50.9069016103 8 0.1 0.40467 0.409509202454 180.894986384 0 0.422063319829
480 10 0.122142732507 0.2061934158 0.0336635456822 31.6895602316 8 0.1 0.40706 0.440677966102 152.361315118 0 0.422063319829
490 10 0.122142732507 0.224724425214 0.0335240703829 21.8311698531 8 0.1 0.36344 0.396875 139.797442891 0 0.422063319829
500 10 0.122142732507 0.293057719512 0.0577334040603 32.0008266365 8 0.1 0.38845 0.430158730159 107.200383775 0 0.422063319829
510 10 0.135658914729 0.429492664803 0.0479028555435 20.2554124683 8 0.1 0.40494 0.370967741935 73.1465344453 0 0.429492664803
520 10 0.135658914729 0.333898299507 0.0377469623502 22.531775784 8 0.1 0.40926 0.399082568807 94.0882299982 0 0.429492664803
530 10 0.135658914729 0.331108248977 0.0352010743326 20.4291762934 8 0.1 0.39152 0.502318392581 94.8810550538 0 0.429492664803
540 10 0.135658914729 0.262873074609 0.0380865052096 35.0052285717 8 0.1 0.42689 0.470866141732 119.509767391 0 0.429492664803
550 10 0.135658914729 0.337659250351 0.0473126795564 28.1977345756 8 0.1 0.39754 0.384496124031 93.0402468387 0 0.429492664803
560 10 0.135658914729 0.264221616608 0.0380082984848 21.6546812841 8 0.1 0.42837 0.407914764079 118.899809952 0 0.429492664803
570 10 0.135658914729 0.313529010922 0.0491833411099 28.2565051622 8 0.1 0.38249 0.396072013093 100.20093486 0 0.429492664803
580 10 0.135658914729 0.27335655981 0.0272323285292 28.3334104522 8 0.1 0.44099 0.422712933754 114.926453647 0 0.429492664803
590 10 0.135658914729 0.390163612306 0.0465579677593 30.3402359458 8 0.1 0.36932 0.3875 80.5198101749 0 0.429492664803
600 10 0.135658914729 0.282145248671 0.0331427202316 34.8768032018 8 0.1 0.41527 0.438596491228 111.346549864 0 0.429492664803
610 10 0.152538679451 0.292859344847 0.0367621283071 32.1193268615 8 0.1 0.37778 0.454545454545 107.272998294 0 0.429492664803
620 10 0.152538679451 0.234270059526 0.0280597529916 36.875731836 8 0.1 0.40442 0.408 134.101216619 0 0.429492664803
630 10 0.152538679451 0.324711163548 0.0297831214421 26.6683947989 8 0.1 0.36079 0.377850162866 96.750292342 0 0.429492664803
640 10 0.152538679451 0.221350041567 0.0582061323298 37.9056872286 8 0.1 0.37453 0.384969325153 141.928593181 0 0.429492664803
650 10 0.152538679451 0.227511448958 0.0314836643964 31.1428332549 8 0.1 0.43402 0.409309791332 138.084918996 0 0.429492664803
660 10 0.152538679451 0.24839971925 0.0348414798758 33.7321054786 8 0.1 0.3921 0.403726708075 126.47317032 0 0.429492664803
670 10 0.152538679451 0.278769331944 0.0256172550874 28.8215040733 8 0.1 0.45096 0.406940063091 112.694964618 0 0.429492664803
680 10 0.152538679451 0.258402949856 0.0415842869629 30.9538912208 8 0.1 0.36947 0.345335515548 121.577172465 0 0.429492664803
690 10 0.152538679451 0.361330294465 0.05189042393 27.9971643281 8 0.1 0.45103 0.422291993721 86.9451039153 0 0.429492664803
700 10 0.152538679451 0.177515826418 0.0542483261145 20.4107056065 8 0.1 0.41514 0.360655737705 176.97520629 0 0.429492664803
710 10 0.174216027875 0.23565388529 0.0372356045188 30.3137023866 8 0.1 0.40626 0.353820598007 133.313736633 0 0.429492664803
720 10 0.174216027875 0.407412888674 0.0507689865753 8.94058118043 8 0.1 0.34813 0.392156862745 77.1107170964 0 0.429492664803
730 10 0.174216027875 0.232302938547 0.050505961179 33.5957260745 8 0.1 0.41683 0.491338582677 135.236774001 0 0.429492664803
740 10 0.174216027875 0.27392966182 0.0291914784443 33.1030723036 8 0.1 0.37837 0.399006622517 114.686010238 0 0.429492664803
750 10 0.174216027875 0.33319326039 0.019351444434 33.6303052711 8 0.1 0.38623 0.403669724771 94.2873213079 0 0.429492664803
760 10 0.174216027875 0.236097468621 0.035780989336 50.3285267545 8 0.1 0.44733 0.428571428571 133.06326486 0 0.429492664803
770 10 0.174216027875 0.303013739229 0.0382444289123 16.1651610639 8 0.1 0.407 0.392857142857 103.678137103 0 0.429492664803
780 10 0.174216027875 0.274640225641 0.0451631875444 34.5782578869 8 0.1 0.39045 0.396774193548 114.389288483 0 0.429492664803
790 10 0.174216027875 0.29397286975 0.0426083877999 21.9931547527 8 0.1 0.40247 0.413509060956 106.866664351 0 0.429492664803
800 10 0.174216027875 0.333621480393 0.0296244817085 15.8778939085 8 0.1 0.3618 0.395384615385 94.1662987737 0 0.429492664803
810 10 0.203075137801 0.322455066274 0.0357339468962 32.4921705914 8 0.1 0.39802 0.428343949045 97.4272178849 0 0.429492664803
820 10 0.203075137801 0.29892204545 0.0360288690836 24.2218898772 8 0.1 0.44836 0.390953150242 105.097300377 0 0.429492664803
830 10 0.203075137801 0.372623331447 0.0335264773467 25.9782277282 8 0.1 0.43477 0.426100628931 84.3100722598 0 0.429492664803
840 10 0.203075137801 0.271449627768 0.0393448780867 29.2311747282 8 0.1 0.3729 0.397174254317 115.733811309 0 0.429492664803
850 10 0.203075137801 0.284086785908 0.0499565343501 34.4906591944 8 0.1 0.43787 0.461663947798 110.585572995 0 0.438995141379
860 10 0.203075137801 0.2747983492 0.0387120466798 17.3233726258 8 0.1 0.38439 0.362012987013 114.323466977 0 0.438995141379
870 10 0.203075137801 0.335106353649 0.0373708125131 25.6512742325 8 0.1 0.42618 0.401263823065 93.7490431258 0 0.438995141379
880 10 0.203075137801 0.288202763758 0.0393393246232 22.970753203 8 0.1 0.39783 0.414596273292 109.006241267 0 0.438995141379
890 10 0.203075137801 0.352612986015 0.0341062651695 24.4722188568 8 0.1 0.40343 0.337248322148 89.0945632917 0 0.438995141379
900 10 0.203075137801 0.378940332189 0.0395579996498 28.5446477001 8 0.1 0.39247 0.387987012987 82.9046088034 0 0.438995141379
910 10 0.243393602225 0.366206141567 0.028385287334 23.5603994978 8 0.1 0.43229 0.401913875598 85.7874744141 0 0.438995141379
920 10 0.243393602225 0.415774581387 0.0336206085381 26.022943082 8 0.1 0.41042 0.413333333333 75.559934172 0 0.438995141379
930 10 0.243393602225 0.313160902431 0.0335723695122 28.3252634629 8 0.1 0.39477 0.398387096774 100.318717171 0 0.438995141379
940 10 0.243393602225 0.33683155345 0.0386035450143 27.7471177818 8 0.1 0.43919 0.458267716535 93.2688748373 0 0.438995141379
950 10 0.243393602225 0.416017440943 0.040489522827 23.1535155629 8 0.1 0.37086 0.358766233766 75.5158243577 0 0.438995141379
960 10 0.243393602225 0.345007340774 0.0421034104954 24.5631470018 8 0.1 0.37673 0.360123647604 91.0586422002 0 0.45629778782
970 10 0.243393602225 0.32288059035 0.0287696395909 21.5662046537 8 0.1 0.45666 0.452713178295 97.2988186312 0 0.45629778782
980 10 0.243393602225 0.370558898383 0.033066002285 15.0562129166 8 0.1 0.39882 0.379146919431 84.7797749213 0 0.45629778782
990 10 0.243393602225 0.391812967341 0.0441857929518 17.7035893514 8 0.1 0.41126 0.391912908243 80.180858263 0 0.45629778782
1000 10 0.243393602225 0.349940313232 0.0483403197868 23.7703364176 8 0.1 0.41478 0.427457098284 89.7750239459 0 0.45629778782
1010 10 0.303687635575 0.344688196772 0.0426143985648 29.5564264535 8 0.1 0.38513 0.401305057096 91.1429526577 0 0.4888957714
1020 10 0.303687635575 0.277989802454 0.0352581465882 23.910718094 8 0.1 0.42855 0.405772495756 113.010979981 0 0.4888957714
1030 10 0.303687635575 0.359713645696 0.0283914760769 36.8404486759 8 0.1 0.42811 0.41156462585 87.3358583304 0 0.4888957714
1040 10 0.303687635575 0.392840683725 0.044332294223 30.9763655331 8 0.1 0.38046 0.337268128162 79.9710959214 0 0.4888957714
1050 10 0.303687635575 0.378135664706 0.0385510076335 25.9628686493 8 0.1 0.38584 0.346972176759 83.0810286684 0 0.4888957714
1060 10 0.303687635575 0.409798105312 0.0526862248276 15.4319302129 8 0.1 0.41212 0.3888 76.6618966578 0 0.4888957714
1070 10 0.303687635575 0.346741246794 0.0423850613599 25.5677980784 8 0.1 0.40478 0.439393939394 90.6032965228 0 0.4888957714
1080 10 0.303687635575 0.39446254198 0.0217178480718 18.2118037414 8 0.1 0.35667 0.376996805112 79.642289588 0 0.4888957714
1090 10 0.303687635575 0.35638491753 0.0253864605927 27.2189272014 8 0.1 0.42839 0.422647527911 88.1515980468 0 0.4888957714
1100 10 0.303687635575 0.358680114296 0.0403211522209 20.9224426878 8 0.1 0.35078 0.379598662207 87.5875153036 0 0.4888957714
1110 10 0.40369088812 0.40738986391 0.0370096337223 16.0225383424 8 0.1 0.40372 0.388415672913 77.1150752217 0 0.4888957714
1120 10 0.40369088812 0.384708844589 0.0440166726893 22.9368444205 8 0.1 0.3331 0.348242811502 81.6614965885 0 0.49815392392
1130 10 0.40369088812 0.406561305083 0.026110138385 19.7909804657 8 0.1 0.38293 0.4203125 77.272233258 0 0.49815392392
1140 10 0.40369088812 0.440392373931 0.03489545796 18.8136081456 8 0.1 0.43488 0.409461663948 71.336158071 0 0.49815392392
1150 10 0.40369088812 0.325441435539 0.030570337948 21.0291168156 8 0.1 0.40703 0.381493506494 96.5331902128 0 0.49815392392
1160 10 0.40369088812 0.314584571171 0.042827136619 22.7260636028 8 0.1 0.37526 0.428571428571 99.8647196302 0 0.49815392392
1170 10 0.40369088812 0.41794045225 0.044664355524 20.1324689962 8 0.1 0.40725 0.364516129032 75.1683638921 0 0.49815392392
1180 10 0.40369088812 0.357044469794 0.0355350408705 18.4640389885 8 0.1 0.34359 0.381329113924 87.9887595462 0 0.49815392392
1190 10 0.40369088812 0.377377320933 0.042542810091 30.2870256855 8 0.1 0.41023 0.453543307087 83.2479808865 0 0.49815392392
1200 10 0.40369088812 0.443329312386 0.0519441662571 19.4075930512 8 0.1 0.36524 0.36420722135 70.8635750497 0 0.51785666357
1210 10 0.601891659501 0.385473229369 0.04108916975 30.1295862498 8 0.1 0.34597 0.335559265442 81.4995636699 0 0.540814165873
1220 10 0.601891659501 0.423593718025 0.0231873421701 13.854760474 8 0.1 0.38389 0.366174055829 74.1651697444 0 0.540814165873
1230 10 0.601891659501 0.449058146758 0.02803513927 11.0600554664 8 0.1 0.42486 0.406099518459 69.959536926 0 0.540814165873
1240 10 0.601891659501 0.499598915243 0.0328313354482 10.663078371 8 0.1 0.39536 0.405448717949 62.8822422176 0 0.540814165873
1250 10 0.601891659501 0.438546419825 0.0432614328532 18.8126338529 8 0.1 0.46865 0.361486486486 71.6364302153 0 0.540814165873
1260 10 0.601891659501 0.420362814826 0.0430679810884 11.6808429137 8 0.1 0.41721 0.380165289256 74.7352022871 0 0.540814165873
1270 10 0.601891659501 0.457759686396 0.0324092852739 16.4687777128 8 0.1 0.37062 0.428792569659 68.6296782649 0 0.540814165873
1280 10 0.601891659501 0.434306362047 0.030898962056 16.8716866957 8 0.1 0.39872 0.384493670886 72.3358042741 0 0.540814165873
1290 10 0.601891659501 0.444578258047 0.0425135664416 14.7487261568 8 0.1 0.43658 0.44099378882 70.6644992898 0 0.540814165873
1300 10 0.601891659501 0.472293110347 0.0215178501593 20.2175935266 8 0.1 0.38149 0.377388535032 66.5178028469 0 0.540814165873
1310 10 1.18243243243 0.549171997811 0.0334046807154 11.8506309794 8 0.1 0.48039 0.377049180328 57.2059393509 30 0.57800153962
1320 10 1.18243243243 0.547013317293 0.0233264025061 11.7125375485 8 0.1 0.42381 0.359550561798 57.4316913444 30 0.57800153962
1330 10 1.18243243243 0.536015011165 0.0265711708993 12.1429573944 8 0.1 0.39262 0.404615384615 58.6101123021 30 0.587648656476
1340 10 1.18243243243 0.488462501782 0.0245469146263 2.10645385524 8 0.1 0.40793 0.37925445705 64.3158889073 30 0.587648656476
1350 10 1.18243243243 0.568599859397 0.0310609165704 10.2260643717 8 0.1 0.34813 0.377179080824 55.2513326917 30 0.5933982157
1360 10 1.18243243243 0.516098334665 0.0190492244766 1.67039287018 8 0.1 0.38888 0.420221169036 60.8719267044 30 0.5933982157
1370 10 1.18243243243 0.467064041308 0.0257855103528 3.36204802934 8 0.1 0.4509 0.409756097561 67.2625105372 30 0.5933982157
1380 10 1.18243243243 0.54381768707 0.02656875281 9.33868460061 8 0.1 0.44886 0.367892976589 57.7691765953 30 0.5933982157
1390 10 1.18243243243 0.513267514362 0.0278313446774 5.91270863559 8 0.1 0.36601 0.41746031746 61.2076531651 30 0.603047877189
1400 10 1.18243243243 0.519087427488 0.0250131294924 8.84403857724 8 0.1 0.42082 0.38202247191 60.5214041728 30 0.603047877189
1410 10 33.3333333333 0.671382348397 0.0428628770138 0.212161142721 8 0.1 0.67326 0.614634146341 46.7928596499 280 0.686879664406
1420 10 33.3333333333 0.679995411903 0.00293584065771 0.0139899739108 8 0.1 0.31479 0.308319738989 46.200164663 280 0.686879664406
1430 10 33.3333333333 0.675336012796 0.00192418337808 0.00177089390606 8 0.1 0.37264 0.366612111293 46.5189171091 280 0.686879664406
1440 10 33.3333333333 0.675826694309 0.00134500638024 0.00395166254564 8 0.1 0.43884 0.406666666667 46.4851422185 280 0.686879664406
1450 10 33.3333333333 0.676190077299 0.00164148223142 0.0100579779722 8 0.1 0.32736 0.355155482815 46.4601612101 280 0.686879664406
1460 10 33.3333333333 0.677070596289 0.00128975008735 0.0028496404777 8 0.1 0.42852 0.3808 46.3997405473 280 0.686879664406
1470 10 33.3333333333 0.674423837547 0.00124238481153 0.00404482795045 8 0.1 0.41129 0.431561996779 46.5818351176 280 0.686879664406
1480 10 33.3333333333 0.679260211222 0.00224669359127 0.00392889473391 8 0.1 0.36177 0.368670886076 46.2501696419 280 0.686879664406
1490 10 33.3333333333 0.679026055834 0.00207405344619 0.00340890677452 8 0.1 0.39901 0.426202321725 46.2661185533 280 0.686879664406
1500 10 33.3333333333 0.676443689416 0.00181903350992 0.00324466383604 8 0.1 0.42845 0.403305785124 46.4427423768 280 0.686879664406
