395.474940582,133.374500134,38.8880804743,0.0
342.103629562,243.068121054,38.8880804743,0.0
249.374159375,403.195510596,38.8880804743,0.0
336.823607605,459.343927827,38.8880804743,0.0
56.4694643948,439.711372697,38.8880804743,0.0
175.789591072,326.536032564,38.8880804743,0.0
197.161598923,147.761508077,38.8880804743,0.0
437.66625438,65.0963796786,38.8880804743,0.0
450.882690607,439.906529214,38.8880804743,0.0
440.592004219,300.232896956,38.8880804743,0.0
@ 10 10 0.0873362445415 0.18123521923
122.295528514,370.815672329,48.9458054126,0.0
333.077685924,240.23453755,48.9458054126,0.0
231.705767263,264.584297861,48.9458054126,0.0
207.558926058,56.2250437244,48.9458054126,0.0
317.698196128,124.90959891,48.9458054126,0.0
231.964482042,378.077714656,48.9458054126,0.0
79.054598142,462.559452455,48.9458054126,0.0
64.1214812566,64.987773368,48.9458054126,0.0
332.126535358,373.611013031,48.9458054126,0.0
425.773904559,435.637077627,48.9458054126,0.0
@ 20 10 0.0873362445415 0.287104858932
286.52059291,45.6200343126,37.9463120246,0.0
151.79435057,61.8452764955,37.9463120246,0.0
158.125656477,248.960892891,37.9463120246,0.0
86.4634343541,150.00454049,37.9463120246,0.0
473.045256465,72.42309351,37.9463120246,0.0
340.644620257,251.818685445,37.9463120246,0.0
452.611112955,145.994556349,37.9463120246,0.0
404.578477381,444.600477815,37.9463120246,0.0
235.991581414,165.209365241,37.9463120246,0.0
301.916510694,461.482172821,37.9463120246,0.0
@ 30 10 0.0873362445415 0.172563416642
120.334933503,79.0763088275,44.3270100165,0.0
414.163339814,426.796049296,44.3270100165,0.0
175.117837346,198.229843897,44.3270100165,0.0
243.892832252,346.983624786,44.3270100165,0.0
349.455971226,342.367485051,44.3270100165,0.0
313.751622262,126.560130922,44.3270100165,0.0
183.762133645,439.169645798,44.3270100165,0.0
414.832390481,168.963116337,44.3270100165,0.0
111.667939037,266.893281666,44.3270100165,0.0
262.985713906,51.2789293406,44.3270100165,0.0
@ 40 10 0.0873362445415 0.23547589686
119.552819578,463.281142769,46.4023182313,0.0
456.988154879,279.300828461,46.4023182313,0.0
389.994074945,50.0391827986,46.4023182313,0.0
234.624398823,93.8904260911,46.4023182313,0.0
71.0792825684,382.070240431,46.4023182313,0.0
343.016052827,221.917368209,46.4023182313,0.0
265.246485607,393.283904922,46.4023182313,0.0
242.812275019,248.026416904,46.4023182313,0.0
366.875482981,384.325570243,46.4023182313,0.0
105.963708875,273.03345312,46.4023182313,0.0
@ 50 10 0.0873362445415 0.258041133094
152.811710374,177.950129064,36.0079947749,0.0
189.976481425,325.167460199,36.0079947749,0.0
280.028764913,187.989763925,36.0079947749,0.0
335.505497882,82.2052576059,36.0079947749,0.0
473.952245956,265.038043081,36.0079947749,0.0
111.402539903,418.700153946,36.0079947749,0.0
185.294750847,104.183894766,36.0079947749,0.0
422.764970076,73.3069973747,36.0079947749,0.0
414.01719445,437.685222767,36.0079947749,0.0
243.447263891,265.181057251,36.0079947749,0.0
@ 60 10 0.0873362445415 0.155384415236
423.431999602,232.8839524,44.5883378244,0.0
460.704112053,346.83347541,44.5883378244,0.0
191.27266554,94.4790021559,44.5883378244,0.0
349.920000746,131.571611189,44.5883378244,0.0
367.119963096,355.404145809,44.5883378244,0.0
47.059133538,82.060078238,44.5883378244,0.0
178.040073873,462.934254668,44.5883378244,0.0
392.922761965,461.36010678,44.5883378244,0.0
215.976392741,379.630410666,44.5883378244,0.0
73.5077404564,200.198682435,44.5883378244,0.0
@ 70 10 0.0873362445415 0.238260555351
240.479382098,72.4062005006,45.8372409189,0.0
193.615294295,315.685796196,45.8372409189,0.0
381.332875575,202.524418793,45.8372409189,0.0
413.004169119,435.210611361,45.8372409189,0.0
403.090593358,55.5689901042,45.8372409189,0.0
86.9712324101,448.851502604,45.8372409189,0.0
91.3266285693,186.033284318,45.8372409189,0.0
268.206215277,373.872258066,45.8372409189,0.0
269.285627624,188.217263549,45.8372409189,0.0
362.817460288,334.768130844,45.8372409189,0.0
@ 80 10 0.0873362445415 0.25179466288
93.0763079586,224.144026517,48.0789528734,0.0
94.0795404746,96.061369312,48.0789528734,0.0
257.358956709,395.185633067,48.0789528734,0.0
450.372329844,212.976314815,48.0789528734,0.0
337.76583704,58.9235272717,48.0789528734,0.0
458.454390229,309.458097942,48.0789528734,0.0
260.183658255,295.639040718,48.0789528734,0.0
399.145015957,408.374226162,48.0789528734,0.0
59.8344958294,452.494613958,48.0789528734,0.0
193.380117529,152.454870378,48.0789528734,0.0
@ 90 10 0.0873362445415 0.277025396301
52.0596509422,141.342236346,45.8697730124,0.0
443.7230423,239.072757122,45.8697730124,0.0
123.634046379,370.786405659,45.8697730124,0.0
443.020104887,361.040266206,45.8697730124,0.0
373.342670803,72.1819937752,45.8697730124,0.0
50.8708038259,242.140218347,45.8697730124,0.0
304.025257473,391.981134575,45.8697730124,0.0
195.323896555,111.878910429,45.8697730124,0.0
208.854454575,256.164919989,45.8697730124,0.0
303.666178578,181.500085612,45.8697730124,0.0
@ 100 10 0.0873362445415 0.252152202479
243.320024434,443.250410276,44.7650889018,0.0
119.783167065,455.008969265,44.7650889018,0.0
123.768437388,177.443262457,44.7650889018,0.0
247.664914176,323.674191287,44.7650889018,0.0
328.241936895,389.917501453,44.7650889018,0.0
123.604525841,307.493560139,44.7650889018,0.0
294.419213413,166.333053368,44.7650889018,0.0
454.762624012,61.5075678064,44.7650889018,0.0
114.338225766,57.498308161,44.7650889018,0.0
432.096609456,203.040042982,44.7650889018,0.0
@ 110 10 0.0940354648039 0.240153260076
57.4588209654,339.71815997,44.9364770717,0.0
378.371676374,454.954141436,44.9364770717,0.0
266.370136983,267.596761304,44.9364770717,0.0
253.00292461,52.8916636024,44.9364770717,0.0
350.78142597,234.03906603,44.9364770717,0.0
176.553510226,344.466981476,44.9364770717,0.0
286.983953793,373.210230095,44.9364770717,0.0
224.672556796,150.785199954,44.9364770717,0.0
464.177056533,427.223533047,44.9364770717,0.0
147.391947977,95.3768689632,44.9364770717,0.0
@ 120 10 0.0940354648039 0.241995687757
257.94876403,155.439926428,44.2539537637,0.0
463.48702043,249.660849537,44.2539537637,0.0
436.96826155,117.131179274,44.2539537637,0.0
125.285363235,451.139285232,44.2539537637,0.0
56.9011801918,331.04321535,44.2539537637,0.0
273.031261922,436.881596151,44.2539537637,0.0
454.13227413,454.653869824,44.2539537637,0.0
199.802583153,333.848194947,44.2539537637,0.0
428.949357662,340.162390396,44.2539537637,0.0
363.880573025,187.344837121,44.2539537637,0.0
@ 130 10 0.0940354648039 0.23470035119
324.682949544,282.32300345,40.9729556747,0.0
428.974746362,160.16362315,40.9729556747,0.0
319.408774734,141.897078076,40.9729556747,0.0
448.193634639,307.176073746,40.9729556747,0.0
58.4242151677,158.845335156,40.9729556747,0.0
185.255488052,459.4220899,40.9729556747,0.0
426.161576894,424.345298447,40.9729556747,0.0
142.965464166,65.1961074315,40.9729556747,0.0
134.62926762,382.640124152,40.9729556747,0.0
273.351649817,457.107775606,40.9729556747,0.0
@ 140 10 0.0940354648039 0.201188972047
452.196489707,136.671273787,47.5160868124,0.0
48.7200554769,95.4641060547,47.5160868124,0.0
158.497257525,52.9328386626,47.5160868124,0.0
307.312710753,174.97299244,47.5160868124,0.0
112.426719752,311.308454043,47.5160868124,0.0
77.0581903861,422.522159465,47.5160868124,0.0
342.50175862,77.3845662653,47.5160868124,0.0
194.006441116,211.108801616,47.5160868124,0.0
257.399507301,303.487161986,47.5160868124,0.0
318.607371106,379.965214094,47.5160868124,0.0
@ 150 10 0.0940354648039 0.270577025472
223.410667705,313.422590468,46.7342250164,0.0
326.577457285,401.576378771,46.7342250164,0.0
145.45088425,429.284888392,46.7342250164,0.0
305.751760271,211.361029793,46.7342250164,0.0
155.516729612,46.8665438892,46.7342250164,0.0
421.991223212,388.477647904,46.7342250164,0.0
73.0755502488,222.247024123,46.7342250164,0.0
449.269131861,88.3911540549,46.7342250164,0.0
73.0410916279,120.174116175,46.7342250164,0.0
113.085376084,341.319927193,46.7342250164,0.0
@ 160 10 0.0940354648039 0.261745771543
226.619481172,212.17033919,42.8441051344,0.0
59.4302137181,124.688227537,42.8441051344,0.0
205.356170202,64.7934551979,42.8441051344,0.0
417.914196962,228.519995487,42.8441051344,0.0
263.451840337,128.5304324,42.8441051344,0.0
335.682845609,319.270998193,42.8441051344,0.0
70.476571033,430.386406422,42.8441051344,0.0
137.453792936,239.246990151,42.8441051344,0.0
225.846475586,384.115042046,42.8441051344,0.0
49.2665231735,318.103820228,42.8441051344,0.0
@ 170 10 0.0940354648039 0.219984325186
444.933066784,459.041633271,45.491393999,0.0
315.548109826,460.925331317,45.491393999,0.0
452.580803716,236.053529478,45.491393999,0.0
115.73771558,331.913151479,45.491393999,0.0
428.727692567,333.198843429,45.491393999,0.0
164.003290631,89.0762941982,45.491393999,0.0
352.043605401,81.8898765609,45.491393999,0.0
78.7003957547,52.8482374394,45.491393999,0.0
140.975693506,452.067987056,45.491393999,0.0
50.2376203746,212.050588641,45.491393999,0.0
@ 180 10 0.0940354648039 0.248009361505
110.850556856,317.297714562,42.5016496997,0.0
242.236021544,452.648399095,42.5016496997,0.0
186.829502244,65.3801336209,42.5016496997,0.0
278.006434722,241.903512981,42.5016496997,0.0
417.818412926,414.298596288,42.5016496997,0.0
105.368119346,156.627541517,42.5016496997,0.0
49.3308037055,384.141122181,42.5016496997,0.0
111.460427253,463.348359332,42.5016496997,0.0
321.107063821,65.4347821848,42.5016496997,0.0
351.617003002,296.502440915,42.5016496997,0.0
@ 190 10 0.0940354648039 0.216481684641
354.193752362,456.328509416,51.6887632256,0.0
148.335509665,88.0778586732,51.6887632256,0.0
334.718695352,57.5460199486,51.6887632256,0.0
70.5226373257,399.424631304,51.6887632256,0.0
213.540264981,452.440558396,51.6887632256,0.0
266.626440915,313.585296452,51.6887632256,0.0
57.0016511344,144.733375069,51.6887632256,0.0
84.245573195,268.55804175,51.6887632256,0.0
393.940594773,357.134381635,51.6887632256,0.0
165.171628556,191.952601525,51.6887632256,0.0
@ 200 10 0.0940354648039 0.320185651146
311.997234503,52.5742156207,39.2409825698,0.0
400.544247591,178.790833279,39.2409825698,0.0
56.2469453313,386.515267808,39.2409825698,0.0
191.911846171,209.875980856,39.2409825698,0.0
152.202835615,69.3575638209,39.2409825698,0.0
51.6902633527,46.7420216178,39.2409825698,0.0
363.565834762,451.519126728,39.2409825698,0.0
278.366157771,272.575998089,39.2409825698,0.0
351.872009151,335.487288199,39.2409825698,0.0
287.2543899,170.578789714,39.2409825698,0.0
@ 210 10 0.101847810272 0.184539496153
235.184788576,47.8884448451,44.78937813,0.0
59.8188319527,432.720640653,44.78937813,0.0
182.776957106,364.573771854,44.78937813,0.0
342.994579051,326.511022341,44.78937813,0.0
398.062048605,212.813672749,44.78937813,0.0
446.043773107,358.769614002,44.78937813,0.0
173.184809112,215.795531302,44.78937813,0.0
64.4704806083,62.852679314,44.78937813,0.0
357.875320281,55.8464718889,44.78937813,0.0
251.540880569,262.199555543,44.78937813,0.0
@ 220 10 0.101847810272 0.240413941781
167.33759647,157.163358486,48.0471548876,0.0
147.845124351,308.269079768,48.0471548876,0.0
65.1974372459,159.136366604,48.0471548876,0.0
434.810384571,143.457227674,48.0471548876,0.0
253.760095138,327.454526956,48.0471548876,0.0
120.901647833,455.965248725,48.0471548876,0.0
234.174741999,71.6774491485,48.0471548876,0.0
340.420232117,246.38259654,48.0471548876,0.0
213.869156075,415.745925481,48.0471548876,0.0
345.496932009,93.0802963021,48.0471548876,0.0
@ 230 10 0.101847810272 0.276659084801
55.8997171434,73.4944966233,45.6131182933,0.0
255.868643681,322.461982225,45.6131182933,0.0
82.373146903,450.245883911,45.6131182933,0.0
157.565442976,277.117091092,45.6131182933,0.0
320.487279562,125.827433435,45.6131182933,0.0
425.401013114,231.275854296,45.6131182933,0.0
307.608039002,431.83551347,45.6131182933,0.0
53.1834829668,226.470941982,45.6131182933,0.0
215.676541813,101.423490379,45.6131182933,0.0
256.891397393,216.182173143,45.6131182933,0.0
@ 240 10 0.101847810272 0.249338366878
398.21720209,146.02481274,50.1011030362,0.0
91.1963248751,63.235871711,50.1011030362,0.0
224.331328831,145.891866388,50.1011030362,0.0
189.657692339,439.161996602,50.1011030362,0.0
186.293268626,293.229142306,50.1011030362,0.0
331.770115725,221.379228466,50.1011030362,0.0
449.331168724,400.237767099,50.1011030362,0.0
434.535308484,249.262853962,50.1011030362,0.0
293.860372316,434.961637395,50.1011030362,0.0
72.8167865981,426.681328792,50.1011030362,0.0
@ 250 10 0.101847810272 0.300818235075
430.901345977,196.777933032,49.3697334432,0.0
308.047813361,146.824677007,49.3697334432,0.0
100.495450272,376.680085415,49.3697334432,0.0
385.693066653,360.762050417,49.3697334432,0.0
315.131238973,250.82620339,49.3697334432,0.0
51.2756241669,146.805196005,49.3697334432,0.0
417.100762693,460.002042571,49.3697334432,0.0
273.622196627,423.759137642,49.3697334432,0.0
140.497668777,63.9470778995,49.3697334432,0.0
171.043655497,221.483052471,49.3697334432,0.0
@ 260 10 0.101847810272 0.292099725388
443.942242424,257.48549017,44.0192084659,0.0
283.201795786,409.09404439,44.0192084659,0.0
137.093710378,265.934974318,44.0192084659,0.0
282.912117488,96.3811781746,44.0192084659,0.0
241.631631793,181.906675022,44.0192084659,0.0
424.342886056,169.30135996,44.0192084659,0.0
330.325718039,214.491064928,44.0192084659,0.0
245.588464826,319.197416387,44.0192084659,0.0
449.933532688,367.293003612,44.0192084659,0.0
179.506278139,74.1967156762,44.0192084659,0.0
@ 270 10 0.101847810272 0.232217016986
104.992997952,374.461338348,40.8103717657,0.0
159.99878927,459.870715555,40.8103717657,0.0
420.701516711,376.747176977,40.8103717657,0.0
327.69229762,100.820576217,40.8103717657,0.0
223.724259196,71.3892474825,40.8103717657,0.0
240.493855092,294.784177004,40.8103717657,0.0
188.594486146,225.473514794,40.8103717657,0.0
302.091473391,222.083201827,40.8103717657,0.0
401.758371944,198.783196359,40.8103717657,0.0
90.6130636651,196.897953445,40.8103717657,0.0
@ 280 10 0.101847810272 0.199595472584
189.25124595,337.711329998,43.1274709343,0.0
353.974842103,264.318238967,43.1274709343,0.0
440.50996985,448.130677319,43.1274709343,0.0
421.721059901,322.54407886,43.1274709343,0.0
92.8565932949,152.164856565,43.1274709343,0.0
185.874822053,237.765648944,43.1274709343,0.0
258.728271919,461.292121809,43.1274709343,0.0
43.2126811597,69.7796823564,43.1274709343,0.0
424.701293403,166.250143407,43.1274709343,0.0
81.7582374444,378.117273195,43.1274709343,0.0
@ 290 10 0.101847810272 0.222903848215
339.257066573,432.651951328,44.7301782044,0.0
169.698972638,418.436120176,44.7301782044,0.0
343.936027178,336.499068183,44.7301782044,0.0
78.5185414234,403.978391458,44.7301782044,0.0
384.245677373,109.930476744,44.7301782044,0.0
208.226857533,226.937523421,44.7301782044,0.0
466.421642645,253.729739362,44.7301782044,0.0
296.273408192,65.40872143,44.7301782044,0.0
217.88836852,108.792478775,44.7301782044,0.0
86.0085422562,70.3185516686,44.7301782044,0.0
@ 300 10 0.101847810272 0.239778832198
88.4122076228,122.681199816,41.1027832008,0.0
449.044278619,438.977769726,41.1027832008,0.0
327.26815248,225.918009014,41.1027832008,0.0
64.3454071967,447.902512786,41.1027832008,0.0
264.654760191,360.102819562,41.1027832008,0.0
353.336291845,316.770897363,41.1027832008,0.0
438.407323483,170.865407598,41.1027832008,0.0
152.481434982,42.9775959321,41.1027832008,0.0
415.607673438,54.4152601776,41.1027832008,0.0
256.466309114,166.036227387,41.1027832008,0.0
@ 310 10 0.111075848937 0.202465972839
60.9252268835,135.852721779,45.6668506707,0.0
74.8294048892,390.111316108,45.6668506707,0.0
372.292251025,382.177595833,45.6668506707,0.0
248.518945401,339.557288056,45.6668506707,0.0
351.409452749,204.039877536,45.6668506707,0.0
148.857039219,80.4250846331,45.6668506707,0.0
143.42135814,322.755451811,45.6668506707,0.0
448.638321327,443.762579005,45.6668506707,0.0
412.067227174,278.369976186,45.6668506707,0.0
125.890361721,230.841308491,45.6668506707,0.0
@ 320 10 0.111075848937 0.249926155432
54.4675197308,77.9873770217,41.6404486826,0.0
439.427252533,218.725111282,41.6404486826,0.0
393.371117317,290.742253895,41.6404486826,0.0
139.507317883,422.977420443,41.6404486826,0.0
172.534689845,212.52250315,41.6404486826,0.0
173.194196213,119.505549845,41.6404486826,0.0
372.927143737,461.770826278,41.6404486826,0.0
352.413627253,376.788133942,41.6404486826,0.0
446.828206522,381.806616817,41.6404486826,0.0
220.9854549,445.443001812,41.6404486826,0.0
@ 330 10 0.111075848937 0.20779753184
93.7749732942,209.463383212,49.1968409558,0.0
313.021446513,211.758650515,49.1968409558,0.0
416.316935407,87.1234194621,49.1968409558,0.0
333.011531374,351.483621425,49.1968409558,0.0
415.396374066,292.952610773,49.1968409558,0.0
55.7796182589,409.57557148,49.1968409558,0.0
424.340027813,444.827860382,49.1968409558,0.0
120.749375597,62.1120364075,49.1968409558,0.0
205.639717915,197.27006877,49.1968409558,0.0
238.90537007,67.5543043246,49.1968409558,0.0
@ 340 10 0.111075848937 0.290057444987
252.886406469,144.069984549,50.0365964984,0.0
327.651091273,68.5974420201,50.0365964984,0.0
311.066396099,346.356414234,50.0365964984,0.0
212.133263306,330.449423307,50.0365964984,0.0
157.837178416,70.9154503557,50.0365964984,0.0
235.387905933,438.095922721,50.0365964984,0.0
101.72104889,398.014682075,50.0365964984,0.0
439.988391866,259.804085065,50.0365964984,0.0
154.259037538,215.14571242,50.0365964984,0.0
361.733558214,444.017167298,50.0365964984,0.0
@ 350 10 0.111075848937 0.30004411037
83.1640799692,427.118008072,43.8226756907,0.0
465.798685762,138.221457413,43.8226756907,0.0
309.607891519,333.953367421,43.8226756907,0.0
204.527259742,376.500482208,43.8226756907,0.0
137.428023434,238.178107672,43.8226756907,0.0
83.2451416364,53.927025789,43.8226756907,0.0
357.125191621,123.534249698,43.8226756907,0.0
72.995302051,327.337971517,43.8226756907,0.0
286.538351326,210.418093992,43.8226756907,0.0
386.775118994,462.758473255,43.8226756907,0.0
@ 360 10 0.111075848937 0.230148085004
361.180720187,126.364137492,42.1816087701,0.0
72.8499935633,137.674243427,42.1816087701,0.0
368.50277624,328.976688852,42.1816087701,0.0
152.61395628,80.9398194616,42.1816087701,0.0
168.275502865,425.985404295,42.1816087701,0.0
446.27773661,180.109828869,42.1816087701,0.0
349.981209911,211.993161581,42.1816087701,0.0
77.4459798312,387.131479308,42.1816087701,0.0
179.433215389,266.319396123,42.1816087701,0.0
421.262705599,398.40079067,42.1816087701,0.0
@ 370 10 0.111075848937 0.213233709716
347.12498619,100.009264166,43.6530894832,0.0
133.193810507,72.7981161245,43.6530894832,0.0
220.566285942,186.815771613,43.6530894832,0.0
150.375922092,419.05513279,43.6530894832,0.0
235.386086315,52.6770505173,43.6530894832,0.0
218.120861028,318.160405993,43.6530894832,0.0
414.412313561,204.427916428,43.6530894832,0.0
244.494015966,422.025108654,43.6530894832,0.0
106.613172694,239.331388988,43.6530894832,0.0
394.955563245,364.405513197,43.6530894832,0.0
@ 380 10 0.111075848937 0.228370264699
345.274071599,261.890903246,44.0840757542,0.0
204.384702169,388.306834046,44.0840757542,0.0
347.191310927,406.050291376,44.0840757542,0.0
452.433074971,462.52396095,44.0840757542,0.0
85.9129226939,224.009303213,44.0840757542,0.0
162.150804269,282.116937682,44.0840757542,0.0
98.2462452957,465.235947619,44.0840757542,0.0
162.141711744,62.43981956,44.0840757542,0.0
453.608602888,121.356445377,44.0840757542,0.0
262.289502189,128.290513962,44.0840757542,0.0
@ 390 10 0.111075848937 0.232901917394
294.599465686,68.1369703657,42.671197029,0.0
236.978729638,171.191131145,42.671197029,0.0
155.656385292,120.166121664,42.671197029,0.0
82.7368816034,339.41037473,42.671197029,0.0
309.791022595,278.489907027,42.671197029,0.0
73.7613438333,208.24342525,42.671197029,0.0
437.531332867,186.362349033,42.671197029,0.0
226.15792064,304.44135873,42.671197029,0.0
279.108390098,463.631593097,42.671197029,0.0
64.0025294665,468.510957021,42.671197029,0.0
@ 400 10 0.111075848937 0.218212304568
150.137256223,426.525683756,45.5117841049,0.0
73.6923671333,326.194986774,45.5117841049,0.0
190.072518598,301.718308364,45.5117841049,0.0
106.594047973,45.8766394775,45.5117841049,0.0
372.73590888,197.216586513,45.5117841049,0.0
88.4399651352,173.060193831,45.5117841049,0.0
272.074655522,206.417830695,45.5117841049,0.0
346.580645035,395.826386863,45.5117841049,0.0
446.096097954,369.03832059,45.5117841049,0.0
443.559281075,104.286731746,45.5117841049,0.0
@ 410 10 0.122142732507 0.248231736333
304.969215708,76.1833860875,47.7640527783,0.0
289.148494965,177.128879582,47.7640527783,0.0
372.437689228,362.772438663,47.7640527783,0.0
88.6294326859,154.678273802,47.7640527783,0.0
450.08897172,463.094192588,47.7640527783,0.0
260.515811375,352.099121002,47.7640527783,0.0
128.829660479,55.138020339,47.7640527783,0.0
88.9509409347,441.676667992,47.7640527783,0.0
64.534683721,317.943676546,47.7640527783,0.0
453.397071165,76.8409740907,47.7640527783,0.0
@ 420 10 0.122142732507 0.273408443842
418.163359341,60.2195601873,46.8830802092,0.0
88.4996608094,221.108898875,46.8830802092,0.0
283.833931371,50.1454822668,46.8830802092,0.0
309.389479485,346.579692091,46.8830802092,0.0
56.0493457694,58.2346952433,46.8830802092,0.0
179.014424275,85.2027553614,46.8830802092,0.0
446.247375001,306.716619577,46.8830802092,0.0
97.5092563132,392.055292215,46.8830802092,0.0
425.148070732,442.696046294,46.8830802092,0.0
347.787796051,123.215247572,46.8830802092,0.0
@ 430 10 0.122142732507 0.263415822448
427.214961342,311.145414288,47.9363407657,0.0
326.480861939,328.338452895,47.9363407657,0.0
298.890489219,76.0065739169,47.9363407657,0.0
61.9355924033,326.854793202,47.9363407657,0.0
151.576515017,381.080836619,47.9363407657,0.0
57.5283847496,136.48812958,47.9363407657,0.0
316.178172586,197.801779612,47.9363407657,0.0
237.58274166,254.209127764,47.9363407657,0.0
287.586882283,451.760975269,47.9363407657,0.0
207.874819026,157.344107005,47.9363407657,0.0
@ 440 10 0.122142732507 0.275384404554
432.711376891,205.879864232,41.4724417254,0.0
300.793651706,52.7447900024,41.4724417254,0.0
49.3344150008,390.369410778,41.4724417254,0.0
424.104236011,315.633877787,41.4724417254,0.0
162.696064614,236.9500496,41.4724417254,0.0
45.5366771846,140.76284118,41.4724417254,0.0
319.325541615,460.034806073,41.4724417254,0.0
127.130135861,61.2068685063,41.4724417254,0.0
186.143198469,415.304246226,41.4724417254,0.0
280.188366094,225.116881637,41.4724417254,0.0
@ 450 10 0.122142732507 0.206124110757
149.833996198,355.082655077,44.5404079959,0.0
446.761243994,428.567077061,44.5404079959,0.0
380.221454011,141.993485684,44.5404079959,0.0
377.991719881,237.245248446,44.5404079959,0.0
269.64315822,164.46173955,44.5404079959,0.0
317.833398449,401.611028536,44.5404079959,0.0
373.748569053,51.9474232625,44.5404079959,0.0
238.357240866,262.702846315,44.5404079959,0.0
119.941815853,202.110841212,44.5404079959,0.0
277.588962714,59.0740704297,44.5404079959,0.0
@ 460 10 0.122142732507 0.237748598624
52.584574464,332.595813699,51.8754858881,0.0
55.3643912373,81.3717667446,51.8754858881,0.0
229.186556671,228.98972448,51.8754858881,0.0
299.825473159,436.032952434,51.8754858881,0.0
426.302229547,373.304589738,51.8754858881,0.0
416.210883556,269.626586928,51.8754858881,0.0
107.568539061,431.702083787,51.8754858881,0.0
212.162949664,336.262776607,51.8754858881,0.0
284.208550278,92.0826401643,51.8754858881,0.0
126.979400386,257.752251622,51.8754858881,0.0
@ 470 10 0.122142732507 0.322503133714
101.478128786,172.982714238,51.189331429,0.0
457.690775573,265.283275356,51.189331429,0.0
117.92782188,328.744798695,51.189331429,0.0
282.22102237,361.962390901,51.189331429,0.0
379.035505641,435.746984365,51.189331429,0.0
339.837882815,209.697262581,51.189331429,0.0
54.6224443981,54.4591850869,51.189331429,0.0
155.845740856,70.9769843405,51.189331429,0.0
194.733871256,418.092417669,51.189331429,0.0
387.993520018,112.937231203,51.189331429,0.0
@ 480 10 0.122142732507 0.314028090688
283.912961247,222.760868114,48.808533102,0.0
181.72801696,338.314088615,48.808533102,0.0
176.473887975,235.831865744,48.808533102,0.0
421.606629472,216.386790681,48.808533102,0.0
430.247029069,448.664852192,48.808533102,0.0
395.845467488,102.76203194,48.808533102,0.0
198.374568286,88.7384315833,48.808533102,0.0
284.256171224,391.849554434,48.808533102,0.0
407.488668559,329.977247329,48.808533102,0.0
94.6560954428,79.8024019285,48.808533102,0.0
@ 490 10 0.122142732507 0.285496701474
60.2999328297,214.02908545,47.516029348,0.0
227.629459896,370.974551117,47.516029348,0.0
99.0615093235,113.015245688,47.516029348,0.0
326.557038056,333.323176367,47.516029348,0.0
449.579042105,327.168480439,47.516029348,0.0
238.066440936,121.809261827,47.516029348,0.0
378.021441386,115.255344136,47.516029348,0.0
70.8321884854,425.654934689,47.516029348,0.0
442.606337329,214.835648322,47.516029348,0.0
254.477367051,254.563689037,47.516029348,0.0
@ 500 10 0.122142732507 0.27057637102
236.554369256,287.842286434,52.8964744025,0.0
100.173682659,232.859384874,52.8964744025,0.0
458.998123806,212.19705886,52.8964744025,0.0
436.651466632,84.9253823002,52.8964744025,0.0
242.806654915,126.116280416,52.8964744025,0.0
80.1332637172,68.5924579417,52.8964744025,0.0
76.3807726393,389.13771234,52.8964744025,0.0
331.140901017,54.6128315205,52.8964744025,0.0
429.410553472,364.325434965,52.8964744025,0.0
248.962529468,441.253944834,52.8964744025,0.0
@ 510 10 0.135658914729 0.335322764285
194.798926513,202.961706229,47.4403653998,0.0
245.394625646,76.0836824875,47.4403653998,0.0
104.911733922,253.857061353,47.4403653998,0.0
338.543435106,324.131716304,47.4403653998,0.0
190.127416829,308.01854585,47.4403653998,0.0
144.230148966,48.0510804096,47.4403653998,0.0
464.260787092,270.723419408,47.4403653998,0.0
242.226609672,418.1332035,47.4403653998,0.0
108.681482807,153.694482735,47.4403653998,0.0
104.136638198,462.888693207,47.4403653998,0.0
@ 520 10 0.135658914729 0.269715332064
331.828360933,357.716543786,50.1596118771,0.0
122.04966204,107.476801416,50.1596118771,0.0
421.393583782,123.864015211,50.1596118771,0.0
364.303901463,228.080520799,50.1596118771,0.0
147.664089954,420.967644287,50.1596118771,0.0
215.248685062,337.800194894,50.1596118771,0.0
168.743175052,216.890533554,50.1596118771,0.0
441.751588976,420.320661955,50.1596118771,0.0
317.688703154,78.3991726235,50.1596118771,0.0
339.690023179,459.500346388,50.1596118771,0.0
@ 530 10 0.135658914729 0.301521245678
361.132686441,407.085027655,51.3918245874,0.0
118.21786011,414.301699655,51.3918245874,0.0
274.347179971,106.175422837,51.3918245874,0.0
457.386945176,355.319558664,51.3918245874,0.0
180.320971838,324.776349812,51.3918245874,0.0
125.787929534,82.6729287058,51.3918245874,0.0
65.4603367076,260.169835205,51.3918245874,0.0
200.540217465,183.236579472,51.3918245874,0.0
460.27247311,53.8454459255,51.3918245874,0.0
452.994595408,223.617190139,51.3918245874,0.0
@ 540 10 0.135658914729 0.316517449658
225.128722843,441.702262066,49.3065011198,0.0
214.332248628,305.429511515,49.3065011198,0.0
461.182182597,269.914906194,49.3065011198,0.0
367.001581351,194.705142058,49.3065011198,0.0
69.8357290792,331.005054645,49.3065011198,0.0
77.4541951262,130.040100799,49.3065011198,0.0
318.568364872,356.492735821,49.3065011198,0.0
303.866506354,72.1339633716,49.3065011198,0.0
462.327871568,94.0072155192,49.3065011198,0.0
122.255626477,447.762484166,49.3065011198,0.0
@ 550 10 0.135658914729 0.291351967002
180.695237162,187.193883566,47.5731750646,0.0
349.278982817,281.71031307,47.5731750646,0.0
435.211711918,94.847694698,47.5731750646,0.0
350.017517753,146.10653662,47.5731750646,0.0
434.200494438,403.408442785,47.5731750646,0.0
435.156457929,239.236838019,47.5731750646,0.0
77.2310836669,273.930585933,47.5731750646,0.0
61.3082979001,414.446227546,47.5731750646,0.0
220.640742921,313.401448746,47.5731750646,0.0
81.1474065062,123.449697758,47.5731750646,0.0
@ 560 10 0.135658914729 0.271227586147
459.885644126,265.163444324,47.8151361666,0.0
73.1429012877,459.676714315,47.8151361666,0.0
81.3166590599,199.144122426,47.8151361666,0.0
453.858398573,388.15501453,47.8151361666,0.0
218.699277201,80.9477659014,47.8151361666,0.0
351.727142327,351.838234651,47.8151361666,0.0
261.645448436,426.447498704,47.8151361666,0.0
139.212285893,308.068728582,47.8151361666,0.0
427.334950104,52.820621956,47.8151361666,0.0
95.9602461629,85.9030648586,47.8151361666,0.0
@ 570 10 0.135658914729 0.273993574186
269.147395214,355.772554099,48.6887341863,0.0
148.521533774,138.38732903,48.6887341863,0.0
151.850457631,423.129027616,48.6887341863,0.0
55.7820995443,237.562908256,48.6887341863,0.0
294.170134842,455.678840445,48.6887341863,0.0
437.33905542,395.934836936,48.6887341863,0.0
400.632225819,228.399105188,48.6887341863,0.0
245.986252757,64.526191225,48.6887341863,0.0
286.51839296,188.995116148,48.6887341863,0.0
408.318148187,69.1796846293,48.6887341863,0.0
@ 580 10 0.135658914729 0.28409693717
67.2067003187,114.934903291,46.6069413443,0.0
167.669810656,105.477163325,46.6069413443,0.0
176.431785359,296.42280815,46.6069413443,0.0
314.429710843,288.735691743,46.6069413443,0.0
387.217233917,207.320094501,46.6069413443,0.0
335.18091287,115.954900665,46.6069413443,0.0
306.092654914,437.024637349,46.6069413443,0.0
461.898412372,299.11947351,46.6069413443,0.0
129.35166905,200.282916655,46.6069413443,0.0
412.127462504,408.902538745,46.6069413443,0.0
@ 590 10 0.135658914729 0.260321950184
87.4394677698,271.918369946,47.7444725341,0.0
444.107173444,368.552344564,47.7444725341,0.0
319.959461976,459.775394249,47.7444725341,0.0
398.992553542,261.289795836,47.7444725341,0.0
67.6892012539,396.86332183,47.7444725341,0.0
206.82252856,430.851724685,47.7444725341,0.0
197.961842192,158.671711034,47.7444725341,0.0
297.932319429,175.180114244,47.7444725341,0.0
220.795829394,54.8380544785,47.7444725341,0.0
235.547534277,305.038903181,47.7444725341,0.0
@ 600 10 0.135658914729 0.273184329408
404.185981507,187.574978515,53.2621866076,0.0
110.587241168,129.615084848,53.2621866076,0.0
339.109549683,425.597026784,53.2621866076,0.0
56.694834323,405.756457619,53.2621866076,0.0
139.764590107,337.822842201,53.2621866076,0.0
425.665570891,325.215829533,53.2621866076,0.0
447.90346184,434.456601812,53.2621866076,0.0
216.671186459,247.135922979,53.2621866076,0.0
225.067858608,62.4942275281,53.2621866076,0.0
361.895308217,83.7497456465,53.2621866076,0.0
@ 610 10 0.152538679451 0.33997545807
407.961401694,442.45487396,54.8104171444,0.0
385.982497663,246.453243488,54.8104171444,0.0
287.366320578,352.833119498,54.8104171444,0.0
62.2268927738,272.868935188,54.8104171444,0.0
286.060186137,117.77116684,54.8104171444,0.0
206.683045325,451.547595545,54.8104171444,0.0
430.606402014,134.03301212,54.8104171444,0.0
143.152653842,153.800348528,54.8104171444,0.0
62.8471642528,61.7066543249,54.8104171444,0.0
65.6070038255,415.213321862,54.8104171444,0.0
@ 620 10 0.152538679451 0.360027602677
157.005602422,221.662710204,51.3422935511,0.0
67.8230321681,289.449244537,51.3422935511,0.0
449.196739694,377.965640764,51.3422935511,0.0
232.35495344,374.010495096,51.3422935511,0.0
282.922428811,209.399714829,51.3422935511,0.0
404.616876725,130.91473984,51.3422935511,0.0
326.759155162,447.984848119,51.3422935511,0.0
359.45964628,327.683561125,51.3422935511,0.0
431.77306871,244.91723146,51.3422935511,0.0
123.506292612,91.3285148572,51.3422935511,0.0
@ 630 10 0.152538679451 0.315907629612
472.100470293,196.174337042,38.3571337903,0.0
408.784702019,394.093211785,38.3571337903,0.0
187.481090834,269.433569242,38.3571337903,0.0
312.917051731,110.310311693,38.3571337903,0.0
396.968052337,44.3973016341,38.3571337903,0.0
198.894414019,120.861612108,38.3571337903,0.0
402.585081628,244.087112997,38.3571337903,0.0
59.7490117893,97.4280418457,38.3571337903,0.0
258.544611625,344.761265118,38.3571337903,0.0
148.131066926,50.5923500936,38.3571337903,0.0
@ 640 10 0.152538679451 0.176320122392
379.516405712,188.183618979,50.0556358604,0.0
263.584535632,346.265660042,50.0556358604,0.0
187.566976522,243.561432884,50.0556358604,0.0
298.36909112,247.296028604,50.0556358604,0.0
69.5417817599,392.851856969,50.0556358604,0.0
148.943954482,111.429625798,50.0556358604,0.0
455.223940893,316.258682619,50.0556358604,0.0
439.115115791,450.329518263,50.0556358604,0.0
266.367507211,73.3238775104,50.0556358604,0.0
402.284639567,53.2921938969,50.0556358604,0.0
@ 650 10 0.152538679451 0.300272492621
399.554536476,164.197058072,45.4834658694,0.0
77.385347248,452.825230126,45.4834658694,0.0
90.1985876535,125.229370789,45.4834658694,0.0
317.607834101,309.099122918,45.4834658694,0.0
462.036948647,76.7916823212,45.4834658694,0.0
339.618779381,401.607281824,45.4834658694,0.0
300.360457229,172.711887027,45.4834658694,0.0
241.88369991,445.250830032,45.4834658694,0.0
441.15077376,318.372084789,45.4834658694,0.0
181.220593704,130.41343817,45.4834658694,0.0
@ 660 10 0.152538679451 0.247922924101
133.168174769,258.786307364,51.075020456,0.0
235.137999354,51.2151739359,51.075020456,0.0
164.970161192,134.113174739,51.075020456,0.0
457.769915942,374.651743891,51.075020456,0.0
368.941599904,452.396808315,51.075020456,0.0
396.060260407,250.589885922,51.075020456,0.0
52.1014603795,63.4210722311,51.075020456,0.0
339.692654048,114.870024889,51.075020456,0.0
248.153205875,263.558760096,51.075020456,0.0
91.9578252679,384.171636232,51.075020456,0.0
@ 670 10 0.152538679451 0.312627143461
297.252705796,417.307580301,47.7588494866,0.0
169.59402865,108.750335323,47.7588494866,0.0
200.886923028,308.361804779,47.7588494866,0.0
131.578635238,241.019977482,47.7588494866,0.0
274.142423219,212.418995193,47.7588494866,0.0
399.596313689,357.711057216,47.7588494866,0.0
66.0309652901,131.560430138,47.7588494866,0.0
462.612937923,241.512551919,47.7588494866,0.0
155.173550083,410.297875174,47.7588494866,0.0
392.94411749,112.399508983,47.7588494866,0.0
@ 680 10 0.152538679451 0.273348878277
460.721282877,141.114564556,46.1148156785,0.0
405.616676149,463.253309393,46.1148156785,0.0
211.733591753,351.773166698,46.1148156785,0.0
211.134283064,208.613384779,46.1148156785,0.0
331.390637144,375.743512679,46.1148156785,0.0
48.5080025205,113.436495974,46.1148156785,0.0
162.927220386,460.573306936,46.1148156785,0.0
461.895400673,243.540376935,46.1148156785,0.0
185.028587095,52.0905181092,46.1148156785,0.0
427.394495736,362.031370775,46.1148156785,0.0
@ 690 10 0.152538679451 0.254853462329
198.420594245,212.068558364,48.910158649,0.0
250.461296595,95.1108088069,48.910158649,0.0
139.68356494,313.178461002,48.910158649,0.0
462.898648878,97.4800474325,48.910158649,0.0
280.122215558,353.668690562,48.910158649,0.0
372.935751041,56.0610922973,48.910158649,0.0
394.143833289,342.929590678,48.910158649,0.0
60.7539882089,435.303835421,48.910158649,0.0
86.8595900988,205.229701144,48.910158649,0.0
121.329916786,99.4204746887,48.910158649,0.0
@ 700 10 0.152538679451 0.286686819749
297.203028302,351.772627312,51.8933018117,0.0
418.518583572,254.437790128,51.8933018117,0.0
351.492874757,448.370055604,51.8933018117,0.0
234.355416449,89.8404892512,51.8933018117,0.0
317.568219334,189.196934547,51.8933018117,0.0
108.344854955,362.402713162,51.8933018117,0.0
189.719390004,193.019045933,51.8933018117,0.0
121.494460434,99.8520106214,51.8933018117,0.0
212.145555908,456.665108921,51.8933018117,0.0
415.883744955,96.8480110412,51.8933018117,0.0
@ 710 10 0.174216027875 0.322724690302
420.228820683,274.008005909,51.9620576631,0.0
405.328180014,73.2582897938,51.9620576631,0.0
134.780242585,332.789646585,51.9620576631,0.0
103.214280996,58.6338872321,51.9620576631,0.0
420.685169909,401.979296177,51.9620576631,0.0
285.432052944,336.7027888,51.9620576631,0.0
341.135992634,163.922830608,51.9620576631,0.0
181.076605218,454.199075146,51.9620576631,0.0
55.4589836255,432.61797447,51.9620576631,0.0
146.609663053,153.700112238,51.9620576631,0.0
@ 720 10 0.174216027875 0.323580442773
454.286691,429.55502975,55.8357338283,0.0
169.872911521,301.020963699,55.8357338283,0.0
128.998164935,85.2923140579,55.8357338283,0.0
74.8385408232,201.302732199,55.8357338283,0.0
227.02733886,194.591138352,55.8357338283,0.0
451.294896898,220.392265959,55.8357338283,0.0
383.479927764,113.869138014,55.8357338283,0.0
273.24296286,65.0907587231,55.8357338283,0.0
359.320258084,351.854002466,55.8357338283,0.0
75.5227697274,453.703881632,55.8357338283,0.0
@ 730 10 0.174216027875 0.373623376119
92.4034771487,449.004586754,52.2689434923,0.0
251.143137741,246.523212919,52.2689434923,0.0
85.7795766527,239.114500238,52.2689434923,0.0
416.707645841,406.723474559,52.2689434923,0.0
77.2236070114,345.21981221,52.2689434923,0.0
410.697508027,60.8493051646,52.2689434923,0.0
127.164164047,137.703060745,52.2689434923,0.0
222.948707581,458.23503236,52.2689434923,0.0
372.04853379,199.633865714,52.2689434923,0.0
309.648571612,349.918621079,52.2689434923,0.0
@ 740 10 0.174216027875 0.327413835618
70.2546980693,139.627497491,48.803461872,0.0
164.917432593,346.674593169,48.803461872,0.0
207.190667876,114.930342422,48.803461872,0.0
135.133446527,448.409962286,48.803461872,0.0
441.809590302,54.6619409196,48.803461872,0.0
301.917428517,443.639305921,48.803461872,0.0
320.342713916,170.621459621,48.803461872,0.0
237.451893442,250.452321266,48.803461872,0.0
439.617947333,215.431005453,48.803461872,0.0
451.14820336,313.704135551,48.803461872,0.0
@ 750 10 0.174216027875 0.285437378068
74.2529204725,324.093665359,57.6667516846,0.0
332.579455403,131.886622182,57.6667516846,0.0
158.924386834,444.570552118,57.6667516846,0.0
366.308172213,392.790898181,57.6667516846,0.0
154.927528894,226.595615671,57.6667516846,0.0
254.346029921,341.071370222,57.6667516846,0.0
389.956912881,260.656380523,57.6667516846,0.0
453.140031015,80.3427469044,57.6667516846,0.0
68.0745689266,122.303242368,57.6667516846,0.0
232.789674467,65.3272316255,57.6667516846,0.0
@ 760 10 0.174216027875 0.398529579804
388.082475103,282.904069707,52.1546452495,0.0
216.602904455,433.300849176,52.1546452495,0.0
288.133958701,71.8697228469,52.1546452495,0.0
138.53815375,57.0188443378,52.1546452495,0.0
95.6012216135,363.717184436,52.1546452495,0.0
310.051586841,174.388134135,52.1546452495,0.0
376.334329125,445.987381386,52.1546452495,0.0
180.181600894,279.293752975,52.1546452495,0.0
445.705277052,107.610431323,52.1546452495,0.0
59.5870140119,170.234496523,52.1546452495,0.0
@ 770 10 0.174216027875 0.325983467729
59.7940277828,186.166311366,54.8731711552,0.0
147.737852872,263.214266365,54.8731711552,0.0
188.969339141,447.508925706,54.8731711552,0.0
145.637709337,88.5963796973,54.8731711552,0.0
72.1516679437,449.292259102,54.8731711552,0.0
438.597786228,118.148806807,54.8731711552,0.0
254.591578392,343.472127131,54.8731711552,0.0
367.786254302,211.953385883,54.8731711552,0.0
394.841202199,414.105536158,54.8731711552,0.0
272.954521155,137.447035669,54.8731711552,0.0
@ 780 10 0.174216027875 0.360852486376
74.2942909215,72.5072448723,51.2221209649,0.0
295.227768259,254.098379653,51.2221209649,0.0
92.2045923602,380.80487809,51.2221209649,0.0
382.569025066,432.850332644,51.2221209649,0.0
55.2163892961,192.718841586,51.2221209649,0.0
437.714893106,82.6519928716,51.2221209649,0.0
207.289883148,458.321196957,51.2221209649,0.0
387.725163732,320.833916977,51.2221209649,0.0
395.037005757,214.211209846,51.2221209649,0.0
269.404218631,104.21967609,51.2221209649,0.0
@ 790 10 0.174216027875 0.314430523495
422.14696991,318.482236482,46.557512927,0.0
240.532607996,465.180452404,46.557512927,0.0
270.02651289,260.140370597,46.557512927,0.0
72.3547641195,75.9702664978,46.557512927,0.0
86.7811546765,295.02231321,46.557512927,0.0
127.649807072,183.537148099,46.557512927,0.0
384.100383224,457.619763893,46.557512927,0.0
429.763228081,218.708401603,46.557512927,0.0
278.849444986,93.6361079853,46.557512927,0.0
376.995764828,108.668376945,46.557512927,0.0
@ 800 10 0.174216027875 0.259770080507
258.456404714,205.812647102,48.2487409845,0.0
130.457849597,274.208748846,48.2487409845,0.0
214.677929462,52.9966855444,48.2487409845,0.0
361.906544004,425.420544045,48.2487409845,0.0
188.441754232,441.482910972,48.2487409845,0.0
463.513885164,360.726756192,48.2487409845,0.0
370.86968937,89.7912003449,48.2487409845,0.0
434.407070761,262.678233649,48.2487409845,0.0
69.1872762573,461.696487522,48.2487409845,0.0
217.81713444,343.033688835,48.2487409845,0.0
@ 810 10 0.203075137801 0.278985450245
340.561447756,338.938674436,53.7825987144,0.0
99.9953461737,265.389849596,53.7825987144,0.0
450.962615142,354.174859026,53.7825987144,0.0
190.506868807,91.9989861019,53.7825987144,0.0
428.379151562,170.160594211,53.7825987144,0.0
99.3083449954,153.390635164,53.7825987144,0.0
274.028512252,175.880154004,53.7825987144,0.0
376.006829965,453.437788584,53.7825987144,0.0
388.239911394,68.0429999668,53.7825987144,0.0
223.022994868,325.679835953,53.7825987144,0.0
@ 820 10 0.203075137801 0.346651552806
322.499649837,303.88580566,51.259260635,0.0
70.5958519765,442.621111042,51.259260635,0.0
389.355890313,430.763826899,51.259260635,0.0
110.757939075,95.060235754,51.259260635,0.0
310.67327055,90.7596357848,51.259260635,0.0
117.672889333,328.498048242,51.259260635,0.0
105.748028033,209.575994506,51.259260635,0.0
245.94947582,205.97801083,51.259260635,0.0
427.233799821,275.243055618,51.259260635,0.0
382.715024402,174.647015896,51.259260635,0.0
@ 830 10 0.203075137801 0.314886657654
74.705040268,78.0755032219,50.9798944509,0.0
347.595751654,309.808098522,50.9798944509,0.0
154.197384505,349.526803047,50.9798944509,0.0
322.077328678,91.8751337288,50.9798944509,0.0
177.605102169,82.4761087228,50.9798944509,0.0
181.074065621,458.348233433,50.9798944509,0.0
164.593797204,194.518187678,50.9798944509,0.0
267.107891961,197.564898733,50.9798944509,0.0
353.548428222,460.8448019,50.9798944509,0.0
456.642689103,237.529328602,50.9798944509,0.0
@ 840 10 0.203075137801 0.31146370674
292.291438106,403.176451609,45.9032270664,0.0
426.275250083,335.988693774,45.9032270664,0.0
66.8428655271,62.0755526344,45.9032270664,0.0
447.664014159,427.921632766,45.9032270664,0.0
67.7734311308,173.806812267,45.9032270664,0.0
294.915657348,89.6848625253,45.9032270664,0.0
358.923147985,172.939617281,45.9032270664,0.0
236.544541001,299.486710898,45.9032270664,0.0
196.26521435,437.782889402,45.9032270664,0.0
237.26871505,194.177501855,45.9032270664,0.0
@ 850 10 0.203075137801 0.252520139313
149.03510427,105.500698738,54.2700604204,0.0
437.967079051,261.513010678,54.2700604204,0.0
79.9203798478,344.534018524,54.2700604204,0.0
261.762739702,165.909650208,54.2700604204,0.0
147.560527166,249.737272826,54.2700604204,0.0
317.640782459,61.4942025845,54.2700604204,0.0
442.378927436,56.6498829692,54.2700604204,0.0
184.215166035,439.524105794,54.2700604204,0.0
234.424233872,327.594694748,54.2700604204,0.0
310.065588016,449.404779606,54.2700604204,0.0
@ 860 10 0.203075137801 0.352963822516
107.645725756,453.696224165,53.1663459206,0.0
325.899158388,198.806756603,53.1663459206,0.0
406.317277635,334.718335038,53.1663459206,0.0
246.169170777,300.003032471,53.1663459206,0.0
111.982012985,331.625906746,53.1663459206,0.0
449.78657694,211.06886359,53.1663459206,0.0
126.439449551,105.484054042,53.1663459206,0.0
69.0357182939,202.696440667,53.1663459206,0.0
292.893674713,452.586147778,53.1663459206,0.0
398.241212384,77.6403137565,53.1663459206,0.0
@ 870 10 0.203075137801 0.338753046149
426.331078288,161.153803714,57.6715758855,0.0
389.771078838,444.464050831,57.6715758855,0.0
184.056623826,84.5129896076,57.6715758855,0.0
89.49083286,287.965609562,57.6715758855,0.0
238.815489223,395.140283,57.6715758855,0.0
90.1494201384,405.313076199,57.6715758855,0.0
323.100726846,96.5436527191,57.6715758855,0.0
238.690207825,266.271663587,57.6715758855,0.0
67.8519049359,127.427904494,57.6715758855,0.0
341.08714701,332.868348175,57.6715758855,0.0
@ 880 10 0.203075137801 0.398596261803
306.781168587,73.5526188644,51.8493152565,0.0
66.577572246,352.730884163,51.8493152565,0.0
328.801481745,434.5744058,51.8493152565,0.0
188.078075584,98.0696570907,51.8493152565,0.0
99.9577792939,223.983110315,51.8493152565,0.0
437.448751177,430.935538495,51.8493152565,0.0
173.433892526,413.108913551,51.8493152565,0.0
293.826300974,317.563304334,51.8493152565,0.0
371.668102698,197.389390561,51.8493152565,0.0
203.155307004,201.193930856,51.8493152565,0.0
@ 890 10 0.203075137801 0.322177816984
272.111514415,329.859698658,55.6462007764,0.0
209.044417522,141.724909652,55.6462007764,0.0
98.5930618513,231.438129309,55.6462007764,0.0
355.652291623,230.167539765,55.6462007764,0.0
441.413823498,93.4573545943,55.6462007764,0.0
66.6943194166,92.1407741907,55.6462007764,0.0
332.257036917,433.58440356,55.6462007764,0.0
63.2557418898,363.60768991,55.6462007764,0.0
430.865961126,323.606337863,55.6462007764,0.0
133.735556949,455.415804981,55.6462007764,0.0
@ 900 10 0.203075137801 0.371091170102
140.098650038,458.31077733,53.6886015778,0.0
451.010319647,58.128362446,53.6886015778,0.0
136.864068855,348.022336633,53.6886015778,0.0
68.0289447079,92.3299816065,53.6886015778,0.0
363.222776529,191.186939898,53.6886015778,0.0
132.804622939,182.233959884,53.6886015778,0.0
349.238634969,417.766166319,53.6886015778,0.0
454.238450903,267.516234929,53.6886015778,0.0
291.480722881,310.32588382,53.6886015778,0.0
320.987755161,57.5844844625,53.6886015778,0.0
@ 910 10 0.243393602225 0.345440909214
416.874518192,180.213055369,57.5855773024,0.0
434.933917342,412.4328228,57.5855773024,0.0
157.105412671,59.7569505874,57.5855773024,0.0
224.118707447,443.614190277,57.5855773024,0.0
257.631149023,238.564299103,57.5855773024,0.0
64.269090242,437.565905544,57.5855773024,0.0
144.55498349,327.549720426,57.5855773024,0.0
62.0415763998,234.327888466,57.5855773024,0.0
362.445178926,313.983111966,57.5855773024,0.0
328.574337294,78.1828210063,57.5855773024,0.0
@ 920 10 0.243393602225 0.397408392202
308.87330903,260.186050951,54.6769492428,0.0
199.541266956,449.346837296,54.6769492428,0.0
418.299976173,117.335776266,54.6769492428,0.0
261.140388426,103.222146132,54.6769492428,0.0
444.467222674,449.704683589,54.6769492428,0.0
57.6624833217,401.230041413,54.6769492428,0.0
72.2371490516,125.922511765,54.6769492428,0.0
301.145478003,377.045878154,54.6769492428,0.0
156.300449575,337.439096688,54.6769492428,0.0
177.345144679,191.232417211,54.6769492428,0.0
@ 930 10 0.243393602225 0.358276343493
90.1348872514,443.249299119,58.0982106808,0.0
430.299012169,133.314975308,58.0982106808,0.0
61.2499131968,322.48803646,58.0982106808,0.0
365.846357892,239.12054052,58.0982106808,0.0
71.2649397959,59.413611946,58.0982106808,0.0
432.256254124,449.441157091,58.0982106808,0.0
232.946780912,324.54805844,58.0982106808,0.0
89.083100208,194.995272198,58.0982106808,0.0
257.619375902,128.963941683,58.0982106808,0.0
347.678544233,367.300080274,58.0982106808,0.0
@ 940 10 0.243393602225 0.404515435564
388.457040263,302.720457644,54.2471643959,0.0
397.237175472,57.3937899887,54.2471643959,0.0
115.518132931,345.796477299,54.2471643959,0.0
160.484941314,178.862951373,54.2471643959,0.0
333.387486278,189.075194578,54.2471643959,0.0
369.360910325,431.235801443,54.2471643959,0.0
85.2644259031,67.6550530366,54.2471643959,0.0
273.75529119,79.9059304428,54.2471643959,0.0
456.820215261,204.634787362,54.2471643959,0.0
189.828754475,450.725568025,54.2471643959,0.0
@ 950 10 0.243393602225 0.352666061153
151.574373114,202.896073244,48.8698265042,0.0
420.779901636,458.925005741,48.8698265042,0.0
435.522810922,161.45244912,48.8698265042,0.0
150.367143773,413.195631583,48.8698265042,0.0
357.985297279,77.4104644277,48.8698265042,0.0
131.137850439,300.285345766,48.8698265042,0.0
291.502907791,364.693737777,48.8698265042,0.0
242.917230444,103.278222372,48.8698265042,0.0
58.9657222978,371.662347778,48.8698265042,0.0
93.5517091252,112.266642513,48.8698265042,0.0
@ 960 10 0.243393602225 0.286214201085
426.435784971,351.342669384,59.2863649237,0.0
305.637013371,325.56337102,59.2863649237,0.0
65.626697155,417.396926732,59.2863649237,0.0
203.322420167,225.397266805,59.2863649237,0.0
337.448499422,204.065316193,59.2863649237,0.0
357.048672397,452.197163185,59.2863649237,0.0
431.904606451,97.9351044975,59.2863649237,0.0
247.252696001,84.247145436,59.2863649237,0.0
114.604742948,119.905460319,59.2863649237,0.0
203.844624334,426.9650527,59.2863649237,0.0
@ 970 10 0.243393602225 0.421229937553
450.37474004,305.620215435,53.4033744824,0.0
131.463293734,365.993018039,53.4033744824,0.0
371.490284457,380.82266049,53.4033744824,0.0
362.582711161,183.039499678,53.4033744824,0.0
262.192621899,393.265298452,53.4033744824,0.0
207.242688413,270.605508516,53.4033744824,0.0
90.6656068119,225.429107659,53.4033744824,0.0
286.39327067,59.7565311777,53.4033744824,0.0
135.768653967,82.011119243,53.4033744824,0.0
455.477894406,59.229993863,53.4033744824,0.0
@ 980 10 0.243393602225 0.3417802669
251.807977537,231.784495866,57.386779384,0.0
322.799589107,378.424194196,57.386779384,0.0
64.464028923,142.835202281,57.386779384,0.0
108.072199767,448.754066641,57.386779384,0.0
445.963649276,134.918496979,57.386779384,0.0
207.10393231,61.4870005683,57.386779384,0.0
129.240235355,307.394457957,57.386779384,0.0
231.70992712,453.890766609,57.386779384,0.0
429.648990445,313.886170986,57.386779384,0.0
451.62574897,434.490773527,57.386779384,0.0
@ 990 10 0.243393602225 0.394669248292
383.176862168,412.836841425,51.9474756121,0.0
268.845011282,442.7264243,51.9474756121,0.0
179.225224721,219.752048186,51.9474756121,0.0
435.162645432,87.6703337673,51.9474756121,0.0
276.140460667,259.596519476,51.9474756121,0.0
85.0618053768,405.903124594,51.9474756121,0.0
352.846877596,188.221986286,51.9474756121,0.0
57.2568046133,259.336863212,51.9474756121,0.0
296.492916746,75.4659639933,51.9474756121,0.0
183.668194827,357.903238757,51.9474756121,0.0
@ 1000 10 0.243393602225 0.323398856259
110.380626186,301.693487692,55.2520097773,0.0
81.8024099083,185.394132235,55.2520097773,0.0
314.077668508,399.745491509,55.2520097773,0.0
433.222586799,354.404716843,55.2520097773,0.0
214.06985128,168.273646404,55.2520097773,0.0
291.827246803,258.142673955,55.2520097773,0.0
266.822872635,70.4024457809,55.2520097773,0.0
57.9964385781,405.491824894,55.2520097773,0.0
437.77637629,106.724784982,55.2520097773,0.0
212.630582647,448.934118042,55.2520097773,0.0
@ 1010 10 0.303687635575 0.365852261451
78.6654090358,140.616096775,55.8368564923,0.0
284.87472046,111.009320556,55.8368564923,0.0
290.814591193,271.092824925,55.8368564923,0.0
73.6844810218,333.716801634,55.8368564923,0.0
172.801023232,72.1710024909,55.8368564923,0.0
411.829491148,227.342443229,55.8368564923,0.0
200.278164686,452.023964877,55.8368564923,0.0
182.571717105,184.567059369,55.8368564923,0.0
446.946618311,397.178842165,55.8368564923,0.0
88.4316515632,444.58849343,55.8368564923,0.0
@ 1020 10 0.303687635575 0.373638400824
178.86851141,197.225959916,50.3301253786,0.0
414.186138532,375.368586674,50.3301253786,0.0
296.681156447,101.081096216,50.3301253786,0.0
330.443853103,293.334336649,50.3301253786,0.0
117.711206112,82.7458391674,50.3301253786,0.0
58.3039178368,375.358569931,50.3301253786,0.0
325.350721874,444.217751942,50.3301253786,0.0
184.241414973,356.719531841,50.3301253786,0.0
217.26923879,453.775652473,50.3301253786,0.0
69.0100659342,257.771103036,50.3301253786,0.0
@ 1030 10 0.303687635575 0.303574723739
68.0745632796,204.395899474,57.023653691,0.0
436.113962156,414.399587281,57.023653691,0.0
84.4935973626,76.8526032151,57.023653691,0.0
438.918950717,217.709988244,57.023653691,0.0
70.7059121505,383.547662617,57.023653691,0.0
299.879054714,110.083794595,57.023653691,0.0
175.359491685,262.906780854,57.023653691,0.0
293.280045295,281.183005122,57.023653691,0.0
186.542566751,133.253715614,57.023653691,0.0
307.352163121,453.519918339,57.023653691,0.0
@ 1040 10 0.303687635575 0.389690362182
325.257687672,450.739115219,57.6333740944,0.0
99.061873075,196.416015898,57.6333740944,0.0
341.778520436,328.413273524,57.6333740944,0.0
137.057485481,65.6749190527,57.6333740944,0.0
204.142314945,409.922600533,57.6333740944,0.0
451.860318052,427.657671728,57.6333740944,0.0
59.8611927136,414.437644255,57.6333740944,0.0
213.03343238,260.945281422,57.6333740944,0.0
394.489611167,191.012336143,57.6333740944,0.0
445.784810339,60.1279938985,57.6333740944,0.0
@ 1050 10 0.303687635575 0.398068374446
64.494321631,420.196008428,51.0567362975,0.0
374.016872466,205.54755976,51.0567362975,0.0
63.3951669613,61.5165286095,51.0567362975,0.0
292.398269715,71.8122672729,51.0567362975,0.0
408.751456141,71.4726668837,51.0567362975,0.0
210.455099646,158.22095334,51.0567362975,0.0
98.1663195178,164.927900722,51.0567362975,0.0
160.552322185,346.267195756,51.0567362975,0.0
335.763945958,456.875319633,51.0567362975,0.0
272.346715483,292.552177909,51.0567362975,0.0
@ 1060 10 0.303687635575 0.312403351046
447.996320755,95.7505876293,55.8291672722,0.0
250.63312751,427.02713745,55.8291672722,0.0
288.461429488,305.666284559,55.8291672722,0.0
126.271007172,452.252717951,55.8291672722,0.0
121.353575609,198.321459994,55.8291672722,0.0
383.014727561,395.377367619,55.8291672722,0.0
151.092506798,75.1002113658,55.8291672722,0.0
165.303190918,301.529443131,55.8291672722,0.0
261.740946967,97.2662137432,55.8291672722,0.0
369.225120915,186.691962631,55.8291672722,0.0
@ 1070 10 0.303687635575 0.373535501404
403.270999681,106.706780825,57.6095256801,0.0
299.928399871,193.851599508,57.6095256801,0.0
254.949680888,449.62465103,57.6095256801,0.0
139.570409995,428.539540776,57.6095256801,0.0
273.322348419,59.5053865153,57.6095256801,0.0
235.143972186,324.792153416,57.6095256801,0.0
401.123379837,272.051942854,57.6095256801,0.0
396.499531648,430.211393115,57.6095256801,0.0
132.327587338,264.233268201,57.6095256801,0.0
147.247480767,117.318608428,57.6095256801,0.0
@ 1080 10 0.303687635575 0.397739005031
116.720811431,452.762188147,54.2214120093,0.0
170.637855009,307.566667657,54.2214120093,0.0
304.992826524,274.58965037,54.2214120093,0.0
61.6958529402,301.05705581,54.2214120093,0.0
98.5095284461,107.388931827,54.2214120093,0.0
295.751941047,160.777054503,54.2214120093,0.0
413.439912776,365.378642603,54.2214120093,0.0
404.327857663,132.811717094,54.2214120093,0.0
215.754627806,85.6016557941,54.2214120093,0.0
282.959738913,414.240746678,54.2214120093,0.0
@ 1090 10 0.303687635575 0.35233130312
422.26334785,65.1698000007,51.3738386235,0.0
254.010567812,391.691668171,51.3738386235,0.0
437.938361377,241.422216551,51.3738386235,0.0
437.034978284,428.712633404,51.3738386235,0.0
82.7791312182,379.17616251,51.3738386235,0.0
249.185865169,69.1183960197,51.3738386235,0.0
220.696742822,199.014972858,51.3738386235,0.0
342.774233576,141.069534432,51.3738386235,0.0
91.4060794974,57.4890289351,51.3738386235,0.0
56.5687475156,192.102074221,51.3738386235,0.0
@ 1100 10 0.303687635575 0.316295940681
230.044215188,202.100168129,59.0734961118,0.0
78.2184400908,443.167843265,59.0734961118,0.0
100.084733158,73.517865042,59.0734961118,0.0
450.759161865,431.218943654,59.0734961118,0.0
99.3424339891,321.124365645,59.0734961118,0.0
375.420728493,105.456307217,59.0734961118,0.0
203.290186658,408.672951176,59.0734961118,0.0
338.529523034,389.070028451,59.0734961118,0.0
246.872259464,61.806894041,59.0734961118,0.0
418.499919707,250.834204346,59.0734961118,0.0
@ 1110 10 0.40369088812 0.418210499898
394.221825777,91.1861809502,57.9716754584,0.0
120.606090741,64.2534772994,57.9716754584,0.0
361.081863677,418.010208898,57.9716754584,0.0
333.140592648,217.964259836,57.9716754584,0.0
214.017448799,453.638501705,57.9716754584,0.0
131.14002202,194.885209125,57.9716754584,0.0
445.19206648,300.215228179,57.9716754584,0.0
67.2330889998,405.634448507,57.9716754584,0.0
180.177971981,337.753002975,57.9716754584,0.0
261.446372724,109.860221975,57.9716754584,0.0
@ 1120 10 0.40369088812 0.402755322465
142.250335055,92.939021803,60.1256001432,0.0
308.081544563,158.649680223,60.1256001432,0.0
63.7762993026,203.270822994,60.1256001432,0.0
424.231410272,71.2446398501,60.1256001432,0.0
356.005164657,281.839018125,60.1256001432,0.0
213.881039131,388.920484463,60.1256001432,0.0
86.8072366413,435.210619568,60.1256001432,0.0
120.069691379,311.43967327,60.1256001432,0.0
448.528929369,392.167197943,60.1256001432,0.0
196.673522664,207.173834367,60.1256001432,0.0
@ 1130 10 0.40369088812 0.433239885647
235.175214516,306.424884716,54.2507089033,0.0
346.940743387,315.968711416,54.2507089033,0.0
360.872655614,453.656487908,54.2507089033,0.0
74.1356584401,445.90622416,54.2507089033,0.0
176.348559837,404.110561199,54.2507089033,0.0
421.23064287,219.84387557,54.2507089033,0.0
63.1970632506,329.74875948,54.2507089033,0.0
361.695974066,69.5001478172,54.2507089033,0.0
143.737190124,195.267010765,54.2507089033,0.0
192.712286878,82.424193799,54.2507089033,0.0
@ 1140 10 0.40369088812 0.352712149029
160.534115574,423.518713253,57.4601357731,0.0
66.3428941455,319.24744181,57.4601357731,0.0
394.861934044,429.323577731,57.4601357731,0.0
297.84395335,77.7432421828,57.4601357731,0.0
166.427986507,221.69810698,57.4601357731,0.0
283.973108352,377.382912921,57.4601357731,0.0
428.924138964,69.9484135888,57.4601357731,0.0
174.690660463,60.0180772806,57.4601357731,0.0
378.817336576,253.00741863,57.4601357731,0.0
63.3005798007,111.88626578,57.4601357731,0.0
@ 1150 10 0.40369088812 0.395678889026
326.480277305,68.1383646926,56.4584889372,0.0
213.637739367,175.375613172,56.4584889372,0.0
260.976916972,316.642081234,56.4584889372,0.0
271.417567858,429.574611604,56.4584889372,0.0
445.571168812,346.013506159,56.4584889372,0.0
131.567671313,423.636963158,56.4584889372,0.0
447.663880566,99.9613507382,56.4584889372,0.0
367.094535129,253.26819087,56.4584889372,0.0
115.52419544,105.263650909,56.4584889372,0.0
85.9046980522,252.017643187,56.4584889372,0.0
@ 1160 10 0.40369088812 0.382004153343
451.579050935,78.1747157936,59.3197198181,0.0
87.3143217559,309.553620536,59.3197198181,0.0
251.399391229,67.51683343,59.3197198181,0.0
169.462547545,196.700933701,59.3197198181,0.0
107.061446504,87.2862080751,59.3197198181,0.0
311.876394724,191.471775573,59.3197198181,0.0
448.585677376,434.49928396,59.3197198181,0.0
325.394109459,359.355370437,59.3197198181,0.0
205.666959796,356.565724046,59.3197198181,0.0
432.589013504,231.303937968,59.3197198181,0.0
@ 1170 10 0.40369088812 0.421704044287
344.371932656,106.299665396,55.2575484863,0.0
80.798239059,412.858195836,55.2575484863,0.0
83.7099009252,210.008026093,55.2575484863,0.0
439.521570028,355.62189677,55.2575484863,0.0
291.970260639,403.506968478,55.2575484863,0.0
188.232344917,447.825701629,55.2575484863,0.0
156.997258416,87.0555281198,55.2575484863,0.0
298.053051604,262.2120543,55.2575484863,0.0
179.529584116,305.275299944,55.2575484863,0.0
415.875435869,196.989684367,55.2575484863,0.0
@ 1180 10 0.40369088812 0.365925614468
61.0946727152,335.564959371,61.0753268089,0.0
102.266558424,85.3448619619,61.0753268089,0.0
238.481525956,364.149632264,61.0753268089,0.0
135.370123943,432.887159529,61.0753268089,0.0
230.886166075,87.4341632857,61.0753268089,0.0
405.128833573,398.030133569,61.0753268089,0.0
406.650100945,268.237933574,61.0753268089,0.0
445.61016611,62.4167491012,61.0753268089,0.0
290.727526598,196.512525101,61.0753268089,0.0
124.122506585,210.866532541,61.0753268089,0.0
@ 1190 10 0.40369088812 0.447034645906
287.142974566,354.957759909,62.8682643792,0.0
63.6679235502,249.685373607,62.8682643792,0.0
235.571354298,83.6949560712,62.8682643792,0.0
432.250437654,253.125208539,62.8682643792,0.0
265.483327843,215.911946649,62.8682643792,0.0
446.751899127,385.75816769,62.8682643792,0.0
358.221046999,123.386680419,62.8682643792,0.0
65.9652470464,417.554006312,62.8682643792,0.0
193.141050939,447.591506651,62.8682643792,0.0
93.6166428095,112.001833191,62.8682643792,0.0
@ 1200 10 0.40369088812 0.473666342052
175.374846471,84.9128631248,63.7949492867,0.0
300.217374841,154.547182124,63.7949492867,0.0
394.668066375,274.127722733,63.7949492867,0.0
441.712760971,414.132951926,63.7949492867,0.0
135.700563893,429.461322814,63.7949492867,0.0
426.644493269,63.8824444733,63.7949492867,0.0
236.613588133,276.108712548,63.7949492867,0.0
267.981559892,412.645222073,63.7949492867,0.0
67.0645362322,302.361047442,63.7949492867,0.0
67.4130437805,164.388930039,63.7949492867,0.0
@ 1210 10 0.601891659501 0.487733040468
446.297493548,429.644211022,61.661599021,0.0
268.47603669,91.8447457523,61.661599021,0.0
318.710927184,241.734917052,61.661599021,0.0
324.989001367,406.77229132,61.661599021,0.0
413.63466817,86.432479181,61.661599021,0.0
201.00027546,428.37839995,61.661599021,0.0
100.168858897,101.591466339,61.661599021,0.0
66.1469547098,383.369505833,61.661599021,0.0
183.374255194,248.571850778,61.661599021,0.0
449.383585396,294.132763429,61.661599021,0.0
@ 1220 10 0.601891659501 0.45565815718
63.8394330145,213.012573646,63.5659220473,0.0
445.786342515,65.2520558887,63.5659220473,0.0
340.955468332,146.509491915,63.5659220473,0.0
108.78894266,72.0601075891,63.5659220473,0.0
416.191024741,393.459754892,63.5659220473,0.0
190.032704627,264.289878454,63.5659220473,0.0
434.389889644,234.111861269,63.5659220473,0.0
319.130422354,298.489288327,63.5659220473,0.0
99.2943639988,355.324382931,63.5659220473,0.0
280.505239826,423.230152873,63.5659220473,0.0
@ 1230 10 0.601891659501 0.484237351822
63.4092669718,265.612177529,58.9193000191,0.0
272.842365526,85.15416537,58.9193000191,0.0
213.648913908,201.190114227,58.9193000191,0.0
354.780154535,215.935415319,58.9193000191,0.0
388.932570441,420.687854954,58.9193000191,0.0
435.170062313,74.780450188,58.9193000191,0.0
95.6070325943,127.012169526,58.9193000191,0.0
80.7231901585,397.787837197,58.9193000191,0.0
452.770022238,312.927290947,58.9193000191,0.0
265.268591066,321.042171372,58.9193000191,0.0
@ 1240 10 0.601891659501 0.41603008849
374.994998171,332.156840228,60.1868044278,0.0
195.858312523,285.051576285,60.1868044278,0.0
220.340554822,65.7681032047,60.1868044278,0.0
82.7464339912,144.855025675,60.1868044278,0.0
85.7245351315,438.402115094,60.1868044278,0.0
300.748599232,201.1843739,60.1868044278,0.0
437.722730746,200.521706297,60.1868044278,0.0
60.3369396357,310.949792689,60.1868044278,0.0
393.643768373,62.9867678856,60.1868044278,0.0
239.286448558,432.02854308,60.1868044278,0.0
@ 1250 10 0.601891659501 0.434122359439
313.001315298,442.204305637,66.5196210253,0.0
296.150275996,79.3000299281,66.5196210253,0.0
127.189256231,83.9739967195,66.5196210253,0.0
442.608810581,400.616259378,66.5196210253,0.0
80.1603355059,208.470005702,66.5196210253,0.0
364.617297462,267.507971883,66.5196210253,0.0
74.0824820007,431.655556283,66.5196210253,0.0
226.273206126,221.932316499,66.5196210253,0.0
203.974498086,359.241185321,66.5196210253,0.0
434.872693005,135.386725746,66.5196210253,0.0
@ 1260 10 0.601891659501 0.530284724
89.1656534584,423.265097132,58.6264527913,0.0
440.987070168,307.821945336,58.6264527913,0.0
145.387507413,311.74778279,58.6264527913,0.0
316.317650615,316.578585576,58.6264527913,0.0
346.202588922,178.273881367,58.6264527913,0.0
78.6693983137,147.064323063,58.6264527913,0.0
197.164299072,74.5348708942,58.6264527913,0.0
442.580246812,72.5078560057,58.6264527913,0.0
443.438266474,443.786892643,58.6264527913,0.0
264.196572909,433.564937656,58.6264527913,0.0
@ 1270 10 0.601891659501 0.411904768485
443.916980088,435.906249655,62.8236579391,0.0
281.254039653,433.456610819,62.8236579391,0.0
324.016521774,310.887147157,62.8236579391,0.0
73.7179038059,90.6338039281,62.8236579391,0.0
201.799091199,241.655074042,62.8236579391,0.0
71.8565239036,235.456221374,62.8236579391,0.0
401.516212507,89.9705627079,62.8236579391,0.0
262.103078609,109.30258341,62.8236579391,0.0
130.659465427,368.2503176,62.8236579391,0.0
441.517516475,250.651441641,62.8236579391,0.0
@ 1280 10 0.601891659501 0.472994426772
284.730028467,275.783439505,62.1356090723,0.0
72.002610595,440.004792565,62.1356090723,0.0
433.909933904,214.537071554,62.1356090723,0.0
140.362926042,322.56950402,62.1356090723,0.0
229.492022625,410.244702433,62.1356090723,0.0
182.16663967,182.642807877,62.1356090723,0.0
421.908439265,71.7448336455,62.1356090723,0.0
127.505928928,63.9704874177,62.1356090723,0.0
426.541267602,427.324057388,62.1356090723,0.0
287.361257037,76.7739244507,62.1356090723,0.0
@ 1290 10 0.601891659501 0.462690628752
429.42708899,115.1451398,61.7875138769,0.0
212.560997673,445.609373615,61.7875138769,0.0
93.5408245116,81.4794580524,61.7875138769,0.0
411.041157144,313.98391842,61.7875138769,0.0
284.600843696,335.841306641,61.7875138769,0.0
67.2959809693,415.687033314,61.7875138769,0.0
216.123880222,232.731375687,61.7875138769,0.0
69.6669873694,255.666403376,61.7875138769,0.0
449.962697388,432.726228619,61.7875138769,0.0
276.808089483,110.888644434,61.7875138769,0.0
@ 1300 10 0.601891659501 0.457520992784
154.431270727,379.323670805,64.0973008294,0.0
420.07880306,350.062658468,64.0973008294,0.0
92.5857968866,72.7595321522,64.0973008294,0.0
274.294389712,277.312775739,64.0973008294,0.0
72.8005169561,279.536536719,64.0973008294,0.0
293.602362446,411.704942647,64.0973008294,0.0
296.930581202,70.3013904447,64.0973008294,0.0
407.951058654,218.302808061,64.0973008294,0.0
180.510543969,189.261673633,64.0973008294,0.0
446.532303413,77.6249734398,64.0973008294,0.0
@ 1310 10 1.18243243243 0.492367146869
129.982324169,77.6655413556,67.4651660209,0.0
245.736512613,440.085618805,67.4651660209,0.0
423.34479582,236.627093313,67.4651660209,0.0
94.3430402659,411.588266602,67.4651660209,0.0
409.644676704,75.0278913826,67.4651660209,0.0
421.038074138,429.131813928,67.4651660209,0.0
271.471949791,70.9102626298,67.4651660209,0.0
210.722475978,203.593761286,67.4651660209,0.0
69.3685765896,264.995785384,67.4651660209,0.0
300.940576815,316.842185212,67.4651660209,0.0
@ 1320 10 1.18243243243 0.545467363306
340.726209006,200.762482418,67.8298629712,0.0
81.1765591319,439.532579362,67.8298629712,0.0
234.512590579,426.341055085,67.8298629712,0.0
98.3753916233,121.778243865,67.8298629712,0.0
438.771344675,297.305911251,67.8298629712,0.0
373.113184236,427.590763619,67.8298629712,0.0
395.286713855,68.3699893998,67.8298629712,0.0
69.4821513049,293.241268103,67.8298629712,0.0
237.485658688,75.5637822377,67.8298629712,0.0
213.988258355,263.430220867,67.8298629712,0.0
@ 1330 10 1.18243243243 0.551380576751
207.450208975,207.064164633,66.2216431044,0.0
92.0161498778,426.30472931,66.2216431044,0.0
339.760954166,185.758425877,66.2216431044,0.0
110.843136146,73.9700867013,66.2216431044,0.0
443.828476605,269.491029269,66.2216431044,0.0
253.441903201,364.946475598,66.2216431044,0.0
426.929352936,82.4926293715,66.2216431044,0.0
96.1712449371,281.121873639,66.2216431044,0.0
277.559310726,68.2490193655,66.2216431044,0.0
413.26615889,444.370244172,66.2216431044,0.0
@ 1340 10 1.18243243243 0.52554449177
216.489296648,317.269790152,66.5031559702,0.0
79.5893404639,393.448534468,66.5031559702,0.0
257.154618781,444.080703035,66.5031559702,0.0
80.5516412164,74.3522618571,66.5031559702,0.0
440.980312085,231.376754523,66.5031559702,0.0
288.936553045,205.598397318,66.5031559702,0.0
419.797253633,98.0031969505,66.5031559702,0.0
97.7284409893,219.233129344,66.5031559702,0.0
214.053895795,90.4920519751,66.5031559702,0.0
402.76101261,426.102515395,66.5031559702,0.0
@ 1350 10 1.18243243243 0.530022242449
330.525207754,327.90812512,70.0799130511,0.0
74.1898373523,421.302303622,70.0799130511,0.0
441.109484503,241.602641419,70.0799130511,0.0
199.032674085,277.111459567,70.0799130511,0.0
426.513378232,433.829566859,70.0799130511,0.0
121.184780579,75.8583024494,70.0799130511,0.0
406.882616306,105.584967289,70.0799130511,0.0
266.617737025,75.7775927686,70.0799130511,0.0
72.225962807,208.610780152,70.0799130511,0.0
227.059371622,425.803699847,70.0799130511,0.0
@ 1360 10 1.18243243243 0.588568062913
317.728682722,306.84353597,65.9774970058,0.0
225.643980045,197.422758234,65.9774970058,0.0
444.068466168,71.4531438588,65.9774970058,0.0
219.359289792,433.972842757,65.9774970058,0.0
407.554454286,429.749304793,65.9774970058,0.0
72.0052513117,94.9353609932,65.9774970058,0.0
276.414717195,66.890627882,65.9774970058,0.0
441.428175389,233.748217359,65.9774970058,0.0
87.3073042778,232.244657576,65.9774970058,0.0
83.6904058607,422.469595764,65.9774970058,0.0
@ 1370 10 1.18243243243 0.521676478077
74.8411699978,345.752341006,63.5478038841,0.0
155.053898585,444.527242206,63.5478038841,0.0
368.052647469,232.137200192,63.5478038841,0.0
445.152317714,436.339519363,63.5478038841,0.0
199.989962304,293.051454615,63.5478038841,0.0
77.559559578,214.235870222,63.5478038841,0.0
115.844183928,88.6151090275,63.5478038841,0.0
304.319176972,430.612243689,63.5478038841,0.0
439.284011976,113.087905491,63.5478038841,0.0
230.705027596,144.642914562,63.5478038841,0.0
@ 1380 10 1.18243243243 0.4839613473
87.8416150612,410.812314152,69.4007605512,0.0
217.616747031,169.13485687,69.4007605512,0.0
283.782078706,437.201453177,69.4007605512,0.0
432.093676239,155.950792098,69.4007605512,0.0
372.968150446,298.247148317,69.4007605512,0.0
228.557441323,309.69015754,69.4007605512,0.0
90.9707802385,247.214830101,69.4007605512,0.0
441.067617711,420.603937403,69.4007605512,0.0
316.152642632,70.7683147951,69.4007605512,0.0
106.022230098,76.6473160093,69.4007605512,0.0
@ 1390 10 1.18243243243 0.577215578255
70.8943454363,410.788795919,68.0788832727,0.0
384.422112049,70.1579925401,68.0788832727,0.0
265.540383854,416.918188744,68.0788832727,0.0
326.710549545,204.296972775,68.0788832727,0.0
216.297251132,122.732807221,68.0788832727,0.0
402.477637208,425.0683102,68.0788832727,0.0
81.6569480618,223.187215315,68.0788832727,0.0
442.860218398,290.888438754,68.0788832727,0.0
212.157117049,287.660073256,68.0788832727,0.0
87.4274567309,69.3354417032,68.0788832727,0.0
@ 1400 10 1.18243243243 0.555436518831
87.4683044975,427.395691818,75.3409822476,0.0
411.752247012,75.7210255782,75.3409822476,0.0
282.673542703,436.531691029,75.3409822476,0.0
310.349552396,200.88111781,75.3409822476,0.0
226.82986235,75.355905688,75.3409822476,0.0
433.642312353,436.2120125,75.3409822476,0.0
75.6970951116,226.39270712,75.3409822476,0.0
435.615495462,284.941290171,75.3409822476,0.0
203.540205019,308.055682716,75.3409822476,0.0
75.920827652,75.4609350213,75.3409822476,0.0
@ 1410 10 33.3333333333 0.680255622181
105.523391183,435.517000787,75.3203226211,0.0
397.367143789,75.7521661969,75.3203226211,0.0
285.440865048,436.126467723,75.3203226211,0.0
311.722281874,200.441636569,75.3203226211,0.0
226.523533321,75.9940860715,75.3203226211,0.0
436.395467494,436.642754616,75.3203226211,0.0
76.3223330945,228.760426146,75.3203226211,0.0
436.307024129,285.623408128,75.3203226211,0.0
205.702295069,308.13281724,75.3203226211,0.0
75.5725647235,75.493952843,75.3203226211,0.0
@ 1420 10 33.3333333333 0.679882600757
92.3958847106,415.840757156,75.4550277562,0.0
419.665755278,92.6967096358,75.4550277562,0.0
285.11081283,436.10276283,75.4550277562,0.0
308.251583785,203.268272429,75.4550277562,0.0
227.356128462,75.6058903566,75.4550277562,0.0
436.511601072,435.253916479,75.4550277562,0.0
75.5491317637,226.667804633,75.4550277562,0.0
436.152577932,283.8496268,75.4550277562,0.0
201.04690902,310.734533079,75.4550277562,0.0
75.7014979675,75.6283558318,75.4550277562,0.0
@ 1430 10 33.3333333333 0.682316620418
81.7703181653,423.789787922,75.4053436871,0.0
400.968651301,80.929356931,75.4053436871,0.0
284.740791701,436.535149074,75.4053436871,0.0
308.370760224,203.293705674,75.4053436871,0.0
228.341992082,75.4676569665,75.4053436871,0.0
435.684300045,436.541960596,75.4053436871,0.0
75.4985569057,226.71506024,75.4053436871,0.0
436.477904594,284.27077707,75.4053436871,0.0
202.070524679,310.382935144,75.4053436871,0.0
75.431593172,75.7550009906,75.4053436871,0.0
@ 1440 10 33.3333333333 0.681418360723
93.1878558276,417.824722421,75.0633216191,0.0
407.419115538,85.885768028,75.0633216191,0.0
285.36325322,436.753441795,75.0633216191,0.0
309.557321295,203.011504164,75.0633216191,0.0
228.200664561,76.7676176439,75.0633216191,0.0
435.995768219,436.91786179,75.0633216191,0.0
76.5175740327,228.283104193,75.0633216191,0.0
436.152907695,286.146893634,75.0633216191,0.0
202.110727041,310.923424118,75.0633216191,0.0
77.2469506254,77.7048264287,75.0633216191,0.0
@ 1450 10 33.3333333333 0.675250851875
99.3247104514,424.258399018,75.3014136207,0.0
418.624857631,88.8050482852,75.3014136207,0.0
285.09405897,436.666186475,75.3014136207,0.0
310.382674864,201.767682086,75.3014136207,0.0
227.974787363,75.5188297619,75.3014136207,0.0
436.455044076,436.677912125,75.3014136207,0.0
76.0132936127,229.53233965,75.3014136207,0.0
436.461074585,284.189890324,75.3014136207,0.0
203.988387615,308.968362814,75.3014136207,0.0
76.3659051567,78.0787239663,75.3014136207,0.0
@ 1460 10 33.3333333333 0.679541277561
85.2134861325,429.361855254,75.2262138364,0.0
401.671526997,86.1576696519,75.2262138364,0.0
285.252560783,436.298683955,75.2262138364,0.0
308.038374673,206.027388866,75.2262138364,0.0
229.704936775,76.0683441314,75.2262138364,0.0
436.641162071,436.36500922,75.2262138364,0.0
75.6649154634,227.126102609,75.2262138364,0.0
435.705509416,285.705908242,75.2262138364,0.0
199.671199581,312.434632848,75.2262138364,0.0
76.9000511622,76.3346648055,75.2262138364,0.0
@ 1470 10 33.3333333333 0.678184706978
113.620888967,433.140049069,75.3924169359,0.0
411.1309912,77.419920303,75.3924169359,0.0
285.456983603,436.600237193,75.3924169359,0.0
310.028870684,202.139518066,75.3924169359,0.0
227.419245167,75.9100996416,75.3924169359,0.0
436.58748867,435.736715823,75.3924169359,0.0
76.4106760136,227.044884264,75.3924169359,0.0
436.313463311,284.660580512,75.3924169359,0.0
203.304377298,309.082195301,75.3924169359,0.0
76.0786631831,75.9646867483,75.3924169359,0.0
@ 1480 10 33.3333333333 0.681184749412
81.1518477733,402.125598128,75.1798663554,0.0
434.728878967,121.024886458,75.1798663554,0.0
285.004873744,436.594415439,75.1798663554,0.0
308.520786907,203.156744957,75.1798663554,0.0
228.913371681,75.4577752304,75.1798663554,0.0
435.998378146,436.379675399,75.1798663554,0.0
76.0393526053,227.599761872,75.1798663554,0.0
435.061367493,284.812228311,75.1798663554,0.0
201.54846725,310.78449537,75.1798663554,0.0
77.3915694923,76.2884356832,75.1798663554,0.0
@ 1490 10 33.3333333333 0.677349294202
79.8111018192,404.775230434,75.256147605,0.0
415.678724825,85.2535778201,75.256147605,0.0
285.211119434,436.719771822,75.256147605,0.0
308.113134326,203.73822482,75.256147605,0.0
227.436449351,76.2357971504,75.256147605,0.0
436.570850654,435.632827797,75.256147605,0.0
75.3136494286,227.597649115,75.256147605,0.0
435.83460612,283.729280478,75.256147605,0.0
202.073202918,310.674975341,75.256147605,0.0
75.6772081721,75.4062334188,75.256147605,0.0
@ 1500 10 33.3333333333 0.678724536434
