292.884737542,114.912120365,39.9395480841,0.0
40.7491049866,302.56117309,39.9395480841,0.0
109.660078538,436.957597781,39.9395480841,0.0
436.495129408,138.98974556,39.9395480841,0.0
248.479286074,463.992330915,39.9395480841,0.0
148.080683572,339.209142892,39.9395480841,0.0
413.316315925,392.409537851,39.9395480841,0.0
163.692855257,41.5001074583,39.9395480841,0.0
128.264317017,220.32499078,39.9395480841,0.0
417.118847888,41.0070790368,39.9395480841,0.0
@ 10 10 0.0873362445415 0.191168299484
255.058637968,309.007993502,49.0123037232,0.0
50.3349324347,418.460921882,49.0123037232,0.0
138.869391736,177.16033091,49.0123037232,0.0
94.6374223641,77.8045446854,49.0123037232,0.0
390.618795163,290.616832406,49.0123037232,0.0
392.543431942,61.8525718728,49.0123037232,0.0
296.302846519,187.262718503,49.0123037232,0.0
237.31385761,447.845947254,49.0123037232,0.0
426.815622979,158.802988095,49.0123037232,0.0
121.661148609,318.116088574,49.0123037232,0.0
@ 20 10 0.0873362445415 0.287885516527
155.196303299,181.787738526,47.1523939453,0.0
189.095424421,69.5374729987,47.1523939453,0.0
358.034739356,258.525829995,47.1523939453,0.0
63.4900136679,243.401967979,47.1523939453,0.0
331.842943451,125.51843417,47.1523939453,0.0
452.985588511,388.1926805,47.1523939453,0.0
460.837026194,222.633356867,47.1523939453,0.0
283.959628812,402.824552251,47.1523939453,0.0
202.366174006,296.76168133,47.1523939453,0.0
70.9731420189,392.715364423,47.1523939453,0.0
@ 30 10 0.0873362445415 0.26645083022
255.586517316,163.867319655,47.1323711887,0.0
394.383459348,333.737933773,47.1323711887,0.0
462.330283169,211.710934204,47.1323711887,0.0
119.385909377,71.3516559507,47.1323711887,0.0
342.671789462,96.0062071625,47.1323711887,0.0
305.011369282,267.667059575,47.1323711887,0.0
162.442555994,300.991906107,47.1323711887,0.0
385.913111045,453.098386403,47.1323711887,0.0
193.426985176,427.299740156,47.1323711887,0.0
436.953388443,93.4959684801,47.1323711887,0.0
@ 40 10 0.0873362445415 0.266224587311
261.709039766,122.642722975,41.6513781924,0.0
216.316527632,226.121679049,41.6513781924,0.0
165.740236108,469.320970961,41.6513781924,0.0
92.8396531833,166.996646513,41.6513781924,0.0
336.609260211,299.906601221,41.6513781924,0.0
347.851691716,75.6561132783,41.6513781924,0.0
460.481374548,444.575154952,41.6513781924,0.0
155.717365131,70.7400632366,41.6513781924,0.0
419.114459637,349.736212988,41.6513781924,0.0
67.2557992256,290.45356817,41.6513781924,0.0
@ 50 10 0.0873362445415 0.207906628801
270.360363656,438.472062989,42.0825019404,0.0
355.794340658,142.251569544,42.0825019404,0.0
175.870548109,152.286282824,42.0825019404,0.0
144.256363732,305.955159757,42.0825019404,0.0
51.2283137129,146.762697091,42.0825019404,0.0
130.038019342,405.422316931,42.0825019404,0.0
382.644401803,345.916733672,42.0825019404,0.0
270.287254341,271.785984823,42.0825019404,0.0
439.264110184,466.476085601,42.0825019404,0.0
468.838117063,179.209993924,42.0825019404,0.0
@ 60 10 0.0873362445415 0.2122328901
371.464040964,52.3720345532,48.225987259,0.0
378.615666909,266.968322099,48.225987259,0.0
245.948259116,72.6427389043,48.225987259,0.0
413.870597186,156.083653951,48.225987259,0.0
178.787074406,306.438239546,48.225987259,0.0
375.623544839,386.389285815,48.225987259,0.0
85.3400526376,339.971414852,48.225987259,0.0
286.69267972,448.073994717,48.225987259,0.0
135.555311453,133.525273802,48.225987259,0.0
258.589928963,245.4018356,48.225987259,0.0
@ 70 10 0.0873362445415 0.278722377617
242.544195446,211.926703906,47.319058207,0.0
328.745481041,322.198994734,47.319058207,0.0
186.388228488,70.3210742384,47.319058207,0.0
396.568953694,115.35769494,47.319058207,0.0
97.3804789279,203.989835136,47.319058207,0.0
459.870919405,385.860204915,47.319058207,0.0
345.796329084,207.28472736,47.319058207,0.0
221.700611456,403.313333381,47.319058207,0.0
89.4384893532,441.545018669,47.319058207,0.0
93.8774209724,316.720748094,47.319058207,0.0
@ 80 10 0.0873362445415 0.268337746614
38.7807197119,113.268815052,33.7972140304,0.0
254.872043438,71.333626361,33.7972140304,0.0
476.581837232,307.884797887,33.7972140304,0.0
302.525569574,147.564824554,33.7972140304,0.0
257.673122211,241.369417651,33.7972140304,0.0
403.065567463,91.7553076544,33.7972140304,0.0
229.444961982,312.750630259,33.7972140304,0.0
405.288808444,388.592616882,33.7972140304,0.0
91.7133023901,166.860947073,33.7972140304,0.0
476.575030577,71.7718939936,33.7972140304,0.0
@ 90 10 0.0873362445415 0.136889894237
184.133745505,319.449597195,51.0381299624,0.0
89.1636621712,263.959537803,51.0381299624,0.0
104.099976137,128.130650416,51.0381299624,0.0
409.077646758,58.3796652849,51.0381299624,0.0
201.374364821,60.3202668225,51.0381299624,0.0
115.075186202,457.829762375,51.0381299624,0.0
301.181796778,391.074819747,51.0381299624,0.0
396.272298567,250.088297609,51.0381299624,0.0
289.85861771,170.265933313,51.0381299624,0.0
454.166515032,386.758808677,51.0381299624,0.0
@ 100 10 0.0873362445415 0.312175697549
458.71585054,376.436479648,44.9100911433,0.0
262.688864889,352.557188396,44.9100911433,0.0
262.447210333,82.1240467331,44.9100911433,0.0
413.832751066,457.884982052,44.9100911433,0.0
194.725636643,285.801163435,44.9100911433,0.0
336.176786518,139.169580501,44.9100911433,0.0
182.342999993,462.925692024,44.9100911433,0.0
437.204715754,119.736553661,44.9100911433,0.0
56.1359099604,340.932851932,44.9100911433,0.0
295.219337859,248.157821286,44.9100911433,0.0
@ 110 10 0.0940354648039 0.241711579762
96.5634540692,212.970879784,42.7921046936,0.0
383.053663429,81.0609704627,42.7921046936,0.0
272.642495179,150.59853799,42.7921046936,0.0
57.5485978875,135.72179251,42.7921046936,0.0
167.235867589,434.734089209,42.7921046936,0.0
77.7018886934,441.085479121,42.7921046936,0.0
153.392457355,45.2619620912,42.7921046936,0.0
323.353976,339.665410365,42.7921046936,0.0
276.905815317,254.416250125,42.7921046936,0.0
428.649779512,323.488907919,42.7921046936,0.0
@ 120 10 0.0940354648039 0.219450653642
62.744474845,53.5826021286,46.8660687572,0.0
149.662177291,277.205429469,46.8660687572,0.0
191.253573526,414.891269422,46.8660687572,0.0
263.650634112,81.9228515105,46.8660687572,0.0
266.430277823,243.551894372,46.8660687572,0.0
383.478219732,51.212918998,46.8660687572,0.0
436.362566549,214.926931032,46.8660687572,0.0
403.26772407,445.295760432,46.8660687572,0.0
77.578353541,454.00558486,46.8660687572,0.0
442.717866276,337.43535739,46.8660687572,0.0
@ 130 10 0.0940354648039 0.263224697095
424.247631655,426.33974571,44.9799519948,0.0
313.761136873,313.310096163,44.9799519948,0.0
210.007789216,455.054552995,44.9799519948,0.0
233.051048668,227.79551157,44.9799519948,0.0
122.561827623,303.336442044,44.9799519948,0.0
245.926471485,112.281262817,44.9799519948,0.0
437.533589932,189.972707189,44.9799519948,0.0
330.161768307,431.612841002,44.9799519948,0.0
391.07134604,65.1158376564,44.9799519948,0.0
201.293578413,364.499475598,44.9799519948,0.0
@ 140 10 0.0940354648039 0.242464163877
86.8568056869,287.114738483,50.5571662699,0.0
152.332660369,414.867570556,50.5571662699,0.0
391.424939866,120.535525727,50.5571662699,0.0
58.3251810195,62.2822094901,50.5571662699,0.0
139.563558316,150.522711352,50.5571662699,0.0
218.631672641,299.069778577,50.5571662699,0.0
262.975702818,55.9125887685,50.5571662699,0.0
278.740940209,428.756672297,50.5571662699,0.0
309.042213533,203.574038883,50.5571662699,0.0
430.476053896,379.202457773,50.5571662699,0.0
@ 150 10 0.0940354648039 0.306319772923
118.986423709,433.864613882,41.0893973825,0.0
319.641539374,331.799492316,41.0893973825,0.0
182.283825942,174.285392778,41.0893973825,0.0
350.125751784,231.080176655,41.0893973825,0.0
86.106178308,232.134907241,41.0893973825,0.0
138.841236318,82.7195409614,41.0893973825,0.0
456.215491502,253.976618238,41.0893973825,0.0
434.181902728,372.143169204,41.0893973825,0.0
208.317543891,347.451444365,41.0893973825,0.0
390.474085906,158.377466344,41.0893973825,0.0
@ 160 10 0.0940354648039 0.202334121358
53.8213938242,205.026105755,44.155277665,0.0
365.827066149,109.805869275,44.155277665,0.0
204.134248721,151.734530179,44.155277665,0.0
233.391745766,318.772048481,44.155277665,0.0
218.272516794,425.735682768,44.155277665,0.0
453.380733382,91.2598457271,44.155277665,0.0
120.589633393,322.976250275,44.155277665,0.0
368.797382289,298.864586236,44.155277665,0.0
458.180872421,403.489879514,44.155277665,0.0
104.997293856,426.802979982,44.155277665,0.0
@ 170 10 0.0940354648039 0.233654862908
176.800340814,281.980247821,53.0623358527,0.0
219.713919543,390.990996787,53.0623358527,0.0
102.698690607,166.14108452,53.0623358527,0.0
349.246132223,63.6136006521,53.0623358527,0.0
358.984221299,274.667729417,53.0623358527,0.0
448.923667855,157.634000614,53.0623358527,0.0
100.861286543,57.3937865885,53.0623358527,0.0
422.84352944,384.089746546,53.0623358527,0.0
246.064939072,114.674912016,53.0623358527,0.0
75.9431939846,376.299243795,53.0623358527,0.0
@ 180 10 0.0940354648039 0.337428927946
224.729512382,210.898778537,40.6725076565,0.0
382.940174924,440.314470599,40.6725076565,0.0
448.792639978,314.341287536,40.6725076565,0.0
255.409528514,399.269317589,40.6725076565,0.0
190.245052781,293.570357351,40.6725076565,0.0
90.8816568537,241.60906676,40.6725076565,0.0
306.554642716,231.184138114,40.6725076565,0.0
350.281300129,347.212261592,40.6725076565,0.0
83.8738591191,127.038017713,40.6725076565,0.0
298.179747447,68.8333606349,40.6725076565,0.0
@ 190 10 0.0940354648039 0.198249218077
156.91803376,163.595055728,40.8206152247,0.0
431.717651266,256.791628394,40.8206152247,0.0
326.520946292,357.6948725,40.8206152247,0.0
442.235706191,391.723159161,40.8206152247,0.0
401.880839439,125.368398388,40.8206152247,0.0
77.3665487553,76.2558618842,40.8206152247,0.0
231.400939959,234.445684739,40.8206152247,0.0
151.043160942,319.473754647,40.8206152247,0.0
113.324193147,237.40884627,40.8206152247,0.0
250.157301534,113.855981028,40.8206152247,0.0
@ 200 10 0.0940354648039 0.199695682631
226.499498825,371.214801569,42.224483594,0.0
354.768933628,283.461001512,42.224483594,0.0
285.656368243,86.79354029,42.224483594,0.0
339.890951693,408.931482807,42.224483594,0.0
78.158407103,59.8255333115,42.224483594,0.0
167.176562261,293.493316171,42.224483594,0.0
190.136003219,70.6381557011,42.224483594,0.0
216.598566759,190.953451406,42.224483594,0.0
104.693938694,372.364714978,42.224483594,0.0
143.923256084,456.658461578,42.224483594,0.0
@ 210 10 0.101847810272 0.213667406027
57.3803628212,267.559543926,41.486889341,0.0
363.139617886,75.24926279,41.486889341,0.0
276.188414795,389.090051353,41.486889341,0.0
55.9267552465,181.260097375,41.486889341,0.0
406.165852123,340.05389676,41.486889341,0.0
358.148298987,185.651918664,41.486889341,0.0
244.161299071,99.2867110819,41.486889341,0.0
423.99005819,423.297404203,41.486889341,0.0
223.847223437,284.537177155,41.486889341,0.0
184.728352371,452.107208807,41.486889341,0.0
@ 220 10 0.101847810272 0.206267749304
126.274919674,53.0081852523,46.0672788265,0.0
194.655135701,393.191202071,46.0672788265,0.0
247.198803682,139.992871099,46.0672788265,0.0
436.817313016,293.056304395,46.0672788265,0.0
210.290876029,287.577300863,46.0672788265,0.0
460.292921778,135.254734821,46.0672788265,0.0
295.821325083,54.4080352437,46.0672788265,0.0
370.247460651,426.03639296,46.0672788265,0.0
346.426426115,151.990597692,46.0672788265,0.0
127.355016488,187.829058489,46.0672788265,0.0
@ 230 10 0.101847810272 0.254328308455
345.963008037,245.99312003,47.2987436472,0.0
60.1498578426,54.8309406891,47.2987436472,0.0
433.242997535,360.95330944,47.2987436472,0.0
456.98229777,235.631671485,47.2987436472,0.0
318.815096851,154.733167779,47.2987436472,0.0
240.637957856,79.6714850278,47.2987436472,0.0
420.945056931,106.955544535,47.2987436472,0.0
315.245065777,450.904764807,47.2987436472,0.0
239.197768244,294.588146666,47.2987436472,0.0
150.23678321,361.060668294,47.2987436472,0.0
@ 240 10 0.101847810272 0.268107395745
320.979153028,164.808311829,39.5219931737,0.0
275.190915825,273.003804565,39.5219931737,0.0
82.5522239346,130.734944828,39.5219931737,0.0
187.740488032,240.920916878,39.5219931737,0.0
203.729156227,332.999450688,39.5219931737,0.0
210.07602305,69.9726254715,39.5219931737,0.0
470.177288347,226.18177223,39.5219931737,0.0
412.133137437,125.941034855,39.5219931737,0.0
380.824191288,294.648130795,39.5219931737,0.0
303.709999079,346.994851621,39.5219931737,0.0
@ 250 10 0.101847810272 0.187191990139
437.922759215,426.99429811,47.619016074,0.0
234.976500389,57.3370561986,47.619016074,0.0
255.24236243,190.189432381,47.619016074,0.0
387.815905405,166.412529751,47.619016074,0.0
112.270401162,103.580197861,47.619016074,0.0
113.038994856,242.421726072,47.619016074,0.0
331.575338111,436.082627415,47.619016074,0.0
201.108538347,289.396564559,47.619016074,0.0
389.786661025,58.1152203254,47.619016074,0.0
313.832192492,302.81139301,47.619016074,0.0
@ 260 10 0.101847810272 0.271750542062
350.001367481,128.025892397,49.4388596181,0.0
452.448697403,338.065841217,49.4388596181,0.0
454.85912697,438.187670895,49.4388596181,0.0
346.424747191,439.730996534,49.4388596181,0.0
81.7698554454,285.139893398,49.4388596181,0.0
455.453668216,78.0362048627,49.4388596181,0.0
153.263674058,66.5118191488,49.4388596181,0.0
52.8243170423,439.572558921,49.4388596181,0.0
329.297286041,273.978769779,49.4388596181,0.0
164.342511332,434.655943644,49.4388596181,0.0
@ 270 10 0.101847810272 0.292918278427
272.44897981,217.417320961,49.3004182498,0.0
461.286854805,152.425927634,49.3004182498,0.0
56.7521607099,73.412634047,49.3004182498,0.0
92.5313266876,177.518320172,49.3004182498,0.0
151.916519086,264.322665105,49.3004182498,0.0
235.049167701,70.2279878962,49.3004182498,0.0
84.0686348802,460.609180253,49.3004182498,0.0
380.554871296,223.474481116,49.3004182498,0.0
401.044901763,322.668625494,49.3004182498,0.0
424.56235262,445.741299321,49.3004182498,0.0
@ 280 10 0.101847810272 0.291280084115
218.672583842,76.4679133985,44.324087559,0.0
254.681833146,243.470791697,44.324087559,0.0
133.239784276,367.408070462,44.324087559,0.0
451.734285618,126.575273555,44.324087559,0.0
56.0544170587,80.4403018879,44.324087559,0.0
152.361117016,219.328504033,44.324087559,0.0
49.7462585187,233.94525099,44.324087559,0.0
322.26411439,60.2244097529,44.324087559,0.0
290.715714087,369.922124746,44.324087559,0.0
392.97143406,314.496008897,44.324087559,0.0
@ 290 10 0.101847810272 0.235444848269
389.823824275,103.260329545,46.0564412649,0.0
327.987774429,347.82184916,46.0564412649,0.0
128.550027331,46.5677282403,46.0564412649,0.0
61.6304494188,313.322022587,46.0564412649,0.0
82.173398479,182.027435953,46.0564412649,0.0
275.728463792,261.875090859,46.0564412649,0.0
284.967957985,163.934982651,46.0564412649,0.0
192.246694536,170.660961368,46.0564412649,0.0
363.113486561,453.167974353,46.0564412649,0.0
165.47224852,373.429966364,46.0564412649,0.0
@ 300 10 0.101847810272 0.254208658476
300.142371498,456.932151959,47.5272122167,0.0
122.077863241,448.218904717,47.5272122167,0.0
116.459952509,53.0201180097,47.5272122167,0.0
78.3077509353,261.291706104,47.5272122167,0.0
349.248420468,108.52437426,47.5272122167,0.0
449.992197396,210.759020469,47.5272122167,0.0
213.266391848,260.397472947,47.5272122167,0.0
456.452885609,94.1042725024,47.5272122167,0.0
256.865382564,346.152889701,47.5272122167,0.0
445.753981942,328.995833783,47.5272122167,0.0
@ 310 10 0.111075848937 0.270703745976
360.547243641,163.493446162,43.5228271921,0.0
318.534139602,290.405802374,43.5228271921,0.0
402.547134638,318.732727497,43.5228271921,0.0
114.366753489,158.27373727,43.5228271921,0.0
69.8304659466,270.338926555,43.5228271921,0.0
105.424530193,416.890577815,43.5228271921,0.0
465.944451203,208.308907389,43.5228271921,0.0
278.753960888,132.036020143,43.5228271921,0.0
189.811689817,226.923242197,43.5228271921,0.0
230.369780267,388.611010057,43.5228271921,0.0
@ 320 10 0.111075848937 0.22700936907
439.859078553,255.775350234,48.4966409596,0.0
254.832796098,179.68526592,48.4966409596,0.0
431.0478225,60.9635081008,48.4966409596,0.0
152.790882981,174.08278767,48.4966409596,0.0
76.6663482309,436.676044624,48.4966409596,0.0
415.404159912,417.067356437,48.4966409596,0.0
298.838283769,296.58834843,48.4966409596,0.0
320.923391072,52.8208888596,48.4966409596,0.0
225.519166616,412.095965735,48.4966409596,0.0
168.295804869,302.513173777,48.4966409596,0.0
@ 330 10 0.111075848937 0.28185964578
203.962461723,100.746024991,52.9685067689,0.0
325.666892348,371.733408535,52.9685067689,0.0
64.2193180053,131.250480329,52.9685067689,0.0
401.118797129,258.995089431,52.9685067689,0.0
190.903046283,339.744246686,52.9685067689,0.0
409.950845411,90.5713195731,52.9685067689,0.0
89.0468557455,259.586017604,52.9685067689,0.0
454.923165575,407.331347779,52.9685067689,0.0
87.6081683944,428.713321149,52.9685067689,0.0
225.122874019,454.461904881,52.9685067689,0.0
@ 340 10 0.111075848937 0.336236645164
94.5959309888,261.661113789,42.0244832884,0.0
358.885276724,169.781334398,42.0244832884,0.0
450.087419917,182.824004775,42.0244832884,0.0
422.774978398,55.8135501938,42.0244832884,0.0
42.8975113187,173.153306446,42.0244832884,0.0
112.030004652,391.405465285,42.0244832884,0.0
162.289342419,147.169213557,42.0244832884,0.0
271.877632874,178.525572432,42.0244832884,0.0
364.117136221,424.865262757,42.0244832884,0.0
288.626814572,284.368152058,42.0244832884,0.0
@ 350 10 0.111075848937 0.211648087513
332.233101764,277.320041829,42.8851270939,0.0
131.5712479,292.493060517,42.8851270939,0.0
404.565658514,434.342716401,42.8851270939,0.0
235.290605652,432.55023562,42.8851270939,0.0
115.012962432,187.71554078,42.8851270939,0.0
286.858826032,58.6479696114,42.8851270939,0.0
261.765683128,201.342520313,42.8851270939,0.0
219.12188196,297.554434292,42.8851270939,0.0
346.196461253,121.8393371,42.8851270939,0.0
451.742289874,87.97078096,42.8851270939,0.0
@ 360 10 0.111075848937 0.220405783786
154.344556215,175.368963339,42.5572935034,0.0
48.4159989932,139.429617807,42.5572935034,0.0
424.280538477,146.243651265,42.5572935034,0.0
149.515388251,273.87226014,42.5572935034,0.0
261.310159053,452.56107971,42.5572935034,0.0
76.5204216531,436.805704238,42.5572935034,0.0
464.912442127,364.766386809,42.5572935034,0.0
304.186098131,225.74204428,42.5572935034,0.0
234.826846056,297.677458901,42.5572935034,0.0
101.489804353,70.0966331333,42.5572935034,0.0
@ 370 10 0.111075848937 0.217048897903
184.660960585,207.317023383,50.5728863542,0.0
58.9144965809,447.982156764,50.5728863542,0.0
400.545790488,262.229903415,50.5728863542,0.0
265.401236352,336.562334592,50.5728863542,0.0
264.238135844,81.4996211295,50.5728863542,0.0
268.25369468,458.470474108,50.5728863542,0.0
377.720974864,383.175297371,50.5728863542,0.0
123.032559105,71.6109666166,50.5728863542,0.0
84.59015465,243.517445686,50.5728863542,0.0
329.941737051,175.285645162,50.5728863542,0.0
@ 380 10 0.111075848937 0.306510294729
382.977456371,117.832728674,46.2342349998,0.0
168.375043606,285.991192004,46.2342349998,0.0
442.647799666,211.558576334,46.2342349998,0.0
329.770820242,424.941768856,46.2342349998,0.0
68.2140855034,367.613020763,46.2342349998,0.0
290.196138292,286.403233615,46.2342349998,0.0
458.451590251,375.391163738,46.2342349998,0.0
149.477420275,447.341600823,46.2342349998,0.0
98.2361379003,94.3685181918,46.2342349998,0.0
223.863725978,361.904636845,46.2342349998,0.0
@ 390 10 0.111075848937 0.256175112809
454.09923123,211.97620879,52.148615142,0.0
360.770622812,417.695605877,52.148615142,0.0
255.657067378,53.4578049571,52.148615142,0.0
320.899666695,313.911291543,52.148615142,0.0
93.0204934883,197.053209442,52.148615142,0.0
92.9303200076,90.876704335,52.148615142,0.0
389.853165164,101.986879861,52.148615142,0.0
118.874944864,335.790394244,52.148615142,0.0
246.17622366,437.569743157,52.148615142,0.0
297.627926194,199.748240681,52.148615142,0.0
@ 400 10 0.111075848937 0.325908091827
174.797892856,84.697468574,52.572259906,0.0
281.223735616,293.935468588,52.572259906,0.0
404.009574166,200.749926309,52.572259906,0.0
143.184597998,294.917371681,52.572259906,0.0
449.984584179,317.762797201,52.572259906,0.0
315.62051046,72.0957455243,52.572259906,0.0
56.717019139,87.4017680016,52.572259906,0.0
196.166137179,419.718143702,52.572259906,0.0
450.556968209,438.017831059,52.572259906,0.0
62.677668714,439.906471405,52.572259906,0.0
@ 410 10 0.122142732507 0.331224822849
50.9594585046,211.98334974,45.4835340108,0.0
121.04452745,59.0618578519,45.4835340108,0.0
452.556107871,189.498367766,45.4835340108,0.0
110.643217828,337.624965043,45.4835340108,0.0
223.129623919,243.069195631,45.4835340108,0.0
427.601982052,97.0746076714,45.4835340108,0.0
276.230367237,129.179035713,45.4835340108,0.0
452.163509085,335.736607883,45.4835340108,0.0
247.407645407,355.812455174,45.4835340108,0.0
56.0875586667,436.934759824,45.4835340108,0.0
@ 420 10 0.122142732507 0.247923666957
412.003634495,187.768356131,52.3394958642,0.0
81.3170104865,439.100698207,52.3394958642,0.0
204.672648458,94.2105716702,52.3394958642,0.0
153.10367757,327.40226596,52.3394958642,0.0
269.693452227,453.662027147,52.3394958642,0.0
265.846200813,204.708818369,52.3394958642,0.0
420.546762916,302.218420216,52.3394958642,0.0
346.910609074,98.6539870059,52.3394958642,0.0
272.32413607,329.127070914,52.3394958642,0.0
369.40539607,410.982350681,52.3394958642,0.0
@ 430 10 0.122142732507 0.328298315432
79.9162593239,122.816935357,46.4758239003,0.0
53.0048511207,397.936417294,46.4758239003,0.0
293.047175587,143.194650047,46.4758239003,0.0
186.750548181,380.552983597,46.4758239003,0.0
276.931186431,314.818258863,46.4758239003,0.0
411.16482757,436.608339375,46.4758239003,0.0
155.914646248,51.458796835,46.4758239003,0.0
416.596191796,242.355415475,46.4758239003,0.0
314.964604546,405.566108033,46.4758239003,0.0
61.1413390187,284.430370759,46.4758239003,0.0
@ 440 10 0.122142732507 0.258859303823
64.3071098307,276.156013687,44.1135838732,0.0
262.219425596,442.603833992,44.1135838732,0.0
429.194409538,460.052077467,44.1135838732,0.0
237.019938622,51.3796529166,44.1135838732,0.0
411.826355574,246.108466625,44.1135838732,0.0
373.069420222,144.707060891,44.1135838732,0.0
44.679109616,54.9532144828,44.1135838732,0.0
233.334697878,203.262659441,44.1135838732,0.0
111.725553418,190.163243157,44.1135838732,0.0
65.7443991922,371.676621,44.1135838732,0.0
@ 450 10 0.122142732507 0.233213812221
332.242974389,319.022439568,51.5746432525,0.0
89.5303736255,90.2330229682,51.5746432525,0.0
325.190034437,108.384507701,51.5746432525,0.0
221.049437332,451.775095228,51.5746432525,0.0
68.0647095303,248.579945687,51.5746432525,0.0
459.262652164,456.423234015,51.5746432525,0.0
125.943719165,345.06700565,51.5746432525,0.0
403.972397656,195.67297419,51.5746432525,0.0
297.6955126,215.74476234,51.5746432525,0.0
352.489123963,446.001707348,51.5746432525,0.0
@ 460 10 0.122142732507 0.318773381282
66.7722502697,464.024223635,38.0677050596,0.0
106.272578632,118.974065019,38.0677050596,0.0
460.21184162,472.428113513,38.0677050596,0.0
317.12417856,237.462323261,38.0677050596,0.0
431.265553674,83.4057085072,38.0677050596,0.0
326.422296871,114.836088919,38.0677050596,0.0
252.546674998,400.25705007,38.0677050596,0.0
252.344357215,46.1972464931,38.0677050596,0.0
134.657687343,311.910949269,38.0677050596,0.0
452.767474568,257.924906569,38.0677050596,0.0
@ 470 10 0.122142732507 0.173669268718
133.868017219,378.07515613,41.4794132723,0.0
470.399391502,245.54579085,41.4794132723,0.0
441.029566516,49.6456385247,41.4794132723,0.0
214.313761761,230.646209534,41.4794132723,0.0
332.461689759,299.005088716,41.4794132723,0.0
111.076427071,131.18542216,41.4794132723,0.0
130.474061075,216.164609344,41.4794132723,0.0
188.585734559,59.24882885,41.4794132723,0.0
248.194473925,317.079912204,41.4794132723,0.0
308.059293928,185.582742114,41.4794132723,0.0
@ 480 10 0.122142732507 0.2061934158
56.2105575372,70.293158456,43.3032355321,0.0
268.876233658,452.449982739,43.3032355321,0.0
419.485929424,82.3187958942,43.3032355321,0.0
351.468503684,296.181128266,43.3032355321,0.0
374.807860306,187.775067586,43.3032355321,0.0
240.090409386,99.6376195949,43.3032355321,0.0
91.742983878,404.479608621,43.3032355321,0.0
92.9250635764,279.099834968,43.3032355321,0.0
451.738206375,307.441318935,43.3032355321,0.0
136.374758738,128.132508848,43.3032355321,0.0
@ 490 10 0.122142732507 0.224724425214
390.294454278,269.819158377,49.4506256779,0.0
221.605323851,432.255985826,49.4506256779,0.0
328.000427156,70.9980265901,49.4506256779,0.0
206.072671852,50.3720157524,49.4506256779,0.0
49.7350876213,224.450691203,49.4506256779,0.0
158.769598952,185.925450867,49.4506256779,0.0
453.322480046,130.095014708,49.4506256779,0.0
341.960657079,457.489652407,49.4506256779,0.0
148.190301668,286.410378343,49.4506256779,0.0
285.124499596,180.644408317,49.4506256779,0.0
@ 500 10 0.122142732507 0.293057719512
279.286231811,402.154803408,59.865013332,0.0
77.2310454069,97.8684306939,59.865013332,0.0
433.267998151,287.878880696,59.865013332,0.0
137.110195143,448.1322998,59.865013332,0.0
246.800008727,91.9976870712,59.865013332,0.0
321.700663065,210.512481345,59.865013332,0.0
409.29873459,420.452150166,59.865013332,0.0
394.444125453,75.1751982695,59.865013332,0.0
70.4880195552,348.05622825,59.865013332,0.0
185.057024916,242.210091922,59.865013332,0.0
@ 510 10 0.135658914729 0.429492664803
269.916187354,170.110630337,52.7840016379,0.0
148.643884903,59.0790898836,52.7840016379,0.0
448.267194078,441.223889415,52.7840016379,0.0
352.95474079,341.122272619,52.7840016379,0.0
145.06813547,172.814743243,52.7840016379,0.0
200.230713934,273.516107448,52.7840016379,0.0
414.147754708,97.3905818185,52.7840016379,0.0
117.84112353,391.749392675,52.7840016379,0.0
436.017848942,236.27357309,52.7840016379,0.0
225.017204629,387.202272559,52.7840016379,0.0
@ 520 10 0.135658914729 0.333898299507
447.023232235,434.25334792,52.5630077444,0.0
73.8283230143,61.8747252432,52.5630077444,0.0
54.1822401471,176.109579567,52.5630077444,0.0
255.942106033,361.241045823,52.5630077444,0.0
204.421226509,258.735166343,52.5630077444,0.0
394.8653299,55.5282308073,52.5630077444,0.0
453.628313225,163.2030817,52.5630077444,0.0
234.607319094,107.730647056,52.5630077444,0.0
361.836356754,353.274070774,52.5630077444,0.0
143.815817813,386.771310046,52.5630077444,0.0
@ 530 10 0.135658914729 0.331108248977
207.656650642,238.90015053,46.8347558318,0.0
340.714461935,102.910002653,46.8347558318,0.0
331.349858877,433.584841457,46.8347558318,0.0
339.94273626,330.10775153,46.8347558318,0.0
154.742635289,117.246024545,46.8347558318,0.0
225.873048522,420.433758586,46.8347558318,0.0
433.968096286,90.2558551985,46.8347558318,0.0
395.548916195,226.32886486,46.8347558318,0.0
57.5888234191,168.116985403,46.8347558318,0.0
446.288294092,397.218753844,46.8347558318,0.0
@ 540 10 0.135658914729 0.262873074609
447.953119335,367.843029957,53.0804424211,0.0
370.291777115,230.913497701,53.0804424211,0.0
287.093313014,154.074974667,53.0804424211,0.0
167.989706218,217.96693171,53.0804424211,0.0
349.900656761,450.069688203,53.0804424211,0.0
82.3052933573,319.703168277,53.0804424211,0.0
286.949334374,325.57048432,53.0804424211,0.0
195.821083271,398.280671777,53.0804424211,0.0
181.134244519,57.1952474924,53.0804424211,0.0
61.9695637717,115.627408994,53.0804424211,0.0
@ 550 10 0.135658914729 0.337659250351
179.608737545,320.345718133,46.954733584,0.0
210.862716255,145.006532707,46.954733584,0.0
139.64453861,232.777492089,46.954733584,0.0
326.419348374,192.131981923,46.954733584,0.0
421.77884305,102.952665738,46.954733584,0.0
63.6892276528,458.622926271,46.954733584,0.0
322.543692963,343.891946133,46.954733584,0.0
246.488882683,446.558479205,46.954733584,0.0
134.834593241,65.5079929958,46.954733584,0.0
422.19969522,296.969372881,46.954733584,0.0
@ 560 10 0.135658914729 0.264221616608
441.817368972,427.916440986,51.148638066,0.0
303.382231222,240.364829602,51.148638066,0.0
409.25091909,165.317599379,51.148638066,0.0
227.127298348,326.341983746,51.148638066,0.0
129.127552573,427.81499484,51.148638066,0.0
108.018288828,297.565765089,51.148638066,0.0
325.340421754,68.4897841042,51.148638066,0.0
419.342869303,307.209552642,51.148638066,0.0
321.012635258,367.474317051,51.148638066,0.0
205.726701808,158.36091185,51.148638066,0.0
@ 570 10 0.135658914729 0.313529010922
209.705962752,255.889173677,47.7595205312,0.0
340.854165899,405.099509647,47.7595205312,0.0
48.2659946855,227.316575348,47.7595205312,0.0
269.557195527,140.157095398,47.7595205312,0.0
113.773542655,297.319741787,47.7595205312,0.0
420.93679466,458.224040447,47.7595205312,0.0
437.005856723,79.4904892875,47.7595205312,0.0
145.228804557,115.658067979,47.7595205312,0.0
337.209700282,246.183367803,47.7595205312,0.0
55.365650639,404.634068993,47.7595205312,0.0
@ 580 10 0.135658914729 0.27335655981
61.2725764973,83.4608306786,57.0582686898,0.0
66.6598087737,349.23514136,57.0582686898,0.0
389.496291859,62.6163063859,57.0582686898,0.0
247.004106646,402.528784752,57.0582686898,0.0
329.826931919,257.355787156,57.0582686898,0.0
282.641973805,128.78548195,57.0582686898,0.0
105.80234676,189.208383305,57.0582686898,0.0
427.942833525,371.93280101,57.0582686898,0.0
193.880359433,269.767361663,57.0582686898,0.0
453.82900002,257.495441078,57.0582686898,0.0
@ 590 10 0.135658914729 0.390163612306
451.648101378,234.154358284,48.5212050895,0.0
313.839572158,276.039373609,48.5212050895,0.0
72.0668399339,263.238413103,48.5212050895,0.0
454.496362443,49.8602881047,48.5212050895,0.0
161.096230965,438.869177723,48.5212050895,0.0
340.714143621,175.835801218,48.5212050895,0.0
192.511447948,92.4755827895,48.5212050895,0.0
440.505490304,406.290932792,48.5212050895,0.0
203.933202905,339.539262762,48.5212050895,0.0
52.6292186376,116.202889224,48.5212050895,0.0
@ 600 10 0.135658914729 0.282145248671
389.764127929,448.43116304,49.4338859518,0.0
53.4904277285,91.8920963353,49.4338859518,0.0
51.3480162933,433.877935138,49.4338859518,0.0
183.036600052,446.705508189,49.4338859518,0.0
274.015619131,350.44416256,49.4338859518,0.0
248.253184906,245.217515136,49.4338859518,0.0
435.223115007,177.268749242,49.4338859518,0.0
163.040629803,54.0779216499,49.4338859518,0.0
73.405524037,220.753146126,49.4338859518,0.0
146.337496269,294.366069532,49.4338859518,0.0
@ 610 10 0.152538679451 0.292859344847
68.4997716934,393.69752803,44.2133683042,0.0
390.324937933,450.67816776,44.2133683042,0.0
298.025349823,464.230401507,44.2133683042,0.0
109.200299552,294.228575326,44.2133683042,0.0
455.578329254,336.127242985,44.2133683042,0.0
462.691116804,58.9620375561,44.2133683042,0.0
275.535263687,73.2318498554,44.2133683042,0.0
131.939533064,192.923624449,44.2133683042,0.0
373.286433929,207.030909141,44.2133683042,0.0
244.424075438,185.556326903,44.2133683042,0.0
@ 620 10 0.152538679451 0.234270059526
448.487294868,131.34792877,52.0527666984,0.0
102.900136612,342.0575333,52.0527666984,0.0
361.516307498,424.981417199,52.0527666984,0.0
343.872560851,171.268204795,52.0527666984,0.0
151.722062985,240.830400994,52.0527666984,0.0
126.107822062,107.595251905,52.0527666984,0.0
291.583365025,59.5145180644,52.0527666984,0.0
230.998750598,448.247995563,52.0527666984,0.0
226.658555945,154.122616706,52.0527666984,0.0
237.512053764,334.97869054,52.0527666984,0.0
@ 630 10 0.152538679451 0.324711163548
80.5662371111,47.4116554917,42.9768926896,0.0
438.982394696,261.482798735,42.9768926896,0.0
222.667497133,224.247059476,42.9768926896,0.0
246.922769383,323.477284035,42.9768926896,0.0
345.849984804,341.982965192,42.9768926896,0.0
349.642116065,436.494040542,42.9768926896,0.0
120.852509598,177.516339281,42.9768926896,0.0
81.4864719727,388.247159699,42.9768926896,0.0
311.63018293,204.572220082,42.9768926896,0.0
244.474787235,87.53699987,42.9768926896,0.0
@ 640 10 0.152538679451 0.221350041567
114.464094363,154.80925725,43.5709306406,0.0
421.299639414,280.87027128,43.5709306406,0.0
334.879491529,203.335737335,43.5709306406,0.0
164.647166492,68.1399366891,43.5709306406,0.0
226.776171909,418.385250351,43.5709306406,0.0
60.6536551104,55.6053209786,43.5709306406,0.0
405.553485954,57.9649396498,43.5709306406,0.0
217.458880254,292.880097177,43.5709306406,0.0
53.9139320854,429.723131174,43.5709306406,0.0
309.349902648,87.9421145151,43.5709306406,0.0
@ 650 10 0.152538679451 0.227511448958
442.749754825,431.484013819,45.5271808252,0.0
193.259094995,446.113157043,45.5271808252,0.0
291.059355259,351.064908812,45.5271808252,0.0
176.299296565,316.512782083,45.5271808252,0.0
442.19809312,114.471286756,45.5271808252,0.0
303.260047527,119.307793759,45.5271808252,0.0
191.07650972,180.099293504,45.5271808252,0.0
50.3234223467,126.117013291,45.5271808252,0.0
54.0430198289,405.623519235,45.5271808252,0.0
261.64159004,257.565341613,45.5271808252,0.0
@ 660 10 0.152538679451 0.24839971925
333.310370161,442.462752718,48.2300492282,0.0
238.944819226,374.379248827,48.2300492282,0.0
227.361579731,225.390770047,48.2300492282,0.0
196.426524909,67.8286725633,48.2300492282,0.0
338.602467223,305.004097039,48.2300492282,0.0
442.328451475,463.562189622,48.2300492282,0.0
98.4713757448,146.723493863,48.2300492282,0.0
82.0163022205,417.895119329,48.2300492282,0.0
426.33924709,59.3553137281,48.2300492282,0.0
411.032890146,171.201371124,48.2300492282,0.0
@ 670 10 0.152538679451 0.278769331944
434.438828069,233.776180361,46.4348387351,0.0
350.898778787,192.013675631,46.4348387351,0.0
314.960652127,281.523000868,46.4348387351,0.0
233.691382291,359.959660537,46.4348387351,0.0
248.01622323,458.781997395,46.4348387351,0.0
415.314921369,352.08234169,46.4348387351,0.0
68.3225722568,212.462382106,46.4348387351,0.0
372.155129679,451.308878206,46.4348387351,0.0
64.1390656638,375.620190498,46.4348387351,0.0
102.141438502,80.9820197585,46.4348387351,0.0
@ 680 10 0.152538679451 0.258402949856
256.790957046,422.01707304,54.909488172,0.0
79.9636898973,284.662377443,54.909488172,0.0
334.645927831,318.632257712,54.909488172,0.0
271.480547524,63.5007854923,54.909488172,0.0
380.027220714,426.786331259,54.909488172,0.0
125.388047578,77.3785869126,54.909488172,0.0
440.140863625,194.574632212,54.909488172,0.0
90.4546766512,411.783718132,54.909488172,0.0
217.803472466,291.805423928,54.909488172,0.0
449.196915349,316.616904262,54.909488172,0.0
@ 690 10 0.152538679451 0.361330294465
423.446705824,241.446503568,38.4869723068,0.0
187.403420566,154.409871986,38.4869723068,0.0
405.163507126,153.073605298,38.4869723068,0.0
311.450459183,368.92853414,38.4869723068,0.0
366.093780958,439.170649322,38.4869723068,0.0
201.869973851,281.890674258,38.4869723068,0.0
452.421484911,63.6531781277,38.4869723068,0.0
86.4250595119,361.821790047,38.4869723068,0.0
187.985271395,378.094833637,38.4869723068,0.0
353.526930189,287.216310677,38.4869723068,0.0
@ 700 10 0.152538679451 0.177515826418
434.662470559,396.485903772,44.3437595112,0.0
328.641627125,412.761824669,44.3437595112,0.0
269.146938115,218.446570113,44.3437595112,0.0
400.568553489,122.001102488,44.3437595112,0.0
288.244714219,72.1582631511,44.3437595112,0.0
117.376967089,54.7269964613,44.3437595112,0.0
154.794163065,248.299918247,44.3437595112,0.0
122.513338691,375.932059699,44.3437595112,0.0
59.6425921903,293.09150377,44.3437595112,0.0
203.692695455,441.185037351,44.3437595112,0.0
@ 710 10 0.174216027875 0.23565388529
435.943565775,444.959705173,58.3059116255,0.0
243.406126927,268.73556558,58.3059116255,0.0
231.265390215,124.332349674,58.3059116255,0.0
354.515533662,359.645244981,58.3059116255,0.0
80.4353313105,120.558964287,58.3059116255,0.0
424.751776068,78.3846037366,58.3059116255,0.0
352.442969807,221.169008563,58.3059116255,0.0
233.293960596,419.059211174,58.3059116255,0.0
73.5073836301,239.990349209,58.3059116255,0.0
118.996739801,444.168435725,58.3059116255,0.0
@ 720 10 0.174216027875 0.407412888674
101.646082334,309.745356966,44.0273513861,0.0
302.857255293,160.638915297,44.0273513861,0.0
434.133714081,183.573682471,44.0273513861,0.0
134.322350222,92.304487554,44.0273513861,0.0
218.106191709,306.340844643,44.0273513861,0.0
429.056162028,435.130496576,44.0273513861,0.0
396.601854408,94.2400143214,44.0273513861,0.0
427.819305843,326.544447116,44.0273513861,0.0
363.513945037,259.439897944,44.0273513861,0.0
224.84796094,423.123299517,44.0273513861,0.0
@ 730 10 0.174216027875 0.232302938547
113.484561484,340.825826793,47.8095591075,0.0
314.681977941,430.412167441,47.8095591075,0.0
181.364730476,134.069266195,47.8095591075,0.0
236.452344776,47.9725875328,47.8095591075,0.0
425.510362646,187.197173593,47.8095591075,0.0
186.549685809,252.677021004,47.8095591075,0.0
420.961790603,414.598121721,47.8095591075,0.0
68.3330981631,99.902714674,47.8095591075,0.0
236.72493531,373.145108428,47.8095591075,0.0
402.173411152,90.9878413477,47.8095591075,0.0
@ 740 10 0.174216027875 0.27392966182
298.142168658,65.3342848137,52.728244463,0.0
117.315505575,129.117593799,52.728244463,0.0
450.787030615,288.388551844,52.728244463,0.0
127.077215687,442.53225308,52.728244463,0.0
430.667243942,413.854585024,52.728244463,0.0
342.954459303,273.114951966,52.728244463,0.0
62.2597237633,329.072813871,52.728244463,0.0
406.001160007,122.900956099,52.728244463,0.0
307.97634777,421.279548764,52.728244463,0.0
186.494520809,315.758178085,52.728244463,0.0
@ 750 10 0.174216027875 0.33319326039
349.533685282,455.87178685,44.38547515,0.0
258.281481856,408.483617584,44.38547515,0.0
375.357893178,235.210936608,44.38547515,0.0
408.435492299,89.3025660572,44.38547515,0.0
132.128124065,168.691876398,44.38547515,0.0
65.2037576144,72.3415398724,44.38547515,0.0
462.190190742,173.98619344,44.38547515,0.0
235.735065979,64.9227305803,44.38547515,0.0
282.148174548,221.166896701,44.38547515,0.0
158.201248507,353.602426066,44.38547515,0.0
@ 760 10 0.174216027875 0.236097468621
298.153409795,321.460186689,50.2836006281,0.0
396.217880585,348.559329327,50.2836006281,0.0
395.543904311,232.699987686,50.2836006281,0.0
232.483927699,73.6119816941,50.2836006281,0.0
67.3160644858,371.355626325,50.2836006281,0.0
132.674403071,246.82722768,50.2836006281,0.0
339.095585932,77.9231846364,50.2836006281,0.0
324.841465395,451.838477621,50.2836006281,0.0
65.3835501222,101.419933743,50.2836006281,0.0
174.863485651,453.025916669,50.2836006281,0.0
@ 770 10 0.174216027875 0.303013739229
150.309317764,69.1423193991,47.8715270976,0.0
51.7550643704,254.431720097,47.8715270976,0.0
454.431620954,101.959300553,47.8715270976,0.0
422.714032616,264.09369056,47.8715270976,0.0
265.708163722,208.927315527,47.8715270976,0.0
137.452766857,451.157569172,47.8715270976,0.0
267.571938977,102.037175517,47.8715270976,0.0
145.431170187,187.990894935,47.8715270976,0.0
428.080537148,431.439163525,47.8715270976,0.0
311.549629207,342.599962239,47.8715270976,0.0
@ 780 10 0.174216027875 0.274640225641
379.587463313,442.239401943,49.5277768224,0.0
169.83124388,246.554784809,49.5277768224,0.0
264.197249966,341.478363636,49.5277768224,0.0
315.871580902,185.902116373,49.5277768224,0.0
219.358898807,75.6678592327,49.5277768224,0.0
148.343031162,357.788198057,49.5277768224,0.0
420.102035536,176.350285635,49.5277768224,0.0
65.413361587,415.039162978,49.5277768224,0.0
452.805650702,354.737583645,49.5277768224,0.0
114.163091287,94.2247285799,49.5277768224,0.0
@ 790 10 0.174216027875 0.29397286975
409.053886146,268.458041083,52.7621167552,0.0
457.238057204,141.055165573,52.7621167552,0.0
358.268284196,456.949690393,52.7621167552,0.0
78.7990548882,125.935644928,52.7621167552,0.0
246.501426974,107.632576422,52.7621167552,0.0
259.101390954,419.571442163,52.7621167552,0.0
336.657204519,184.910107964,52.7621167552,0.0
299.186438617,287.020647462,52.7621167552,0.0
106.733082699,335.50885331,52.7621167552,0.0
149.348692753,228.164833494,52.7621167552,0.0
@ 800 10 0.174216027875 0.333621480393
439.68676763,337.461137459,51.8716198563,0.0
105.599324401,450.381417238,51.8716198563,0.0
69.2020761911,95.4577245415,51.8716198563,0.0
345.411139793,74.1406456242,51.8716198563,0.0
355.825178138,258.339893143,51.8716198563,0.0
455.057259349,85.4825989498,51.8716198563,0.0
69.2109404437,298.677980154,51.8716198563,0.0
262.953018235,417.805498082,51.8716198563,0.0
181.945350573,75.1300037553,51.8716198563,0.0
162.762272565,232.867463037,51.8716198563,0.0
@ 810 10 0.203075137801 0.322455066274
143.64702278,215.008521471,49.9429487707,0.0
156.785702234,325.640581904,49.9429487707,0.0
269.610291371,232.521936064,49.9429487707,0.0
74.5622174149,109.658174668,49.9429487707,0.0
293.742851279,121.749682842,49.9429487707,0.0
448.854374182,374.400814229,49.9429487707,0.0
404.876120404,245.365903362,49.9429487707,0.0
157.101409231,446.431100989,49.9429487707,0.0
413.977258285,141.386805933,49.9429487707,0.0
264.903130004,450.94738404,49.9429487707,0.0
@ 820 10 0.203075137801 0.29892204545
329.296578996,450.422886333,55.7609584716,0.0
263.355093235,163.503474405,55.7609584716,0.0
140.711483597,74.7338475591,55.7609584716,0.0
189.630272981,425.99470391,55.7609584716,0.0
62.409592202,185.515302245,55.7609584716,0.0
438.273471385,410.414899871,55.7609584716,0.0
71.468413774,443.02314302,55.7609584716,0.0
389.17420922,105.158547741,55.7609584716,0.0
174.643518015,235.84555829,55.7609584716,0.0
420.989588924,215.842290108,55.7609584716,0.0
@ 830 10 0.203075137801 0.372623331447
297.328816537,83.6828432098,47.5926440722,0.0
461.849679318,347.070311497,47.5926440722,0.0
298.084841292,435.069504789,47.5926440722,0.0
384.067182159,179.629729613,47.5926440722,0.0
160.181938502,109.202696108,47.5926440722,0.0
412.155007148,76.2380306862,47.5926440722,0.0
101.903716505,453.180672178,47.5926440722,0.0
320.985395833,262.952879546,47.5926440722,0.0
68.9919149857,279.099420803,47.5926440722,0.0
256.34207688,172.055116283,47.5926440722,0.0
@ 840 10 0.203075137801 0.271449627768
95.5944676139,104.988000256,48.6878643133,0.0
321.503119823,456.816279176,48.6878643133,0.0
257.965421314,324.24589809,48.6878643133,0.0
186.659087786,463.142941691,48.6878643133,0.0
443.624986885,409.022443438,48.6878643133,0.0
143.359549046,206.0402892,48.6878643133,0.0
310.266329694,237.751317587,48.6878643133,0.0
218.549043202,65.4469121722,48.6878643133,0.0
417.085769102,91.962063021,48.6878643133,0.0
133.910421357,376.097891813,48.6878643133,0.0
@ 850 10 0.203075137801 0.284086785908
371.031859241,416.98129174,47.8853060824,0.0
220.034442261,267.622303728,47.8853060824,0.0
367.952005151,90.0887080842,47.8853060824,0.0
266.846728093,444.626939261,47.8853060824,0.0
344.897852079,297.140415363,47.8853060824,0.0
205.474977497,160.001550013,47.8853060824,0.0
99.4696845649,235.418457587,47.8853060824,0.0
74.235673843,98.0277447526,47.8853060824,0.0
402.58169123,183.571106099,47.8853060824,0.0
111.893052047,352.189559737,47.8853060824,0.0
@ 860 10 0.203075137801 0.2747983492
70.0859604698,80.3745231421,52.8794024819,0.0
101.201022976,302.945341327,52.8794024819,0.0
443.61935952,53.4966327737,52.8794024819,0.0
319.935470327,208.735071965,52.8794024819,0.0
188.694997622,240.163004901,52.8794024819,0.0
87.4345016187,185.73517931,52.8794024819,0.0
114.446486435,420.050485029,52.8794024819,0.0
435.562757134,405.833087892,52.8794024819,0.0
246.25914142,458.228325221,52.8794024819,0.0
287.303430058,353.204574096,52.8794024819,0.0
@ 870 10 0.203075137801 0.335106353649
451.897212323,53.3624032117,49.0393018446,0.0
119.916960457,450.837182305,49.0393018446,0.0
458.328889507,153.671348155,49.0393018446,0.0
194.623037342,332.946567496,49.0393018446,0.0
254.92844732,53.9364532768,49.0393018446,0.0
110.02223823,201.494874382,49.0393018446,0.0
61.6152249111,351.880827951,49.0393018446,0.0
207.14872635,155.769630871,49.0393018446,0.0
135.923831247,54.8493527539,49.0393018446,0.0
351.323270327,316.566796338,49.0393018446,0.0
@ 880 10 0.203075137801 0.288202763758
99.3826173349,408.368650033,54.2430822281,0.0
269.249779664,238.861800727,54.2430822281,0.0
320.908162976,451.700434615,54.2430822281,0.0
227.679684623,363.274086007,54.2430822281,0.0
72.515214188,185.356565593,54.2430822281,0.0
58.9564733143,295.397831765,54.2430822281,0.0
291.791807771,124.426074255,54.2430822281,0.0
116.365720412,83.3719616334,54.2430822281,0.0
453.263483822,57.7582348501,54.2430822281,0.0
427.079728564,237.968235705,54.2430822281,0.0
@ 890 10 0.203075137801 0.352612986015
399.653297464,151.868861736,56.2316236687,0.0
341.945120281,403.905639877,56.2316236687,0.0
139.021706616,64.5380993862,56.2316236687,0.0
168.563002929,186.793725168,56.2316236687,0.0
256.147643674,311.496130966,56.2316236687,0.0
394.410549482,293.76475678,56.2316236687,0.0
214.721335196,423.525645632,56.2316236687,0.0
133.07334051,311.527930717,56.2316236687,0.0
319.504554779,58.3186744096,56.2316236687,0.0
63.8445503017,429.681275931,56.2316236687,0.0
@ 900 10 0.203075137801 0.378940332189
57.8994305825,166.168306998,55.2787252903,0.0
125.05467658,268.290215839,55.2787252903,0.0
352.375062889,149.481808754,55.2787252903,0.0
269.092772927,307.815796175,55.2787252903,0.0
180.797999855,393.346968385,55.2787252903,0.0
451.677872361,99.9473565447,55.2787252903,0.0
67.2109196682,372.315825216,55.2787252903,0.0
443.510985388,262.282788627,55.2787252903,0.0
434.78111848,403.930940343,55.2787252903,0.0
239.337832299,83.1434804971,55.2787252903,0.0
@ 910 10 0.243393602225 0.366206141567
97.2664283349,433.582155923,58.9012044388,0.0
386.016306599,267.709930546,58.9012044388,0.0
241.069601824,229.57050966,58.9012044388,0.0
445.278546757,165.653838483,58.9012044388,0.0
413.802295338,386.711270049,58.9012044388,0.0
69.7895876273,182.376086902,58.9012044388,0.0
287.183327366,107.152247287,58.9012044388,0.0
148.564752352,321.90775249,58.9012044388,0.0
161.645995595,91.0336131325,58.9012044388,0.0
271.806390481,402.257478131,58.9012044388,0.0
@ 920 10 0.243393602225 0.415774581387
213.535643875,134.166607004,51.1186029225,0.0
436.787769632,72.2687310674,51.1186029225,0.0
86.7019710069,368.200983489,51.1186029225,0.0
219.723002513,352.039080736,51.1186029225,0.0
95.3943811801,134.582527093,51.1186029225,0.0
124.655622643,246.291614854,51.1186029225,0.0
292.329879699,451.929436354,51.1186029225,0.0
328.53981037,61.182924961,51.1186029225,0.0
293.524755833,227.437835805,51.1186029225,0.0
457.895660994,327.267981672,51.1186029225,0.0
@ 930 10 0.243393602225 0.313160902431
414.466109013,260.216498306,53.0153450269,0.0
450.037280071,65.4466392098,53.0153450269,0.0
312.998606491,298.233912737,53.0153450269,0.0
150.11856247,143.147414339,53.0153450269,0.0
451.444725839,436.084379063,53.0153450269,0.0
163.990999254,420.545825891,53.0153450269,0.0
225.849690664,231.149678652,53.0153450269,0.0
302.963948064,429.513861795,53.0153450269,0.0
316.400972571,123.209904339,53.0153450269,0.0
65.4578967474,207.552360919,53.0153450269,0.0
@ 940 10 0.243393602225 0.33683155345
248.459232545,400.514301101,58.9184044225,0.0
70.6808226194,206.656330488,58.9184044225,0.0
412.868392123,405.726301322,58.9184044225,0.0
68.3591975211,420.429208102,58.9184044225,0.0
323.99913405,307.597729766,58.9184044225,0.0
443.579661185,230.336723569,58.9184044225,0.0
398.684149772,107.43969893,58.9184044225,0.0
64.1041834197,65.5048152078,58.9184044225,0.0
151.73486739,316.857939938,58.9184044225,0.0
265.879824983,176.924539228,58.9184044225,0.0
@ 950 10 0.243393602225 0.416017440943
104.592976831,295.686397903,53.6548982855,0.0
229.241190523,73.3000324983,53.6548982855,0.0
59.4977553223,147.990724817,53.6548982855,0.0
448.944502381,274.455744027,53.6548982855,0.0
336.635773653,190.358039301,53.6548982855,0.0
221.467495054,373.636065526,53.6548982855,0.0
335.203274101,439.906252187,53.6548982855,0.0
188.699732851,215.96585156,53.6548982855,0.0
107.993470259,410.958452489,53.6548982855,0.0
330.584012061,330.604572195,53.6548982855,0.0
@ 960 10 0.243393602225 0.345007340774
122.663781197,426.341633129,51.9058344621,0.0
455.639128504,284.67451032,51.9058344621,0.0
241.16632454,243.986624531,51.9058344621,0.0
61.7787518436,339.318377182,51.9058344621,0.0
266.76688151,425.097376458,51.9058344621,0.0
127.934536871,204.412459237,51.9058344621,0.0
349.549272543,323.847548551,51.9058344621,0.0
249.56392754,76.5233398741,51.9058344621,0.0
74.0395177082,112.665367585,51.9058344621,0.0
372.106811833,117.683872142,51.9058344621,0.0
@ 970 10 0.243393602225 0.32288059035
126.227692835,240.205652934,55.6062786092,0.0
122.68834367,435.916844748,55.6062786092,0.0
214.777787984,340.832645268,55.6062786092,0.0
314.030701655,242.058681038,55.6062786092,0.0
433.075273963,448.489438665,55.6062786092,0.0
293.02481185,440.450701368,55.6062786092,0.0
362.511348168,108.745442726,55.6062786092,0.0
205.053212472,140.596649382,55.6062786092,0.0
61.8661093067,55.860742356,55.6062786092,0.0
396.432656945,332.919430913,55.6062786092,0.0
@ 980 10 0.243393602225 0.370558898383
233.201675532,444.443945872,57.1787439102,0.0
451.198052285,389.552244253,57.1787439102,0.0
439.70345721,265.01681863,57.1787439102,0.0
107.994211261,389.223205218,57.1787439102,0.0
260.654691891,330.470349327,57.1787439102,0.0
425.265656748,144.578407472,57.1787439102,0.0
223.484118025,74.1852098433,57.1787439102,0.0
289.762021091,205.573348698,57.1787439102,0.0
58.4837939305,76.5441897415,57.1787439102,0.0
70.6206599145,243.863275553,57.1787439102,0.0
@ 990 10 0.243393602225 0.391812967341
444.632067126,118.580631121,54.0371202054,0.0
434.70075818,452.320163335,54.0371202054,0.0
227.413087765,262.426218253,54.0371202054,0.0
117.924282988,322.40742919,54.0371202054,0.0
219.434974533,141.205032224,54.0371202054,0.0
67.0973350688,181.93118773,54.0371202054,0.0
281.303949604,362.964470374,54.0371202054,0.0
92.7061506733,66.8313631425,54.0371202054,0.0
293.732111515,57.0668542337,54.0371202054,0.0
415.454444938,295.912376918,54.0371202054,0.0
@ 1000 10 0.243393602225 0.349940313232
95.3081372388,458.110965221,53.6300762038,0.0
259.616360069,210.728091431,53.6300762038,0.0
89.2472191543,59.462786275,53.6300762038,0.0
244.215045992,59.3434811484,53.6300762038,0.0
417.428897737,394.407382024,53.6300762038,0.0
265.270789772,345.714960351,53.6300762038,0.0
102.81042727,199.777819306,53.6300762038,0.0
79.3696166729,321.521890504,53.6300762038,0.0
381.099863441,204.657237433,53.6300762038,0.0
366.587389716,64.4336819309,53.6300762038,0.0
@ 1010 10 0.303687635575 0.344688196772
64.5667940347,237.638109863,48.1625685886,0.0
178.642974677,190.088049258,48.1625685886,0.0
462.50344319,65.0308533318,48.1625685886,0.0
116.366076286,388.86092088,48.1625685886,0.0
253.678141776,456.50853639,48.1625685886,0.0
295.720740594,300.86461628,48.1625685886,0.0
201.271386553,84.0834273568,48.1625685886,0.0
398.64737672,155.76480954,48.1625685886,0.0
369.890506685,414.440488143,48.1625685886,0.0
309.713890818,83.255523525,48.1625685886,0.0
@ 1020 10 0.303687635575 0.277989802454
417.505328661,182.920546017,54.7865136074,0.0
437.303536022,297.820871471,54.7865136074,0.0
80.1821318521,419.86420398,54.7865136074,0.0
358.116094634,68.9119600493,54.7865136074,0.0
233.280202342,65.7817221563,54.7865136074,0.0
91.2194393,121.729479205,54.7865136074,0.0
286.932007399,208.207289814,54.7865136074,0.0
182.311156839,277.180805077,54.7865136074,0.0
284.54733424,339.728793201,54.7865136074,0.0
433.726998384,440.05384609,54.7865136074,0.0
@ 1030 10 0.303687635575 0.359713645696
98.1167506643,421.908481717,57.2536840645,0.0
298.280826888,453.421409262,57.2536840645,0.0
335.13222729,158.080942312,57.2536840645,0.0
141.085153804,68.3700767423,57.2536840645,0.0
422.207446709,265.128595851,57.2536840645,0.0
450.900095144,450.090595547,57.2536840645,0.0
232.529284848,262.055181983,57.2536840645,0.0
327.074008755,329.944149719,57.2536840645,0.0
258.074768993,58.4463672458,57.2536840645,0.0
67.1240604187,164.985079335,57.2536840645,0.0
@ 1040 10 0.303687635575 0.392840683725
318.541238743,213.66140564,56.1718889277,0.0
64.7085211179,59.6103028992,56.1718889277,0.0
61.6931103551,346.152581789,56.1718889277,0.0
201.835596688,356.283956354,56.1718889277,0.0
301.40663771,420.196750759,56.1718889277,0.0
432.607603139,103.785750728,56.1718889277,0.0
176.282837223,146.297502323,56.1718889277,0.0
414.181975586,436.845480013,56.1718889277,0.0
435.927188332,229.784498023,56.1718889277,0.0
314.050961508,98.3621696595,56.1718889277,0.0
@ 1050 10 0.303687635575 0.378135664706
428.449748976,168.92175997,58.4763398041,0.0
87.3262988825,451.496266147,58.4763398041,0.0
447.568902094,404.769378626,58.4763398041,0.0
121.031051309,195.07832864,58.4763398041,0.0
124.177049568,324.972080794,58.4763398041,0.0
322.986235626,117.643647818,58.4763398041,0.0
209.313506981,79.8471633646,58.4763398041,0.0
383.855512668,281.048913595,58.4763398041,0.0
294.843968981,435.631132148,58.4763398041,0.0
238.652271507,251.082798078,58.4763398041,0.0
@ 1060 10 0.303687635575 0.409798105312
74.4125895734,268.583903589,53.7895562252,0.0
409.145707695,202.557803998,53.7895562252,0.0
430.971342951,457.465182521,53.7895562252,0.0
457.216269591,323.95340453,53.7895562252,0.0
321.06280939,121.482489228,53.7895562252,0.0
324.051958495,437.41221288,53.7895562252,0.0
129.36672202,137.916530663,53.7895562252,0.0
232.546165363,238.967489835,53.7895562252,0.0
147.92494155,354.650541238,53.7895562252,0.0
86.3542581904,446.200698547,53.7895562252,0.0
@ 1070 10 0.303687635575 0.346741246794
381.104568244,291.83657248,57.371749377,0.0
180.7683379,265.199161642,57.371749377,0.0
297.760178042,373.927191845,57.371749377,0.0
222.909187035,91.7655654881,57.371749377,0.0
340.362177589,102.024092899,57.371749377,0.0
454.549709801,162.602282013,57.371749377,0.0
399.646147429,428.070807948,57.371749377,0.0
91.9327970742,101.45735612,57.371749377,0.0
73.927465596,222.595755266,57.371749377,0.0
104.78889606,393.738466276,57.371749377,0.0
@ 1080 10 0.303687635575 0.39446254198
241.798707055,119.189557554,54.5324319505,0.0
330.036483553,213.002084469,54.5324319505,0.0
407.095397812,444.728830309,54.5324319505,0.0
421.316333112,111.087930656,54.5324319505,0.0
70.7301697996,430.70796837,54.5324319505,0.0
79.9289688753,132.838027963,54.5324319505,0.0
192.744363583,225.125884317,54.5324319505,0.0
253.636407673,423.175921353,54.5324319505,0.0
431.966505572,300.620488573,54.5324319505,0.0
83.2324850716,303.423753187,54.5324319505,0.0
@ 1090 10 0.303687635575 0.35638491753
197.680704964,281.120918269,54.7077505217,0.0
318.926154435,324.176997884,54.7077505217,0.0
254.490312224,187.117481405,54.7077505217,0.0
420.942120698,61.6799372245,54.7077505217,0.0
194.324642589,75.4858341113,54.7077505217,0.0
62.4376818467,262.45066772,54.7077505217,0.0
276.672930112,426.660339297,54.7077505217,0.0
55.1121406323,100.604367897,54.7077505217,0.0
361.875980553,156.777338294,54.7077505217,0.0
399.213344357,438.758330738,54.7077505217,0.0
@ 1100 10 0.303687635575 0.358680114296
255.885427955,449.659588883,58.3042640355,0.0
68.0024011893,61.3317199639,58.3042640355,0.0
304.658885262,157.417645169,58.3042640355,0.0
451.727558134,251.83427249,58.3042640355,0.0
87.8789371543,401.56288865,58.3042640355,0.0
62.7977184687,231.18446022,58.3042640355,0.0
381.592941765,427.225316047,58.3042640355,0.0
198.928544611,248.797880815,58.3042640355,0.0
433.572491483,133.124037574,58.3042640355,0.0
187.686041196,95.8472870992,58.3042640355,0.0
@ 1110 10 0.40369088812 0.40738986391
379.264230029,441.281468646,56.6580069765,0.0
145.92716598,253.179378946,56.6580069765,0.0
397.180795536,221.150399495,56.6580069765,0.0
76.6353204046,59.8748591716,56.6580069765,0.0
57.6336136205,177.729332643,56.6580069765,0.0
275.40388474,79.266286648,56.6580069765,0.0
391.553846437,71.67150479,56.6580069765,0.0
199.103114148,449.907905725,56.6580069765,0.0
255.464245776,317.828428508,56.6580069765,0.0
80.0626161445,448.390280236,56.6580069765,0.0
@ 1120 10 0.40369088812 0.384708844589
324.243930138,444.020087291,58.2449435852,0.0
198.803469984,388.509431613,58.2449435852,0.0
235.680847886,271.370521437,58.2449435852,0.0
449.789174837,145.094325473,58.2449435852,0.0
345.587984303,202.026831196,58.2449435852,0.0
84.2646703918,421.090546443,58.2449435852,0.0
349.631715962,59.4965372308,58.2449435852,0.0
103.855344409,275.495341344,58.2449435852,0.0
138.699061498,113.472718022,58.2449435852,0.0
446.450057404,383.354603132,58.2449435852,0.0
@ 1130 10 0.40369088812 0.406561305083
295.576224334,67.2431549481,60.6198842803,0.0
170.424154365,443.219741465,60.6198842803,0.0
205.696819483,270.775648857,60.6198842803,0.0
170.703565749,76.4653326996,60.6198842803,0.0
450.257299017,195.280795545,60.6198842803,0.0
437.49069578,374.526666808,60.6198842803,0.0
297.559442164,432.759197829,60.6198842803,0.0
109.75261406,187.906243965,60.6198842803,0.0
347.578243307,274.334748818,60.6198842803,0.0
436.318118061,60.8851177457,60.6198842803,0.0
@ 1140 10 0.40369088812 0.440392373931
240.467313806,222.494638023,52.1112668876,0.0
235.22614142,407.073271456,52.1112668876,0.0
57.069164499,380.524425457,52.1112668876,0.0
405.421999554,356.254267915,52.1112668876,0.0
76.876464263,131.591534708,52.1112668876,0.0
393.600228672,207.031399781,52.1112668876,0.0
147.108723634,290.265838455,52.1112668876,0.0
385.910728129,58.1045476671,52.1112668876,0.0
305.924805595,132.373274632,52.1112668876,0.0
237.666421793,53.4566584096,52.1112668876,0.0
@ 1150 10 0.40369088812 0.325441435539
180.300141221,202.948456044,51.2346669518,0.0
442.837048371,238.843820808,51.2346669518,0.0
71.3082507365,181.150530346,51.2346669518,0.0
59.9927821938,295.647588398,51.2346669518,0.0
326.880621979,432.934327778,51.2346669518,0.0
320.948107295,290.23855208,51.2346669518,0.0
217.141655604,410.779643248,51.2346669518,0.0
460.155396892,421.101656438,51.2346669518,0.0
455.505919283,65.710573217,51.2346669518,0.0
331.029927567,74.6817271116,51.2346669518,0.0
@ 1160 10 0.40369088812 0.314584571171
442.646177788,294.979336491,59.054420509,0.0
449.104850917,98.7599609439,59.054420509,0.0
238.678274905,397.681419943,59.054420509,0.0
277.796006017,65.1228314821,59.054420509,0.0
74.2065441133,262.129834092,59.054420509,0.0
168.190041353,126.836598618,59.054420509,0.0
397.645905102,441.094934383,59.054420509,0.0
105.5494855,400.770566906,59.054420509,0.0
205.176878007,280.338749847,59.054420509,0.0
360.472514515,206.43402985,59.054420509,0.0
@ 1170 10 0.40369088812 0.41794045225
359.856821106,203.526589163,54.5828694996,0.0
444.032371032,278.690656222,54.5828694996,0.0
272.455477595,309.578055227,54.5828694996,0.0
125.643302471,452.399573436,54.5828694996,0.0
343.746259232,93.793899542,54.5828694996,0.0
109.381076424,142.349349445,54.5828694996,0.0
65.0924550834,357.525619617,54.5828694996,0.0
148.538686341,264.385682177,54.5828694996,0.0
337.061846745,444.51877228,54.5828694996,0.0
220.216251282,89.348391596,54.5828694996,0.0
@ 1180 10 0.40369088812 0.357044469794
91.7287802762,97.3306632953,56.11553484,0.0
63.6329748209,444.064371336,56.11553484,0.0
308.975890464,353.891429749,56.11553484,0.0
436.385557982,336.518697236,56.11553484,0.0
174.46720424,320.593330254,56.11553484,0.0
364.6140478,239.894435859,56.11553484,0.0
322.136714849,74.7073598255,56.11553484,0.0
454.262588445,151.515131285,56.11553484,0.0
197.595093727,57.7023433411,56.11553484,0.0
188.861621752,179.555006533,56.11553484,0.0
@ 1190 10 0.40369088812 0.377377320933
230.394343594,136.167746633,60.8216827643,0.0
425.987160789,171.902689127,60.8216827643,0.0
75.0244346331,424.265105223,60.8216827643,0.0
110.828405129,82.9935292685,60.8216827643,0.0
213.213522401,347.892737582,60.8216827643,0.0
285.244077652,450.21293647,60.8216827643,0.0
288.84369333,247.07924161,60.8216827643,0.0
352.109765448,65.8871965802,60.8216827643,0.0
441.596156264,358.692795197,60.8216827643,0.0
91.7773809521,210.514472401,60.8216827643,0.0
@ 1200 10 0.40369088812 0.443329312386
192.645793246,206.903018105,56.7142664407,0.0
420.890661855,287.08593167,56.7142664407,0.0
400.460946854,105.848094857,56.7142664407,0.0
263.166848318,312.929237223,56.7142664407,0.0
316.139211146,201.353009951,56.7142664407,0.0
258.308399515,71.4294389566,56.7142664407,0.0
72.5163866467,354.602143531,56.7142664407,0.0
181.061425698,423.559798436,56.7142664407,0.0
72.7627563522,158.646298034,56.7142664407,0.0
309.686396784,435.606114561,56.7142664407,0.0
@ 1210 10 0.601891659501 0.385473229369
350.957556448,256.362369897,59.4524783525,0.0
436.614878646,89.4028262878,59.4524783525,0.0
82.089908619,251.052675609,59.4524783525,0.0
188.884998137,124.050294527,59.4524783525,0.0
307.331524012,64.6193108752,59.4524783525,0.0
63.5180749692,76.0147602985,59.4524783525,0.0
388.676217817,436.000444052,59.4524783525,0.0
193.567959329,374.946252974,59.4524783525,0.0
225.641176893,251.394886456,59.4524783525,0.0
62.0047457348,444.382989667,59.4524783525,0.0
@ 1220 10 0.601891659501 0.423593718025
445.494606211,253.801448049,61.2133993719,0.0
274.006250351,90.1018638899,61.2133993719,0.0
135.30621794,433.219605268,61.2133993719,0.0
93.4767475286,278.101459645,61.2133993719,0.0
435.305497869,394.664337049,61.2133993719,0.0
76.1936317607,127.250634765,61.2133993719,0.0
415.442448661,113.856311757,61.2133993719,0.0
211.016161072,203.717225078,61.2133993719,0.0
314.009295544,284.094676657,61.2133993719,0.0
252.049326142,389.730000937,61.2133993719,0.0
@ 1230 10 0.601891659501 0.449058146758
417.010597599,433.691032761,64.5663076908,0.0
415.687712128,70.6372046556,64.5663076908,0.0
177.883245706,224.597362928,64.5663076908,0.0
437.274790171,257.862697447,64.5663076908,0.0
288.304184909,311.597290442,64.5663076908,0.0
77.0233739677,308.689437309,64.5663076908,0.0
86.8140930038,127.503453478,64.5663076908,0.0
298.359151304,160.817927357,64.5663076908,0.0
274.211448628,446.28479455,64.5663076908,0.0
117.909414245,434.352447218,64.5663076908,0.0
@ 1240 10 0.601891659501 0.499598915243
439.795318072,98.1395464723,60.4927033398,0.0
279.634741696,154.339024309,60.4927033398,0.0
177.95909411,330.579389537,60.4927033398,0.0
107.852829287,81.1195107486,60.4927033398,0.0
119.01211669,439.120183101,60.4927033398,0.0
419.152423611,440.440718163,60.4927033398,0.0
352.723947549,333.862965259,60.4927033398,0.0
401.816620504,217.298397411,60.4927033398,0.0
140.073792472,210.492846177,60.4927033398,0.0
254.636360194,433.691473278,60.4927033398,0.0
@ 1250 10 0.601891659501 0.438546419825
367.508606174,323.025079327,59.2253115252,0.0
428.606781149,140.620736152,59.2253115252,0.0
70.1110657286,103.652688917,59.2253115252,0.0
244.186188997,421.855366204,59.2253115252,0.0
120.989881394,432.530197451,59.2253115252,0.0
387.124662702,441.405496563,59.2253115252,0.0
268.711519847,73.4310980772,59.2253115252,0.0
313.827355987,187.821186266,59.2253115252,0.0
181.107895246,160.97213537,59.2253115252,0.0
122.489214967,267.67825488,59.2253115252,0.0
@ 1260 10 0.601891659501 0.420362814826
73.1128718941,409.509046605,61.8036293798,0.0
438.357961564,76.6554434393,61.8036293798,0.0
249.186636635,423.760239396,61.8036293798,0.0
404.667816059,224.50273922,61.8036293798,0.0
100.583566096,246.702895708,61.8036293798,0.0
191.465673605,101.044595702,61.8036293798,0.0
258.48115706,259.541395103,61.8036293798,0.0
316.861426015,119.296490354,61.8036293798,0.0
370.219205921,360.698933166,61.8036293798,0.0
65.0713977913,112.732057685,61.8036293798,0.0
@ 1270 10 0.601891659501 0.457759686396
441.88318525,425.361297826,60.1995581544,0.0
349.370435558,335.423697694,60.1995581544,0.0
210.646635466,317.79794761,60.1995581544,0.0
154.563290112,65.7716950594,60.1995581544,0.0
445.176423486,207.128972107,60.1995581544,0.0
118.228476893,405.690405782,60.1995581544,0.0
329.516101293,91.6745709909,60.1995581544,0.0
317.364194579,216.489770112,60.1995581544,0.0
268.879524511,431.108638043,60.1995581544,0.0
73.1865309497,265.688561703,60.1995581544,0.0
@ 1280 10 0.601891659501 0.434306362047
349.484318209,316.938850133,60.9072958167,0.0
263.503813426,421.511010262,60.9072958167,0.0
386.700072344,75.076055474,60.9072958167,0.0
220.005280173,293.943480824,60.9072958167,0.0
440.645265376,403.565022127,60.9072958167,0.0
447.402084495,208.35212174,60.9072958167,0.0
84.8583330268,233.675063612,60.9072958167,0.0
200.803326951,135.224767874,60.9072958167,0.0
325.682620456,190.227154223,60.9072958167,0.0
103.744159647,397.979557981,60.9072958167,0.0
@ 1290 10 0.601891659501 0.444578258047
259.317290986,78.1266176591,62.7770658392,0.0
208.989273927,207.398316123,62.7770658392,0.0
73.439566457,443.056712018,62.7770658392,0.0
303.177660519,302.550315268,62.7770658392,0.0
374.856435062,444.556422628,62.7770658392,0.0
132.159109473,84.6362021522,62.7770658392,0.0
156.479407402,331.179766794,62.7770658392,0.0
227.044928284,438.171339233,62.7770658392,0.0
398.680297943,204.560951916,62.7770658392,0.0
433.147876623,81.0867692368,62.7770658392,0.0
@ 1300 10 0.601891659501 0.472293110347
399.751344165,442.600828439,67.6938789254,0.0
431.93199569,76.4046627278,67.6938789254,0.0
173.647219423,176.758575532,67.6938789254,0.0
292.920272277,111.83263891,67.6938789254,0.0
299.347408726,306.403928553,67.6938789254,0.0
70.7251178614,82.3899441196,67.6938789254,0.0
68.3123037341,443.566002953,67.6938789254,0.0
227.299562852,423.290379278,67.6938789254,0.0
440.637980971,281.943479756,67.6938789254,0.0
132.2970011,323.445215861,67.6938789254,0.0
@ 1310 10 1.18243243243 0.549171997811
418.165184518,71.0417629635,67.5607026689,0.0
270.039328777,70.7162182562,67.5607026689,0.0
81.8970116586,376.265270635,67.5607026689,0.0
117.132439387,230.323176527,67.5607026689,0.0
341.952859139,324.034247643,67.5607026689,0.0
86.2385326024,96.6727983239,67.5607026689,0.0
423.403703916,436.600742597,67.5607026689,0.0
420.936457793,208.996299276,67.5607026689,0.0
266.424073442,206.120732948,67.5607026689,0.0
251.553086509,443.301927324,67.5607026689,0.0
@ 1320 10 1.18243243243 0.547013317293
186.353692668,215.77171037,66.8780627134,0.0
71.3912774451,294.075868954,66.8780627134,0.0
211.557591503,423.045642638,66.8780627134,0.0
80.4369329355,122.767414299,66.8780627134,0.0
292.221254778,309.230613468,66.8780627134,0.0
427.138958802,112.689833338,66.8780627134,0.0
397.858006047,425.949481146,66.8780627134,0.0
425.424194034,290.122931121,66.8780627134,0.0
70.9799927986,433.418658729,66.8780627134,0.0
234.55743869,82.0751868601,66.8780627134,0.0
@ 1330 10 1.18243243243 0.536015011165
267.949852866,67.5294418074,63.8426378342,0.0
201.328804818,317.55166149,63.8426378342,0.0
279.033756493,445.961244847,63.8426378342,0.0
87.5440005705,238.692893163,63.8426378342,0.0
329.753010124,304.546060866,63.8426378342,0.0
432.558922136,71.7051347799,63.8426378342,0.0
442.605978366,394.913798639,63.8426378342,0.0
443.223611849,240.700918842,63.8426378342,0.0
69.4760242206,420.212260968,63.8426378342,0.0
125.973135501,101.791925406,63.8426378342,0.0
@ 1340 10 1.18243243243 0.488462501782
201.908669096,341.927676919,68.8808633686,0.0
239.098503794,82.9529174181,68.8808633686,0.0
286.222060937,220.175795354,68.8808633686,0.0
87.1015859024,253.51686446,68.8808633686,0.0
433.304121474,231.372753924,68.8808633686,0.0
81.9919209356,102.718436005,68.8808633686,0.0
435.433408752,378.533321842,68.8808633686,0.0
305.220405174,440.399249895,68.8808633686,0.0
83.9897790461,427.509597542,68.8808633686,0.0
438.861916746,80.1145149594,68.8808633686,0.0
@ 1350 10 1.18243243243 0.568599859397
252.439191531,380.091435687,65.6238093592,0.0
263.996182154,81.137135077,65.6238093592,0.0
171.95259015,202.797095731,65.6238093592,0.0
71.6250799987,296.0046525,65.6238093592,0.0
444.158780344,307.117692926,65.6238093592,0.0
125.280362871,71.8652602749,65.6238093592,0.0
373.642984663,438.951423654,65.6238093592,0.0
306.567076908,252.856753928,65.6238093592,0.0
103.366147765,425.804836778,65.6238093592,0.0
425.16481351,83.0559491873,65.6238093592,0.0
@ 1360 10 1.18243243243 0.516098334665
312.800969988,198.156969436,62.428575378,0.0
213.336751869,113.389577918,62.428575378,0.0
88.2641635788,244.790241809,62.428575378,0.0
93.3878746872,419.926864378,62.428575378,0.0
442.87680791,176.379191435,62.428575378,0.0
72.3431694982,71.4616795732,62.428575378,0.0
433.908092028,408.910866493,62.428575378,0.0
214.371580844,296.85975383,62.428575378,0.0
268.197833927,433.829494828,62.428575378,0.0
362.1024447,81.0161660955,62.428575378,0.0
@ 1370 10 1.18243243243 0.467064041308
281.847135021,434.834071077,67.3630701257,0.0
88.9775360284,87.8436792113,67.3630701257,0.0
249.957391583,292.444976868,67.3630701257,0.0
440.995997945,249.248505061,67.3630701257,0.0
422.538219096,70.5771586076,67.3630701257,0.0
116.832615237,234.224478746,67.3630701257,0.0
324.506638267,174.867777739,67.3630701257,0.0
104.890445634,376.11930298,67.3630701257,0.0
433.869627881,384.680015934,67.3630701257,0.0
230.960896819,68.9185419741,67.3630701257,0.0
@ 1380 10 1.18243243243 0.54381768707
80.204154639,443.76970492,65.4435872597,0.0
262.161131319,102.200784656,65.4435872597,0.0
218.496052801,236.831471686,65.4435872597,0.0
326.520898153,331.902607592,65.4435872597,0.0
433.860719092,85.8601424778,65.4435872597,0.0
77.0774484516,126.084506604,65.4435872597,0.0
221.228893951,427.730917665,65.4435872597,0.0
73.5838484909,300.071717994,65.4435872597,0.0
443.739957666,395.895079864,65.4435872597,0.0
432.269884044,218.990077912,65.4435872597,0.0
@ 1390 10 1.18243243243 0.513267514362
85.6955028522,289.218012373,65.8135720892,0.0
75.5258360032,83.8078009925,65.8135720892,0.0
317.791984881,420.921448403,65.8135720892,0.0
284.777254563,77.9603255024,65.8135720892,0.0
439.949018292,216.332414245,65.8135720892,0.0
66.1284064161,428.487233238,65.8135720892,0.0
311.798886318,282.918445896,65.8135720892,0.0
197.406559605,362.910105606,65.8135720892,0.0
441.987707308,359.258217496,65.8135720892,0.0
197.694657893,195.430839812,65.8135720892,0.0
@ 1400 10 1.18243243243 0.519087427488
74.9509964361,228.112522048,74.8479943705,0.0
93.8355793333,77.957860211,74.8479943705,0.0
292.628377684,436.776146992,74.8479943705,0.0
324.713040546,75.1161380211,74.8479943705,0.0
436.111372706,176.319346176,74.8479943705,0.0
75.1476272732,434.312012896,74.8479943705,0.0
331.113394582,283.482422226,74.8479943705,0.0
184.898824526,330.774669075,74.8479943705,0.0
436.687111094,394.954236982,74.8479943705,0.0
218.756713646,183.600708153,74.8479943705,0.0
@ 1410 10 33.3333333333 0.671382348397
75.6729855492,221.919306691,75.3265712142,0.0
115.158583517,76.3316165041,75.3265712142,0.0
287.433905188,436.608231894,75.3265712142,0.0
328.048355094,75.6616534569,75.3265712142,0.0
435.821153773,182.41400831,75.3265712142,0.0
75.6227488919,435.736804927,75.3265712142,0.0
332.527985983,292.372994257,75.3265712142,0.0
181.90512412,328.794586188,75.3265712142,0.0
436.422186216,405.661667166,75.3265712142,0.0
222.014761308,182.942158074,75.3265712142,0.0
@ 1420 10 33.3333333333 0.679995411903
75.3678544777,225.414091696,75.0680548675,0.0
109.549807142,75.2377471141,75.0680548675,0.0
289.009264213,436.880863582,75.0680548675,0.0
332.021010477,75.6245249624,75.0680548675,0.0
436.575194745,184.036817926,75.0680548675,0.0
77.4628993912,434.194780985,75.0680548675,0.0
331.096676533,292.523658997,75.0680548675,0.0
184.768935977,328.533645006,75.0680548675,0.0
435.466409519,403.202334667,75.0680548675,0.0
219.071401415,181.692954653,75.0680548675,0.0
@ 1430 10 33.3333333333 0.675336012796
76.0512772222,224.894951768,75.0953211599,0.0
101.046408485,76.777295534,75.0953211599,0.0
290.764886335,436.666832907,75.0953211599,0.0
326.742886439,75.2954119929,75.0953211599,0.0
436.741370639,178.826101498,75.0953211599,0.0
76.5095070806,432.921595455,75.0953211599,0.0
331.019869622,285.581636526,75.0953211599,0.0
184.758349952,328.530874863,75.0953211599,0.0
436.548165297,397.217887948,75.0953211599,0.0
220.216401565,181.325207328,75.0953211599,0.0
@ 1440 10 33.3333333333 0.675826694309
75.2291800107,221.307428929,75.1155073226,0.0
118.808927333,75.57898594,75.1155073226,0.0
287.717702582,436.808424863,75.1155073226,0.0
334.85808676,76.0019200767,75.1155073226,0.0
436.651976578,186.687663806,75.1155073226,0.0
75.5668305066,434.284898891,75.1155073226,0.0
329.050101245,291.724903695,75.1155073226,0.0
182.767820506,326.620216087,75.1155073226,0.0
434.110986721,399.637977311,75.1155073226,0.0
226.193334314,181.531934897,75.1155073226,0.0
@ 1450 10 33.3333333333 0.676190077299
75.8993400364,221.86919965,75.1643982448,0.0
111.799111881,75.451726403,75.1643982448,0.0
290.219504383,436.579078358,75.1643982448,0.0
327.943856048,75.1713205924,75.1643982448,0.0
434.270640858,182.126280237,75.1643982448,0.0
75.420880414,435.743964857,75.1643982448,0.0
328.403461918,289.838968005,75.1643982448,0.0
182.543275571,327.850877796,75.1643982448,0.0
435.979171035,398.972316792,75.1643982448,0.0
221.937574065,181.771825114,75.1643982448,0.0
@ 1460 10 33.3333333333 0.677070596289
75.9814126909,221.322007422,75.0173405872,0.0
114.323090449,75.123115451,75.0173405872,0.0
288.256645073,436.91556839,75.0173405872,0.0
331.676799618,75.4784997785,75.0173405872,0.0
435.611730788,184.559379373,75.0173405872,0.0
75.4946367316,435.473332589,75.0173405872,0.0
331.26474424,292.761991615,75.0173405872,0.0
184.537782857,328.352401829,75.0173405872,0.0
436.827172276,412.082230805,75.0173405872,0.0
222.317520046,182.936231226,75.0173405872,0.0
@ 1470 10 33.3333333333 0.674423837547
75.4719613179,221.210733919,75.2858392309,0.0
115.750673459,75.4125610579,75.2858392309,0.0
288.358696044,436.562533242,75.2858392309,0.0
328.530417222,75.3176648989,75.2858392309,0.0
436.349446774,180.834004163,75.2858392309,0.0
75.3037747314,436.622197979,75.2858392309,0.0
328.910981996,288.846555096,75.2858392309,0.0
182.96216755,328.906909358,75.2858392309,0.0
435.242141834,399.125831222,75.2858392309,0.0
221.674717949,182.946277037,75.2858392309,0.0
@ 1480 10 33.3333333333 0.679260211222
75.4405915248,224.039554294,75.2728618003,0.0
103.601465823,75.9304908363,75.2728618003,0.0
289.72204475,436.278737005,75.2728618003,0.0
331.713911154,75.8359782607,75.2728618003,0.0
436.697445378,184.039127503,75.2728618003,0.0
76.8989119089,435.465905476,75.2728618003,0.0
329.564286001,290.333736578,75.2728618003,0.0
183.828196998,328.968583802,75.2728618003,0.0
435.642850274,398.002225403,75.2728618003,0.0
220.174680697,181.051376528,75.2728618003,0.0
@ 1490 10 33.3333333333 0.679026055834
77.5169544368,221.034848677,75.1295924279,0.0
115.699566346,75.7017044994,75.1295924279,0.0
289.553462887,435.47477295,75.1295924279,0.0
330.440260125,76.1769373556,75.1295924279,0.0
436.737312123,183.938405589,75.1295924279,0.0
76.8090097394,435.785838352,75.1295924279,0.0
329.368331283,290.489053031,75.1295924279,0.0
183.227376159,328.677010303,75.1295924279,0.0
436.210091464,400.048127242,75.1295924279,0.0
223.865883103,182.538429694,75.1295924279,0.0
@ 1500 10 33.3333333333 0.676443689416
