10 10 0.0873362445415 0.18123521923 0.0443151757599 143.567025084 0 0.1 0.42739 0.385620915033 173.343239429 30 0.343881660698
20 10 0.0873362445415 0.287104858932 0.0286234811609 33.085294453 0 0.1 0.41195 0.372357723577 109.42308715 30 0.343881660698
30 10 0.0873362445415 0.172563416642 0.0247375963692 59.0046937202 0 0.1 0.37869 0.391869918699 182.054230331 30 0.343881660698
40 10 0.0873362445415 0.23547589686 0.0469550783355 42.3261016358 0 0.1 0.41285 0.475279106858 133.41450407 30 0.343881660698
50 10 0.0873362445415 0.258041133094 0.0316095254188 27.3937655546 0 0.1 0.32374 0.362068965517 121.747643964 30 0.343881660698
60 10 0.0873362445415 0.155384415236 0.0463300057919 49.5644465469 0 0.1 0.40884 0.44427480916 202.181795081 30 0.343881660698
70 10 0.0873362445415 0.238260555351 0.0411225111442 33.3104328107 0 0.1 0.36326 0.372549019608 131.855228633 30 0.343881660698
80 10 0.0873362445415 0.25179466288 0.0363425298007 35.7687319728 0 0.1 0.41105 0.462639109698 124.767934477 30 0.343881660698
90 10 0.0873362445415 0.277025396301 0.0221280868062 26.0598759387 0 0.1 0.37139 0.401225114855 113.404404143 30 0.343881660698
100 10 0.0873362445415 0.252152202479 0.0647740270454 27.48094126 0 0.1 0.40469 0.394389438944 124.591019595 30 0.343881660698
110 10 0.0940354648039 0.240153260076 0.0259996540809 32.6861642987 0 0.1 0.40245 0.366508688784 130.816046345 0 0.343881660698
120 10 0.0940354648039 0.241995687757 0.0440601220402 34.5874605369 0 0.1 0.38757 0.411858974359 129.820081883 0 0.343881660698
130 10 0.0940354648039 0.23470035119 0.049114728186 30.4671927043 0 0.1 0.41689 0.387149917628 133.855359997 0 0.343881660698
140 10 0.0940354648039 0.201188972047 0.0364140089417 27.0166540656 0 0.1 0.37815 0.38202247191 156.151202923 0 0.343881660698
150 10 0.0940354648039 0.270577025472 0.030253463125 21.1370933494 0 0.1 0.43444 0.461187214612 116.107049167 0 0.343881660698
160 10 0.0940354648039 0.261745771543 0.0353889089078 40.0475596589 0 0.1 0.37932 0.406995230525 120.024479535 0 0.343881660698
170 10 0.0940354648039 0.219984325186 0.0342755150255 32.6382487974 0 0.1 0.41184 0.383252818035 142.809720526 0 0.343881660698
180 10 0.0940354648039 0.248009361505 0.024919634253 43.1692199819 0 0.1 0.38564 0.393650793651 126.672234505 0 0.343881660698
190 10 0.0940354648039 0.216481684641 0.0468103327973 50.8471374554 0 0.1 0.41885 0.444099378882 145.120359961 0 0.343881660698
200 10 0.0940354648039 0.320185651146 0.0443872847107 23.8062603319 0 0.1 0.36774 0.387459807074 98.1177635148 0 0.343881660698
210 10 0.101847810272 0.184539496153 0.0347627823957 63.926984179 0 0.1 0.45022 0.450793650794 170.239437383 0 0.343881660698
220 10 0.101847810272 0.240413941781 0.0226722885265 42.0106216162 0 0.1 0.40089 0.37519872814 130.674202034 0 0.343881660698
230 10 0.101847810272 0.276659084801 0.0343476729398 26.3758897937 0 0.1 0.3733 0.41975308642 113.55455767 0 0.343881660698
240 10 0.101847810272 0.249338366878 0.0496535993221 35.5282164405 0 0.1 0.40602 0.371835443038 125.9970553 0 0.344636041051
250 10 0.101847810272 0.300818235075 0.0401588641316 30.8475776907 0 0.1 0.39531 0.452269170579 104.434825875 0 0.344636041051
260 10 0.101847810272 0.292099725388 0.0325990519069 22.4564020157 0 0.1 0.44 0.438461538462 107.551966912 0 0.344636041051
270 10 0.101847810272 0.232217016986 0.0406255705652 31.2856549183 0 0.1 0.39426 0.40325203252 135.286812344 0 0.344636041051
280 10 0.101847810272 0.199595472584 0.0381451392876 23.3956987011 0 0.1 0.41489 0.376221498371 157.397858745 0 0.344636041051
290 10 0.101847810272 0.222903848215 0.0420123666108 19.5131784285 0 0.1 0.39857 0.409165302782 140.939244663 0 0.344636041051
300 10 0.101847810272 0.239778832198 0.041031320823 30.6803914837 0 0.1 0.42922 0.344884488449 131.02032282 0 0.344636041051
310 10 0.111075848937 0.202465972839 0.0421533071497 27.6547487337 0 0.1 0.42525 0.382838283828 155.166320343 0 0.344636041051
320 10 0.111075848937 0.249926155432 0.0409026284955 37.1549696639 0 0.1 0.39622 0.375394321767 125.700729264 0 0.344636041051
330 10 0.111075848937 0.20779753184 0.0467048404845 21.9315585082 0 0.1 0.40358 0.396946564885 151.185145087 0 0.344636041051
340 10 0.111075848937 0.290057444987 0.0260599968474 27.8368871282 0 0.1 0.37373 0.451219512195 108.309235094 0 0.344636041051
350 10 0.111075848937 0.30004411037 0.0275227766337 27.9345265509 0 0.1 0.39947 0.435980551053 104.70427152 0 0.344636041051
360 10 0.111075848937 0.230148085004 0.032999070411 32.9421098584 0 0.1 0.46193 0.3904 136.502982415 0 0.344636041051
370 10 0.111075848937 0.213233709716 0.0417993638718 35.4656647522 0 0.1 0.43217 0.426100628931 147.330832643 0 0.344636041051
380 10 0.111075848937 0.228370264699 0.052593524635 22.111282706 0 0.1 0.39069 0.374414976599 137.565632905 0 0.364714874914
390 10 0.111075848937 0.232901917394 0.0298862230533 44.0421285533 0 0.1 0.39742 0.399684044234 134.888971081 0 0.364714874914
400 10 0.111075848937 0.218212304568 0.0361798268504 53.9937626951 0 0.1 0.45574 0.461295418641 143.969424924 0 0.364714874914
410 10 0.122142732507 0.248231736333 0.0321686394062 33.6540754908 0 0.1 0.39298 0.356666666667 126.558757007 0 0.364714874914
420 10 0.122142732507 0.273408443842 0.028139372718 29.0947574737 0 0.1 0.42439 0.399355877617 114.904644343 0 0.364714874914
430 10 0.122142732507 0.263415822448 0.0351281888023 44.0829883784 0 0.1 0.39591 0.459842519685 119.2635268 0 0.364714874914
440 10 0.122142732507 0.275384404554 0.0475204800973 18.7819607446 0 0.1 0.43626 0.422647527911 114.080171137 0 0.364714874914
450 10 0.122142732507 0.206124110757 0.0427846593875 31.4451128919 0 0.1 0.4252 0.442052980132 152.412543514 0 0.364714874914
460 10 0.122142732507 0.237748598624 0.0409916682064 45.5195070524 0 0.1 0.37755 0.337683523654 132.139159523 0 0.364714874914
470 10 0.122142732507 0.322503133714 0.0365731027108 28.8870521776 0 0.1 0.39117 0.358803986711 97.4126968572 0 0.364714874914
480 10 0.122142732507 0.314028090688 0.0573138204914 26.3053610827 0 0.1 0.41238 0.3934169279 100.041687134 0 0.408976270047
490 10 0.122142732507 0.285496701474 0.0506386288006 19.6767402879 0 0.1 0.40501 0.431007751938 110.039449975 0 0.408976270047
500 10 0.122142732507 0.27057637102 0.0529401175195 12.7414872348 0 0.1 0.37515 0.427892234548 116.107329999 0 0.408976270047
510 10 0.135658914729 0.335322764285 0.0276995474872 29.4791191342 0 0.1 0.43557 0.389776357827 93.6885393598 0 0.408976270047
520 10 0.135658914729 0.269715332064 0.0267205967502 33.8652902609 0 0.1 0.38093 0.389805097451 116.477990923 0 0.408976270047
530 10 0.135658914729 0.301521245678 0.0352991074459 20.8398066651 0 0.1 0.39754 0.415781487102 104.191331292 0 0.408976270047
540 10 0.135658914729 0.316517449658 0.042888837299 16.8109905189 0 0.1 0.44103 0.42062193126 99.2548753125 0 0.408976270047
550 10 0.135658914729 0.291351967002 0.0336862743631 16.9018056322 0 0.1 0.39695 0.358642972536 107.82800035 0 0.408976270047
560 10 0.135658914729 0.271227586147 0.0547423675835 37.6395818642 0 0.1 0.4715 0.431061806656 115.828557288 0 0.408976270047
570 10 0.135658914729 0.273993574186 0.0363153897277 32.9971682467 0 0.1 0.41621 0.3456 114.659258318 0 0.408976270047
580 10 0.135658914729 0.28409693717 0.0525064270146 34.1962594572 0 0.1 0.3677 0.376971608833 110.581621587 0 0.430165062877
590 10 0.135658914729 0.260321950184 0.0274295502573 29.4604851961 0 0.1 0.42936 0.45101088647 120.680949024 0 0.430165062877
600 10 0.135658914729 0.273184329408 0.0337940066099 29.9373063287 0 0.1 0.41363 0.443917851501 114.998909594 0 0.430165062877
610 10 0.152538679451 0.33997545807 0.0349187301567 24.6184983125 0 0.1 0.37799 0.37582781457 92.4063759731 0 0.430165062877
620 10 0.152538679451 0.360027602677 0.0398456101408 21.3872749303 0 0.1 0.44662 0.455974842767 87.2596983299 0 0.430165062877
630 10 0.152538679451 0.315907629612 0.0505098918815 33.9709605627 0 0.1 0.36765 0.359735973597 99.4464743969 0 0.430165062877
640 10 0.152538679451 0.176320122392 0.049147558532 47.4765194115 0 0.1 0.42842 0.449139280125 178.175352727 0 0.430165062877
650 10 0.152538679451 0.300272492621 0.0391936173655 27.8437346169 0 0.1 0.40688 0.387622149837 104.624635196 0 0.430165062877
660 10 0.152538679451 0.247922924101 0.0355197157681 32.7788221292 0 0.1 0.37149 0.415748031496 126.716398308 0 0.430165062877
670 10 0.152538679451 0.312627143461 0.0262015994439 29.7602929278 0 0.1 0.39922 0.382736156352 100.489994734 0 0.430165062877
680 10 0.152538679451 0.273348878277 0.0340684747209 22.9842122477 0 0.1 0.4128 0.352755905512 114.929683261 0 0.430165062877
690 10 0.152538679451 0.254853462329 0.0308791619537 38.4185675718 0 0.1 0.41888 0.48602484472 123.270446133 0 0.430165062877
700 10 0.152538679451 0.286686819749 0.04514867122 37.1303479945 0 0.1 0.35717 0.40192926045 109.582645018 0 0.430165062877
710 10 0.174216027875 0.322724690302 0.0286615456403 27.3608851938 0 0.1 0.43427 0.406611570248 97.3458212032 0 0.430165062877
720 10 0.174216027875 0.323580442773 0.0310706211001 17.5686250822 0 0.1 0.38062 0.400966183575 97.0883769452 0 0.430165062877
730 10 0.174216027875 0.373623376119 0.0466770515537 22.2854600673 0 0.1 0.42282 0.378737541528 84.0844069404 0 0.430165062877
740 10 0.174216027875 0.327413835618 0.0149340370444 25.9887303653 0 0.1 0.38195 0.389423076923 95.9516568403 0 0.430165062877
750 10 0.174216027875 0.285437378068 0.0262186834764 29.7465420079 0 0.1 0.4485 0.423255813953 110.062319843 0 0.430165062877
760 10 0.174216027875 0.398529579804 0.0513506759059 22.4017906626 0 0.1 0.38785 0.410684474124 78.8295313374 0 0.430165062877
770 10 0.174216027875 0.325983467729 0.0615663953879 33.4679691151 0 0.1 0.41796 0.390284757119 96.3726787094 0 0.434559615276
780 10 0.174216027875 0.360852486376 0.0534818463739 17.8852769428 0 0.1 0.40182 0.394524959742 87.0602287254 0 0.434559615276
790 10 0.174216027875 0.314430523495 0.0324731820076 13.7041801039 0 0.1 0.35244 0.41652892562 99.9136459489 0 0.434559615276
800 10 0.174216027875 0.259770080507 0.0558532070446 32.2800319157 0 0.1 0.40818 0.404255319149 120.937330191 0 0.434559615276
810 10 0.203075137801 0.278985450245 0.031920014684 39.2238986957 0 0.1 0.44955 0.415 112.607664566 10 0.434559615276
820 10 0.203075137801 0.346651552806 0.0201310065344 32.256838602 0 0.1 0.40478 0.357751277683 90.6267395768 10 0.434559615276
830 10 0.203075137801 0.314886657654 0.0302093828909 11.4705321057 0 0.1 0.35195 0.395899053628 99.7689144216 10 0.434559615276
840 10 0.203075137801 0.31146370674 0.0436630468115 15.6019679784 0 0.1 0.40421 0.423380726698 100.865363508 10 0.434559615276
850 10 0.203075137801 0.252520139313 0.0450519204938 31.9381816402 0 0.1 0.37334 0.382258064516 124.409483083 10 0.434559615276
860 10 0.203075137801 0.352963822516 0.0339582262932 14.8815535975 0 0.1 0.36487 0.373590982287 89.0060057035 10 0.434559615276
870 10 0.203075137801 0.338753046149 0.0206306140753 22.9489235392 0 0.1 0.41257 0.41196013289 92.7398302602 10 0.434559615276
880 10 0.203075137801 0.398596261803 0.0400231318174 26.2120094946 0 0.1 0.41784 0.434276206323 78.8163437807 10 0.434559615276
890 10 0.203075137801 0.322177816984 0.0349196654985 28.1140882689 0 0.1 0.36333 0.348717948718 97.5110586262 10 0.434559615276
900 10 0.203075137801 0.371091170102 0.0263781451063 26.7136045902 0 0.1 0.38364 0.385964912281 84.658171714 10 0.434559615276
910 10 0.243393602225 0.345440909214 0.0266804561964 21.5085126142 0 0.1 0.43798 0.424920127796 90.9443530342 0 0.434559615276
920 10 0.243393602225 0.397408392202 0.0479701883067 24.2687511105 0 0.1 0.39868 0.412520064205 79.0519289889 0 0.434559615276
930 10 0.243393602225 0.358276343493 0.0283994349159 18.2828471856 0 0.1 0.41435 0.330550918197 87.6862248111 0 0.434559615276
940 10 0.243393602225 0.404515435564 0.0471945760535 33.3255994344 0 0.1 0.4102 0.362459546926 77.6630438248 0 0.434559615276
950 10 0.243393602225 0.352666061153 0.041724480888 15.8741965545 0 0.1 0.37897 0.41214057508 89.0811548389 0 0.434559615276
960 10 0.243393602225 0.286214201085 0.0479160693877 39.7153478464 0 0.1 0.40917 0.426073131955 109.763596219 0 0.434559615276
970 10 0.243393602225 0.421229937553 0.0562799327554 20.7273015101 0 0.1 0.38024 0.390202702703 74.581356165 0 0.434559615276
980 10 0.243393602225 0.3417802669 0.0308195596618 20.6465492118 0 0.1 0.39729 0.382445141066 91.9184137953 0 0.434559615276
990 10 0.243393602225 0.394669248292 0.0308673429161 29.140841616 0 0.1 0.42082 0.407751937984 79.6005772834 0 0.436290977041
1000 10 0.243393602225 0.323398856259 0.0272626749257 28.7625727252 0 0.1 0.40117 0.380417335474 97.1428914853 0 0.436290977041
1010 10 0.303687635575 0.365852261451 0.0342806701484 15.0418075231 0 0.1 0.39062 0.426256077796 85.8704545802 0 0.436290977041
1020 10 0.303687635575 0.373638400824 0.0448887693578 17.996331277 0 0.1 0.42136 0.410339256866 84.0810257476 0 0.446294965889
1030 10 0.303687635575 0.303574723739 0.0428449911478 19.0657699579 0 0.1 0.38219 0.340983606557 103.486547276 0 0.446294965889
1040 10 0.303687635575 0.389690362182 0.035756098739 17.5482869305 0 0.1 0.43605 0.347682119205 80.6175955291 0 0.446294965889
1050 10 0.303687635575 0.398068374446 0.0305249493044 28.232253091 0 0.1 0.40473 0.434920634921 78.9208638937 0 0.446294965889
1060 10 0.303687635575 0.312403351046 0.0454922033443 32.1003807706 0 0.1 0.35213 0.393939393939 100.561981473 0 0.454998427538
1070 10 0.303687635575 0.373535501404 0.0210822190693 30.5497785422 0 0.1 0.38067 0.383147853736 84.104187907 0 0.454998427538
1080 10 0.303687635575 0.397739005031 0.0416590792717 12.6775162499 0 0.1 0.43822 0.438906752412 78.9862186072 0 0.454998427538
1090 10 0.303687635575 0.35233130312 0.046881558349 20.1776881437 0 0.1 0.39649 0.421974522293 89.1657928823 0 0.458211674252
1100 10 0.303687635575 0.316295940681 0.0382664580657 26.6657987107 0 0.1 0.44787 0.396496815287 99.3243856762 0 0.458211674252
1110 10 0.40369088812 0.418210499898 0.0364295844168 14.8178757169 0 0.1 0.39172 0.363636363636 75.1198260389 0 0.48371375805
1120 10 0.40369088812 0.402755322465 0.0341403567735 23.7570184069 0 0.1 0.40534 0.342313787639 78.0024452755 0 0.48371375805
1130 10 0.40369088812 0.433239885647 0.0342414975616 16.9571517893 0 0.1 0.38868 0.396959459459 72.5138682767 0 0.48371375805
1140 10 0.40369088812 0.352712149029 0.0302118983249 30.2064929649 0 0.1 0.39933 0.418269230769 89.0695148622 0 0.48371375805
1150 10 0.40369088812 0.395678889026 0.0275900337977 20.4418316097 0 0.1 0.46491 0.435126582278 79.397463123 0 0.48371375805
1160 10 0.40369088812 0.382004153343 0.0319027336549 20.6111297499 0 0.1 0.42909 0.414944356121 82.239681755 0 0.48371375805
1170 10 0.40369088812 0.421704044287 0.0303213301948 21.6333276591 0 0.1 0.41251 0.387147335423 74.4975070208 0 0.48371375805
1180 10 0.40369088812 0.365925614468 0.0348990744956 19.8303079236 0 0.1 0.36736 0.400646203554 85.8532410902 0 0.48371375805
1190 10 0.40369088812 0.447034645906 0.0301516831812 21.6137428155 0 0.1 0.39577 0.353741496599 70.2762085394 0 0.485918082357
1200 10 0.40369088812 0.473666342052 0.0402959357913 17.0913659921 0 0.1 0.45003 0.40127388535 66.3249574878 0 0.485918082357
1210 10 0.601891659501 0.487733040468 0.0370655082174 12.8712409429 0 0.1 0.38585 0.316865417376 64.4120807765 0 0.520585700421
1220 10 0.601891659501 0.45565815718 0.031529747873 22.7815134428 0 0.1 0.39154 0.320846905537 68.9462034312 0 0.523700528443
1230 10 0.601891659501 0.484237351822 0.0219854057395 19.2823263433 0 0.1 0.44588 0.333881578947 64.8770688212 0 0.523700528443
1240 10 0.601891659501 0.41603008849 0.0325995452332 16.1697807659 0 0.1 0.41991 0.377633711507 75.5135286345 0 0.523700528443
1250 10 0.601891659501 0.434122359439 0.0286551376223 16.0249632018 0 0.1 0.37958 0.424092409241 72.366463779 0 0.523700528443
1260 10 0.601891659501 0.530284724 0.0390354721004 18.1871170214 0 0.1 0.41638 0.395569620253 59.2434565398 0 0.530284724
1270 10 0.601891659501 0.411904768485 0.0208754891227 22.1462542822 0 0.1 0.36811 0.401284109149 76.2698138105 0 0.530284724
1280 10 0.601891659501 0.472994426772 0.0219738252526 14.8527746124 0 0.1 0.41403 0.387917329094 66.4191758334 0 0.530284724
1290 10 0.601891659501 0.462690628752 0.0289402651161 9.95909476741 0 0.1 0.40437 0.428343949045 67.8982846156 0 0.530284724
1300 10 0.601891659501 0.457520992784 0.0247280077766 12.0416350934 0 0.1 0.33444 0.408227848101 68.6654831046 0 0.530284724
1310 10 1.18243243243 0.492367146869 0.0199713450391 15.2739530665 0 0.1 0.50211 0.378151260504 63.8058412301 40 0.583901947288
1320 10 1.18243243243 0.545467363306 0.0257168509018 13.7286584499 0 0.1 0.39 0.38996763754 57.5944632316 40 0.583901947288
1330 10 1.18243243243 0.551380576751 0.0210049571995 8.9708661031 0 0.1 0.41043 0.334959349593 56.9767984667 40 0.583901947288
1340 10 1.18243243243 0.52554449177 0.0258579577063 4.21197503966 0 0.1 0.37337 0.432119205298 59.7778123298 40 0.583901947288
1350 10 1.18243243243 0.530022242449 0.0193375523401 2.82953979958 0 0.1 0.42903 0.383360522023 59.2727955243 40 0.583901947288
1360 10 1.18243243243 0.588568062913 0.0268897766873 7.01139951753 0 0.1 0.34882 0.400295420975 53.3768343537 40 0.604102050722
1370 10 1.18243243243 0.521676478077 0.0323894707066 5.19613022926 0 0.1 0.42694 0.327302631579 60.2210398978 40 0.604102050722
1380 10 1.18243243243 0.4839613473 0.0313831451974 15.002922825 0 0.1 0.42054 0.422535211268 64.9140683968 40 0.604102050722
1390 10 1.18243243243 0.577215578255 0.0315243444998 7.38410353427 0 0.1 0.36262 0.37619047619 54.4266322384 40 0.604102050722
1400 10 1.18243243243 0.555436518831 0.0104371423138 4.89253338249 0 0.1 0.39316 0.393135725429 56.5607390492 40 0.604102050722
1410 10 33.3333333333 0.680255622181 0.0287011191019 0.115052536333 0 0.1 0.64039 0.51273344652 46.1824922509 270 0.681791679088
1420 10 33.3333333333 0.679882600757 0.0014559104916 0.0110835014751 0 0.1 0.39279 0.308600337268 46.2078305358 270 0.681791679088
1430 10 33.3333333333 0.682316620418 0.00157222910311 0.0246490884187 0 0.1 0.37852 0.303278688525 46.042993912 270 0.682316620418
1440 10 33.3333333333 0.681418360723 0.00163054532955 0.0117722053805 0 0.1 0.41921 0.32268370607 46.1036887334 270 0.682316620418
1450 10 33.3333333333 0.675250851875 0.00207521294485 0.00444584458688 0 0.1 0.42192 0.390749601276 46.5247839566 270 0.682316620418
1460 10 33.3333333333 0.679541277561 0.00159951075904 0.00407976523614 0 0.1 0.42466 0.459247648903 46.2310400227 270 0.682316620418
1470 10 33.3333333333 0.678184706978 0.00118750656568 0.0104185789194 0 0.1 0.36475 0.4032 46.3235158162 270 0.682316620418
1480 10 33.3333333333 0.681184749412 0.00143358563606 0.018283160436 0 0.1 0.40521 0.3300330033 46.1194999259 270 0.682316620418
1490 10 33.3333333333 0.677349294202 0.00167720511596 0.079457456891 0 0.1 0.39872 0.393568147014 46.3806491996 270 0.682316620418
1500 10 33.3333333333 0.678724536434 0.000447709382537 0.0293432205428 0 0.1 0.41819 0.444084278768 46.2866720055 270 0.682316620418
