10 10 0.0873362445415 0.25895466013 0.0323981974291 66.2434906304 2 0.1 0.4453 0.37908496732 121.318148838 30 0.316272778739
20 10 0.0873362445415 0.229268544568 0.0391366663509 54.0486097282 2 0.1 0.39374 0.36850921273 137.026647328 30 0.316272778739
30 10 0.0873362445415 0.243721078793 0.0329336771092 31.2586706912 2 0.1 0.41365 0.371753246753 128.90103784 30 0.318516965649
40 10 0.0873362445415 0.175943237649 0.0240127445202 42.1288953622 2 0.1 0.41907 0.434108527132 178.557018842 30 0.318516965649
50 10 0.0873362445415 0.148935523491 0.0449227911053 59.0089517103 2 0.1 0.35686 0.369496855346 210.936244514 30 0.320118102109
60 10 0.0873362445415 0.250706315856 0.0294489147677 23.4781661887 2 0.1 0.38219 0.438485804416 125.309567462 30 0.320118102109
70 10 0.0873362445415 0.227953900951 0.0360016709046 46.2482960256 2 0.1 0.42134 0.374613003096 137.816900123 30 0.323715556881
80 10 0.0873362445415 0.264097704099 0.0445119832817 38.5620604049 2 0.1 0.38234 0.425269645609 118.955596782 30 0.323715556881
90 10 0.0873362445415 0.208215254755 0.0293477456921 34.7792354152 2 0.1 0.43572 0.404388714734 150.881836381 30 0.323715556881
100 10 0.0873362445415 0.201990412959 0.0385348237213 49.8485074505 2 0.1 0.41052 0.41214057508 155.53163905 30 0.323715556881
110 10 0.0940354648039 0.293866166434 0.0540138969223 27.5292345644 2 0.1 0.36586 0.364516129032 106.905467823 0 0.359949296649
120 10 0.0940354648039 0.249354038001 0.0331817980576 34.9552295812 2 0.1 0.42187 0.393203883495 125.989136779 0 0.359949296649
130 10 0.0940354648039 0.212281981241 0.0295427707482 42.2802977062 2 0.1 0.41226 0.433753943218 147.991364205 0 0.359949296649
140 10 0.0940354648039 0.255185575386 0.0246374918944 31.9995978732 2 0.1 0.40385 0.416801292407 123.110014947 0 0.359949296649
150 10 0.0940354648039 0.265603970608 0.0418962546611 39.2294635836 2 0.1 0.36997 0.411111111111 118.280987773 0 0.359949296649
160 10 0.0940354648039 0.273656962302 0.0527119803845 48.2690001471 2 0.1 0.37613 0.339558573854 114.800294996 0 0.363510142437
170 10 0.0940354648039 0.231716417919 0.0445946882151 33.6184982167 2 0.1 0.4067 0.378737541528 135.579085341 0 0.363510142437
180 10 0.0940354648039 0.26820937945 0.0415041825085 25.9897115745 2 0.1 0.36797 0.381493506494 117.131996146 0 0.363510142437
190 10 0.0940354648039 0.303555674408 0.0347226377255 29.9629073757 2 0.1 0.41806 0.419504643963 103.49304147 0 0.363510142437
200 10 0.0940354648039 0.235371860281 0.0429204177562 33.5196492972 2 0.1 0.38982 0.399691358025 133.473474537 0 0.363510142437
210 10 0.101847810272 0.209255849566 0.0392244591106 62.370876482 2 0.1 0.42821 0.43769470405 150.131525906 0 0.363510142437
220 10 0.101847810272 0.219049632893 0.0466085848421 38.6568056313 2 0.1 0.42033 0.4375 143.4190945 0 0.363510142437
230 10 0.101847810272 0.175241411682 0.0402537618038 57.4421884133 2 0.1 0.39107 0.384251968504 179.272123515 0 0.363510142437
240 10 0.101847810272 0.154275285054 0.0448389291889 41.5047512744 2 0.1 0.43096 0.449165402124 203.635339187 0 0.363510142437
250 10 0.101847810272 0.184474997226 0.0409218208002 50.7211589998 2 0.1 0.40576 0.400958466454 170.298959059 0 0.363510142437
260 10 0.101847810272 0.25909388455 0.0280823219514 32.5422312573 2 0.1 0.35454 0.372580645161 121.252958381 0 0.363510142437
270 10 0.101847810272 0.217132521531 0.0270306912471 32.1713499702 2 0.1 0.37986 0.359872611465 144.685373608 0 0.363510142437
280 10 0.101847810272 0.180734185394 0.0454427529676 46.9605907802 2 0.1 0.42364 0.424920127796 173.823783981 0 0.363510142437
290 10 0.101847810272 0.311223838936 0.041147222592 26.5285651141 2 0.1 0.38694 0.395041322314 100.943102904 0 0.363510142437
300 10 0.101847810272 0.274007723859 0.0236723019067 23.3614329033 2 0.1 0.4313 0.431464174455 114.65333735 0 0.363510142437
310 10 0.111075848937 0.271470093437 0.0508038747072 26.4361819992 2 0.1 0.39449 0.338259441708 115.725086334 0 0.372177376239
320 10 0.111075848937 0.237627192991 0.0369874144444 43.1012939476 2 0.1 0.46803 0.437699680511 132.206670476 0 0.372177376239
330 10 0.111075848937 0.222840013722 0.0376790439782 30.288770477 2 0.1 0.40762 0.349753694581 140.979617957 0 0.372177376239
340 10 0.111075848937 0.300565933632 0.0361904894924 25.2637892449 2 0.1 0.38041 0.398713826367 104.522490691 0 0.372177376239
350 10 0.111075848937 0.274191977856 0.0349195308338 40.617031406 2 0.1 0.40457 0.353697749196 114.576291566 0 0.372177376239
360 10 0.111075848937 0.271966270108 0.0304988656682 43.9025892612 2 0.1 0.3883 0.433489827856 115.513956887 0 0.372177376239
370 10 0.111075848937 0.319422497322 0.0475582261481 21.3670856927 2 0.1 0.43425 0.460674157303 98.3521832788 0 0.372177376239
380 10 0.111075848937 0.213267998315 0.0399324581642 34.5771953202 2 0.1 0.37725 0.349761526232 147.307145226 0 0.372177376239
390 10 0.111075848937 0.232666877062 0.039868660554 37.8287603882 2 0.1 0.41666 0.403877221325 135.025236066 0 0.372177376239
400 10 0.111075848937 0.309006862929 0.0281743490836 19.5847115139 2 0.1 0.38199 0.370253164557 101.667321244 0 0.372177376239
410 10 0.122142732507 0.279125481777 0.0303633395066 34.7790137138 2 0.1 0.38975 0.424483306836 112.551171609 0 0.372177376239
420 10 0.122142732507 0.311945077635 0.0374192505238 22.0146632026 2 0.1 0.40998 0.405537459283 100.709715435 0 0.372177376239
430 10 0.122142732507 0.312429557528 0.0442513302654 21.118128055 2 0.1 0.38381 0.360876897133 100.553546369 0 0.372177376239
440 10 0.122142732507 0.361950684611 0.0431339488634 29.3279712464 2 0.1 0.40371 0.362480127186 86.7960784043 0 0.372177376239
450 10 0.122142732507 0.203178198461 0.037744627013 56.4361482771 2 0.1 0.39625 0.4375 154.622396684 0 0.372177376239
460 10 0.122142732507 0.246719739913 0.0314965219438 40.0487625513 2 0.1 0.40656 0.376811594203 127.334359266 0 0.372177376239
470 10 0.122142732507 0.2638339014 0.0398063794028 24.693225454 2 0.1 0.40995 0.403536977492 119.074538311 0 0.372177376239
480 10 0.122142732507 0.208437506156 0.0458426315186 33.4000069608 2 0.1 0.36887 0.391304347826 150.720955069 0 0.372177376239
490 10 0.122142732507 0.304056121488 0.0495593189012 35.0151257117 2 0.1 0.39798 0.415730337079 103.322701896 0 0.372177376239
500 10 0.122142732507 0.300452769876 0.0531899442307 28.1127739318 2 0.1 0.42247 0.41627543036 104.561858468 0 0.372177376239
510 10 0.135658914729 0.214648904346 0.047522706317 43.4402636728 2 0.1 0.43363 0.393841166937 146.359470577 0 0.372177376239
520 10 0.135658914729 0.339027636332 0.051165184584 24.7488546776 2 0.1 0.41117 0.44099378882 92.6647170712 0 0.372177376239
530 10 0.135658914729 0.21944293568 0.0529620996222 20.0613859554 2 0.1 0.34869 0.392678868552 143.162047585 0 0.372177376239
540 10 0.135658914729 0.250794107702 0.0482202583023 32.5574956554 2 0.1 0.40834 0.442218798151 125.265702164 0 0.372177376239
550 10 0.135658914729 0.28321249837 0.0362593699438 30.1566620989 2 0.1 0.33011 0.31715210356 110.926954781 0 0.384033543707
560 10 0.135658914729 0.245957075644 0.0471039593318 23.9552679943 2 0.1 0.38058 0.408064516129 127.729197941 0 0.384033543707
570 10 0.135658914729 0.327092269314 0.031077338537 26.9614450551 2 0.1 0.42792 0.383986928105 96.0459874697 0 0.384033543707
580 10 0.135658914729 0.32386692774 0.0487510457926 19.5787890539 2 0.1 0.39327 0.394321766562 97.0024948803 0 0.384033543707
590 10 0.135658914729 0.255385494681 0.0440934729369 32.2076543549 2 0.1 0.4089 0.427927927928 123.013642726 0 0.384033543707
600 10 0.135658914729 0.269296983287 0.0369599385961 39.3311295591 2 0.1 0.40273 0.418831168831 116.658937715 0 0.384033543707
610 10 0.152538679451 0.301554572269 0.0375988613587 40.5336199874 2 0.1 0.38084 0.371428571429 104.179816488 0 0.384033543707
620 10 0.152538679451 0.21720714948 0.0459094472681 45.0425463887 2 0.1 0.41377 0.433229813665 144.635662662 0 0.384033543707
630 10 0.152538679451 0.291379768328 0.0199744368627 25.1976181501 2 0.1 0.40135 0.354632587859 107.817712192 0 0.384033543707
640 10 0.152538679451 0.253789842999 0.0399444448362 35.3640723878 2 0.1 0.3818 0.407854984894 123.787065821 0 0.384033543707
650 10 0.152538679451 0.348803202332 0.034290814956 21.5166345274 2 0.1 0.37377 0.387820512821 90.067693731 0 0.384033543707
660 10 0.152538679451 0.274288263749 0.0498296945206 23.5610226846 2 0.1 0.39917 0.383900928793 114.536070813 0 0.407861746121
670 10 0.152538679451 0.343782338094 0.0471866865813 34.0087369796 2 0.1 0.41938 0.403536977492 91.3831122745 0 0.42298418498
680 10 0.152538679451 0.229476952101 0.0428895294051 41.2995344717 2 0.1 0.39745 0.382736156352 136.902201778 0 0.42298418498
690 10 0.152538679451 0.273679006482 0.0397943700136 35.2931811582 2 0.1 0.46605 0.484848484848 114.791048111 0 0.42298418498
700 10 0.152538679451 0.283116520133 0.042677509623 32.3099184923 2 0.1 0.46696 0.48738170347 110.964559699 0 0.42298418498
710 10 0.174216027875 0.355224591401 0.0432471453786 29.1367356428 2 0.1 0.42573 0.38351822504 88.4395415197 0 0.42298418498
720 10 0.174216027875 0.287525551763 0.030924185686 32.2604494183 2 0.1 0.3761 0.419601837672 109.262984828 0 0.42298418498
730 10 0.174216027875 0.347924876773 0.0478451712979 30.7412027329 2 0.1 0.42409 0.421875 90.2950668298 0 0.42298418498
740 10 0.174216027875 0.351292622661 0.0367125598887 30.5405132145 2 0.1 0.39717 0.418487394958 89.4294328246 0 0.42298418498
750 10 0.174216027875 0.368738851028 0.0296042774398 23.7206938657 2 0.1 0.4168 0.335515548282 85.1982369431 0 0.42298418498
760 10 0.174216027875 0.310369511751 0.0283623353883 28.778809498 2 0.1 0.40186 0.387888707038 101.220960212 0 0.42298418498
770 10 0.174216027875 0.325684375354 0.0281797260556 32.4118883317 2 0.1 0.35354 0.4064 96.4611825971 0 0.42298418498
780 10 0.174216027875 0.338252312545 0.0534909139676 15.0208479197 2 0.1 0.37445 0.353677621283 92.8771181596 0 0.42298418498
790 10 0.174216027875 0.34655817745 0.0338504252394 24.8274310618 2 0.1 0.44231 0.41204437401 90.6511577108 0 0.42298418498
800 10 0.174216027875 0.323553633395 0.0348099057625 20.6519437051 2 0.1 0.37899 0.346341463415 97.0964216051 0 0.42298418498
810 10 0.203075137801 0.234534730985 0.0367593021987 27.3590502594 2 0.1 0.44136 0.4 133.94988396 0 0.434289529886
820 10 0.203075137801 0.327301213688 0.0505886809155 22.7352809053 2 0.1 0.3908 0.379573170732 95.9846730968 0 0.434289529886
830 10 0.203075137801 0.373056218569 0.0428810318061 17.1624383488 2 0.1 0.42284 0.435658914729 84.212240505 0 0.434289529886
840 10 0.203075137801 0.3583528071 0.0433950251998 19.7351619177 2 0.1 0.41243 0.390522875817 87.667514744 0 0.434289529886
850 10 0.203075137801 0.220582709222 0.0463387501994 38.5936828592 2 0.1 0.37474 0.437795275591 142.422314563 0 0.434289529886
860 10 0.203075137801 0.395347793422 0.0344784847745 29.7426373229 2 0.1 0.43711 0.405616224649 79.4639568571 0 0.434289529886
870 10 0.203075137801 0.292251713022 0.0431893321781 29.7009312078 2 0.1 0.35444 0.332225913621 107.496033728 0 0.434289529886
880 10 0.203075137801 0.322559288291 0.0465769715964 26.0068863228 2 0.1 0.40483 0.397815912637 97.3957382114 0 0.434289529886
890 10 0.203075137801 0.35612185494 0.0261367131724 21.594048304 2 0.1 0.35783 0.403846153846 88.2167144875 0 0.434289529886
900 10 0.203075137801 0.403532244971 0.0394193304148 19.3554274513 2 0.1 0.45022 0.463076923077 77.8522668053 0 0.434289529886
910 10 0.243393602225 0.393474528431 0.0611149322929 13.6829964475 2 0.1 0.37659 0.304857621441 79.8422711764 0 0.473941165874
920 10 0.243393602225 0.384084902263 0.0348009360229 33.624502544 2 0.1 0.42306 0.407528641571 81.794154925 0 0.473941165874
930 10 0.243393602225 0.308513413586 0.0444212216172 28.8762614701 2 0.1 0.39292 0.361386138614 101.829932238 0 0.473941165874
940 10 0.243393602225 0.374135249813 0.0425136187784 21.9299843026 2 0.1 0.44564 0.384976525822 83.969366735 0 0.473941165874
950 10 0.243393602225 0.370036367051 0.0406474798609 36.3457584289 2 0.1 0.39834 0.390728476821 84.8994931239 0 0.473941165874
960 10 0.243393602225 0.271635555328 0.0353480850464 36.770597259 2 0.1 0.50033 0.494607087827 115.654594488 0 0.473941165874
970 10 0.243393602225 0.32700841728 0.0402537296102 34.3844538537 2 0.1 0.42222 0.452012383901 96.0706157393 0 0.473941165874
980 10 0.243393602225 0.311187892061 0.0199478668317 21.429273317 2 0.1 0.3622 0.394366197183 100.954763349 0 0.473941165874
990 10 0.243393602225 0.309462194056 0.0343177934763 25.2200114545 2 0.1 0.41007 0.428571428571 101.517731741 0 0.473941165874
1000 10 0.243393602225 0.4013149767 0.0357416876661 19.2042485508 2 0.1 0.3585 0.358161648177 78.2824011661 0 0.473941165874
1010 10 0.303687635575 0.355364721835 0.0289826202669 21.8149645723 2 0.1 0.33539 0.314091680815 88.4046672889 0 0.473941165874
1020 10 0.303687635575 0.376321712231 0.0426918092016 21.4360286752 2 0.1 0.42975 0.435593220339 83.4814972905 0 0.473941165874
1030 10 0.303687635575 0.383860649538 0.0374523065353 17.806140491 2 0.1 0.31538 0.29648241206 81.8419393544 0 0.474147900933
1040 10 0.303687635575 0.351808922833 0.0332053009803 20.0945512839 2 0.1 0.38923 0.355987055016 89.298189901 0 0.474147900933
1050 10 0.303687635575 0.32518181534 0.0279621089429 23.5967303695 2 0.1 0.43134 0.402694610778 96.6102608388 0 0.474147900933
1060 10 0.303687635575 0.342730739885 0.0393557787696 12.6543290093 2 0.1 0.40827 0.4048 91.6635024059 0 0.474147900933
1070 10 0.303687635575 0.349305875397 0.0278201872215 24.0300333892 2 0.1 0.3755 0.367892976589 89.9380806701 0 0.474147900933
1080 10 0.303687635575 0.4121389667 0.0329207724319 26.0515263684 2 0.1 0.36676 0.369255150555 76.2264734431 0 0.474147900933
1090 10 0.303687635575 0.337886368179 0.033946152491 25.4553645287 2 0.1 0.44384 0.4096 92.9777077701 0 0.474147900933
1100 10 0.303687635575 0.390712654718 0.0255949040261 27.927444184 2 0.1 0.39062 0.357142857143 80.4066610606 0 0.474147900933
1110 10 0.40369088812 0.405799367073 0.0310620279626 22.6238750442 2 0.1 0.41683 0.386942675159 77.4173213393 0 0.478204916545
1120 10 0.40369088812 0.476609925798 0.0405319312616 16.2697634 2 0.1 0.37388 0.333858267717 65.9153288665 0 0.485535200477
1130 10 0.40369088812 0.477958565259 0.0410276498615 21.0529038957 2 0.1 0.43646 0.418604651163 65.7293378202 0 0.485535200477
1140 10 0.40369088812 0.423024193793 0.0541751217312 18.2148885651 2 0.1 0.37358 0.366242038217 74.2650194977 0 0.494774495389
1150 10 0.40369088812 0.436584747434 0.0241816806248 13.9447675227 2 0.1 0.42734 0.377742946708 71.9583086322 0 0.494774495389
1160 10 0.40369088812 0.444163391332 0.0363889029103 18.795363971 2 0.1 0.40297 0.456193353474 70.730502813 0 0.494774495389
1170 10 0.40369088812 0.386947023166 0.0252047878178 23.66194214 2 0.1 0.35938 0.42523364486 81.1891502432 0 0.494774495389
1180 10 0.40369088812 0.353958931698 0.040621174087 13.3767782164 2 0.1 0.37606 0.358184764992 88.7557769748 0 0.494774495389
1190 10 0.40369088812 0.437048362994 0.0320488545935 21.0549031272 2 0.1 0.42233 0.434439178515 71.8819761382 0 0.494774495389
1200 10 0.40369088812 0.449281438784 0.0313676876614 22.2539911698 2 0.1 0.39295 0.379367720466 69.9247671683 0 0.494774495389
1210 10 0.601891659501 0.500201258778 0.0489840604774 18.4505601722 2 0.1 0.33514 0.368948247078 62.8065192733 0 0.517982176854
1220 10 0.601891659501 0.473231430275 0.0253219981418 13.0255031965 2 0.1 0.35559 0.346518987342 66.3859118186 0 0.517982176854
1230 10 0.601891659501 0.476479363065 0.0247294950055 22.3927954068 2 0.1 0.38287 0.399014778325 65.9333906886 0 0.51905261745
1240 10 0.601891659501 0.424997891531 0.0267732958061 23.1450341795 2 0.1 0.44042 0.458990536278 73.9201314313 0 0.51905261745
1250 10 0.601891659501 0.465713681317 0.0379704040215 15.3028519406 2 0.1 0.39402 0.409160305344 67.4575415332 0 0.551355326547
1260 10 0.601891659501 0.449970894638 0.029646737318 24.7900442076 2 0.1 0.44212 0.374376039933 69.8176268163 0 0.551355326547
1270 10 0.601891659501 0.500850540919 0.0281329404306 14.7433843648 2 0.1 0.40385 0.407766990291 62.7250994724 0 0.551355326547
1280 10 0.601891659501 0.465457105429 0.0389584219295 18.9590300131 2 0.1 0.37198 0.38996763754 67.4947264389 0 0.551355326547
1290 10 0.601891659501 0.497683062177 0.0389162237703 16.4242861424 2 0.1 0.43688 0.433021806854 63.1243102038 0 0.551355326547
1300 10 0.601891659501 0.360257420708 0.0409553385604 31.9869330332 2 0.1 0.37433 0.369885433715 87.2040329892 0 0.551355326547
1310 10 1.18243243243 0.570678502075 0.0213331901166 8.3654633547 2 0.1 0.41154 0.333333333333 55.0500849178 30 0.591999467332
1320 10 1.18243243243 0.546741059826 0.0287301773486 6.71880082443 2 0.1 0.37138 0.405705229794 57.4602902698 30 0.591999467332
1330 10 1.18243243243 0.566364895947 0.0213868107143 11.6868472172 2 0.1 0.4301 0.36660929432 55.4693629934 30 0.591999467332
1340 10 1.18243243243 0.541930950283 0.0258098645959 7.26971544369 2 0.1 0.34672 0.360576923077 57.9703004296 30 0.591999467332
1350 10 1.18243243243 0.519164908945 0.0234020375728 5.74059866413 2 0.1 0.38239 0.385964912281 60.5123718085 30 0.591999467332
1360 10 1.18243243243 0.540099259104 0.019600664145 22.5910643144 2 0.1 0.43382 0.449922958398 58.166900751 30 0.591999467332
1370 10 1.18243243243 0.511998252243 0.0289841645752 6.38893366945 2 0.1 0.45105 0.463651050081 61.3593891432 30 0.591999467332
1380 10 1.18243243243 0.531672405805 0.0284814633046 10.3836768432 2 0.1 0.41103 0.445705024311 59.0888292433 30 0.591999467332
1390 10 1.18243243243 0.565963543586 0.0222275382587 10.036843792 2 0.1 0.36653 0.368506493506 55.508699025 30 0.591999467332
1400 10 1.18243243243 0.546476612165 0.0207571259615 9.9313769236 2 0.1 0.32384 0.325984251969 57.4880961063 30 0.612583652555
1410 10 33.3333333333 0.683215895904 0.0345468882697 0.29736668976 2 0.1 0.64884 0.532125205931 45.9823903225 280 0.686715706698
1420 10 33.3333333333 0.681662717466 0.000994285377331 0.00740318209431 2 0.1 0.38282 0.339464882943 46.0871618691 280 0.686715706698
1430 10 33.3333333333 0.681040026679 0.00126843442633 0.00324868074981 2 0.1 0.3867 0.322147651007 46.1293004366 280 0.686715706698
1440 10 33.3333333333 0.683443097532 0.00084351591067 0.00144780219516 2 0.1 0.4229 0.384991843393 45.9671040844 280 0.686715706698
1450 10 33.3333333333 0.680697712047 0.00163154471402 0.00119587547546 2 0.1 0.37758 0.384868421053 46.1524983028 280 0.686715706698
1460 10 33.3333333333 0.682776769974 0.00200879910731 0.000808744413702 2 0.1 0.45283 0.452032520325 46.0119637656 280 0.686715706698
1470 10 33.3333333333 0.682233462096 0.00110681013981 0.000809704373372 2 0.1 0.42282 0.397708674304 46.0486061523 280 0.686715706698
1480 10 33.3333333333 0.685295498302 0.0017241151536 0.000376393355963 2 0.1 0.3618 0.399380804954 45.8428518469 280 0.686715706698
1490 10 33.3333333333 0.681054629152 0.00202766533564 0.00141046619266 2 0.1 0.38447 0.395348837209 46.1283113795 280 0.686715706698
1500 10 33.3333333333 0.682265663135 0.0014075759826 0.000739422443108 2 0.1 0.48314 0.511764705882 46.0464327863 280 0.686715706698
