235.737578144,286.800362807,44.5772129752,0.0
203.437699027,203.46715095,44.5772129752,0.0
443.030512318,330.572985561,44.5772129752,0.0
369.173806493,155.279790021,44.5772129752,0.0
127.285550394,461.359257873,44.5772129752,0.0
407.186695093,423.175119957,44.5772129752,0.0
325.109470499,237.640572983,44.5772129752,0.0
265.175661521,375.083933006,44.5772129752,0.0
122.608279826,308.300790705,44.5772129752,0.0
207.792380839,54.9939328877,44.5772129752,0.0
@ 10 10 0.0873362445415 0.238141677537
68.375524027,315.076409715,51.3572935393,0.0
384.302768664,439.749145458,51.3572935393,0.0
440.779346586,347.790509926,51.3572935393,0.0
110.637827881,220.282678587,51.3572935393,0.0
253.605820542,405.427345102,51.3572935393,0.0
112.616113729,448.718817304,51.3572935393,0.0
355.541318911,138.774572072,51.3572935393,0.0
130.947996904,64.0969192075,51.3572935393,0.0
230.640924598,291.516533727,51.3572935393,0.0
453.729971851,192.019098304,51.3572935393,0.0
@ 20 10 0.0873362445415 0.316092245554
358.911768082,240.489935962,40.1095215561,0.0
247.790129829,227.851639593,40.1095215561,0.0
357.172605826,353.417630516,40.1095215561,0.0
44.4421261858,402.63216898,40.1095215561,0.0
109.917831564,103.168127777,40.1095215561,0.0
42.2324309664,288.716764131,40.1095215561,0.0
201.369665153,93.1731630538,40.1095215561,0.0
336.572629871,160.227019507,40.1095215561,0.0
133.448431304,394.013461938,40.1095215561,0.0
85.5069981585,180.964882063,40.1095215561,0.0
@ 30 10 0.0873362445415 0.192798897908
286.607322151,391.219095877,41.5906502507,0.0
333.777131253,48.8819594023,41.5906502507,0.0
225.255950312,92.2627060973,41.5906502507,0.0
444.406661169,82.9597664985,41.5906502507,0.0
64.4270733814,169.592965725,41.5906502507,0.0
430.6180111,302.124281628,41.5906502507,0.0
152.300221137,325.653404949,41.5906502507,0.0
224.494896528,261.778278683,41.5906502507,0.0
464.66328008,462.890498483,41.5906502507,0.0
166.903600013,460.305315107,41.5906502507,0.0
@ 40 10 0.0873362445415 0.207300812716
121.309572475,224.049980964,41.6351444867,0.0
41.8322955796,314.815716426,41.6351444867,0.0
287.458255335,196.314158773,41.6351444867,0.0
226.259752191,127.00841298,41.6351444867,0.0
155.692573828,339.63692172,41.6351444867,0.0
441.238915856,425.895081525,41.6351444867,0.0
269.781823049,438.138728243,41.6351444867,0.0
149.243700261,91.6735290215,41.6351444867,0.0
437.828086856,42.6045234231,41.6351444867,0.0
380.968441026,306.623064621,41.6351444867,0.0
@ 50 10 0.0873362445415 0.207744596358
171.029308307,448.37386136,44.263644644,0.0
208.062606943,188.225297309,44.263644644,0.0
126.606601525,266.03922911,44.263644644,0.0
60.05008899,73.1156686649,44.263644644,0.0
359.028148073,394.109866043,44.263644644,0.0
57.9585841812,458.939568599,44.263644644,0.0
323.50001231,199.874139678,44.263644644,0.0
433.886381728,137.330377471,44.263644644,0.0
91.3090755359,157.515854565,44.263644644,0.0
400.369251019,276.868670191,44.263644644,0.0
@ 60 10 0.0873362445415 0.234803153397
208.753362991,463.256625087,41.2850853923,0.0
149.429877294,283.010445863,41.2850853923,0.0
380.985663768,354.117027556,41.2850853923,0.0
47.02636133,247.353029777,41.2850853923,0.0
316.009700617,450.329779959,41.2850853923,0.0
89.9676504969,429.430478037,41.2850853923,0.0
469.535878941,166.034984381,41.2850853923,0.0
256.642228469,62.4295008661,41.2850853923,0.0
69.6524956182,145.305227337,41.2850853923,0.0
272.70804382,182.716110398,41.2850853923,0.0
@ 70 10 0.0873362445415 0.20426594066
265.982540861,456.867266375,48.636857505,0.0
384.583305046,435.660110408,48.636857505,0.0
423.78799665,345.518382056,48.636857505,0.0
336.914733324,238.010360669,48.636857505,0.0
342.044542697,49.3705345276,48.636857505,0.0
448.913255642,88.0392376414,48.636857505,0.0
244.744241064,75.42115122,48.636857505,0.0
63.088406697,455.687195554,48.636857505,0.0
158.546213672,385.310515958,48.636857505,0.0
76.122439186,224.817890375,48.636857505,0.0
@ 80 10 0.0873362445415 0.28349186271
400.81264556,152.14642978,41.8779843597,0.0
174.835410665,327.659316519,41.8779843597,0.0
234.178481563,228.662322333,41.8779843597,0.0
364.069585772,457.211499724,41.8779843597,0.0
457.755640555,279.119216103,41.8779843597,0.0
167.612825599,438.255201235,41.8779843597,0.0
48.1456470878,445.850213487,41.8779843597,0.0
300.231279179,145.609094299,41.8779843597,0.0
449.995493516,441.814576004,41.8779843597,0.0
169.696724366,160.438171736,41.8779843597,0.0
@ 90 10 0.0873362445415 0.210175033177
70.3396021915,447.340421078,49.5086816164,0.0
113.630916624,269.470395646,49.5086816164,0.0
229.368625058,254.071309626,49.5086816164,0.0
172.437335321,356.53124125,49.5086816164,0.0
71.0279444094,105.757238158,49.5086816164,0.0
317.496763844,365.680344682,49.5086816164,0.0
429.567129469,236.760435001,49.5086816164,0.0
409.935816604,452.856665987,49.5086816164,0.0
369.029753775,107.836124423,49.5086816164,0.0
333.556933996,206.472934876,49.5086816164,0.0
@ 100 10 0.0873362445415 0.293746233678
245.725464631,164.943088645,44.2944676329,0.0
461.30699848,345.820766732,44.2944676329,0.0
95.9875694039,341.754444721,44.2944676329,0.0
139.618461751,102.484745066,44.2944676329,0.0
223.092753486,421.354283516,44.2944676329,0.0
347.406018845,345.767960217,44.2944676329,0.0
141.075156978,456.04132405,44.2944676329,0.0
362.904369277,162.412817128,44.2944676329,0.0
455.071436425,435.455322162,44.2944676329,0.0
460.436432511,98.0669630158,44.2944676329,0.0
@ 110 10 0.0940354648039 0.235130277605
456.858384986,458.78640922,47.5471482915,0.0
52.8687455414,197.979425721,47.5471482915,0.0
67.6414612937,68.6380842415,47.5471482915,0.0
249.950325902,209.995119086,47.5471482915,0.0
355.826704115,418.968701324,47.5471482915,0.0
382.499301876,232.579488903,47.5471482915,0.0
283.689736109,84.2966740005,47.5471482915,0.0
226.37884458,374.876939608,47.5471482915,0.0
167.203502349,110.478742547,47.5471482915,0.0
111.904694979,370.104539174,47.5471482915,0.0
@ 120 10 0.0940354648039 0.270930895929
130.041403591,329.482199702,40.7499053986,0.0
219.614705972,222.067590865,40.7499053986,0.0
206.436137096,65.197818457,40.7499053986,0.0
311.451447459,283.610544311,40.7499053986,0.0
376.679050501,137.813328467,40.7499053986,0.0
305.820562353,458.677634257,40.7499053986,0.0
233.721988183,382.157070312,40.7499053986,0.0
203.256571971,470.540459709,40.7499053986,0.0
312.365011896,66.7716103922,40.7499053986,0.0
112.192163497,424.364892009,40.7499053986,0.0
@ 130 10 0.0940354648039 0.199004452617
239.373071052,464.161521503,39.9715946208,0.0
375.7924171,110.763663945,39.9715946208,0.0
431.312635736,462.382940744,39.9715946208,0.0
468.610389271,347.42830063,39.9715946208,0.0
461.738785989,44.5195554006,39.9715946208,0.0
172.374382235,158.809866318,39.9715946208,0.0
55.8150940837,99.7443336523,39.9715946208,0.0
172.629341264,287.762460064,39.9715946208,0.0
140.460512714,457.133688486,39.9715946208,0.0
290.605626739,119.19794893,39.9715946208,0.0
@ 140 10 0.0940354648039 0.191475200288
319.768098942,370.104754559,45.3975051202,0.0
164.892900123,81.3780712192,45.3975051202,0.0
238.954975772,135.481718849,45.3975051202,0.0
204.091520792,285.846004306,45.3975051202,0.0
93.3565027361,458.233711747,45.3975051202,0.0
440.34846337,304.584158164,45.3975051202,0.0
53.9478280812,323.396767996,45.3975051202,0.0
249.248654549,465.307586888,45.3975051202,0.0
399.023278113,464.020601599,45.3975051202,0.0
452.219846981,54.3420333445,45.3975051202,0.0
@ 150 10 0.0940354648039 0.24698669371
355.050521618,396.476632908,44.5010127192,0.0
335.000172908,269.419745149,44.5010127192,0.0
270.394095774,339.262004495,44.5010127192,0.0
465.770923881,414.643506054,44.5010127192,0.0
444.895409787,161.37850143,44.5010127192,0.0
79.2931771897,444.18342194,44.5010127192,0.0
195.920618954,245.701319469,44.5010127192,0.0
225.824809704,150.017020241,44.5010127192,0.0
90.832711292,135.805755732,44.5010127192,0.0
411.2633229,62.5114841768,44.5010127192,0.0
@ 160 10 0.0940354648039 0.237328214971
301.032011883,366.279691758,43.9363355897,0.0
355.567659833,90.675867399,43.9363355897,0.0
410.407866368,460.124471871,43.9363355897,0.0
213.934468191,171.514129876,43.9363355897,0.0
59.3159756277,242.529049104,43.9363355897,0.0
407.532254984,268.832889368,43.9363355897,0.0
47.5738986722,68.4749842772,43.9363355897,0.0
301.175636086,240.090671315,43.9363355897,0.0
70.8596175429,336.583219192,43.9363355897,0.0
167.843360875,452.366887732,43.9363355897,0.0
@ 170 10 0.0940354648039 0.231343472121
68.2278142047,214.794423302,38.4083583911,0.0
460.912449643,410.586041079,38.4083583911,0.0
368.296636821,42.3901050758,38.4083583911,0.0
185.437132109,111.668355034,38.4083583911,0.0
290.288267916,147.167652122,38.4083583911,0.0
85.7695114789,299.682742302,38.4083583911,0.0
68.2499122904,441.501009779,38.4083583911,0.0
278.84638212,246.388461687,38.4083583911,0.0
405.561647533,144.429242701,38.4083583911,0.0
364.668044232,296.229215329,38.4083583911,0.0
@ 180 10 0.0940354648039 0.176791375476
337.175195215,113.861000337,44.5343391854,0.0
296.518258439,219.356453452,44.5343391854,0.0
228.719717313,289.282151759,44.5343391854,0.0
453.077742298,103.031096784,44.5343391854,0.0
464.879167665,400.119356911,44.5343391854,0.0
257.122262485,403.679129235,44.5343391854,0.0
120.842432386,392.478369282,44.5343391854,0.0
50.1147256525,123.008339756,44.5343391854,0.0
404.232533116,228.578015893,44.5343391854,0.0
210.903075522,52.8670304565,44.5343391854,0.0
@ 190 10 0.0940354648039 0.237683814624
462.310202024,339.619770409,47.6350419711,0.0
456.2895555,63.9843985924,47.6350419711,0.0
223.530342194,301.242876016,47.6350419711,0.0
297.106957228,196.532243333,47.6350419711,0.0
454.635598212,192.314502629,47.6350419711,0.0
160.516290607,432.258640931,47.6350419711,0.0
342.802106024,395.643725378,47.6350419711,0.0
81.979317152,341.847360702,47.6350419711,0.0
99.1611997445,231.331725396,47.6350419711,0.0
389.951872103,269.271354167,47.6350419711,0.0
@ 200 10 0.0940354648039 0.271933484904
194.468008351,455.523267778,47.6641476671,0.0
172.434796398,55.5841094718,47.6641476671,0.0
231.969345602,228.247333955,47.6641476671,0.0
206.231093933,347.122680482,47.6641476671,0.0
394.792476571,68.3094306916,47.6641476671,0.0
73.1958293906,144.31769241,47.6641476671,0.0
445.406199378,439.999096765,47.6641476671,0.0
407.017214604,311.525814895,47.6641476671,0.0
96.5739904799,251.99341135,47.6641476671,0.0
82.5245047891,423.783747851,47.6641476671,0.0
@ 210 10 0.101847810272 0.27226589697
279.730188764,445.392644318,41.9318113093,0.0
344.09298166,57.5866214005,41.9318113093,0.0
404.774761036,243.84183015,41.9318113093,0.0
468.725524446,308.046735032,41.9318113093,0.0
124.768429553,239.029783121,41.9318113093,0.0
336.41499873,167.826300816,41.9318113093,0.0
156.242927103,442.760531641,41.9318113093,0.0
227.464966552,212.476089493,41.9318113093,0.0
175.377813791,113.089644938,41.9318113093,0.0
96.5780486884,83.9812730483,41.9318113093,0.0
@ 220 10 0.101847810272 0.210715668149
225.81114551,418.920909261,43.9301123056,0.0
279.959059421,235.109410273,43.9301123056,0.0
180.40348907,54.5050833017,43.9301123056,0.0
143.713517552,284.903211269,43.9301123056,0.0
86.6196216808,187.408940409,43.9301123056,0.0
100.335618811,447.607302564,43.9301123056,0.0
396.49917322,463.68538024,43.9301123056,0.0
428.971203201,224.290637608,43.9301123056,0.0
465.483476069,133.671987744,43.9301123056,0.0
371.066068673,296.951595139,43.9301123056,0.0
@ 230 10 0.101847810272 0.231277940294
48.323822216,115.763784633,43.5514251636,0.0
451.298236905,346.914184476,43.5514251636,0.0
56.7574811154,464.326083197,43.5514251636,0.0
222.498483338,368.447036116,43.5514251636,0.0
229.326170548,223.599175481,43.5514251636,0.0
153.887729688,269.361029469,43.5514251636,0.0
183.151331495,452.811880743,43.5514251636,0.0
206.848092612,84.7751151106,43.5514251636,0.0
336.229954317,183.077886995,43.5514251636,0.0
356.932770015,281.974905905,43.5514251636,0.0
@ 240 10 0.101847810272 0.227307793634
161.297156881,297.914992337,41.8001419052,0.0
288.692384293,375.120172192,41.8001419052,0.0
413.101720897,42.1636328908,41.8001419052,0.0
114.00861764,118.658495363,41.8001419052,0.0
313.186309971,127.421639546,41.8001419052,0.0
339.287365005,231.875162815,41.8001419052,0.0
64.8982328977,278.114982309,41.8001419052,0.0
426.874447493,250.639265081,41.8001419052,0.0
168.285597544,393.678993448,41.8001419052,0.0
198.436536731,195.21109777,41.8001419052,0.0
@ 250 10 0.101847810272 0.209394416093
203.40781166,421.757523504,48.116306244,0.0
137.533204949,223.503529723,48.116306244,0.0
85.8560741068,332.014479491,48.116306244,0.0
456.246097804,429.365499341,48.116306244,0.0
391.059497254,88.7023296993,48.116306244,0.0
73.9445132888,433.845944663,48.116306244,0.0
216.032460096,96.3910310558,48.116306244,0.0
462.193983515,173.951417804,48.116306244,0.0
331.801009818,344.463227093,48.116306244,0.0
331.081596913,177.021151656,48.116306244,0.0
@ 260 10 0.101847810272 0.277456015164
448.781161495,322.735742961,47.0023507648,0.0
281.80060146,143.783050906,47.0023507648,0.0
52.095439231,329.421094778,47.0023507648,0.0
315.50457226,278.908437792,47.0023507648,0.0
166.746776768,264.381272092,47.0023507648,0.0
445.03983013,76.0278235529,47.0023507648,0.0
168.553467788,362.020291509,47.0023507648,0.0
188.148143564,172.44056715,47.0023507648,0.0
292.439525399,460.315308423,47.0023507648,0.0
110.581231546,103.567858446,47.0023507648,0.0
@ 270 10 0.101847810272 0.264757786958
45.1430013987,110.415050259,44.1285172008,0.0
348.729475941,113.28928182,44.1285172008,0.0
295.984098833,330.078332247,44.1285172008,0.0
92.9849850358,323.438346312,44.1285172008,0.0
267.632792696,440.755217964,44.1285172008,0.0
224.175388815,205.94331491,44.1285172008,0.0
446.956710801,197.827652359,44.1285172008,0.0
171.391262389,119.341534849,44.1285172008,0.0
396.564253987,404.133465301,44.1285172008,0.0
59.3034570487,448.055309101,44.1285172008,0.0
@ 280 10 0.101847810272 0.233371733996
231.245361455,325.584158257,40.8243822021,0.0
454.750769196,418.338023092,40.8243822021,0.0
202.612430775,203.882035442,40.8243822021,0.0
203.204440915,442.987493964,40.8243822021,0.0
166.103932766,93.5945508809,40.8243822021,0.0
454.041464699,321.844175279,40.8243822021,0.0
377.478078207,293.16985859,40.8243822021,0.0
41.6628949306,200.680120822,40.8243822021,0.0
371.839989735,189.395692281,40.8243822021,0.0
134.578262169,308.395538633,40.8243822021,0.0
@ 290 10 0.101847810272 0.199732540666
47.6754293962,323.282695858,43.4404718018,0.0
156.708246327,149.238015075,43.4404718018,0.0
422.873048067,47.0539230884,43.4404718018,0.0
314.717629448,317.942795598,43.4404718018,0.0
402.636498305,220.741734924,43.4404718018,0.0
102.198901262,402.115752843,43.4404718018,0.0
169.034508905,318.915118058,43.4404718018,0.0
421.557336853,440.340849151,43.4404718018,0.0
207.764359132,424.662202652,43.4404718018,0.0
235.601793071,235.295343754,43.4404718018,0.0
@ 300 10 0.101847810272 0.22615107202
177.885396764,160.112210819,42.3969575466,0.0
89.2983447524,466.107745731,42.3969575466,0.0
237.815852786,312.285301177,42.3969575466,0.0
323.222465377,398.945340487,42.3969575466,0.0
411.630317508,293.30384036,42.3969575466,0.0
107.683337084,97.5889845386,42.3969575466,0.0
50.6422721692,263.417712057,42.3969575466,0.0
441.919477742,398.341275505,42.3969575466,0.0
324.133808533,229.549680594,42.3969575466,0.0
216.722528159,77.3249964549,42.3969575466,0.0
@ 310 10 0.111075848937 0.215416501507
394.258617177,183.053496886,44.2604902888,0.0
252.249225129,357.251252156,44.2604902888,0.0
245.413952629,233.509647291,44.2604902888,0.0
407.984062346,358.52606077,44.2604902888,0.0
55.0895331305,102.24341627,44.2604902888,0.0
142.217897168,278.860227491,44.2604902888,0.0
334.042141063,439.522018847,44.2604902888,0.0
277.247525011,150.47023508,44.2604902888,0.0
81.9999448191,445.637645939,44.2604902888,0.0
153.117846078,143.75187784,44.2604902888,0.0
@ 320 10 0.111075848937 0.234769689086
466.314885373,451.622498721,45.0619124741,0.0
76.323812902,103.123162081,45.0619124741,0.0
345.341632694,454.536562375,45.0619124741,0.0
327.38959372,282.428391681,45.0619124741,0.0
189.543273322,195.318664237,45.0619124741,0.0
291.738631609,156.207432827,45.0619124741,0.0
431.788860252,96.2712776385,45.0619124741,0.0
232.393903037,383.069427355,45.0619124741,0.0
112.841866004,266.232263868,45.0619124741,0.0
434.804974658,232.90237195,45.0619124741,0.0
@ 330 10 0.111075848937 0.243348583872
261.009816913,461.618155544,46.0041695561,0.0
348.525085849,406.582444991,46.0041695561,0.0
463.247713483,324.806160925,46.0041695561,0.0
400.91238618,50.2807784574,46.0041695561,0.0
391.631907701,201.22934849,46.0041695561,0.0
122.394505313,80.2756870017,46.0041695561,0.0
90.5588139819,402.837701693,46.0041695561,0.0
99.37935638,174.317510227,46.0041695561,0.0
274.559648656,281.723795418,46.0041695561,0.0
114.768557385,274.8785771,46.0041695561,0.0
@ 340 10 0.111075848937 0.253631958233
376.809565253,290.619594214,52.5985625201,0.0
410.738050066,421.688154232,52.5985625201,0.0
181.007796768,440.181518693,52.5985625201,0.0
56.0420230533,241.895244631,52.5985625201,0.0
198.526999866,239.042048879,52.5985625201,0.0
294.930736099,412.874004366,52.5985625201,0.0
61.8692036151,91.4829463451,52.5985625201,0.0
122.38016659,338.099290932,52.5985625201,0.0
315.70973827,147.805041216,52.5985625201,0.0
456.531994981,163.373073722,52.5985625201,0.0
@ 350 10 0.111075848937 0.331556338295
217.764654309,192.549302703,41.6430427139,0.0
429.33596151,138.290426765,41.6430427139,0.0
397.957557297,57.9918786872,41.6430427139,0.0
193.125208659,62.5921615054,41.6430427139,0.0
152.205264006,137.61375247,41.6430427139,0.0
146.604326901,363.042334684,41.6430427139,0.0
226.951570515,423.484880283,41.6430427139,0.0
47.3249108881,225.565979629,41.6430427139,0.0
419.507748062,261.015023945,41.6430427139,0.0
294.20208662,142.879767147,41.6430427139,0.0
@ 360 10 0.111075848937 0.207823422535
179.745684481,256.695183892,48.1363620653,0.0
429.392816064,356.957796109,48.1363620653,0.0
124.573039098,64.3264577527,48.1363620653,0.0
105.636061586,174.415797673,48.1363620653,0.0
268.918985117,160.175093844,48.1363620653,0.0
356.606659821,282.042983616,48.1363620653,0.0
172.312952384,447.620995603,48.1363620653,0.0
386.794533265,174.2492602,48.1363620653,0.0
57.9070123483,424.146795933,48.1363620653,0.0
336.913947297,459.93531222,48.1363620653,0.0
@ 370 10 0.111075848937 0.2776873616
50.7867593463,197.958855301,50.6954735481,0.0
197.946870186,401.315492095,50.6954735481,0.0
366.506937639,439.975065741,50.6954735481,0.0
251.46902756,64.1318357753,50.6954735481,0.0
193.761223091,182.814436793,50.6954735481,0.0
128.809249447,84.2376944748,50.6954735481,0.0
130.43307434,262.365214996,50.6954735481,0.0
234.304104507,300.592596192,50.6954735481,0.0
329.258900675,213.979107258,50.6954735481,0.0
100.064445177,362.099677241,50.6954735481,0.0
@ 380 10 0.111075848937 0.307998039608
320.521001339,67.9119851966,41.0449530344,0.0
187.767895662,212.986112057,41.0449530344,0.0
346.56905439,439.922373316,41.0449530344,0.0
452.41348069,425.759328872,41.0449530344,0.0
430.221723642,237.365983259,41.0449530344,0.0
241.299223999,350.896018763,41.0449530344,0.0
53.2893394312,298.293418803,41.0449530344,0.0
129.640493866,447.737957341,41.0449530344,0.0
148.356768994,359.307403166,41.0449530344,0.0
352.14690667,298.740523306,41.0449530344,0.0
@ 390 10 0.111075848937 0.201896648663
431.229933282,405.001503828,48.5402913954,0.0
70.5690845375,398.41335137,48.5402913954,0.0
236.101386799,199.176806679,48.5402913954,0.0
310.008770821,455.884125431,48.5402913954,0.0
289.277259451,114.539719666,48.5402913954,0.0
397.649993591,222.617202092,48.5402913954,0.0
176.570502561,338.874518807,48.5402913954,0.0
152.800398993,120.240051704,48.5402913954,0.0
447.312312729,136.176414162,48.5402913954,0.0
330.010921898,298.240177789,48.5402913954,0.0
@ 400 10 0.111075848937 0.282367261692
219.893881583,304.653820846,45.8499950629,0.0
465.897972854,171.801223526,45.8499950629,0.0
164.739024458,110.721071868,45.8499950629,0.0
67.0995533362,465.553099056,45.8499950629,0.0
274.758568287,135.699857053,45.8499950629,0.0
174.20863803,218.158622155,45.8499950629,0.0
367.979817544,347.403169261,45.8499950629,0.0
97.1855214621,347.794588466,45.8499950629,0.0
386.868350971,242.877879254,45.8499950629,0.0
309.65489339,430.559763675,45.8499950629,0.0
@ 410 10 0.122142732507 0.251934805354
83.7500736421,237.47646395,41.0893412896,0.0
445.246405472,256.471276648,41.0893412896,0.0
194.755506951,441.716327294,41.0893412896,0.0
361.29850179,385.759893998,41.0893412896,0.0
46.7068988166,62.7540071269,41.0893412896,0.0
438.799792143,444.810969965,41.0893412896,0.0
236.331059877,274.508557335,41.0893412896,0.0
370.978666659,132.854081262,41.0893412896,0.0
64.0235518157,461.698509136,41.0893412896,0.0
274.376633342,416.432368069,41.0893412896,0.0
@ 420 10 0.122142732507 0.202333568928
49.6817814118,64.0281582803,43.7241118507,0.0
342.735364017,262.617732101,43.7241118507,0.0
462.999337814,153.525037678,43.7241118507,0.0
126.68076202,278.908301945,43.7241118507,0.0
375.260497892,92.7328591142,43.7241118507,0.0
347.046908811,426.386001546,43.7241118507,0.0
167.403277891,134.483174221,43.7241118507,0.0
118.935003763,394.31318349,43.7241118507,0.0
453.05879111,394.176123949,43.7241118507,0.0
209.551839479,416.494576168,43.7241118507,0.0
@ 430 10 0.122142732507 0.229113973394
468.86677631,267.380244439,40.1731301446,0.0
154.569820728,112.186491498,40.1731301446,0.0
298.323865084,144.764188306,40.1731301446,0.0
417.740465429,104.685290027,40.1731301446,0.0
287.025173941,46.3218841535,40.1731301446,0.0
464.0046443,399.645809056,40.1731301446,0.0
50.2061911265,346.212367251,40.1731301446,0.0
127.017586931,468.058861435,40.1731301446,0.0
290.743538376,471.636392395,40.1731301446,0.0
46.5573884519,234.26952935,40.1731301446,0.0
@ 440 10 0.122142732507 0.193410891748
45.5309658977,257.74799765,41.2497673919,0.0
169.061679225,383.043657586,41.2497673919,0.0
254.288606237,129.31528812,41.2497673919,0.0
145.806037253,226.936151835,41.2497673919,0.0
309.552113925,45.1542880579,41.2497673919,0.0
456.10332855,208.003682774,41.2497673919,0.0
140.064259188,136.611254407,41.2497673919,0.0
453.434067494,448.372764265,41.2497673919,0.0
411.503084083,294.313872228,41.2497673919,0.0
88.3123425526,328.983489297,41.2497673919,0.0
@ 450 10 0.122142732507 0.203916604878
424.999693606,297.159037749,49.5183597713,0.0
439.614601734,173.38508094,49.5183597713,0.0
397.852051445,454.651245651,49.5183597713,0.0
321.082137432,69.3062170117,49.5183597713,0.0
262.461886087,440.915836564,49.5183597713,0.0
207.358447566,53.7083025367,49.5183597713,0.0
123.121824207,428.285934535,49.5183597713,0.0
70.1395308112,213.252107341,49.5183597713,0.0
169.811738058,230.424024343,49.5183597713,0.0
326.728058482,333.070348229,49.5183597713,0.0
@ 460 10 0.122142732507 0.293861090278
85.6099928812,254.676251644,48.925092422,0.0
392.483497263,449.757028979,48.925092422,0.0
206.903975957,309.853145992,48.925092422,0.0
369.037694726,91.4228434776,48.925092422,0.0
263.052086653,458.763404535,48.925092422,0.0
300.83101866,271.666990036,48.925092422,0.0
138.061748348,123.448556255,48.925092422,0.0
253.189638001,135.802964491,48.925092422,0.0
108.103077564,449.204256125,48.925092422,0.0
382.54020422,335.637970967,48.925092422,0.0
@ 470 10 0.122142732507 0.286861915052
390.023471227,384.478156117,39.2002628554,0.0
366.988890793,263.566886433,39.2002628554,0.0
43.4539060502,279.816908682,39.2002628554,0.0
166.575375112,212.03391673,39.2002628554,0.0
266.371878304,213.580088263,39.2002628554,0.0
448.928058819,180.061714291,39.2002628554,0.0
434.765508698,93.2647971516,39.2002628554,0.0
99.2906885978,404.732061107,39.2002628554,0.0
190.376407695,118.835830548,39.2002628554,0.0
320.377195107,81.2104514174,39.2002628554,0.0
@ 480 10 0.122142732507 0.184156707736
102.574518889,355.85697267,44.3253262983,0.0
466.899481424,215.718155537,44.3253262983,0.0
163.805681597,48.8360884751,44.3253262983,0.0
437.824861766,68.4419932371,44.3253262983,0.0
268.025407423,389.846939332,44.3253262983,0.0
64.4501774573,103.355104256,44.3253262983,0.0
384.160405445,288.853506345,44.3253262983,0.0
351.410393608,461.348944207,44.3253262983,0.0
254.467153614,195.220954474,44.3253262983,0.0
131.164083491,465.129470341,44.3253262983,0.0
@ 490 10 0.122142732507 0.235458008556
398.4747358,64.5196923034,45.9607565117,0.0
123.414922853,151.310024488,45.9607565117,0.0
106.970455364,266.720113293,45.9607565117,0.0
239.400837756,105.58888036,45.9607565117,0.0
278.801082114,424.526848141,45.9607565117,0.0
127.999219251,378.233356059,45.9607565117,0.0
269.23113891,244.183578185,45.9607565117,0.0
451.262347431,356.965131717,45.9607565117,0.0
466.0036019,147.160448553,45.9607565117,0.0
388.98135835,465.243011324,45.9607565117,0.0
@ 500 10 0.122142732507 0.253153491164
137.478205385,182.578245973,42.1964088812,0.0
403.912348462,204.140109631,42.1964088812,0.0
240.660577604,242.280561115,42.1964088812,0.0
178.39456189,82.4033238342,42.1964088812,0.0
42.6512336007,349.39993972,42.1964088812,0.0
356.58454698,436.524083958,42.1964088812,0.0
157.045233192,330.845405625,42.1964088812,0.0
366.433619705,351.374453561,42.1964088812,0.0
469.529274915,431.891205589,42.1964088812,0.0
262.117423815,439.249292066,42.1964088812,0.0
@ 510 10 0.135658914729 0.213383369074
184.403707549,178.167586125,48.4513707944,0.0
307.474751128,180.541855804,48.4513707944,0.0
89.3681166094,254.434968342,48.4513707944,0.0
380.26950307,271.903589008,48.4513707944,0.0
287.089530766,58.737329199,48.4513707944,0.0
103.350803807,416.128080611,48.4513707944,0.0
216.07689533,434.848915492,48.4513707944,0.0
239.194293736,327.272789975,48.4513707944,0.0
367.389002964,389.744172368,48.4513707944,0.0
60.6454543916,58.8263371214,48.4513707944,0.0
@ 520 10 0.135658914729 0.281333676269
384.624996313,412.34655381,44.8227779472,0.0
174.222220073,457.713367985,44.8227779472,0.0
241.608228324,47.8390139078,44.8227779472,0.0
265.560189932,205.961637195,44.8227779472,0.0
367.488268423,280.170773463,44.8227779472,0.0
165.57797627,237.340936641,44.8227779472,0.0
306.733233563,109.969625036,44.8227779472,0.0
283.634061705,405.791836424,44.8227779472,0.0
366.284047123,179.327960361,44.8227779472,0.0
85.6050072237,190.266322787,44.8227779472,0.0
@ 530 10 0.135658914729 0.24077263288
75.1692405505,344.827946275,49.738415185,0.0
410.263583588,449.728627632,49.738415185,0.0
56.2809274692,222.075078867,49.738415185,0.0
396.592654874,297.181555798,49.738415185,0.0
329.099892351,60.2381295232,49.738415185,0.0
187.007196976,152.329862478,49.738415185,0.0
182.061985718,359.100581706,49.738415185,0.0
109.805060441,76.6534779562,49.738415185,0.0
277.098438902,441.373199487,49.738415185,0.0
359.88074907,188.346576561,49.738415185,0.0
@ 540 10 0.135658914729 0.296478681354
300.353884258,447.969973621,45.6126812484,0.0
401.798127955,455.701252924,45.6126812484,0.0
260.432314467,46.8488989434,45.6126812484,0.0
444.535684496,196.177798601,45.6126812484,0.0
45.970284304,426.60150879,45.6126812484,0.0
65.2772259569,323.875637596,45.6126812484,0.0
69.3667065931,145.006060088,45.6126812484,0.0
319.413269247,298.800452519,45.6126812484,0.0
319.109449704,125.79802813,45.6126812484,0.0
189.766558842,337.707172606,45.6126812484,0.0
@ 550 10 0.135658914729 0.2493335888
424.04469426,59.446356149,44.2572420996,0.0
320.723669356,298.115285925,44.2572420996,0.0
72.7408755839,145.820740902,44.2572420996,0.0
201.665362439,202.321225623,44.2572420996,0.0
76.9130599921,246.685080926,44.2572420996,0.0
432.468753852,219.441740104,44.2572420996,0.0
287.56250686,155.56705311,44.2572420996,0.0
409.813797603,435.498411087,44.2572420996,0.0
66.4668062141,48.1481220444,44.2572420996,0.0
173.296068324,62.1384613367,44.2572420996,0.0
@ 560 10 0.135658914729 0.234735231791
449.01927228,54.9754640249,50.6695284315,0.0
128.48440692,454.457009095,50.6695284315,0.0
270.272011901,453.150347222,50.6695284315,0.0
439.570949037,336.120247161,50.6695284315,0.0
133.350310686,321.421298933,50.6695284315,0.0
292.001193592,335.822627088,50.6695284315,0.0
65.8033216771,170.345999036,50.6695284315,0.0
222.728840835,91.6204575876,50.6695284315,0.0
382.813283301,134.555994983,50.6695284315,0.0
258.035752331,239.269442999,50.6695284315,0.0
@ 570 10 0.135658914729 0.307682863533
284.619518337,211.543210434,53.4000823049,0.0
54.3672635383,54.1222106247,53.4000823049,0.0
98.6432117367,341.220587022,53.4000823049,0.0
172.681642768,85.7550169998,53.4000823049,0.0
303.292634875,70.8013315503,53.4000823049,0.0
427.420051747,402.732084448,53.4000823049,0.0
172.427476125,453.674252499,53.4000823049,0.0
63.0301193253,454.584682315,53.4000823049,0.0
414.770681043,106.761837838,53.4000823049,0.0
252.634476244,356.39527429,53.4000823049,0.0
@ 580 10 0.135658914729 0.341738128491
434.682250546,432.896849002,51.8127828702,0.0
208.524949242,446.355381794,51.8127828702,0.0
150.920909523,107.526970809,51.8127828702,0.0
305.480145675,364.915172603,51.8127828702,0.0
404.510079165,86.9815874032,51.8127828702,0.0
298.341299437,259.637037896,51.8127828702,0.0
79.5371141501,375.233341992,51.8127828702,0.0
262.919555843,71.8052649612,51.8127828702,0.0
444.767608669,183.219187895,51.8127828702,0.0
133.463415059,270.547527833,51.8127828702,0.0
@ 590 10 0.135658914729 0.321723971916
72.1544608011,352.536983831,51.0149590872,0.0
440.912101648,172.895896962,51.0149590872,0.0
87.1094517956,221.273622252,51.0149590872,0.0
315.216297532,321.250275397,51.0149590872,0.0
68.0199744641,90.3443597522,51.0149590872,0.0
308.59600544,459.016523717,51.0149590872,0.0
172.749834578,71.6051798626,51.0149590872,0.0
427.715329187,326.765632669,51.0149590872,0.0
376.70660469,73.9563002516,51.0149590872,0.0
234.158086921,189.818449227,51.0149590872,0.0
@ 600 10 0.135658914729 0.311892311689
219.960264931,57.6869233084,48.3346823735,0.0
455.645384916,170.296472049,48.3346823735,0.0
231.592850827,183.589592622,48.3346823735,0.0
460.92462848,404.357881915,48.3346823735,0.0
115.75796795,161.40995909,48.3346823735,0.0
298.474048893,340.594715248,48.3346823735,0.0
403.996947646,308.10475624,48.3346823735,0.0
236.199792123,446.860648523,48.3346823735,0.0
55.3324601232,237.32465631,48.3346823735,0.0
108.42353576,459.606443948,48.3346823735,0.0
@ 610 10 0.152538679451 0.279980201618
142.364670978,77.5898201497,51.4791853118,0.0
56.8030275597,263.61783358,51.4791853118,0.0
298.888319862,105.851507863,51.4791853118,0.0
228.516125305,186.902205795,51.4791853118,0.0
335.427999186,295.735507084,51.4791853118,0.0
227.120840529,346.349084553,51.4791853118,0.0
66.5062955209,375.063468893,51.4791853118,0.0
410.788562294,428.237954285,51.4791853118,0.0
208.043670343,450.090643272,51.4791853118,0.0
421.315150107,56.3885825396,51.4791853118,0.0
@ 620 10 0.152538679451 0.317594457371
65.5574305749,438.960366388,46.0995488581,0.0
431.237098982,122.107379759,46.0995488581,0.0
388.844518226,452.129117448,46.0995488581,0.0
155.556812974,284.829646476,46.0995488581,0.0
276.161112742,312.959852887,46.0995488581,0.0
410.632109745,317.45213222,46.0995488581,0.0
163.130701939,403.779642769,46.0995488581,0.0
106.052484251,189.394536539,46.0995488581,0.0
444.880284935,215.675506666,46.0995488581,0.0
290.649293858,447.989998464,46.0995488581,0.0
@ 630 10 0.152538679451 0.25468474614
428.650429534,54.5469986199,50.3814937578,0.0
176.633630374,64.190047837,50.3814937578,0.0
394.240054032,193.334133431,50.3814937578,0.0
157.80432525,277.976028241,50.3814937578,0.0
50.8237950098,311.250860758,50.3814937578,0.0
84.6838513131,407.981853927,50.3814937578,0.0
375.353237377,405.949473068,50.3814937578,0.0
300.619257004,70.5933630997,50.3814937578,0.0
250.106911691,359.06088617,50.3814937578,0.0
74.0692332031,170.90199428,50.3814937578,0.0
@ 640 10 0.152538679451 0.304194714224
253.796084234,194.39822228,45.6549619146,0.0
112.174698038,433.412622984,45.6549619146,0.0
112.452709,169.939444312,45.6549619146,0.0
229.414315074,99.690969009,45.6549619146,0.0
63.94534636,92.2750114051,45.6549619146,0.0
374.444716085,283.508262482,45.6549619146,0.0
437.817290773,382.858899647,45.6549619146,0.0
329.773448502,401.961117647,45.6549619146,0.0
417.131996032,128.993065672,45.6549619146,0.0
283.54805756,311.590126152,45.6549619146,0.0
@ 650 10 0.152538679451 0.249796042482
64.2242315615,86.9182030838,45.0860446993,0.0
155.738173238,403.244434514,45.0860446993,0.0
328.556469629,356.631127089,45.0860446993,0.0
260.03843158,461.297172926,45.0860446993,0.0
323.067560919,51.9100203252,45.0860446993,0.0
453.786148916,201.993199723,45.0860446993,0.0
451.323915362,393.405808271,45.0860446993,0.0
329.247578603,258.864380041,45.0860446993,0.0
151.508774095,268.973577129,45.0860446993,0.0
46.8096729522,191.964780902,45.0860446993,0.0
@ 660 10 0.152538679451 0.243609296966
355.46751828,312.653872823,48.6749533882,0.0
59.2205736259,100.74303223,48.6749533882,0.0
84.482829357,429.276218885,48.6749533882,0.0
179.819343486,204.217996306,48.6749533882,0.0
327.818322036,57.150646528,48.6749533882,0.0
283.531422513,234.437361001,48.6749533882,0.0
178.976844782,319.493246633,48.6749533882,0.0
458.881173739,83.6497991409,48.6749533882,0.0
257.096891728,139.69521653,48.6749533882,0.0
413.404622444,207.411643346,48.6749533882,0.0
@ 670 10 0.152538679451 0.283936139049
218.24058722,310.431680221,48.1564300934,0.0
195.005585276,159.274530563,48.1564300934,0.0
78.8360167538,393.248080178,48.1564300934,0.0
430.74833111,49.2607512949,48.1564300934,0.0
50.4767330653,119.508611995,48.1564300934,0.0
308.826723654,259.089530465,48.1564300934,0.0
93.7188804979,251.277654883,48.1564300934,0.0
360.356119517,409.537221813,48.1564300934,0.0
435.709488695,187.488539615,48.1564300934,0.0
239.077095689,445.40498816,48.1564300934,0.0
@ 680 10 0.152538679451 0.277918945341
185.3967182,50.4821714555,48.5161699202,0.0
76.487413096,62.7172400227,48.5161699202,0.0
254.813947837,427.67530226,48.5161699202,0.0
152.747601382,361.949106137,48.5161699202,0.0
444.755195697,83.870164136,48.5161699202,0.0
311.598206753,131.137098543,48.5161699202,0.0
136.500942916,162.27090791,48.5161699202,0.0
123.590632022,455.158152219,48.5161699202,0.0
261.171894376,228.19498223,48.5161699202,0.0
100.828693261,277.017610125,48.5161699202,0.0
@ 690 10 0.152538679451 0.282086693844
262.618269036,72.641437338,59.8105587643,0.0
449.682212639,105.974498944,59.8105587643,0.0
426.203398869,430.755632637,59.8105587643,0.0
187.902426683,181.578017187,59.8105587643,0.0
188.589955191,437.997979773,59.8105587643,0.0
196.029628883,311.395175408,59.8105587643,0.0
302.746037796,387.657720276,59.8105587643,0.0
71.2853524815,369.87992231,59.8105587643,0.0
101.033028995,73.7776242177,59.8105587643,0.0
444.411954643,267.153223105,59.8105587643,0.0
@ 700 10 0.152538679451 0.428711667722
53.7042147555,142.141241907,52.1699463182,0.0
159.706451468,443.790782095,52.1699463182,0.0
324.712131824,438.212609448,52.1699463182,0.0
155.884033016,185.003018128,52.1699463182,0.0
268.703662049,349.83434794,52.1699463182,0.0
310.225874717,219.211791525,52.1699463182,0.0
415.616559328,375.106841333,52.1699463182,0.0
434.530498414,105.170317054,52.1699463182,0.0
115.520537281,344.466979721,52.1699463182,0.0
265.165965017,74.1040654479,52.1699463182,0.0
@ 710 10 0.174216027875 0.326174769082
187.271366201,301.686603148,51.8251391711,0.0
362.268133942,280.913519229,51.8251391711,0.0
67.0739165847,284.780969394,51.8251391711,0.0
61.6199482322,180.032677755,51.8251391711,0.0
228.694217425,184.906282424,51.8251391711,0.0
63.6497018872,53.6156104115,51.8251391711,0.0
268.670637842,392.033364106,51.8251391711,0.0
343.15597546,138.581675963,51.8251391711,0.0
441.191343614,361.116201033,51.8251391711,0.0
453.191443216,207.700894044,51.8251391711,0.0
@ 720 10 0.174216027875 0.321877439535
279.66998842,406.763152745,54.5414437954,0.0
353.242735215,108.651649349,54.5414437954,0.0
335.427011686,240.570613232,54.5414437954,0.0
240.467835505,303.63809114,54.5414437954,0.0
108.468029175,432.314769138,54.5414437954,0.0
448.107173473,213.196160183,54.5414437954,0.0
189.933911328,186.561157304,54.5414437954,0.0
431.163016714,330.070137066,54.5414437954,0.0
107.049422726,56.6027216334,54.5414437954,0.0
71.8516710523,162.109612827,54.5414437954,0.0
@ 730 10 0.174216027875 0.356502717189
192.846650341,212.483353813,50.0900979342,0.0
412.935308454,355.189100639,50.0900979342,0.0
306.653285922,234.368880897,50.0900979342,0.0
82.4462229203,399.724805867,50.0900979342,0.0
74.8817006123,138.775533223,50.0900979342,0.0
57.1613578969,241.087793363,50.0900979342,0.0
444.06035505,206.49731681,50.0900979342,0.0
259.810080611,421.399965638,50.0900979342,0.0
138.932248471,305.864800478,50.0900979342,0.0
255.9130181,114.600767054,50.0900979342,0.0
@ 740 10 0.174216027875 0.300686095398
65.750240881,206.687987428,46.7798175638,0.0
382.277383283,253.946147234,46.7798175638,0.0
70.589407285,429.274925726,46.7798175638,0.0
458.561726349,460.174209619,46.7798175638,0.0
172.478399945,441.581504696,46.7798175638,0.0
373.725916036,355.223769553,46.7798175638,0.0
253.385052015,58.5299194132,46.7798175638,0.0
162.945608414,105.680261022,46.7798175638,0.0
456.700563421,112.915101761,46.7798175638,0.0
93.1664499568,304.665313733,46.7798175638,0.0
@ 750 10 0.174216027875 0.262256723744
99.0746449804,376.590185904,41.8936782617,0.0
187.931737327,278.679369798,41.8936782617,0.0
356.004344957,449.06915462,41.8936782617,0.0
172.276345715,192.583308986,41.8936782617,0.0
300.881543115,152.277536993,41.8936782617,0.0
390.042214777,96.523888306,41.8936782617,0.0
469.795334556,309.274477924,41.8936782617,0.0
254.349140883,367.654684005,41.8936782617,0.0
242.987418603,44.6835086445,41.8936782617,0.0
193.484543205,456.71053941,41.8936782617,0.0
@ 760 10 0.174216027875 0.21033259016
326.582274052,56.0756572853,49.3147013179,0.0
378.786058654,336.192496656,49.3147013179,0.0
242.990632589,398.180062806,49.3147013179,0.0
452.278740137,130.97515988,49.3147013179,0.0
259.676374066,145.381140434,49.3147013179,0.0
76.4480938293,399.994262483,49.3147013179,0.0
451.719527426,256.996434511,49.3147013179,0.0
152.977859383,171.972641243,49.3147013179,0.0
305.289013034,236.473853321,49.3147013179,0.0
154.954687446,53.683246768,49.3147013179,0.0
@ 770 10 0.174216027875 0.291448884952
437.778574035,185.578825002,42.8501627019,0.0
469.146101647,311.690574119,42.8501627019,0.0
72.9136242537,244.084574146,42.8501627019,0.0
139.872665518,458.314552418,42.8501627019,0.0
150.1093039,310.297920552,42.8501627019,0.0
419.4851899,382.793689076,42.8501627019,0.0
326.543953127,163.845596991,42.8501627019,0.0
303.071610291,348.96767651,42.8501627019,0.0
219.201664669,372.789629645,42.8501627019,0.0
110.902601642,121.92696837,42.8501627019,0.0
@ 780 10 0.174216027875 0.220046535102
184.463742997,64.9993765674,46.5040870662,0.0
46.9271950957,70.4512410634,46.5040870662,0.0
403.686678738,215.285683383,46.5040870662,0.0
117.782631142,463.96065928,46.5040870662,0.0
426.384495192,317.90582996,46.5040870662,0.0
99.284703189,152.248688589,46.5040870662,0.0
449.279597546,120.393112676,46.5040870662,0.0
103.575035841,319.929421249,46.5040870662,0.0
241.617635356,462.646256571,46.5040870662,0.0
181.091147547,379.314127868,46.5040870662,0.0
@ 790 10 0.174216027875 0.259174237801
455.588416571,209.202990504,51.9330034081,0.0
299.235104863,90.0205583091,51.9330034081,0.0
448.172027805,367.993983569,51.9330034081,0.0
67.1366980633,448.28732969,51.9330034081,0.0
333.895146456,430.525951589,51.9330034081,0.0
452.093046707,66.7721178356,51.9330034081,0.0
102.668846352,212.190792927,51.9330034081,0.0
137.59103769,365.905676123,51.9330034081,0.0
202.374893288,453.926300411,51.9330034081,0.0
156.439458401,61.7373620012,51.9330034081,0.0
@ 800 10 0.174216027875 0.323218688032
458.595071562,178.179947451,47.7780419515,0.0
413.579479332,62.8718678795,47.7780419515,0.0
315.569673562,49.5195681463,47.7780419515,0.0
246.227017522,300.902843552,47.7780419515,0.0
212.680007908,413.608151047,47.7780419515,0.0
157.32199519,251.952289987,47.7780419515,0.0
79.116134799,401.172616187,47.7780419515,0.0
342.95504259,418.914587391,47.7780419515,0.0
315.626896729,180.375283275,47.7780419515,0.0
438.909500393,324.044113635,47.7780419515,0.0
@ 810 10 0.203075137801 0.273568619454
378.930169361,426.208075194,48.8298422584,0.0
92.6423799597,103.358829867,48.8298422584,0.0
251.490637188,129.364729616,48.8298422584,0.0
88.8762366584,295.360779054,48.8298422584,0.0
455.224161962,127.2044662,48.8298422584,0.0
88.4362129521,433.176640872,48.8298422584,0.0
458.936168308,300.241120947,48.8298422584,0.0
196.109204856,424.04979112,48.8298422584,0.0
340.056446146,205.403718846,48.8298422584,0.0
172.261569006,240.43902414,48.8298422584,0.0
@ 820 10 0.203075137801 0.285746044018
78.7762783963,75.8312625197,49.9855656674,0.0
89.7399653214,296.986198114,49.9855656674,0.0
215.672397376,243.614846172,49.9855656674,0.0
194.416281917,450.036565798,49.9855656674,0.0
445.403226764,425.248859353,49.9855656674,0.0
274.217678707,152.575615324,49.9855656674,0.0
57.1301721674,397.430138221,49.9855656674,0.0
390.099324201,70.0855053465,49.9855656674,0.0
458.123415719,150.941386356,49.9855656674,0.0
430.866898714,315.922363379,49.9855656674,0.0
@ 830 10 0.203075137801 0.299432410394
78.1081692576,57.2652040491,49.4329374203,0.0
401.299673198,267.420521887,49.4329374203,0.0
353.842972029,458.857274022,49.4329374203,0.0
363.283534849,358.986821676,49.4329374203,0.0
401.501659111,103.206865356,49.4329374203,0.0
288.396793623,244.519866887,49.4329374203,0.0
214.079152886,143.445225464,49.4329374203,0.0
242.764275145,428.647727103,49.4329374203,0.0
140.467040129,362.144348204,49.4329374203,0.0
95.6072065559,232.30876738,49.4329374203,0.0
@ 840 10 0.203075137801 0.292848106254
71.4398264402,67.8678207951,55.502852285,0.0
140.260080578,174.017274201,55.502852285,0.0
303.220446321,127.560159096,55.502852285,0.0
309.754555978,262.570027131,55.502852285,0.0
271.719568679,446.530560123,55.502852285,0.0
426.880281456,194.300407766,55.502852285,0.0
131.814492041,411.150765638,55.502852285,0.0
407.88002808,444.211736876,55.502852285,0.0
207.576590087,70.9078663165,55.502852285,0.0
416.365829298,82.2449810307,55.502852285,0.0
@ 850 10 0.203075137801 0.369181719279
272.366884148,288.404564692,55.6089105185,0.0
73.3420311176,120.073822839,55.6089105185,0.0
65.1449069333,454.161699448,55.6089105185,0.0
415.517609538,439.225856581,55.6089105185,0.0
386.955339855,324.517933954,55.6089105185,0.0
228.814671523,114.113124537,55.6089105185,0.0
301.394823623,400.646180672,55.6089105185,0.0
450.749311921,169.261632172,55.6089105185,0.0
336.866817027,154.145569268,55.6089105185,0.0
64.1403524789,324.716271218,55.6089105185,0.0
@ 860 10 0.203075137801 0.370593977174
235.696225233,230.925213307,49.374379744,0.0
64.9989810665,375.278789127,49.374379744,0.0
413.619530669,400.875752267,49.374379744,0.0
151.930188346,294.834426867,49.374379744,0.0
60.362303658,193.86851653,49.374379744,0.0
329.428134621,54.097179517,49.374379744,0.0
304.737525175,426.513306184,49.374379744,0.0
183.164835245,83.5351230038,49.374379744,0.0
385.241633251,136.569581779,49.374379744,0.0
397.271224334,297.288551796,49.374379744,0.0
@ 870 10 0.203075137801 0.292154708348
82.0505146676,436.863326456,52.9950022209,0.0
224.162988244,288.927831741,52.9950022209,0.0
458.417515329,430.964270203,52.9950022209,0.0
82.222601474,92.665307941,52.9950022209,0.0
447.211158755,322.49279205,52.9950022209,0.0
405.780877934,167.55096998,52.9950022209,0.0
221.90227693,65.5452285677,52.9950022209,0.0
220.819067168,408.444491939,52.9950022209,0.0
288.564556712,164.942244656,52.9950022209,0.0
97.998412798,240.016545971,52.9950022209,0.0
@ 880 10 0.203075137801 0.336573108114
64.5515637183,77.3089681177,59.2749756772,0.0
443.526103696,88.3892535434,59.2749756772,0.0
327.531463726,436.281168632,59.2749756772,0.0
194.313570545,414.893994651,59.2749756772,0.0
447.350161655,218.047396859,59.2749756772,0.0
445.46644602,386.421285175,59.2749756772,0.0
246.906492991,68.9057421466,59.2749756772,0.0
160.066788999,162.776125217,59.2749756772,0.0
130.396435619,280.270084725,59.2749756772,0.0
290.174619729,274.058635636,59.2749756772,0.0
@ 890 10 0.203075137801 0.421068111784
103.783002089,95.9253240018,46.8967974015,0.0
113.970996619,424.887507338,46.8967974015,0.0
431.964525482,287.19790495,46.8967974015,0.0
399.344763066,128.093947666,46.8967974015,0.0
278.585268007,125.091738579,46.8967974015,0.0
274.81432475,430.268171062,46.8967974015,0.0
201.934064227,328.001507801,46.8967974015,0.0
179.686019942,182.117758157,46.8967974015,0.0
332.620368347,220.149423786,46.8967974015,0.0
327.6151521,349.153291543,46.8967974015,0.0
@ 900 10 0.203075137801 0.263569986981
243.798650675,77.2113744858,53.0387311782,0.0
131.321527752,106.053848609,53.0387311782,0.0
437.557903794,77.6938850916,53.0387311782,0.0
168.139775726,347.843972836,53.0387311782,0.0
69.9899243108,452.411500831,53.0387311782,0.0
93.7368240919,262.733144397,53.0387311782,0.0
410.381266847,439.929026075,53.0387311782,0.0
217.308011264,251.996727016,53.0387311782,0.0
407.894434925,274.063661143,53.0387311782,0.0
292.197018795,384.058393689,53.0387311782,0.0
@ 910 10 0.243393602225 0.337128785546
380.766596569,50.1557403429,48.6059515189,0.0
49.6559260596,265.586339097,48.6059515189,0.0
179.794610641,61.209446842,48.6059515189,0.0
99.8045165037,449.269420247,48.6059515189,0.0
186.486065387,269.266062944,48.6059515189,0.0
403.37096747,269.143535822,48.6059515189,0.0
436.668100223,417.028932378,48.6059515189,0.0
283.74321946,255.877360876,48.6059515189,0.0
215.238712935,417.141515089,48.6059515189,0.0
326.868428136,428.615381952,48.6059515189,0.0
@ 920 10 0.243393602225 0.283131690927
209.315656096,420.390480051,55.8923800554,0.0
209.25135975,204.448104666,55.8923800554,0.0
384.819147982,55.9630885817,55.8923800554,0.0
68.4438115375,426.043344041,55.8923800554,0.0
70.3301719807,257.782236476,55.8923800554,0.0
397.281634469,433.157580404,55.8923800554,0.0
151.018181369,97.8596864275,55.8923800554,0.0
325.37806789,294.128146507,55.8923800554,0.0
278.690260256,95.4132078152,55.8923800554,0.0
394.292898886,196.898147498,55.8923800554,0.0
@ 930 10 0.243393602225 0.37438185421
443.403462458,147.204796645,55.905016059,0.0
200.465957668,58.069558507,55.905016059,0.0
76.3920765642,70.402110026,55.905016059,0.0
396.427381353,324.856249054,55.905016059,0.0
74.2790670466,392.467037366,55.905016059,0.0
189.719978682,338.812110448,55.905016059,0.0
255.58883383,230.929203918,55.905016059,0.0
197.242132461,454.307060001,55.905016059,0.0
151.378309768,164.57036219,55.905016059,0.0
60.057165105,245.887683759,55.905016059,0.0
@ 940 10 0.243393602225 0.374551151892
80.5156374419,156.557170318,56.318621807,0.0
436.55943072,437.459813982,56.318621807,0.0
107.593250568,420.086064457,56.318621807,0.0
63.4614145437,274.720405087,56.318621807,0.0
419.682932606,305.34003819,56.318621807,0.0
246.670705507,84.8456841743,56.318621807,0.0
398.54504864,67.3421929149,56.318621807,0.0
166.86102299,322.225640293,56.318621807,0.0
410.731173291,185.088700676,56.318621807,0.0
308.97811,247.696596627,56.318621807,0.0
@ 950 10 0.243393602225 0.380113785974
403.44974018,77.3186949784,54.7870173642,0.0
58.5672237521,72.9631337168,54.7870173642,0.0
272.832049001,179.518875095,54.7870173642,0.0
248.156070663,443.974723229,54.7870173642,0.0
72.6369742713,397.876750474,54.7870173642,0.0
451.847975257,402.985172017,54.7870173642,0.0
450.523558397,233.525639801,54.7870173642,0.0
337.123585148,279.28812934,54.7870173642,0.0
171.176978129,226.709988994,54.7870173642,0.0
211.369029433,68.4040714504,54.7870173642,0.0
@ 960 10 0.243393602225 0.359720260791
102.031983004,68.1796393311,53.1650498213,0.0
197.7735934,125.267468033,53.1650498213,0.0
252.974620385,284.006439659,53.1650498213,0.0
415.453013029,93.7003941057,53.1650498213,0.0
327.605854122,435.400787712,53.1650498213,0.0
288.437459639,62.9729706242,53.1650498213,0.0
451.88245451,443.572944518,53.1650498213,0.0
333.900289094,204.190468662,53.1650498213,0.0
451.046187118,205.318373789,53.1650498213,0.0
94.607567852,268.74633048,53.1650498213,0.0
@ 970 10 0.243393602225 0.338736529978
180.506628914,428.746075047,47.2857214636,0.0
119.673757098,349.198943229,47.2857214636,0.0
161.525155501,148.786343589,47.2857214636,0.0
419.591738368,282.797621172,47.2857214636,0.0
423.474686631,63.0582484882,47.2857214636,0.0
339.100741483,218.076600691,47.2857214636,0.0
52.423982277,200.938278587,47.2857214636,0.0
447.021052629,161.095220419,47.2857214636,0.0
458.885655746,386.397388863,47.2857214636,0.0
227.414078443,51.9646750055,47.2857214636,0.0
@ 980 10 0.243393602225 0.267959786619
143.59198791,231.134166133,54.2444395673,0.0
106.926595687,335.249935812,54.2444395673,0.0
74.001258713,128.066553601,54.2444395673,0.0
454.648104922,259.765101067,54.2444395673,0.0
446.895548808,440.939792552,54.2444395673,0.0
288.135693736,70.9790293194,54.2444395673,0.0
303.049895105,191.979729462,54.2444395673,0.0
326.61779211,332.720087996,54.2444395673,0.0
260.130226492,450.835958958,54.2444395673,0.0
60.2534922047,455.235302323,54.2444395673,0.0
@ 990 10 0.243393602225 0.352630633294
208.111782792,240.284925561,53.2761871004,0.0
364.581978067,66.2916739936,53.2761871004,0.0
59.6531935408,358.422120764,53.2761871004,0.0
140.490468,457.726911012,53.2761871004,0.0
309.69628838,184.250430277,53.2761871004,0.0
442.894760156,265.951280773,53.2761871004,0.0
458.298227701,391.223037726,53.2761871004,0.0
75.1834092051,245.799907575,53.2761871004,0.0
310.131459569,454.635533703,53.2761871004,0.0
224.27908961,369.394068657,53.2761871004,0.0
@ 1000 10 0.243393602225 0.340154213387
248.207218335,314.108459804,58.5679626777,0.0
108.870327047,242.071001484,58.5679626777,0.0
386.828753104,282.211589913,58.5679626777,0.0
230.813403449,174.435648191,58.5679626777,0.0
324.879393816,432.145843244,58.5679626777,0.0
116.922511202,90.8671512228,58.5679626777,0.0
73.5057937472,424.639286908,58.5679626777,0.0
353.286891555,165.08323566,58.5679626777,0.0
444.39613479,396.281310728,58.5679626777,0.0
206.547249512,450.186118071,58.5679626777,0.0
@ 1010 10 0.303687635575 0.411083284756
306.211290217,113.036352286,54.6397961733,0.0
325.034610104,224.891272865,54.6397961733,0.0
365.908359897,401.988931918,54.6397961733,0.0
445.122327871,88.7198421439,54.6397961733,0.0
66.6599606986,70.931211668,54.6397961733,0.0
180.697313848,87.7627129523,54.6397961733,0.0
94.8345026599,309.834834221,54.6397961733,0.0
118.171581557,200.299016922,54.6397961733,0.0
436.969120276,261.693185799,54.6397961733,0.0
198.685023036,422.912921686,54.6397961733,0.0
@ 1020 10 0.303687635575 0.357789610284
445.747771381,259.938386749,54.1549206174,0.0
174.059402514,296.383514739,54.1549206174,0.0
73.7069805388,420.99039116,54.1549206174,0.0
378.188025413,443.481572812,54.1549206174,0.0
93.3846067742,97.8095143988,54.1549206174,0.0
456.085875858,99.5910149495,54.1549206174,0.0
229.443157596,174.707788735,54.1549206174,0.0
291.792501419,63.0635571936,54.1549206174,0.0
340.462237315,203.47441989,54.1549206174,0.0
241.340251683,452.663664649,54.1549206174,0.0
@ 1030 10 0.303687635575 0.351467709433
228.196179863,64.4920640527,58.8731156898,0.0
237.973810961,437.784162051,58.8731156898,0.0
428.85765119,211.120025996,58.8731156898,0.0
363.184748832,447.281800783,58.8731156898,0.0
320.664827321,296.835848146,58.8731156898,0.0
120.612205679,208.141574657,58.8731156898,0.0
447.374472226,338.883570768,58.8731156898,0.0
168.515025274,318.908419618,58.8731156898,0.0
368.805697266,59.2576927497,58.8731156898,0.0
78.9066718482,419.177783353,58.8731156898,0.0
@ 1040 10 0.303687635575 0.415378127586
425.225873484,191.555394382,55.0380549509,0.0
94.8533211164,190.201369828,55.0380549509,0.0
254.713145386,360.335145147,55.0380549509,0.0
202.081655258,106.914935699,55.0380549509,0.0
390.83932816,364.09878696,55.0380549509,0.0
95.3141009379,312.986804013,55.0380549509,0.0
325.609530962,105.492169758,55.0380549509,0.0
287.654837789,234.640318518,55.0380549509,0.0
100.101200392,60.5443276469,55.0380549509,0.0
169.450443541,445.805287769,55.0380549509,0.0
@ 1050 10 0.303687635575 0.363024335306
203.108310569,258.358173172,55.5887622757,0.0
276.913580155,69.2025994278,55.5887622757,0.0
312.608314833,451.028432787,55.5887622757,0.0
90.8279588713,178.084518778,55.5887622757,0.0
416.768537318,388.226444046,55.5887622757,0.0
94.8827118698,57.947512074,55.5887622757,0.0
367.717740265,164.73651766,55.5887622757,0.0
198.138139828,405.983472122,55.5887622757,0.0
370.214816881,276.216811825,55.5887622757,0.0
426.097305709,65.6653719939,55.5887622757,0.0
@ 1060 10 0.303687635575 0.370325478305
451.724710528,439.647268102,58.2122726445,0.0
69.7666134728,86.9550373229,58.2122726445,0.0
255.582293839,140.656737576,58.2122726445,0.0
89.1134204881,433.818891609,58.2122726445,0.0
366.203226611,267.367984829,58.2122726445,0.0
229.684044729,444.377829975,58.2122726445,0.0
430.419878773,65.6110706703,58.2122726445,0.0
343.632637966,390.717602362,58.2122726445,0.0
61.275866096,222.458869245,58.2122726445,0.0
201.330404379,300.641040886,58.2122726445,0.0
@ 1070 10 0.303687635575 0.406105333657
380.84829669,193.660327012,56.3225594795,0.0
110.359983649,445.795281905,56.3225594795,0.0
98.0234043354,65.5437633912,56.3225594795,0.0
237.58720522,185.854322801,56.3225594795,0.0
208.935471631,319.912550354,56.3225594795,0.0
92.6825086348,306.813043949,56.3225594795,0.0
418.585594626,69.9358754385,56.3225594795,0.0
294.264012976,437.252428599,56.3225594795,0.0
332.753818228,308.35367461,56.3225594795,0.0
455.072629297,337.148834088,56.3225594795,0.0
@ 1080 10 0.303687635575 0.380166941248
384.682543276,442.104557319,58.1783575985,0.0
391.216844061,308.842553862,58.1783575985,0.0
190.810325871,198.473668996,58.1783575985,0.0
265.839031102,292.085011074,58.1783575985,0.0
68.7604924777,397.304726558,58.1783575985,0.0
157.367609704,59.6090253364,58.1783575985,0.0
441.530623825,65.130723245,58.1783575985,0.0
78.7778024224,262.154920306,58.1783575985,0.0
307.999351342,146.317402252,58.1783575985,0.0
58.2453775135,142.216456241,58.1783575985,0.0
@ 1090 10 0.303687635575 0.405632269533
395.188165509,434.417080171,60.0607876807,0.0
219.641071148,411.322986347,60.0607876807,0.0
90.0202146988,411.403066191,60.0607876807,0.0
212.045861663,234.448962727,60.0607876807,0.0
74.2173732343,250.439376249,60.0607876807,0.0
267.311051372,118.923623483,60.0607876807,0.0
326.134257319,279.357943526,60.0607876807,0.0
446.296984159,258.389160376,60.0607876807,0.0
74.6220228057,63.3250677167,60.0607876807,0.0
414.737105472,92.8370044651,60.0607876807,0.0
@ 1100 10 0.303687635575 0.432306366157
433.31335381,403.424769082,59.3256121437,0.0
91.2472175638,232.064910275,59.3256121437,0.0
327.071864378,211.571914328,59.3256121437,0.0
224.516275518,443.270429577,59.3256121437,0.0
228.799461624,136.217524823,59.3256121437,0.0
450.20126048,233.583362381,59.3256121437,0.0
427.88527889,65.5519866052,59.3256121437,0.0
323.380265109,354.863915537,59.3256121437,0.0
69.806786025,103.763844365,59.3256121437,0.0
83.3981731741,406.11082071,59.3256121437,0.0
@ 1110 10 0.40369088812 0.421787825565
286.528465379,90.7469072666,54.6345344047,0.0
252.065435921,454.477202775,54.6345344047,0.0
112.194102578,408.615862616,54.6345344047,0.0
426.185224917,452.013062324,54.6345344047,0.0
446.115843571,118.02901012,54.6345344047,0.0
202.230558267,332.1273345,54.6345344047,0.0
312.46303776,334.028649856,54.6345344047,0.0
146.799891114,137.600477442,54.6345344047,0.0
229.376001804,209.519818046,54.6345344047,0.0
118.846883053,247.702404435,54.6345344047,0.0
@ 1120 10 0.40369088812 0.357720703898
442.573922342,149.893254573,57.432757782,0.0
117.390423816,135.4712161,57.432757782,0.0
165.89445531,252.828098412,57.432757782,0.0
235.050454929,126.165513798,57.432757782,0.0
355.095546452,64.7773164648,57.432757782,0.0
279.51888052,299.016906082,57.432757782,0.0
78.3406614491,415.706904575,57.432757782,0.0
349.034430217,403.038681406,57.432757782,0.0
435.396176458,313.385202793,57.432757782,0.0
206.069293614,409.591059179,57.432757782,0.0
@ 1130 10 0.40369088812 0.395301921161
273.610981787,444.380735898,65.6462466276,0.0
107.274086339,443.435846614,65.6462466276,0.0
110.67709653,300.491691866,65.6462466276,0.0
83.6710723296,152.413836357,65.6462466276,0.0
443.5815303,112.656027502,65.6462466276,0.0
440.710067791,265.836857027,65.6462466276,0.0
320.176650619,65.6757707354,65.6462466276,0.0
285.233970963,292.404144799,65.6462466276,0.0
215.414594343,149.29229911,65.6462466276,0.0
435.310098437,427.17176073,65.6462466276,0.0
@ 1140 10 0.40369088812 0.516451310714
116.94455204,419.555775162,60.2667771235,0.0
398.10934869,378.03566088,60.2667771235,0.0
100.273689948,85.8787651595,60.2667771235,0.0
249.971376553,406.828145661,60.2667771235,0.0
446.230968849,232.699517898,60.2667771235,0.0
186.30739948,213.899811034,60.2667771235,0.0
63.5869539458,239.561284931,60.2667771235,0.0
316.406190868,212.130921739,60.2667771235,0.0
267.207269557,86.1501244596,60.2667771235,0.0
417.81979766,69.8727733711,60.2667771235,0.0
@ 1150 10 0.40369088812 0.435276798565
239.396248675,260.677309751,59.6595402074,0.0
314.290980275,379.170090838,59.6595402074,0.0
377.588764398,258.358253155,59.6595402074,0.0
221.962643681,72.675795543,59.6595402074,0.0
205.444578641,438.55736658,59.6595402074,0.0
438.70817532,363.868798389,59.6595402074,0.0
63.2704247993,155.41218104,59.6595402074,0.0
84.9952737559,448.339079974,59.6595402074,0.0
383.6666092,80.5498457183,59.6595402074,0.0
80.2845957498,325.563562279,59.6595402074,0.0
@ 1160 10 0.40369088812 0.42654945149
442.691767293,335.452442072,60.9820206374,0.0
161.900742692,65.8351528023,60.9820206374,0.0
403.95499119,83.5484572562,60.9820206374,0.0
428.079048561,211.331759985,60.9820206374,0.0
261.932934936,417.852807513,60.9820206374,0.0
157.447616062,337.937665929,60.9820206374,0.0
248.425477804,256.452110613,60.9820206374,0.0
65.8305712581,238.603113272,60.9820206374,0.0
84.6577614149,440.790138593,60.9820206374,0.0
280.227479959,107.134526896,60.9820206374,0.0
@ 1170 10 0.40369088812 0.445669799182
437.067349104,64.1944976109,57.0857663372,0.0
63.0939153966,384.594755861,57.0857663372,0.0
195.858528379,313.021277851,57.0857663372,0.0
354.460682777,378.695146791,57.0857663372,0.0
178.012181561,188.125397031,57.0857663372,0.0
74.8158424279,250.395748046,57.0857663372,0.0
188.82585254,435.318572905,57.0857663372,0.0
450.478035338,311.607107609,57.0857663372,0.0
209.689249229,69.0994806836,57.0857663372,0.0
346.729860181,230.525384833,57.0857663372,0.0
@ 1180 10 0.40369088812 0.390539759948
61.538229476,63.7595254562,57.7726596268,0.0
323.047995982,307.253558575,57.7726596268,0.0
172.891305668,447.420164337,57.7726596268,0.0
163.159119289,204.059387948,57.7726596268,0.0
274.311148987,154.845181201,57.7726596268,0.0
186.184228488,66.7847876983,57.7726596268,0.0
294.098615333,448.552688537,57.7726596268,0.0
99.3597341323,306.733948494,57.7726596268,0.0
439.148590104,315.375224403,57.7726596268,0.0
411.869847117,190.430583376,57.7726596268,0.0
@ 1190 10 0.40369088812 0.399994763971
128.215632099,64.3485399701,60.8923713345,0.0
113.57088074,397.322998281,60.8923713345,0.0
212.663190489,183.94971105,60.8923713345,0.0
240.381920282,308.722465417,60.8923713345,0.0
394.010580522,300.45048557,60.8923713345,0.0
91.3035269106,263.290594992,60.8923713345,0.0
434.55266194,72.8144703669,60.8923713345,0.0
312.871515885,418.07717915,60.8923713345,0.0
351.703544748,166.343423884,60.8923713345,0.0
449.585443329,426.343983528,60.8923713345,0.0
@ 1200 10 0.40369088812 0.444360409354
406.630306713,422.935758192,57.9244187005,0.0
83.4895959355,359.257142771,57.9244187005,0.0
308.160293633,68.7512404026,57.9244187005,0.0
425.570717144,98.089984848,57.9244187005,0.0
425.03913355,275.64067506,57.9244187005,0.0
210.917095051,447.063706671,57.9244187005,0.0
67.137224766,96.9781205681,57.9244187005,0.0
271.567613749,193.520340795,57.9244187005,0.0
124.538059508,223.894419629,57.9244187005,0.0
212.376127501,314.35926615,57.9244187005,0.0
@ 1210 10 0.601891659501 0.402098962161
65.5562667083,279.423756203,65.550097525,0.0
309.062369082,231.149630946,65.550097525,0.0
68.1719961923,415.211501109,65.550097525,0.0
414.260097986,406.947597709,65.550097525,0.0
101.463479326,133.935892912,65.550097525,0.0
417.216886665,84.931159834,65.550097525,0.0
443.233051891,250.243183557,65.550097525,0.0
271.852413805,442.275510693,65.550097525,0.0
274.802236704,77.1363221503,65.550097525,0.0
205.791863867,321.778934968,65.550097525,0.0
@ 1220 10 0.601891659501 0.514939572636
281.980451273,402.865521682,66.909308501,0.0
434.315471094,238.064829636,66.909308501,0.0
432.636634951,418.807118516,66.909308501,0.0
84.9206624513,68.2005539372,66.909308501,0.0
71.9377889895,220.033127459,66.909308501,0.0
295.910310249,241.370477415,66.909308501,0.0
334.262161745,74.6235358804,66.909308501,0.0
119.117602151,436.313965447,66.909308501,0.0
203.128145361,134.63898949,66.909308501,0.0
177.090385284,307.581220091,66.909308501,0.0
@ 1230 10 0.601891659501 0.536515986312
430.841610203,421.609773656,64.3855739327,0.0
289.576399806,339.429891494,64.3855739327,0.0
427.650454754,252.063335605,64.3855739327,0.0
65.6688662475,75.1959568183,64.3855739327,0.0
306.817065919,194.431503943,64.3855739327,0.0
79.5210397365,315.099747752,64.3855739327,0.0
373.756038442,71.8628832798,64.3855739327,0.0
129.513787347,188.36775585,64.3855739327,0.0
215.868168372,87.6478230694,64.3855739327,0.0
145.938777804,436.068019726,64.3855739327,0.0
@ 1240 10 0.601891659501 0.496805879158
429.608005743,436.243709385,59.770914702,0.0
300.665739842,317.348124243,59.770914702,0.0
120.829826968,272.407653849,59.770914702,0.0
68.4278341108,412.005631903,59.770914702,0.0
423.329025491,135.943778159,59.770914702,0.0
307.036910471,79.5311390824,59.770914702,0.0
62.1361129444,68.9409141397,59.770914702,0.0
432.052319333,305.118298804,59.770914702,0.0
202.203350906,385.304475456,59.770914702,0.0
178.52230803,139.195073439,59.770914702,0.0
@ 1250 10 0.601891659501 0.428143532605
334.727045772,376.39288093,57.0658228835,0.0
94.0484976731,88.8020214863,57.0658228835,0.0
437.426738813,446.364430344,57.0658228835,0.0
445.34387174,169.817402645,57.0658228835,0.0
431.093608033,308.867606443,57.0658228835,0.0
222.266040984,185.772474288,57.0658228835,0.0
287.316626735,79.1275868766,57.0658228835,0.0
119.096928734,243.41273958,57.0658228835,0.0
333.886071372,231.271989054,57.0658228835,0.0
92.0293634027,452.277193323,57.0658228835,0.0
@ 1260 10 0.601891659501 0.390266930078
395.534000707,258.534409199,63.2691270086,0.0
67.9769026588,222.875032387,63.2691270086,0.0
295.901247093,72.3722978617,63.2691270086,0.0
285.89455642,394.849067712,63.2691270086,0.0
426.032178397,109.432867557,63.2691270086,0.0
67.0855705122,408.739909196,63.2691270086,0.0
258.241344537,268.76443986,63.2691270086,0.0
429.998322236,443.84671185,63.2691270086,0.0
189.107736943,152.519029218,63.2691270086,0.0
77.2737639631,71.8195815839,63.2691270086,0.0
@ 1270 10 0.601891659501 0.479726012418
86.0852454766,82.8041458601,65.294125264,0.0
209.301008323,329.553119375,65.294125264,0.0
438.430330009,110.747420116,65.294125264,0.0
246.533567085,204.058281931,65.294125264,0.0
269.975906906,445.448493108,65.294125264,0.0
79.7594252493,225.355778447,65.294125264,0.0
352.390682033,289.130042026,65.294125264,0.0
418.860313034,430.602424239,65.294125264,0.0
304.367855479,84.3773484127,65.294125264,0.0
71.4620751,432.389593907,65.294125264,0.0
@ 1280 10 0.601891659501 0.510925760512
338.468647626,165.791326107,65.5674961756,0.0
443.31560876,71.9394501061,65.5674961756,0.0
303.419632912,295.026818013,65.5674961756,0.0
442.746937238,253.498212991,65.5674961756,0.0
91.1617573722,416.838257647,65.5674961756,0.0
176.444635482,228.939597206,65.5674961756,0.0
95.0180023322,93.5545372692,65.5674961756,0.0
395.142306184,422.998677842,65.5674961756,0.0
235.955611858,67.1113248007,65.5674961756,0.0
253.462701295,433.896003432,65.5674961756,0.0
@ 1290 10 0.601891659501 0.515212964836
430.709614175,64.9882897406,62.1175314722,0.0
86.9419870744,125.575748263,62.1175314722,0.0
320.71827143,330.332718405,62.1175314722,0.0
67.8498825205,431.362301523,62.1175314722,0.0
436.022176406,426.386625505,62.1175314722,0.0
74.5806269987,260.611741068,62.1175314722,0.0
197.820173004,229.715905516,62.1175314722,0.0
246.70962104,441.868969837,62.1175314722,0.0
269.536455294,81.8038088616,62.1175314722,0.0
380.4488179,186.472831722,62.1175314722,0.0
@ 1300 10 0.601891659501 0.462421439489
432.404891754,85.4210442033,65.9492249182,0.0
237.119434408,436.611800245,65.9492249182,0.0
399.787452335,420.507360709,65.9492249182,0.0
73.5064209259,441.635815408,65.9492249182,0.0
445.600870528,244.505158743,65.9492249182,0.0
80.5700171901,300.133291852,65.9492249182,0.0
279.619914209,68.7659831831,65.9492249182,0.0
81.3463360564,76.784120617,65.9492249182,0.0
159.797981959,184.674731828,65.9492249182,0.0
301.716107809,309.899094614,65.9492249182,0.0
@ 1310 10 1.18243243243 0.52122948558
429.53957017,70.6308638688,67.6563692495,0.0
331.416017577,176.945301204,67.6563692495,0.0
433.606090867,437.051649974,67.6563692495,0.0
225.763989971,269.428823039,67.6563692495,0.0
222.909017112,93.7748648589,67.6563692495,0.0
257.314027572,441.720190164,67.6563692495,0.0
75.0455337223,69.0704042158,67.6563692495,0.0
118.410691224,387.758810854,67.6563692495,0.0
68.8978127793,261.037333649,67.6563692495,0.0
354.520912517,319.486903084,67.6563692495,0.0
@ 1320 10 1.18243243243 0.548563565945
164.527964181,318.99225039,64.5244442286,0.0
436.174257798,401.394532048,64.5244442286,0.0
69.8394540888,437.720897889,64.5244442286,0.0
322.35224601,178.120128736,64.5244442286,0.0
236.007813729,444.728044891,64.5244442286,0.0
168.485586576,75.2224906333,64.5244442286,0.0
407.507228553,79.6608155069,64.5244442286,0.0
75.1298057996,205.66524024,64.5244442286,0.0
445.716978283,259.292477224,64.5244442286,0.0
299.262956641,328.024783662,64.5244442286,0.0
@ 1330 10 1.18243243243 0.498951266008
80.3339902931,79.5007052633,66.750714965,0.0
440.333525257,387.891667503,66.750714965,0.0
136.022975893,429.413716283,66.750714965,0.0
213.913812202,310.757941526,66.750714965,0.0
297.799339053,427.466991563,66.750714965,0.0
421.130788596,125.529519624,66.750714965,0.0
357.544094238,261.477189738,66.750714965,0.0
176.075745775,173.775442978,66.750714965,0.0
276.750135564,81.9329268707,66.750714965,0.0
77.0247550657,275.035880579,66.750714965,0.0
@ 1340 10 1.18243243243 0.533975618511
67.6776483405,92.6119205176,65.869749823,0.0
249.591073863,82.5003096002,65.869749823,0.0
296.374295783,442.186984475,65.869749823,0.0
175.340853899,191.657767953,65.869749823,0.0
156.421743069,445.685165883,65.869749823,0.0
429.514439066,303.814462158,65.869749823,0.0
105.720885373,311.629222665,65.869749823,0.0
320.811947893,205.348469132,65.869749823,0.0
433.913646765,133.524681079,65.869749823,0.0
434.074128242,437.221738945,65.869749823,0.0
@ 1350 10 1.18243243243 0.519973980222
68.1918644204,206.381401087,63.3958636559,0.0
197.154331023,201.978693863,63.3958636559,0.0
204.235820156,68.9802446182,63.3958636559,0.0
428.297233294,423.999171699,63.3958636559,0.0
349.278398032,94.9454494674,63.3958636559,0.0
67.0262477984,73.9412952612,63.3958636559,0.0
104.889451032,334.249049534,63.3958636559,0.0
275.997097283,424.983061006,63.3958636559,0.0
323.7787741,225.671573617,63.3958636559,0.0
444.262954004,179.450468759,63.3958636559,0.0
@ 1360 10 1.18243243243 0.48164984995
357.750352699,446.322119817,62.7523781113,0.0
257.437800405,324.345892307,62.7523781113,0.0
338.485898164,67.3063877343,62.7523781113,0.0
194.741098613,447.000579184,62.7523781113,0.0
430.483210298,307.831353987,62.7523781113,0.0
200.631152596,90.2896604747,62.7523781113,0.0
85.1149693273,308.180602414,62.7523781113,0.0
81.5215442161,148.247804846,62.7523781113,0.0
184.795353763,219.900679162,62.7523781113,0.0
348.385132459,202.31981394,62.7523781113,0.0
@ 1370 10 1.18243243243 0.471921715126
205.130647934,339.538813701,65.3344472358,0.0
214.647866332,206.09961944,65.3344472358,0.0
432.142101273,97.0070807314,65.3344472358,0.0
442.843086104,368.396023026,65.3344472358,0.0
356.764066758,215.959103604,65.3344472358,0.0
101.947143958,425.550050762,65.3344472358,0.0
308.41031346,424.030118715,65.3344472358,0.0
246.479236489,74.9809311694,65.3344472358,0.0
94.8987459936,95.673659755,65.3344472358,0.0
68.9621348426,297.307733237,65.3344472358,0.0
@ 1380 10 1.18243243243 0.511556993267
301.309137473,69.1989320615,66.9634589279,0.0
437.119127132,442.119085589,66.9634589279,0.0
439.210287913,72.8386995836,66.9634589279,0.0
223.853602437,371.395037743,66.9634589279,0.0
351.994767003,330.33122174,66.9634589279,0.0
85.8869417205,101.482126079,66.9634589279,0.0
68.2904489052,262.608870807,66.9634589279,0.0
214.074503641,202.831357216,66.9634589279,0.0
444.961867395,219.847352708,66.9634589279,0.0
86.4179959587,431.982859785,66.9634589279,0.0
@ 1390 10 1.18243243243 0.5373847541
304.067013274,243.55665429,67.9078176435,0.0
436.975644893,404.056374632,67.9078176435,0.0
292.441445778,76.4074816529,67.9078176435,0.0
178.656431692,179.472739471,67.9078176435,0.0
125.990905152,421.343871932,67.9078176435,0.0
82.3203016751,81.9358728721,67.9078176435,0.0
72.5628105973,291.276299376,67.9078176435,0.0
443.803332932,238.893035023,67.9078176435,0.0
442.672853271,86.1864401261,67.9078176435,0.0
273.936811949,442.613970939,67.9078176435,0.0
@ 1400 10 1.18243243243 0.552648672825
295.1903721,284.9471287,75.4911323271,0.0
431.367173139,384.602606549,75.4911323271,0.0
284.999948158,75.9454141263,75.4911323271,0.0
181.314966865,185.798896983,75.4911323271,0.0
130.783358639,436.091176409,75.4911323271,0.0
77.1762771251,76.3744529373,75.4911323271,0.0
76.3825481572,294.443067244,75.4911323271,0.0
436.452422681,228.190221448,75.4911323271,0.0
436.254995638,76.5376964035,75.4911323271,0.0
287.780957214,435.7980042,75.4911323271,0.0
@ 1410 10 33.3333333333 0.682969741709
295.850529281,285.030528175,75.5177070485,0.0
433.251459411,383.952969782,75.5177070485,0.0
283.791342597,76.6566328955,75.5177070485,0.0
180.605001389,187.405943832,75.5177070485,0.0
136.01261324,435.081867925,75.5177070485,0.0
76.546217469,76.7059094354,75.5177070485,0.0
75.9553485293,296.488515209,75.5177070485,0.0
435.641217386,227.386595647,75.5177070485,0.0
434.954823067,75.7765457911,75.5177070485,0.0
287.851007438,435.864948754,75.5177070485,0.0
@ 1420 10 33.3333333333 0.683450670387
293.634427633,285.081033529,75.5420705358,0.0
435.331183111,388.645466636,75.5420705358,0.0
281.900661212,76.5439002937,75.5420705358,0.0
178.0870073,186.963463184,75.5420705358,0.0
138.970177798,436.341023141,75.5420705358,0.0
75.8810230335,75.6136623219,75.5420705358,0.0
75.5721554187,298.637910559,75.5420705358,0.0
436.380318483,234.935416743,75.5420705358,0.0
435.754798108,76.416555968,75.5420705358,0.0
291.051682159,436.149620159,75.5420705358,0.0
@ 1430 10 33.3333333333 0.683891730593
294.88655019,285.46872252,75.3794212975,0.0
436.46430811,385.060329406,75.3794212975,0.0
284.611136553,76.5486204698,75.3794212975,0.0
180.03456919,186.506492126,75.3794212975,0.0
143.179647902,435.5141172,75.3794212975,0.0
75.8770172668,76.2243480472,75.3794212975,0.0
75.616982612,297.510597386,75.3794212975,0.0
436.009130485,231.416407241,75.3794212975,0.0
436.415283031,75.443813334,75.3794212975,0.0
294.676157808,436.299281887,75.3794212975,0.0
@ 1440 10 33.3333333333 0.680949933549
296.166124641,284.807399254,75.5683301658,0.0
434.862038463,388.731390036,75.5683301658,0.0
284.622546515,75.9623731952,75.5683301658,0.0
180.346138684,187.6549897,75.5683301658,0.0
136.349900745,436.327078289,75.5683301658,0.0
75.9364689523,77.5568965231,75.5683301658,0.0
76.2172548267,297.403617427,75.5683301658,0.0
436.415413027,227.7356386,75.5683301658,0.0
435.9846644,75.7911429576,75.5683301658,0.0
289.345392671,436.376477785,75.5683301658,0.0
@ 1450 10 33.3333333333 0.684367276605
295.276878657,285.246257098,75.573923584,0.0
434.586594653,388.692200054,75.573923584,0.0
284.697694869,75.6219545014,75.573923584,0.0
180.801264183,185.997856021,75.573923584,0.0
133.918294273,435.574605518,75.573923584,0.0
76.1177565822,76.1522152224,75.573923584,0.0
76.3479013342,295.466888813,75.573923584,0.0
435.504511747,228.768381066,75.573923584,0.0
435.913576733,77.070078582,75.573923584,0.0
287.177216392,436.400293359,75.573923584,0.0
@ 1460 10 33.3333333333 0.684468591377
294.971122576,285.041506872,75.3969555759,0.0
435.04424773,385.082383837,75.3969555759,0.0
284.221592853,77.2789540257,75.3969555759,0.0
179.832161625,186.774430701,75.3969555759,0.0
138.945747564,436.586703283,75.3969555759,0.0
76.029622587,75.4590134867,75.3969555759,0.0
77.1486277604,297.364766943,75.3969555759,0.0
436.411026309,230.033652655,75.3969555759,0.0
436.485196028,77.0865661566,75.3969555759,0.0
293.070930606,436.076519731,75.3969555759,0.0
@ 1470 10 33.3333333333 0.681266766823
295.511227607,285.228192556,75.4333516885,0.0
435.909443273,384.204864039,75.4333516885,0.0
285.178266898,75.9723461813,75.4333516885,0.0
179.822839447,185.528322494,75.4333516885,0.0
134.314868369,436.422112834,75.4333516885,0.0
76.0415638215,75.4437426809,75.4333516885,0.0
76.1072256617,296.629210352,75.4333516885,0.0
436.298038643,230.784306975,75.4333516885,0.0
436.370261841,75.4371208963,75.4333516885,0.0
285.456547344,436.445205951,75.4333516885,0.0
@ 1480 10 33.3333333333 0.681924656694
295.312223338,284.561192314,75.3552037973,0.0
435.185393811,380.750368772,75.3552037973,0.0
282.835299917,75.8910261212,75.3552037973,0.0
179.39320868,187.003780731,75.3552037973,0.0
139.407430455,435.302850574,75.3552037973,0.0
76.1087115248,76.9735311924,75.3552037973,0.0
75.9251703741,298.206770573,75.3552037973,0.0
436.100224638,227.430834427,75.3552037973,0.0
435.937696243,75.8949654031,75.3552037973,0.0
291.645277043,436.261799417,75.3552037973,0.0
@ 1490 10 33.3333333333 0.680512459878
295.292021671,284.72366455,75.4734147315,0.0
436.178817406,385.860856531,75.4734147315,0.0
283.441679046,75.8668632591,75.4734147315,0.0
179.168790814,188.188443852,75.4734147315,0.0
141.290229112,434.599464044,75.4734147315,0.0
76.7096318875,76.8827828077,75.4734147315,0.0
75.7062834323,298.195991183,75.4734147315,0.0
435.569424572,228.7991126,75.4734147315,0.0
434.970614056,76.2751747627,75.4734147315,0.0
293.5624793,436.301277349,75.4734147315,0.0
@ 1500 10 33.3333333333 0.682649196465
