10 10 0.0873362445415 0.158006581713 0.0500739606971 145.936228395 6 0.1 0.39297 0.286956521739 198.826527727 10 0.344635509198
20 10 0.0873362445415 0.260945557387 0.0349947986145 21.6378014343 6 0.1 0.43728 0.338383838384 120.392545919 10 0.344635509198
30 10 0.0873362445415 0.220520278748 0.0476912512479 44.4745169989 6 0.1 0.39997 0.330081300813 142.462635084 10 0.376289106846
40 10 0.0873362445415 0.233104151813 0.0304325250856 39.346296459 6 0.1 0.45356 0.41021416804 134.771945311 10 0.376289106846
50 10 0.0873362445415 0.231163001864 0.0439793584759 35.4960650007 6 0.1 0.43263 0.314935064935 135.903668609 10 0.376289106846
60 10 0.0873362445415 0.268000948055 0.050359967125 17.2058593506 6 0.1 0.42444 0.400318979266 117.223092784 10 0.376289106846
70 10 0.0873362445415 0.290972308257 0.0420251949723 29.193472426 6 0.1 0.36548 0.350793650794 107.968693613 10 0.376289106846
80 10 0.0873362445415 0.264972925163 0.031081481201 32.7962341602 6 0.1 0.38596 0.335570469799 118.562679492 10 0.376289106846
90 10 0.0873362445415 0.260212531194 0.0384165638361 37.8309654393 6 0.1 0.41777 0.351351351351 120.731695187 10 0.376289106846
100 10 0.0873362445415 0.206039866057 0.0317790588174 45.2740833691 6 0.1 0.38569 0.417565485362 152.474861304 10 0.376289106846
110 10 0.0940354648039 0.27009221354 0.0477743587127 29.970191905 6 0.1 0.38818 0.396255850234 116.315459777 0 0.376289106846
120 10 0.0940354648039 0.214193148206 0.0296312120443 53.4247694657 6 0.1 0.4354 0.418209876543 146.670891497 0 0.376289106846
130 10 0.0940354648039 0.243429724355 0.037186463705 39.8701786827 6 0.1 0.4281 0.407224958949 129.055315998 0 0.376289106846
140 10 0.0940354648039 0.266197474585 0.0470022831278 41.0252135545 6 0.1 0.36738 0.36815920398 118.017272887 0 0.376289106846
150 10 0.0940354648039 0.223297497659 0.0473624373627 44.4474041301 6 0.1 0.41922 0.448717948718 140.690783951 0 0.376289106846
160 10 0.0940354648039 0.284087333023 0.0470467578222 41.6750433719 6 0.1 0.37195 0.393790849673 110.585360022 0 0.376289106846
170 10 0.0940354648039 0.284513946638 0.0469318490554 32.4450013431 6 0.1 0.38984 0.374392220421 110.419543123 0 0.376289106846
180 10 0.0940354648039 0.258783945889 0.0304447047929 22.4107594168 6 0.1 0.44222 0.493730407524 121.398179829 0 0.376289106846
190 10 0.0940354648039 0.257645276471 0.0259281433992 25.2429372501 6 0.1 0.41275 0.436573311367 121.934701968 0 0.376289106846
200 10 0.0940354648039 0.278262176065 0.0339290862623 21.3204459883 6 0.1 0.36011 0.401944894652 112.900360532 0 0.376289106846
210 10 0.101847810272 0.229173523716 0.0496969044488 31.8711486747 6 0.1 0.43301 0.415986949429 137.08346187 0 0.376289106846
220 10 0.101847810272 0.280166207652 0.0472259413488 27.0448291885 6 0.1 0.39131 0.34328358209 112.1330808 0 0.376289106846
230 10 0.101847810272 0.295973116344 0.0393318444156 22.4259200908 6 0.1 0.4218 0.349258649094 106.144437671 0 0.376289106846
240 10 0.101847810272 0.21999489938 0.0357241212093 34.6434427261 6 0.1 0.41719 0.399030694669 142.802856287 0 0.376289106846
250 10 0.101847810272 0.194787779983 0.0338466025774 58.0713996275 6 0.1 0.37669 0.391509433962 161.282704709 0 0.376289106846
260 10 0.101847810272 0.292526374965 0.0257588519918 37.7110171384 6 0.1 0.39829 0.447647951442 107.39510242 0 0.376289106846
270 10 0.101847810272 0.246674273967 0.0386300574123 24.8617532525 6 0.1 0.4271 0.391442155309 127.35782899 0 0.376289106846
280 10 0.101847810272 0.260964323608 0.0353691570696 25.6160869156 6 0.1 0.40715 0.470858895706 120.383888363 0 0.376289106846
290 10 0.101847810272 0.238103685109 0.054110079826 32.0423055997 6 0.1 0.39153 0.439807383628 131.94209903 0 0.376289106846
300 10 0.101847810272 0.273617544108 0.0319173811185 36.4131241101 6 0.1 0.4043 0.394342762063 114.816833484 0 0.376289106846
310 10 0.111075848937 0.2863722883 0.040698959022 31.5073071727 6 0.1 0.41245 0.452095808383 109.703002991 0 0.376289106846
320 10 0.111075848937 0.311022331949 0.0467114110188 21.9859911617 6 0.1 0.37316 0.406698564593 101.008502519 0 0.376289106846
330 10 0.111075848937 0.185982159375 0.0380941441018 35.24656013 6 0.1 0.44352 0.461538461538 168.918890422 0 0.376289106846
340 10 0.111075848937 0.174326704349 0.0366976775274 48.8072646127 6 0.1 0.36887 0.385365853659 180.212779891 0 0.376289106846
350 10 0.111075848937 0.293029648715 0.0450924431127 29.1791878353 6 0.1 0.42413 0.368336025848 107.210653044 0 0.376289106846
360 10 0.111075848937 0.259782448893 0.0511251496305 18.3638054547 6 0.1 0.35993 0.377358490566 120.931572298 0 0.376289106846
370 10 0.111075848937 0.365000618597 0.0427448444385 20.2957510763 6 0.1 0.4135 0.48275862069 86.0708130324 0 0.376289106846
380 10 0.111075848937 0.34755580233 0.0485344376878 16.7371218263 6 0.1 0.37394 0.452978056426 90.3909524439 0 0.376289106846
390 10 0.111075848937 0.216667453315 0.0292066875316 40.0031715557 6 0.1 0.41776 0.44249201278 144.995935104 0 0.376289106846
400 10 0.111075848937 0.230338451092 0.0359510936092 23.2946309338 6 0.1 0.39638 0.39842519685 136.390167821 0 0.376289106846
410 10 0.122142732507 0.30520087057 0.0374220678886 23.9480843871 6 0.1 0.38232 0.433110367893 102.935158544 0 0.376289106846
420 10 0.122142732507 0.229304856215 0.030662249833 51.3464930625 6 0.1 0.4165 0.423202614379 137.004948428 0 0.376289106846
430 10 0.122142732507 0.242753511734 0.0450576821273 20.8520834922 6 0.1 0.37647 0.365517241379 129.414811657 0 0.376289106846
440 10 0.122142732507 0.247558996411 0.0470756402683 48.5849295264 6 0.1 0.39312 0.36 126.902679585 0 0.376289106846
450 10 0.122142732507 0.320178357503 0.0399415179219 28.9915712722 6 0.1 0.4495 0.403453689168 98.1199986313 0 0.376289106846
460 10 0.122142732507 0.223215925127 0.0537583727382 35.8116949012 6 0.1 0.42228 0.392971246006 140.742198309 0 0.387650899545
470 10 0.122142732507 0.237537027394 0.0346724345027 28.3582256785 6 0.1 0.39253 0.403426791277 132.256854204 0 0.387650899545
480 10 0.122142732507 0.288060146512 0.048771655287 19.7344241431 6 0.1 0.41248 0.44496124031 109.060209753 0 0.387650899545
490 10 0.122142732507 0.254966832704 0.0430870183726 33.6175629472 6 0.1 0.39311 0.329470198675 123.215634233 0 0.387650899545
500 10 0.122142732507 0.26838587455 0.0415381000456 34.1054112311 6 0.1 0.41983 0.369668246445 117.05496816 0 0.387650899545
510 10 0.135658914729 0.300432191921 0.0385197143529 27.3575346666 6 0.1 0.42496 0.470967741935 104.569020381 0 0.387650899545
520 10 0.135658914729 0.344244964256 0.0549023449518 21.8065058909 6 0.1 0.37302 0.387820512821 91.2603037429 0 0.391622500241
530 10 0.135658914729 0.287520419166 0.0603367484015 23.9574151193 6 0.1 0.42936 0.464968152866 109.264935308 0 0.391622500241
540 10 0.135658914729 0.338541066313 0.0397125846855 25.0399338718 6 0.1 0.39098 0.376722817764 92.7978999481 0 0.391622500241
550 10 0.135658914729 0.279506256518 0.0552104087839 27.6179234554 6 0.1 0.44061 0.443778110945 112.397841792 0 0.391622500241
560 10 0.135658914729 0.403352770696 0.0537084483012 24.8995417432 6 0.1 0.39971 0.418070444104 77.886907646 0 0.403352770696
570 10 0.135658914729 0.278239859302 0.042745492617 26.3212525094 6 0.1 0.41364 0.364516129032 112.909415922 0 0.403352770696
580 10 0.135658914729 0.277550195161 0.0312121014134 25.8177504303 6 0.1 0.40866 0.421974522293 113.189976255 0 0.403352770696
590 10 0.135658914729 0.297941350939 0.0319045998065 23.786714302 6 0.1 0.37407 0.408 105.443235392 0 0.403352770696
600 10 0.135658914729 0.277605968367 0.0350535502227 34.2162220464 6 0.1 0.38899 0.35524256651 113.167235506 0 0.403352770696
610 10 0.152538679451 0.291427178934 0.0257279266195 31.9973228867 6 0.1 0.37317 0.367924528302 107.80017195 0 0.403352770696
620 10 0.152538679451 0.304907849527 0.0176789287883 23.2799808099 6 0.1 0.4182 0.420545746388 103.034080785 0 0.403352770696
630 10 0.152538679451 0.273800830483 0.0449202607845 41.5695586394 6 0.1 0.39755 0.387622149837 114.739973376 0 0.403352770696
640 10 0.152538679451 0.299500011895 0.0279115240341 40.0959036873 6 0.1 0.41842 0.416932907348 104.894486652 0 0.403352770696
650 10 0.152538679451 0.248561804632 0.0531796863617 25.4365070848 6 0.1 0.3734 0.386623164763 126.390698066 0 0.403352770696
660 10 0.152538679451 0.257024482128 0.0318098126377 28.9673355281 6 0.1 0.43907 0.447737909516 122.22921233 0 0.403352770696
670 10 0.152538679451 0.292470062145 0.0205781998277 35.322988977 6 0.1 0.3894 0.365105008078 107.415780506 0 0.403352770696
680 10 0.152538679451 0.307237179825 0.0496875365788 31.235506171 6 0.1 0.43414 0.443381180223 102.252924005 0 0.403352770696
690 10 0.152538679451 0.270443576664 0.0272795404618 25.8263466385 6 0.1 0.43254 0.402535657686 116.164341514 0 0.403352770696
700 10 0.152538679451 0.31163471413 0.0346988372682 22.8521088544 6 0.1 0.37034 0.35737704918 100.810014339 0 0.403352770696
710 10 0.174216027875 0.300575593451 0.0432435869053 25.5931683245 6 0.1 0.38004 0.424960505529 104.519131574 0 0.403352770696
720 10 0.174216027875 0.36037161709 0.0534122399565 20.5510570485 6 0.1 0.39141 0.369384359401 87.1763993337 0 0.414197238298
730 10 0.174216027875 0.374728567264 0.0373217078241 23.9274540526 6 0.1 0.387 0.3536 83.8364158606 0 0.414197238298
740 10 0.174216027875 0.309126391974 0.0277614772619 30.1943112207 6 0.1 0.45292 0.404024767802 101.628009823 0 0.414197238298
750 10 0.174216027875 0.293836122472 0.0389689419787 22.1360164426 6 0.1 0.43689 0.459501557632 106.916398623 0 0.414197238298
760 10 0.174216027875 0.226711554411 0.0483882966696 46.8272490312 6 0.1 0.39288 0.418181818182 138.57211681 0 0.414197238298
770 10 0.174216027875 0.262449872847 0.0274926409867 25.8588497804 6 0.1 0.45219 0.360683760684 119.702477502 0 0.414197238298
780 10 0.174216027875 0.287892492326 0.0323670375525 28.5084408242 6 0.1 0.4152 0.415064102564 109.123720963 0 0.414197238298
790 10 0.174216027875 0.226666525056 0.0551797431038 22.4825803914 6 0.1 0.33486 0.309153713299 138.599645414 0 0.414197238298
800 10 0.174216027875 0.263705835227 0.0321012000568 44.2572441544 6 0.1 0.4093 0.419627749577 119.132365702 0 0.414197238298
810 10 0.203075137801 0.348234759482 0.0474472327989 22.4494904977 6 0.1 0.36833 0.335526315789 90.2147162067 0 0.447326417684
820 10 0.203075137801 0.312447654929 0.0295623251578 23.6001033319 6 0.1 0.39546 0.331707317073 100.547722168 0 0.447326417684
830 10 0.203075137801 0.357981765439 0.0506199818112 23.5558348687 6 0.1 0.4295 0.384488448845 87.7583805461 0 0.447326417684
840 10 0.203075137801 0.400831581016 0.0469537895746 18.1670589527 6 0.1 0.39458 0.397106109325 78.3768083353 0 0.447326417684
850 10 0.203075137801 0.35330727094 0.025365587095 22.5650845088 6 0.1 0.43721 0.438791732909 88.9194833619 0 0.447326417684
860 10 0.203075137801 0.328226856697 0.030168935197 35.195803073 6 0.1 0.42445 0.430817610063 95.713983664 0 0.447326417684
870 10 0.203075137801 0.346945283427 0.028350503983 33.6427358403 6 0.1 0.39896 0.42088091354 90.5500132173 0 0.447326417684
880 10 0.203075137801 0.311273978947 0.0223412162361 27.308011443 6 0.1 0.4353 0.4 100.92684299 0 0.447326417684
890 10 0.203075137801 0.26150532919 0.0247478815612 26.3526142716 6 0.1 0.40478 0.387987012987 120.13483663 0 0.447326417684
900 10 0.203075137801 0.338308777044 0.0376217591769 22.2877203174 6 0.1 0.3692 0.402190923318 92.8616167588 0 0.447326417684
910 10 0.243393602225 0.321495735651 0.0388802956869 25.9126338299 6 0.1 0.39351 0.370786516854 97.7179368692 0 0.450889862224
920 10 0.243393602225 0.267760933564 0.0412177232303 32.1021089805 6 0.1 0.43579 0.351265822785 117.328168758 0 0.450889862224
930 10 0.243393602225 0.358400544287 0.0275591826737 20.1338812583 6 0.1 0.39812 0.419407894737 87.6558378628 0 0.450889862224
940 10 0.243393602225 0.338202920662 0.0327425259116 30.9423341742 6 0.1 0.41559 0.393312101911 92.8906821339 0 0.450889862224
950 10 0.243393602225 0.383434715075 0.0481512459986 22.6521556506 6 0.1 0.37944 0.405537459283 81.932852621 0 0.450889862224
960 10 0.243393602225 0.370059477699 0.0336699029213 19.8575657113 6 0.1 0.42736 0.373942470389 84.894191051 0 0.450889862224
970 10 0.243393602225 0.346611614475 0.0306991848693 20.7829139989 6 0.1 0.40892 0.390476190476 90.6371820449 0 0.450889862224
980 10 0.243393602225 0.355209346466 0.052267015091 20.7562062757 6 0.1 0.35086 0.416666666667 88.4433371828 0 0.457999858229
990 10 0.243393602225 0.28123482537 0.0413266989694 17.912180634 6 0.1 0.42043 0.422776911076 111.707004844 0 0.457999858229
1000 10 0.243393602225 0.317437578957 0.0376942517744 21.1348748281 6 0.1 0.40726 0.406349206349 98.9671736509 0 0.457999858229
1010 10 0.303687635575 0.381730749255 0.0404459189341 23.7297392893 6 0.1 0.35697 0.341232227488 82.2985836517 0 0.457999858229
1020 10 0.303687635575 0.361550497929 0.0406857985158 19.3613688361 6 0.1 0.3886 0.357142857143 86.8921497272 0 0.457999858229
1030 10 0.303687635575 0.363284859102 0.0338933450367 14.533263218 6 0.1 0.44371 0.437704918033 86.4773172151 0 0.457999858229
1040 10 0.303687635575 0.367886625165 0.0396809819546 16.456537991 6 0.1 0.37666 0.362728785358 85.3956024791 0 0.457999858229
1050 10 0.303687635575 0.325600612489 0.0306292842929 28.6439077388 6 0.1 0.44357 0.418604651163 96.4859978606 0 0.457999858229
1060 10 0.303687635575 0.388213922262 0.0418598232193 16.1365381231 6 0.1 0.38677 0.375609756098 80.9241971977 0 0.457999858229
1070 10 0.303687635575 0.389318771864 0.0367456435596 20.1162922194 6 0.1 0.41147 0.396694214876 80.6945420319 0 0.458149076411
1080 10 0.303687635575 0.32493242313 0.0452835858832 20.4743544881 6 0.1 0.38588 0.435331230284 96.6844111688 0 0.458149076411
1090 10 0.303687635575 0.365883026965 0.0354958870762 18.6385514188 6 0.1 0.44888 0.435534591195 85.8632341068 0 0.458149076411
1100 10 0.303687635575 0.422526227315 0.0316097460766 26.2229912521 6 0.1 0.39918 0.357495881384 74.3525442187 0 0.458149076411
1110 10 0.40369088812 0.466238953477 0.0418965387984 22.3258309353 6 0.1 0.39635 0.33498349835 67.3815428028 0 0.502478772735
1120 10 0.40369088812 0.391507946482 0.0273711212699 24.3630806733 6 0.1 0.46977 0.400332225914 80.243326559 0 0.502478772735
1130 10 0.40369088812 0.46865498181 0.039250639051 10.6680903282 6 0.1 0.39419 0.344827586207 67.0341748607 0 0.502478772735
1140 10 0.40369088812 0.363209971688 0.0401524432881 17.0253321317 6 0.1 0.47175 0.411290322581 86.4951472946 0 0.502478772735
1150 10 0.40369088812 0.432559771387 0.0321156116873 18.5996533213 6 0.1 0.44205 0.426910299003 72.6278819209 0 0.502478772735
1160 10 0.40369088812 0.395966001268 0.025558256852 24.5223601792 6 0.1 0.36688 0.327242524917 79.339892565 0 0.502478772735
1170 10 0.40369088812 0.387047719628 0.0271834582027 20.6419488292 6 0.1 0.40392 0.35016286645 81.1680276277 0 0.502478772735
1180 10 0.40369088812 0.404736369483 0.0267891163922 23.3273543487 6 0.1 0.40461 0.35170178282 77.6206498075 0 0.502478772735
1190 10 0.40369088812 0.374570797529 0.0434779376584 21.1951171014 6 0.1 0.40695 0.509316770186 83.8717278743 0 0.502478772735
1200 10 0.40369088812 0.382425493081 0.0276998367853 27.1776087967 6 0.1 0.32615 0.417721518987 82.1490736585 0 0.502478772735
1210 10 0.601891659501 0.435470791049 0.0289950172127 18.4497274309 6 0.1 0.39475 0.351118760757 72.1423816378 10 0.529519640674
1220 10 0.601891659501 0.407296496484 0.0385167256041 20.2529570993 6 0.1 0.3553 0.319115323855 77.1327528501 10 0.529519640674
1230 10 0.601891659501 0.509681624397 0.0317576983735 16.5396949509 6 0.1 0.40933 0.333333333333 61.6382825989 10 0.52992482069
1240 10 0.601891659501 0.42382003377 0.035197828535 22.1758312286 6 0.1 0.4095 0.441400304414 74.1255662706 10 0.52992482069
1250 10 0.601891659501 0.46691343718 0.0270243844768 9.7736560282 6 0.1 0.37615 0.362480127186 67.2842062326 10 0.52992482069
1260 10 0.601891659501 0.500825622105 0.0346173550242 16.0079680857 6 0.1 0.37741 0.38996763754 62.7282203893 10 0.53239911805
1270 10 0.601891659501 0.440378594382 0.0282367531073 13.831307161 6 0.1 0.4549 0.464114832536 71.338390196 10 0.53239911805
1280 10 0.601891659501 0.477550001817 0.038495373067 12.241269461 6 0.1 0.38182 0.384236453202 65.7855719411 10 0.549667787602
1290 10 0.601891659501 0.53065161372 0.0377971519062 11.0583224619 6 0.1 0.436 0.441130298273 59.2024959272 10 0.549667787602
1300 10 0.601891659501 0.460755249147 0.0391937345651 26.6076706192 6 0.1 0.43188 0.412520064205 68.1834879975 10 0.549667787602
1310 10 1.18243243243 0.535737486257 0.0215319026675 9.84945412393 6 0.1 0.38923 0.334437086093 58.6404737505 30 0.575489912149
1320 10 1.18243243243 0.536616172281 0.0184409750863 13.6287420183 6 0.1 0.40277 0.337190082645 58.5444524835 30 0.575489912149
1330 10 1.18243243243 0.552170546694 0.0288281784225 2.33032687318 6 0.1 0.34413 0.358931552588 56.8952838721 30 0.577446132508
1340 10 1.18243243243 0.544664739154 0.0274174571593 7.73628511268 6 0.1 0.39847 0.384737678855 57.6793350875 30 0.589107227024
1350 10 1.18243243243 0.538699049065 0.0232439531792 6.14602977973 6 0.1 0.463 0.491749174917 58.3180906937 30 0.589107227024
1360 10 1.18243243243 0.493254936758 0.0259386199237 10.0674979438 6 0.1 0.41357 0.404724409449 63.6909996411 30 0.589107227024
1370 10 1.18243243243 0.543001580336 0.0242317462674 6.0084532469 6 0.1 0.40151 0.408130081301 57.8560010461 30 0.589107227024
1380 10 1.18243243243 0.570822491637 0.0202857881569 1.81267722081 6 0.1 0.31396 0.316993464052 55.0361985736 30 0.589107227024
1390 10 1.18243243243 0.474155291612 0.0183243402395 9.47522011649 6 0.1 0.41812 0.409090909091 66.2565631044 30 0.589107227024
1400 10 1.18243243243 0.557704416695 0.0234745627067 10.3659301764 6 0.1 0.37819 0.348561759729 56.3307355287 30 0.589107227024
1410 10 33.3333333333 0.675367739689 0.0335331070055 0.181421582466 6 0.1 0.66798 0.546979865772 46.51673178 290 0.686823595163
1420 10 33.3333333333 0.678361077695 0.00106553642202 0.00315347256137 6 0.1 0.41963 0.318181818182 46.3114719181 290 0.686823595163
1430 10 33.3333333333 0.677324287788 0.00144904369445 0.0176015267689 6 0.1 0.40205 0.331046312178 46.3823615459 290 0.686823595163
1440 10 33.3333333333 0.67791817259 0.0020120039447 0.0118029481471 6 0.1 0.37365 0.366043613707 46.3417286484 290 0.686823595163
1450 10 33.3333333333 0.680897257424 0.00198404412398 0.00748773464864 6 0.1 0.4182 0.418152350081 46.1389727414 290 0.686823595163
1460 10 33.3333333333 0.675415671907 0.00142740635524 0.00911211170539 6 0.1 0.36749 0.373956594324 46.5134306275 290 0.686823595163
1470 10 33.3333333333 0.676990162022 0.00223737332186 0.0227044481387 6 0.1 0.41471 0.416666666667 46.4052533735 290 0.686823595163
1480 10 33.3333333333 0.679210279815 0.00127798600034 0.00379252667377 6 0.1 0.41018 0.397798742138 46.253569673 290 0.686823595163
1490 10 33.3333333333 0.680532714744 0.000855194536706 0.0111644656791 6 0.1 0.32722 0.37559429477 46.1636881216 290 0.686823595163
1500 10 33.3333333333 0.677387546656 0.00161590051153 0.00848259084744 6 0.1 0.36859 0.428802588997 46.3780300584 290 0.686823595163
