10 10 0.0873362445415 0.249695038962 0.0387787096486 78.233598249 9 0.1 0.41554 0.356261022928 125.817077226 20 0.386672675454
20 10 0.0873362445415 0.188895211733 0.0308890289113 49.4139089632 9 0.1 0.36849 0.36717428088 166.313903417 20 0.386672675454
30 10 0.0873362445415 0.207644955784 0.0390631196716 26.1320622801 9 0.1 0.42904 0.369774919614 151.296234871 20 0.386672675454
40 10 0.0873362445415 0.21165921576 0.0169107921588 39.422227347 9 0.1 0.36654 0.43535188216 148.426799595 20 0.386672675454
50 10 0.0873362445415 0.375154726466 0.052579013488 12.8307275639 9 0.1 0.37314 0.324546952224 83.7411813944 20 0.386672675454
60 10 0.0873362445415 0.231706122078 0.0331589631741 31.0304131081 9 0.1 0.43155 0.371340523883 135.585109786 20 0.386672675454
70 10 0.0873362445415 0.211089193901 0.0425102476768 33.7003400257 9 0.1 0.39145 0.432137285491 148.827608933 20 0.386672675454
80 10 0.0873362445415 0.316662060262 0.0491516111844 27.3014240661 9 0.1 0.42595 0.390357698289 99.2095484189 20 0.386672675454
90 10 0.0873362445415 0.255059180408 0.0496815894756 43.9830550203 9 0.1 0.39048 0.426307448494 123.171022308 20 0.386672675454
100 10 0.0873362445415 0.216538116154 0.0467432070565 38.5461575245 9 0.1 0.4447 0.434920634921 145.082540469 20 0.386672675454
110 10 0.0940354648039 0.189665119643 0.0466585958025 24.7069860492 9 0.1 0.3646 0.393388429752 165.638785134 0 0.386672675454
120 10 0.0940354648039 0.254263607467 0.0340059234487 23.8774458673 9 0.1 0.38686 0.392125984252 123.556415773 0 0.386672675454
130 10 0.0940354648039 0.251710680921 0.0417708173571 28.330598824 9 0.1 0.4285 0.463492063492 124.80956265 0 0.386672675454
140 10 0.0940354648039 0.219209947575 0.0413642218772 29.9480490644 9 0.1 0.42268 0.457317073171 143.314207897 0 0.386672675454
150 10 0.0940354648039 0.216039646649 0.0530833622446 27.6524652192 9 0.1 0.39541 0.404290429043 145.417290239 0 0.386672675454
160 10 0.0940354648039 0.247820717387 0.0465280011477 30.0801713479 9 0.1 0.42581 0.371048252912 126.768658937 0 0.386672675454
170 10 0.0940354648039 0.215222413105 0.0323975193195 55.7584474628 9 0.1 0.40952 0.458904109589 145.969462691 0 0.386672675454
180 10 0.0940354648039 0.186642429288 0.0489640414748 30.3437274795 9 0.1 0.33115 0.339590443686 168.321319648 0 0.386672675454
190 10 0.0940354648039 0.294451095625 0.040453955298 29.7559876475 9 0.1 0.37314 0.397009966777 106.693099353 0 0.386672675454
200 10 0.0940354648039 0.212523274563 0.0462271373664 42.3287528455 9 0.1 0.42336 0.462025316456 147.823338712 0 0.386672675454
210 10 0.101847810272 0.252030623871 0.0575481423883 37.1609308596 9 0.1 0.39159 0.428802588997 124.651121826 0 0.386672675454
220 10 0.101847810272 0.228148237776 0.0357098488719 21.7758616321 9 0.1 0.437 0.4 137.699507593 0 0.386672675454
230 10 0.101847810272 0.26923144739 0.0480929020727 27.0434073366 9 0.1 0.43243 0.409090909091 116.68733465 0 0.386672675454
240 10 0.101847810272 0.200527974173 0.0323774277486 34.2659397432 9 0.1 0.38735 0.365539452496 156.665922196 0 0.386672675454
250 10 0.101847810272 0.262827154491 0.023767958003 40.7576930182 9 0.1 0.4201 0.376205787781 119.530647664 0 0.386672675454
260 10 0.101847810272 0.325584691015 0.0543271523317 21.4204304947 9 0.1 0.37543 0.419811320755 96.4907161393 0 0.386672675454
270 10 0.101847810272 0.175001513056 0.0419187588249 65.5723393837 9 0.1 0.43185 0.407582938389 179.517876454 0 0.386672675454
280 10 0.101847810272 0.366733284162 0.0460964407577 25.5082021916 9 0.1 0.38154 0.353996737357 85.6641634581 0 0.386672675454
290 10 0.101847810272 0.202216364002 0.0422352913935 41.7125146291 9 0.1 0.39022 0.379367720466 155.357852244 0 0.386672675454
300 10 0.101847810272 0.250343507826 0.0490837764049 17.7059209876 9 0.1 0.44183 0.391089108911 125.491171203 0 0.386672675454
310 10 0.111075848937 0.317805142984 0.0474113572463 16.5440814335 9 0.1 0.38221 0.391785150079 98.8527111457 0 0.386672675454
320 10 0.111075848937 0.240653955772 0.0333975436602 28.0628243592 9 0.1 0.41451 0.40625 130.54387533 0 0.386672675454
330 10 0.111075848937 0.179984608489 0.0478215193394 76.2207949845 9 0.1 0.39771 0.397217928903 174.547703071 0 0.386672675454
340 10 0.111075848937 0.33723194703 0.0446493831627 26.5870052816 9 0.1 0.42885 0.445288753799 93.1581372306 0 0.386672675454
350 10 0.111075848937 0.234961222248 0.0417551695073 24.8950762457 9 0.1 0.35589 0.350819672131 133.70674403 0 0.386672675454
