10 10 0.0873362445415 0.240401263515 0.0364837108197 87.3621000612 1 0.1 0.41833 0.358108108108 130.681093521 20 0.325390104811
20 10 0.0873362445415 0.171681122115 0.0541471539071 37.1915169613 1 0.1 0.33404 0.314285714286 182.989833786 20 0.332810633441
30 10 0.0873362445415 0.230872251904 0.0428880942303 33.2337801469 1 0.1 0.40497 0.410801963993 136.074819477 20 0.332810633441
40 10 0.0873362445415 0.223677088498 0.0459640248557 35.0228450982 1 0.1 0.3825 0.341137123746 140.452024885 20 0.332810633441
50 10 0.0873362445415 0.205226925065 0.0436683340548 42.474230087 1 0.1 0.38644 0.369205298013 153.078841824 20 0.332810633441
60 10 0.0873362445415 0.300677948416 0.0529447968938 23.6068939444 1 0.1 0.42491 0.390675241158 104.483551805 20 0.360584946514
70 10 0.0873362445415 0.296685489162 0.0448885581277 21.1606657042 1 0.1 0.38014 0.394453004622 105.8895738 20 0.360584946514
80 10 0.0873362445415 0.221980812123 0.0263215663153 33.9840463512 1 0.1 0.44449 0.466463414634 141.52529536 20 0.360584946514
90 10 0.0873362445415 0.235318084782 0.0356670022696 35.7215578947 1 0.1 0.42676 0.455118110236 133.503976242 20 0.360584946514
100 10 0.0873362445415 0.26072083209 0.0272633153438 32.3745370204 1 0.1 0.38801 0.429260450161 120.496316877 20 0.360584946514
110 10 0.0940354648039 0.175736093212 0.0456839093664 37.1631669439 1 0.1 0.36822 0.37987012987 178.767488373 0 0.360584946514
120 10 0.0940354648039 0.262727732311 0.0431134907029 21.9370901446 1 0.1 0.3884 0.410891089109 119.575880794 0 0.360584946514
130 10 0.0940354648039 0.206084905858 0.0249277278995 29.8379709208 1 0.1 0.43958 0.419672131148 152.441537963 0 0.360584946514
140 10 0.0940354648039 0.267863840428 0.0451962535076 19.6591242113 1 0.1 0.37561 0.333333333333 117.283094089 0 0.360584946514
150 10 0.0940354648039 0.231864581267 0.0412826288514 22.3671464379 1 0.1 0.4748 0.431034482759 135.492449206 0 0.360584946514
160 10 0.0940354648039 0.30766478363 0.040117654748 15.9589204267 1 0.1 0.40991 0.379644588045 102.110809139 0 0.360584946514
170 10 0.0940354648039 0.182401691054 0.0348324731661 46.6916034 1 0.1 0.36873 0.368839427663 172.234697049 0 0.360584946514
180 10 0.0940354648039 0.171402827995 0.0431888068377 57.1726627696 1 0.1 0.41621 0.407120743034 183.286940872 0 0.360584946514
190 10 0.0940354648039 0.225298576813 0.0253529538378 42.1759568183 1 0.1 0.36803 0.390522875817 139.441182649 0 0.360584946514
200 10 0.0940354648039 0.234144619751 0.0438381214562 32.8592119704 1 0.1 0.42313 0.446031746032 134.173059511 0 0.360584946514
210 10 0.101847810272 0.262168044502 0.0335272907957 37.9782647494 1 0.1 0.43161 0.403755868545 119.831156614 0 0.360584946514
220 10 0.101847810272 0.211659896164 0.0573818038024 40.2571594514 1 0.1 0.38245 0.352941176471 148.42632246 0 0.377979217046
230 10 0.101847810272 0.20541475364 0.0380053961988 31.5720027529 1 0.1 0.4092 0.332794830372 152.938868525 0 0.377979217046
240 10 0.101847810272 0.192736180483 0.0257614962051 46.3472389277 1 0.1 0.36395 0.371335504886 162.999494549 0 0.377979217046
250 10 0.101847810272 0.291696266526 0.0429337208729 17.2749704499 1 0.1 0.4356 0.434645669291 107.700727109 0 0.377979217046
260 10 0.101847810272 0.273960388033 0.0323395948922 31.6627407408 1 0.1 0.38623 0.395238095238 114.673147551 0 0.377979217046
270 10 0.101847810272 0.180227012016 0.0394113370017 44.2151812719 1 0.1 0.44184 0.43690851735 174.312938158 0 0.377979217046
280 10 0.101847810272 0.214753744785 0.0416898443629 52.5616351725 1 0.1 0.38537 0.397129186603 146.288019477 0 0.377979217046
290 10 0.101847810272 0.153493097344 0.0419840066299 40.6067978123 1 0.1 0.42644 0.462519936204 204.673047477 0 0.377979217046
300 10 0.101847810272 0.315566661244 0.0487090467809 27.3971877562 1 0.1 0.41279 0.420529801325 99.5539258682 0 0.377979217046
310 10 0.111075848937 0.235828218639 0.0272867795625 43.8960133249 1 0.1 0.38323 0.369255150555 133.215185958 0 0.377979217046
320 10 0.111075848937 0.203809894723 0.0340826826842 47.6939581908 1 0.1 0.43083 0.425566343042 154.143154054 0 0.377979217046
330 10 0.111075848937 0.266402334956 0.0260664733852 23.1062642386 1 0.1 0.38617 0.361290322581 117.926518944 0 0.377979217046
340 10 0.111075848937 0.295336605579 0.0369524708188 30.3288691465 1 0.1 0.40854 0.403426791277 106.373200635 0 0.377979217046
350 10 0.111075848937 0.221294710715 0.0127086150927 34.7067954507 1 0.1 0.40678 0.350936967632 141.96407993 0 0.377979217046
360 10 0.111075848937 0.24964781956 0.0397784840762 30.1507331614 1 0.1 0.33642 0.372456964006 125.840874779 0 0.377979217046
370 10 0.111075848937 0.271312538643 0.0351947342183 33.6021971103 1 0.1 0.38929 0.412520064205 115.792289428 0 0.377979217046
380 10 0.111075848937 0.22277485078 0.0364461715155 39.094479374 1 0.1 0.41589 0.380718954248 141.020855316 0 0.377979217046
390 10 0.111075848937 0.244277068763 0.0347047224272 35.9647030214 1 0.1 0.38957 0.398473282443 128.607650972 0 0.377979217046
400 10 0.111075848937 0.195830539633 0.0358023077773 17.2098976388 1 0.1 0.44628 0.523664122137 160.423905581 0 0.377979217046
410 10 0.122142732507 0.27425181946 0.0338404925163 23.3084236686 1 0.1 0.38182 0.410423452769 114.551291079 0 0.377979217046
420 10 0.122142732507 0.260931939656 0.0483698950717 33.7973617427 1 0.1 0.40078 0.416801292407 120.398829064 0 0.377979217046
430 10 0.122142732507 0.25418140877 0.0257805834437 25.3693241803 1 0.1 0.34693 0.357256778309 123.596372182 0 0.377979217046
440 10 0.122142732507 0.198887538755 0.0439294410693 28.3272185217 1 0.1 0.39239 0.383757961783 157.958111386 0 0.377979217046
450 10 0.122142732507 0.298841305437 0.0294401069338 17.5170164156 1 0.1 0.41668 0.374009508716 105.125695238 0 0.377979217046
460 10 0.122142732507 0.316549279947 0.0330873635276 29.582351916 1 0.1 0.40183 0.434169278997 99.24489484 0 0.377979217046
470 10 0.122142732507 0.235756319911 0.0269289796993 23.5366947285 1 0.1 0.35615 0.417322834646 133.255812662 0 0.377979217046
480 10 0.122142732507 0.253442975667 0.0405539752776 35.8065760013 1 0.1 0.38925 0.357605177994 123.956483376 0 0.377979217046
490 10 0.122142732507 0.21676148311 0.0461293339914 37.9904153096 1 0.1 0.43463 0.409230769231 144.933036762 0 0.377979217046
500 10 0.122142732507 0.279298411549 0.0386718967024 27.849432824 1 0.1 0.43518 0.398703403566 112.481484681 0 0.377979217046
510 10 0.135658914729 0.293926005607 0.0320380298399 12.4670332856 1 0.1 0.40735 0.466882067851 106.883703384 0 0.377979217046
520 10 0.135658914729 0.245149193495 0.0367894075066 25.1566248079 1 0.1 0.36546 0.384 128.150125857 0 0.377979217046
530 10 0.135658914729 0.275403950713 0.0468096837471 26.2889771786 1 0.1 0.39458 0.400921658986 114.07207456 0 0.378948769695
540 10 0.135658914729 0.182286561977 0.0541379586183 29.1838874206 1 0.1 0.40476 0.350993377483 172.343477541 0 0.378948769695
550 10 0.135658914729 0.39439043235 0.0447072708915 17.6664909442 1 0.1 0.37727 0.391705069124 79.6568512395 0 0.39439043235
560 10 0.135658914729 0.344129655383 0.0523456283723 26.0592361009 1 0.1 0.45208 0.473363774734 91.2908826907 0 0.39439043235
570 10 0.135658914729 0.174222986094 0.0569314800265 52.5607752315 1 0.1 0.36838 0.392248062016 180.320063985 0 0.39439043235
580 10 0.135658914729 0.278332999547 0.056818090605 34.7384960691 1 0.1 0.4503 0.464516129032 112.871632365 0 0.39439043235
590 10 0.135658914729 0.293056965255 0.0351176864612 32.4125944709 1 0.1 0.41635 0.412698412698 107.200659683 0 0.39439043235
600 10 0.135658914729 0.246104380838 0.0318905701094 37.8375952419 1 0.1 0.33999 0.321428571429 127.652745932 0 0.39439043235
610 10 0.152538679451 0.278221839514 0.018692534374 22.2402235277 1 0.1 0.41836 0.418152350081 112.916728805 0 0.39439043235
620 10 0.152538679451 0.309468307908 0.0366966140723 33.4331398709 1 0.1 0.38445 0.413354531002 101.515726157 0 0.39439043235
630 10 0.152538679451 0.316327521366 0.0340776735538 39.1653220633 1 0.1 0.40942 0.351081530782 99.3144695862 0 0.39439043235
640 10 0.152538679451 0.320250028852 0.0586468598568 18.6601241774 1 0.1 0.39248 0.407766990291 98.0980395618 0 0.398269969442
650 10 0.152538679451 0.230837429646 0.0585149380019 28.0382305395 1 0.1 0.41788 0.394435351882 136.095346618 0 0.408185337879
660 10 0.152538679451 0.275062242652 0.0259540024788 37.1823872462 1 0.1 0.37307 0.342812006319 114.213785568 0 0.408185337879
670 10 0.152538679451 0.270319507433 0.0477828148842 33.7343033505 1 0.1 0.43017 0.388976377953 116.217657758 0 0.408185337879
680 10 0.152538679451 0.302397551971 0.0288083253643 29.7304791033 1 0.1 0.41247 0.461414790997 103.88939922 0 0.408185337879
690 10 0.152538679451 0.366424926168 0.0328708988806 17.2544193577 1 0.1 0.33873 0.401913875598 85.7362525213 0 0.408185337879
700 10 0.152538679451 0.313819103049 0.0415960692741 28.3481371795 1 0.1 0.42047 0.395348837209 100.108309835 0 0.408185337879
710 10 0.174216027875 0.389701748327 0.0591983077145 23.3162783958 1 0.1 0.39112 0.373397435897 80.6152400775 0 0.408185337879
720 10 0.174216027875 0.295509611035 0.0384840608951 28.2777782126 1 0.1 0.41583 0.377235772358 106.310924677 0 0.408185337879
730 10 0.174216027875 0.338589676176 0.0368694006873 26.4430014633 1 0.1 0.39958 0.428571428571 92.7845773527 0 0.408185337879
740 10 0.174216027875 0.318491128499 0.0364137830603 26.023364368 1 0.1 0.41363 0.387622149837 98.6397961792 0 0.408185337879
750 10 0.174216027875 0.320996890043 0.0279869139003 27.5016039175 1 0.1 0.42131 0.459968602826 97.8697955479 0 0.408185337879
760 10 0.174216027875 0.233083721076 0.033273363175 26.8840429774 1 0.1 0.35912 0.395899053628 134.783758621 0 0.408185337879
770 10 0.174216027875 0.347981598084 0.0329674737054 28.0569728046 1 0.1 0.38799 0.428120063191 90.2803486535 0 0.408185337879
780 10 0.174216027875 0.248110924436 0.0381857892535 38.9207203149 1 0.1 0.46509 0.464462809917 126.620381877 0 0.408185337879
790 10 0.174216027875 0.299058922737 0.0413414816596 32.9685440655 1 0.1 0.3837 0.356012658228 105.049198039 0 0.408185337879
800 10 0.174216027875 0.365050161295 0.0458606608138 13.7764402177 1 0.1 0.43796 0.399082568807 86.059131952 0 0.408185337879
810 10 0.203075137801 0.322735883855 0.0456738974059 31.2781477696 1 0.1 0.40191 0.414516129032 97.3424449267 0 0.408185337879
820 10 0.203075137801 0.323540189236 0.0370744623651 19.7735200375 1 0.1 0.38398 0.328790459966 97.1004562807 0 0.408185337879
830 10 0.203075137801 0.336309645594 0.0446874273439 28.1879779976 1 0.1 0.38691 0.338383838384 93.4136157307 0 0.418618375141
840 10 0.203075137801 0.313983223211 0.0355344016522 28.1328809705 1 0.1 0.45389 0.392508143322 100.05598286 0 0.418618375141
850 10 0.203075137801 0.297999160525 0.0287351869583 30.9725708939 1 0.1 0.40608 0.381846635368 105.422780201 0 0.418618375141
860 10 0.203075137801 0.394685655723 0.0382589705302 19.6472840692 1 0.1 0.40996 0.464342313788 79.597268217 0 0.418618375141
870 10 0.203075137801 0.34824833083 0.0407698133473 25.6156290748 1 0.1 0.34544 0.471317829457 90.2112005106 0 0.418618375141
880 10 0.203075137801 0.301971569143 0.0318037860049 25.431622387 1 0.1 0.39447 0.389240506329 104.035953084 0 0.418618375141
890 10 0.203075137801 0.348598628816 0.0509911622252 15.3034484833 1 0.1 0.43139 0.45015576324 90.1205495463 0 0.418618375141
900 10 0.203075137801 0.308360962745 0.0410089555979 23.974304708 1 0.1 0.4084 0.410891089109 101.880276026 0 0.418618375141
910 10 0.243393602225 0.334475385027 0.0429129805596 22.5504434891 1 0.1 0.38391 0.428099173554 93.9258953165 0 0.418618375141
920 10 0.243393602225 0.261867139355 0.0540659616121 27.0999807897 1 0.1 0.39898 0.335570469799 119.968851676 0 0.418618375141
930 10 0.243393602225 0.289046828357 0.0211543599665 26.9355826476 1 0.1 0.46214 0.351575456053 108.687924993 0 0.418618375141
940 10 0.243393602225 0.270951566959 0.0457494484658 33.6437833954 1 0.1 0.37258 0.375 115.946552192 0 0.422428492348
950 10 0.243393602225 0.328294997236 0.0483511120845 30.7902290233 1 0.1 0.45455 0.435139573071 95.6941173778 0 0.452031713769
960 10 0.243393602225 0.394472078974 0.0398650505281 28.3574122355 1 0.1 0.39149 0.396946564885 79.6403641081 0 0.452031713769
970 10 0.243393602225 0.360010030936 0.0446430690843 12.5272974481 1 0.1 0.42679 0.387722132472 87.2639573911 0 0.452031713769
980 10 0.243393602225 0.298897988227 0.0545985953504 26.1102806973 1 0.1 0.40789 0.496194824962 105.105759281 0 0.452031713769
990 10 0.243393602225 0.32397592193 0.0296550619022 22.6208538415 1 0.1 0.39734 0.416666666667 96.9698606391 0 0.452031713769
1000 10 0.243393602225 0.329208708625 0.0399431692471 25.9260369975 1 0.1 0.38274 0.368992248062 95.4285205007 0 0.454999945169
1010 10 0.303687635575 0.352096228448 0.0434085817279 19.8321716248 1 0.1 0.37606 0.402799377916 89.2253238225 0 0.454999945169
1020 10 0.303687635575 0.361496069005 0.0334277487724 18.7169981335 1 0.1 0.39304 0.360576923077 86.9052327082 0 0.458761855103
1030 10 0.303687635575 0.456048981554 0.0505874229978 14.2159735669 1 0.1 0.45903 0.395454545455 68.8871179866 0 0.458761855103
1040 10 0.303687635575 0.346423916227 0.0337760972203 31.6999200119 1 0.1 0.37094 0.386581469649 90.6862907796 0 0.458761855103
1050 10 0.303687635575 0.385286472246 0.0257940722796 19.667592003 1 0.1 0.47396 0.475667189953 81.5390683636 0 0.458761855103
1060 10 0.303687635575 0.379686425858 0.051469199843 25.3666352769 1 0.1 0.43225 0.453689167975 82.7416990981 0 0.484645311761
1070 10 0.303687635575 0.450815535017 0.0398799820623 9.44208417983 1 0.1 0.39686 0.400304414003 69.6868176888 0 0.484645311761
1080 10 0.303687635575 0.365393739855 0.0301241797245 9.98311189493 1 0.1 0.42758 0.374183006536 85.9782108267 0 0.484645311761
1090 10 0.303687635575 0.337079455851 0.0255385631167 29.4435328836 1 0.1 0.39614 0.417862838915 93.2002809862 0 0.484645311761
1100 10 0.303687635575 0.378263765294 0.0493703085592 26.6597844204 1 0.1 0.43886 0.4015625 83.0528929347 0 0.484645311761
1110 10 0.40369088812 0.414396936884 0.0251672677658 23.0603787237 1 0.1 0.36993 0.299173553719 75.8111298704 0 0.484645311761
1120 10 0.40369088812 0.450932710936 0.028343826015 16.5892934427 1 0.1 0.42551 0.377516778523 69.6687094063 0 0.484645311761
1130 10 0.40369088812 0.447058315544 0.0362444078749 22.7202742664 1 0.1 0.39172 0.35170178282 70.2724877442 0 0.484645311761
1140 10 0.40369088812 0.363826354391 0.0315504828322 30.3321814958 1 0.1 0.39558 0.358931552588 86.3486100468 0 0.484645311761
1150 10 0.40369088812 0.353967539615 0.035967854798 11.7643488504 1 0.1 0.41969 0.383870967742 88.753618578 0 0.489604198261
1160 10 0.40369088812 0.426723063885 0.038561047571 18.01194097 1 0.1 0.39911 0.398734177215 73.6212842915 0 0.489604198261
1170 10 0.40369088812 0.4056077622 0.0357315447597 19.7591773521 1 0.1 0.43754 0.465568862275 77.4538924738 0 0.489604198261
1180 10 0.40369088812 0.343129366868 0.0386375738862 25.9155887084 1 0.1 0.45432 0.470679012346 91.5570132825 0 0.489604198261
1190 10 0.40369088812 0.429251508555 0.0378950587275 15.60613706 1 0.1 0.39188 0.422712933754 73.1876286371 0 0.491428775965
1200 10 0.40369088812 0.389844924698 0.0252613233403 12.7399934772 1 0.1 0.41915 0.417069243156 80.5856329265 0 0.491428775965
1210 10 0.601891659501 0.47981676838 0.0266636955984 11.3652522116 1 0.1 0.38284 0.382113821138 65.474785523 20 0.529557026895
1220 10 0.601891659501 0.435813312204 0.0380768853596 21.249889706 1 0.1 0.42546 0.405405405405 72.0856823789 20 0.529557026895
1230 10 0.601891659501 0.503684956379 0.0324711706436 19.3599618201 1 0.1 0.37743 0.37091503268 62.3721228958 20 0.529557026895
1240 10 0.601891659501 0.441208666345 0.0244510615304 17.6574671272 1 0.1 0.41244 0.39837398374 71.2041770626 20 0.529557026895
1250 10 0.601891659501 0.470992389479 0.0220799531849 18.2221591641 1 0.1 0.38855 0.422893481717 66.7015024059 20 0.529557026895
1260 10 0.601891659501 0.487371314688 0.0188760090167 27.0026321342 1 0.1 0.39593 0.391096979332 64.459887263 20 0.529557026895
1270 10 0.601891659501 0.492178361217 0.0335329550744 15.1313532377 1 0.1 0.43541 0.417647058824 63.83031534 20 0.529557026895
1280 10 0.601891659501 0.47716501902 0.0285193910689 20.3897166123 1 0.1 0.39204 0.356918238994 65.838648576 20 0.529557026895
1290 10 0.601891659501 0.462211219125 0.0305503660521 23.8037170614 1 0.1 0.44177 0.396923076923 67.9687093262 20 0.529557026895
1300 10 0.601891659501 0.506844062532 0.0181109015814 14.6333757366 1 0.1 0.38327 0.400313971743 61.9833639622 20 0.529557026895
1310 10 1.18243243243 0.537942688386 0.0305370984461 15.3315583972 1 0.1 0.43866 0.333904109589 58.4000873667 20 0.567370933456
1320 10 1.18243243243 0.486466185881 0.0249036620949 6.78220588656 1 0.1 0.37689 0.369181380417 64.5798226306 20 0.576078158558
1330 10 1.18243243243 0.550464864959 0.0126701256804 2.27062208519 1 0.1 0.41331 0.399030694669 57.0715807672 20 0.576078158558
1340 10 1.18243243243 0.567384481176 0.0192655426334 5.13303973708 1 0.1 0.36451 0.408427876823 55.369685006 20 0.576078158558
1350 10 1.18243243243 0.530157495374 0.0269475001181 10.7189386902 1 0.1 0.40491 0.382165605096 59.2576739443 20 0.583312567764
1360 10 1.18243243243 0.521103516242 0.0212133610749 10.707070863 1 0.1 0.40676 0.442834138486 60.2872539157 20 0.583312567764
1370 10 1.18243243243 0.5199093635 0.0167998814195 11.4101379462 1 0.1 0.40383 0.387358184765 60.4257245696 20 0.583312567764
1380 10 1.18243243243 0.542301396229 0.0198224422345 14.1837297381 1 0.1 0.34067 0.444790046656 57.9307009321 20 0.583312567764
1390 10 1.18243243243 0.51453846499 0.0237493971331 10.5446822818 1 0.1 0.35999 0.425742574257 61.0564654299 20 0.583312567764
1400 10 1.18243243243 0.479956232394 0.0232995196035 10.1076152106 1 0.1 0.4099 0.353618421053 65.4557600873 20 0.583312567764
1410 10 33.3333333333 0.676072312989 0.0617328037714 0.594453199183 1 0.1 0.75679 0.680261011419 46.4682540557 290 0.682379752803
1420 10 33.3333333333 0.679980006342 0.00113380274465 0.0120261763758 1 0.1 0.41047 0.350253807107 46.2012113694 290 0.682379752803
1430 10 33.3333333333 0.677619696427 0.00163245111861 0.0147717870553 1 0.1 0.39381 0.376689189189 46.3621411327 290 0.682379752803
1440 10 33.3333333333 0.677214912959 0.00135077255321 0.0362603001013 1 0.1 0.42062 0.394136807818 46.3898526137 290 0.682379752803
1450 10 33.3333333333 0.680162387206 0.0015337745206 0.00490802692671 1 0.1 0.3807 0.370139968896 46.1888228325 290 0.682379752803
1460 10 33.3333333333 0.677240467625 0.00175429557816 0.00886850236421 1 0.1 0.45085 0.45567651633 46.3881021614 290 0.682379752803
1470 10 33.3333333333 0.679642679018 0.00127801306678 0.00724598642012 1 0.1 0.354 0.37559429477 46.2241424353 290 0.682379752803
1480 10 33.3333333333 0.676301883199 0.00162213699594 0.00755582167685 1 0.1 0.37954 0.395534290271 46.4524804387 290 0.682379752803
1490 10 33.3333333333 0.675745692416 0.0015571070271 0.00557514327312 1 0.1 0.46386 0.46282245827 46.4907144101 290 0.682379752803
1500 10 33.3333333333 0.679622136756 0.00217163502026 0.0130720529277 1 0.1 0.39974 0.457886676876 46.2255396064 290 0.682645920626
