475.342374337,126.84586212,36.3105474615,0.0
306.962872471,438.166517189,36.3105474615,0.0
315.019781666,360.976617483,36.3105474615,0.0
192.845486224,254.29597575,36.3105474615,0.0
65.1875662686,249.761667583,36.3105474615,0.0
413.786243167,319.41344011,36.3105474615,0.0
103.046159479,124.1385802,36.3105474615,0.0
334.412404608,129.66712308,36.3105474615,0.0
455.602535652,407.067519158,36.3105474615,0.0
206.102447222,392.615225665,36.3105474615,0.0
@ 10 10 0.0873362445415 0.158006581713
165.640194533,69.644454731,46.6627319508,0.0
377.161277905,410.84510784,46.6627319508,0.0
394.84843781,282.965898351,46.6627319508,0.0
89.8624775496,254.983403319,46.6627319508,0.0
292.809573662,278.494391509,46.6627319508,0.0
53.5086719011,347.696590327,46.6627319508,0.0
188.622231216,274.483214137,46.6627319508,0.0
259.072916839,126.717989576,46.6627319508,0.0
401.192690458,73.4471813483,46.6627319508,0.0
124.675589402,451.570973835,46.6627319508,0.0
@ 20 10 0.0873362445415 0.260945557387
265.406993819,292.726544295,42.8962644911,0.0
83.4019978814,65.3059139769,42.8962644911,0.0
226.28016225,66.3403803669,42.8962644911,0.0
420.644714835,276.940401111,42.8962644911,0.0
448.239323133,169.482696526,42.8962644911,0.0
368.449764527,49.7861624416,42.8962644911,0.0
99.7277492156,434.941926524,42.8962644911,0.0
204.786902829,362.471191328,42.8962644911,0.0
347.43988603,198.628895266,42.8962644911,0.0
130.681125259,270.002728721,42.8962644911,0.0
@ 30 10 0.0873362445415 0.220520278748
78.2884303209,446.279408378,44.1032112406,0.0
373.453769358,247.72707627,44.1032112406,0.0
86.3226208922,341.422651777,44.1032112406,0.0
95.1605724285,56.5302391414,44.1032112406,0.0
218.434764725,227.02775268,44.1032112406,0.0
455.223150975,380.966892686,44.1032112406,0.0
262.868087425,454.035672787,44.1032112406,0.0
282.978462554,348.579967638,44.1032112406,0.0
53.6094033755,218.716102128,44.1032112406,0.0
290.199713784,125.989718867,44.1032112406,0.0
@ 40 10 0.0873362445415 0.233104151813
278.387625201,82.7444966505,43.9191949531,0.0
442.168645684,341.535083136,43.9191949531,0.0
51.6276408451,208.071370753,43.9191949531,0.0
194.39469836,377.008880054,43.9191949531,0.0
459.691902495,142.660785099,43.9191949531,0.0
341.450273577,316.866564096,43.9191949531,0.0
322.465518183,429.823252194,43.9191949531,0.0
155.660340193,267.634204653,43.9191949531,0.0
345.365972715,173.637936454,43.9191949531,0.0
46.7794897877,460.264042747,43.9191949531,0.0
@ 50 10 0.0873362445415 0.231163001864
250.825186532,59.2076351418,47.2893531158,0.0
87.1994642857,416.169299733,47.2893531158,0.0
50.9161140153,126.515439775,47.2893531158,0.0
252.417093676,193.410640982,47.2893531158,0.0
450.594896845,67.6890199583,47.2893531158,0.0
387.024322241,448.975519463,47.2893531158,0.0
115.678626504,260.220094004,47.2893531158,0.0
345.599159842,164.027740477,47.2893531158,0.0
432.322637434,322.708625215,47.2893531158,0.0
210.408818719,370.657328992,47.2893531158,0.0
@ 60 10 0.0873362445415 0.268000948055
119.780714688,67.188857862,49.274365166,0.0
356.51895047,95.7281062708,49.274365166,0.0
134.237751237,333.543347513,49.274365166,0.0
459.385696967,237.525521607,49.274365166,0.0
56.0705792863,184.428670392,49.274365166,0.0
245.041469357,458.042055135,49.274365166,0.0
413.929455332,382.905402756,49.274365166,0.0
335.627184697,246.487179884,49.274365166,0.0
226.625476232,101.664658019,49.274365166,0.0
50.4486613065,438.388324457,49.274365166,0.0
@ 70 10 0.0873362445415 0.290972308257
161.78246261,135.496798735,47.0214435893,0.0
456.320958299,84.4669829356,47.0214435893,0.0
334.901849444,98.4106023974,47.0214435893,0.0
307.673615087,404.283567843,47.0214435893,0.0
246.161729354,273.430536236,47.0214435893,0.0
348.43485837,299.654694142,47.0214435893,0.0
51.366060514,140.280779208,47.0214435893,0.0
105.255057928,227.332188855,47.0214435893,0.0
183.3108243,393.480770227,47.0214435893,0.0
80.9546997923,50.2117279218,47.0214435893,0.0
@ 80 10 0.0873362445415 0.264972925163
319.630900859,436.005319474,46.5971453581,0.0
346.87585786,117.546074166,46.5971453581,0.0
154.175451332,179.799355104,46.5971453581,0.0
457.491583345,290.018212187,46.5971453581,0.0
48.0203650246,402.529953359,46.5971453581,0.0
424.112948155,196.52707412,46.5971453581,0.0
349.624459592,341.304300323,46.5971453581,0.0
234.750666943,375.49833697,46.5971453581,0.0
207.814734385,75.2892579291,46.5971453581,0.0
422.694908526,449.369235278,46.5971453581,0.0
@ 90 10 0.0873362445415 0.260212531194
426.699669472,440.31367742,41.4639657872,0.0
313.095815348,259.669056926,41.4639657872,0.0
316.997489742,49.6647160884,41.4639657872,0.0
154.691826193,220.917160119,41.4639657872,0.0
264.96354713,131.638994056,41.4639657872,0.0
230.234997079,299.490010661,41.4639657872,0.0
177.613018068,58.9707682005,41.4639657872,0.0
42.4518929908,53.7868365387,41.4639657872,0.0
320.951558095,343.717075405,41.4639657872,0.0
102.762046673,454.307673346,41.4639657872,0.0
@ 100 10 0.0873362445415 0.206039866057
242.216689902,242.451234389,47.4734987655,0.0
463.366247734,289.852780724,47.4734987655,0.0
366.671300994,110.78035806,47.4734987655,0.0
359.735792447,225.95811235,47.4734987655,0.0
461.521698304,122.542375056,47.4734987655,0.0
195.042999487,84.8992239147,47.4734987655,0.0
87.7511483643,457.475500477,47.4734987655,0.0
246.085178498,421.631022593,47.4734987655,0.0
74.3641503724,212.129832663,47.4734987655,0.0
103.246825055,303.58294523,47.4734987655,0.0
@ 110 10 0.0940354648039 0.27009221354
439.07557338,388.177083821,42.2763996854,0.0
241.343882752,464.772978439,42.2763996854,0.0
55.8689052165,192.032304308,42.2763996854,0.0
97.0322883808,368.064153687,42.2763996854,0.0
197.956409748,62.8561723907,42.2763996854,0.0
179.188135316,317.258824113,42.2763996854,0.0
446.355258247,78.6431106119,42.2763996854,0.0
316.108582537,136.498519845,42.2763996854,0.0
328.420195879,354.412619485,42.2763996854,0.0
324.598368817,247.028340899,42.2763996854,0.0
@ 120 10 0.0940354648039 0.214193148206
137.204800663,413.973770814,45.0694244155,0.0
411.077244285,63.4485581627,45.0694244155,0.0
424.83510297,163.667278611,45.0694244155,0.0
317.60967459,449.26684768,45.0694244155,0.0
251.099417851,303.897100701,45.0694244155,0.0
413.205713348,430.625155147,45.0694244155,0.0
171.267711215,258.529406404,45.0694244155,0.0
266.482489255,46.8430070727,45.0694244155,0.0
78.9677597401,249.683315465,45.0694244155,0.0
234.771136424,159.419294436,45.0694244155,0.0
@ 130 10 0.0940354648039 0.243429724355
92.9671313586,333.112385438,47.1299711106,0.0
203.603489393,427.738517411,47.1299711106,0.0
53.2112663905,206.185870929,47.1299711106,0.0
205.023865548,245.731344413,47.1299711106,0.0
347.449319907,165.406789743,47.1299711106,0.0
103.395687441,94.0749993665,47.1299711106,0.0
450.851530741,432.465448858,47.1299711106,0.0
268.54011743,60.8593384644,47.1299711106,0.0
346.837401007,352.74998264,47.1299711106,0.0
348.065584149,461.840242585,47.1299711106,0.0
@ 140 10 0.0940354648039 0.266197474585
81.1440733822,88.1784929287,43.1655358135,0.0
209.303950486,52.7931234882,43.1655358135,0.0
379.286561533,210.003353091,43.1655358135,0.0
134.565380555,460.914547098,43.1655358135,0.0
333.8685783,390.335060554,43.1655358135,0.0
84.4254988154,332.573123174,43.1655358135,0.0
324.268216262,99.9304868044,43.1655358135,0.0
468.275518779,303.314972463,43.1655358135,0.0
193.339156872,301.86121159,43.1655358135,0.0
113.268952877,226.820231719,43.1655358135,0.0
@ 150 10 0.0940354648039 0.223297497659
97.9978100734,374.086597311,48.6879111966,0.0
415.656978987,207.190227382,48.6879111966,0.0
257.53687322,61.8095999144,48.6879111966,0.0
430.511495876,63.2296524259,48.6879111966,0.0
82.9508914364,112.592669243,48.6879111966,0.0
381.603154785,454.518590231,48.6879111966,0.0
299.790914013,401.467058971,48.6879111966,0.0
70.2496050886,224.420606853,48.6879111966,0.0
220.916735592,222.737781039,48.6879111966,0.0
322.050064001,143.909747356,48.6879111966,0.0
@ 160 10 0.0940354648039 0.284087333023
431.776316401,111.687680348,48.724454772,0.0
227.562480416,454.100995219,48.724454772,0.0
351.522898468,288.524678096,48.724454772,0.0
51.139902452,176.695216194,48.724454772,0.0
109.796063171,403.701818112,48.724454772,0.0
123.106730937,254.344395305,48.724454772,0.0
359.457713141,455.552355298,48.724454772,0.0
60.042942275,53.8949647833,48.724454772,0.0
231.529694035,54.6794198944,48.724454772,0.0
251.204665673,267.330239202,48.724454772,0.0
@ 170 10 0.0940354648039 0.284513946638
372.204305816,324.688068517,46.4690584934,0.0
325.777217194,406.661523417,46.4690584934,0.0
199.613665555,242.084725124,46.4690584934,0.0
386.302082672,101.409455835,46.4690584934,0.0
198.2943524,442.686544831,46.4690584934,0.0
302.579752477,181.434250083,46.4690584934,0.0
413.793584185,212.151592206,46.4690584934,0.0
123.034106245,160.725478079,46.4690584934,0.0
104.276928828,394.260507995,46.4690584934,0.0
97.3371915777,282.940376045,46.4690584934,0.0
@ 180 10 0.0940354648039 0.258783945889
323.155452357,157.583164791,46.3667120568,0.0
66.3409115948,302.933946281,46.3667120568,0.0
306.081471895,255.31851036,46.3667120568,0.0
382.282705837,62.552884569,46.3667120568,0.0
148.678956493,88.930590387,46.3667120568,0.0
270.817032962,72.0942091582,46.3667120568,0.0
389.780016931,455.951636834,46.3667120568,0.0
272.776669449,426.279485956,46.3667120568,0.0
412.918647678,225.345226523,46.3667120568,0.0
128.001614919,228.172425209,46.3667120568,0.0
@ 190 10 0.0940354648039 0.257645276471
134.295643234,71.279016,48.1861575851,0.0
81.728564515,171.67979336,48.1861575851,0.0
444.48298609,346.817199206,48.1861575851,0.0
315.360488383,455.4054041,48.1861575851,0.0
178.80970894,176.121915854,48.1861575851,0.0
452.91295223,174.962858763,48.1861575851,0.0
85.3953025391,268.54774011,48.1861575851,0.0
151.016556262,429.687682976,48.1861575851,0.0
271.216880637,103.788555328,48.1861575851,0.0
212.717652818,334.146088676,48.1861575851,0.0
@ 200 10 0.0940354648039 0.278262176065
196.704455214,80.7846197075,43.7297937733,0.0
108.819875791,154.972401339,43.7297937733,0.0
104.042671885,49.7214065008,43.7297937733,0.0
348.777167265,382.884393013,43.7297937733,0.0
69.7930098358,316.962926133,43.7297937733,0.0
97.593919803,423.518057671,43.7297937733,0.0
213.340591146,385.528159757,43.7297937733,0.0
281.690005814,256.192154745,43.7297937733,0.0
465.85152078,72.1559120825,43.7297937733,0.0
389.150530426,170.024386141,43.7297937733,0.0
@ 210 10 0.101847810272 0.229173523716
432.599651498,167.534876814,48.3507353833,0.0
400.183802833,306.91203102,48.3507353833,0.0
393.403460281,68.397147636,48.3507353833,0.0
49.7839373967,191.760837026,48.3507353833,0.0
231.522281625,190.899307522,48.3507353833,0.0
161.532541557,456.388174989,48.3507353833,0.0
266.466697351,310.818360182,48.3507353833,0.0
110.760339011,300.558068482,48.3507353833,0.0
431.363495517,441.886621128,48.3507353833,0.0
248.16162652,89.2553631554,48.3507353833,0.0
@ 220 10 0.101847810272 0.280166207652
305.045787319,394.934625601,49.6959893159,0.0
140.018921909,320.990098692,49.6959893159,0.0
145.48527262,424.071532715,49.6959893159,0.0
73.136380809,192.893367106,49.6959893159,0.0
321.164964858,290.201071633,49.6959893159,0.0
444.552361428,431.761108069,49.6959893159,0.0
454.572618179,73.1073825794,49.6959893159,0.0
199.133270692,213.564725854,49.6959893159,0.0
451.820239361,318.338884006,49.6959893159,0.0
290.487978432,167.528834873,49.6959893159,0.0
@ 230 10 0.101847810272 0.295973116344
82.7902960286,347.07157709,42.8451348361,0.0
392.262954253,334.091472665,42.8451348361,0.0
465.939035152,100.79943266,42.8451348361,0.0
172.04020153,421.938762635,42.8451348361,0.0
194.493653356,336.225411953,42.8451348361,0.0
388.32610101,429.458689491,42.8451348361,0.0
332.083997138,178.608462842,42.8451348361,0.0
119.805543269,175.124758223,42.8451348361,0.0
52.9305646259,440.462685397,42.8451348361,0.0
390.516492439,59.0972833165,42.8451348361,0.0
@ 240 10 0.101847810272 0.21999489938
155.98415179,48.6340173107,40.3158724017,0.0
274.992259495,83.2754788519,40.3158724017,0.0
449.907356249,451.02627787,40.3158724017,0.0
366.54971403,49.5268676989,40.3158724017,0.0
314.020268664,295.204615696,40.3158724017,0.0
452.201801229,119.418066222,40.3158724017,0.0
460.913264693,339.947315259,40.3158724017,0.0
52.1315452551,244.048247627,40.3158724017,0.0
149.433751705,160.856920821,40.3158724017,0.0
42.5227953212,369.946342391,40.3158724017,0.0
@ 250 10 0.101847810272 0.194787779983
412.772894772,374.282984456,49.4057757399,0.0
211.488936029,78.6153035224,49.4057757399,0.0
219.722002883,215.658105456,49.4057757399,0.0
275.230400456,399.750378382,49.4057757399,0.0
335.962461522,185.858398433,49.4057757399,0.0
127.973944996,401.115483565,49.4057757399,0.0
392.772997642,54.2419279008,49.4057757399,0.0
117.026376885,123.924838653,49.4057757399,0.0
312.796367026,282.154086711,49.4057757399,0.0
423.372051304,240.311631977,49.4057757399,0.0
@ 260 10 0.101847810272 0.292526374965
50.4915342773,128.568923815,45.368783806,0.0
345.377424183,189.715088986,45.368783806,0.0
153.421678595,385.106929278,45.368783806,0.0
457.140857672,426.189868278,45.368783806,0.0
204.723310689,297.943559631,45.368783806,0.0
436.632026353,324.833310962,45.368783806,0.0
279.929011031,120.69220325,45.368783806,0.0
111.74337899,266.453149113,45.368783806,0.0
329.027156754,279.058028002,45.368783806,0.0
263.283910641,409.651660987,45.368783806,0.0
@ 270 10 0.101847810272 0.246674273967
216.843220219,99.6272618403,46.6644098246,0.0
59.2418628732,58.9704085564,46.6644098246,0.0
401.555798145,458.008306497,46.6644098246,0.0
291.871371705,212.331434669,46.6644098246,0.0
68.3880041364,328.09037663,46.6644098246,0.0
128.502072445,437.401532566,46.6644098246,0.0
462.61808955,260.519053968,46.6644098246,0.0
226.929877675,435.472475967,46.6644098246,0.0
415.272124981,175.784263337,46.6644098246,0.0
192.839692603,196.451071606,46.6644098246,0.0
@ 280 10 0.101847810272 0.260964323608
207.7076269,345.150078949,44.5736569741,0.0
395.853931906,93.991773093,44.5736569741,0.0
395.433572518,291.700372094,44.5736569741,0.0
105.973859248,289.239870747,44.5736569741,0.0
318.081686231,206.868042579,44.5736569741,0.0
292.880989313,460.15088007,44.5736569741,0.0
401.593313371,445.900294584,44.5736569741,0.0
189.155064191,219.332541755,44.5736569741,0.0
127.261968505,386.250126349,44.5736569741,0.0
466.64054709,219.392269464,44.5736569741,0.0
@ 290 10 0.101847810272 0.238103685109
262.259967914,62.4483640289,47.7823140418,0.0
66.2236225574,48.9176336938,47.7823140418,0.0
50.1358222272,254.860554342,47.7823140418,0.0
212.850771947,332.177139819,47.7823140418,0.0
64.8333982287,401.750629714,47.7823140418,0.0
392.864378869,61.1165705756,47.7823140418,0.0
232.694821108,460.783411949,47.7823140418,0.0
225.781928649,191.902358394,47.7823140418,0.0
457.650862031,191.170729239,47.7823140418,0.0
454.668744569,452.610627816,47.7823140418,0.0
@ 300 10 0.101847810272 0.273617544108
215.497493183,78.534607499,48.8833209923,0.0
288.384679612,455.350228311,48.8833209923,0.0
100.138609528,53.4465009902,48.8833209923,0.0
80.9706871212,390.74050853,48.8833209923,0.0
430.260172187,170.282207815,48.8833209923,0.0
314.641178441,64.0321101179,48.8833209923,0.0
429.19079649,287.264053206,48.8833209923,0.0
354.03988548,375.329190724,48.8833209923,0.0
250.115274226,302.933060746,48.8833209923,0.0
276.134809761,183.314259867,48.8833209923,0.0
@ 310 10 0.111075848937 0.2863722883
274.310050285,177.088112456,50.9437598756,0.0
414.320753429,417.082181631,50.9437598756,0.0
81.9504047047,163.978005753,50.9437598756,0.0
449.736645088,287.448681054,50.9437598756,0.0
295.635227175,415.36582727,50.9437598756,0.0
397.538862633,189.448607772,50.9437598756,0.0
133.311988016,65.1194838846,50.9437598756,0.0
258.999509904,55.8036787482,50.9437598756,0.0
165.251355219,330.529856913,50.9437598756,0.0
369.284945225,59.0556825501,50.9437598756,0.0
@ 320 10 0.111075848937 0.311022331949
174.299810887,173.205091767,39.3940698812,0.0
195.892640627,396.778356205,39.3940698812,0.0
91.2305847913,237.84641632,39.3940698812,0.0
417.310000976,67.2019833643,39.3940698812,0.0
300.632144762,188.017656417,39.3940698812,0.0
56.7421381185,348.136608521,39.3940698812,0.0
102.181023838,81.2731549701,39.3940698812,0.0
112.38088766,410.633648385,39.3940698812,0.0
309.54545298,393.567328619,39.3940698812,0.0
328.845125724,315.274523793,39.3940698812,0.0
@ 330 10 0.111075848937 0.185982159375
454.182884442,256.34542852,38.1396908095,0.0
89.9356072611,220.665624046,38.1396908095,0.0
126.784873297,466.261966187,38.1396908095,0.0
195.956368528,373.760215867,38.1396908095,0.0
389.242195123,346.61940828,38.1396908095,0.0
56.6405956288,140.625763149,38.1396908095,0.0
439.020709771,125.408240452,38.1396908095,0.0
343.922532456,261.19453027,38.1396908095,0.0
396.919840021,205.283955338,38.1396908095,0.0
276.706828948,45.3807213071,38.1396908095,0.0
@ 340 10 0.111075848937 0.174326704349
100.9223366,223.740795163,49.4482572849,0.0
345.588750401,163.049432083,49.4482572849,0.0
229.733988859,57.3371445256,49.4482572849,0.0
287.841507649,296.439605968,49.4482572849,0.0
455.234122637,170.631428249,49.4482572849,0.0
95.9666027514,52.70634374,49.4482572849,0.0
331.134752716,400.474127488,49.4482572849,0.0
190.731814176,160.495866785,49.4482572849,0.0
457.36663466,63.2573921609,49.4482572849,0.0
68.4438567033,351.951062824,49.4482572849,0.0
@ 350 10 0.111075848937 0.293029648715
209.742252723,251.908699911,46.5586212811,0.0
184.984051122,91.6981476859,46.5586212811,0.0
245.299096597,341.12830105,46.5586212811,0.0
134.383563822,407.336810381,46.5586212811,0.0
446.941992179,275.098358611,46.5586212811,0.0
236.692812961,456.491841856,46.5586212811,0.0
336.29038546,464.303742405,46.5586212811,0.0
284.094580335,112.212714049,46.5586212811,0.0
441.46652637,172.093468313,46.5586212811,0.0
48.3909249918,223.700226878,46.5586212811,0.0
@ 360 10 0.111075848937 0.259782448893
172.172963191,200.746583323,55.1876635914,0.0
416.556012661,456.411261968,55.1876635914,0.0
382.177332983,302.063524496,55.1876635914,0.0
398.922015282,186.086260937,55.1876635914,0.0
326.92406093,100.403145784,55.1876635914,0.0
219.354562265,450.15530835,55.1876635914,0.0
63.8005604228,411.027300173,55.1876635914,0.0
55.93660801,253.488066756,55.1876635914,0.0
249.956365951,319.595985958,55.1876635914,0.0
179.371176235,88.3392221088,55.1876635914,0.0
@ 370 10 0.111075848937 0.365000618597
76.5488120026,443.140311765,53.8526996777,0.0
454.586760991,304.507905384,53.8526996777,0.0
238.011023532,229.645168235,53.8526996777,0.0
324.53466479,407.977676067,53.8526996777,0.0
267.806497072,75.0933564675,53.8526996777,0.0
60.92510898,319.608756601,53.8526996777,0.0
56.3722388548,105.765631673,53.8526996777,0.0
384.877425656,81.8999299387,53.8526996777,0.0
200.65920341,422.885015138,53.8526996777,0.0
96.1924498174,210.80753198,53.8526996777,0.0
@ 380 10 0.111075848937 0.34755580233
352.772105759,87.4751224457,42.5198816855,0.0
363.973091478,438.136036519,42.5198816855,0.0
253.876717999,346.093461118,42.5198816855,0.0
114.822622843,179.542383328,42.5198816855,0.0
199.852280488,193.974541792,42.5198816855,0.0
313.146781174,178.579722248,42.5198816855,0.0
460.460489258,119.201581127,42.5198816855,0.0
468.07657767,307.222731429,42.5198816855,0.0
350.061400441,288.984659059,42.5198816855,0.0
96.9092209336,354.782414116,42.5198816855,0.0
@ 390 10 0.111075848937 0.216667453315
52.1153932872,73.3911537134,43.8407958219,0.0
353.035803996,374.703611707,43.8407958219,0.0
237.39680498,365.071537981,43.8407958219,0.0
200.764313366,176.827931043,43.8407958219,0.0
67.8304960157,342.05225513,43.8407958219,0.0
111.451989883,204.010692345,43.8407958219,0.0
287.556658299,266.712423522,43.8407958219,0.0
453.434241736,441.935813813,43.8407958219,0.0
443.626707631,48.8508448628,43.8407958219,0.0
424.680870757,211.916294411,43.8407958219,0.0
@ 400 10 0.111075848937 0.230338451092
105.146035403,239.345180051,50.4647460457,0.0
201.850766305,145.410347238,50.4647460457,0.0
89.8569847842,113.877639056,50.4647460457,0.0
309.741403164,235.970329419,50.4647460457,0.0
421.564936051,171.302719825,50.4647460457,0.0
422.612084677,435.93892545,50.4647460457,0.0
142.425015486,422.328348495,50.4647460457,0.0
249.330326531,406.441342669,50.4647460457,0.0
379.703911893,69.4855532037,50.4647460457,0.0
413.910992762,290.259490735,50.4647460457,0.0
@ 410 10 0.122142732507 0.30520087057
415.746216562,192.822434019,43.7423220979,0.0
72.0187480552,139.569045372,43.7423220979,0.0
317.756048908,326.630306085,43.7423220979,0.0
352.058567362,51.4238477994,43.7423220979,0.0
56.5951833354,420.056587823,43.7423220979,0.0
156.96384886,168.361045295,43.7423220979,0.0
440.796389012,374.810004742,43.7423220979,0.0
213.603635021,290.882777495,43.7423220979,0.0
276.848422779,453.225073581,43.7423220979,0.0
53.0475281705,238.6626688,43.7423220979,0.0
@ 420 10 0.122142732507 0.229304856215
462.924922397,96.6066687492,45.0067827065,0.0
277.420367052,50.5693991362,45.0067827065,0.0
132.761416891,375.43512093,45.0067827065,0.0
106.373082719,57.7935289633,45.0067827065,0.0
355.619542631,343.886557442,45.0067827065,0.0
390.490821356,242.766309745,45.0067827065,0.0
222.572121903,296.550421623,45.0067827065,0.0
204.156581832,451.891912674,45.0067827065,0.0
442.681473948,449.82775559,45.0067827065,0.0
80.3054598855,216.801279164,45.0067827065,0.0
@ 430 10 0.122142732507 0.242753511734
230.348392469,430.054608944,45.4500708705,0.0
108.686565817,409.519260265,45.4500708705,0.0
253.620165903,303.617398087,45.4500708705,0.0
336.72248753,445.619320216,45.4500708705,0.0
63.2875487341,73.1603444172,45.4500708705,0.0
349.759794928,97.4342036391,45.4500708705,0.0
210.355685937,216.149358164,45.4500708705,0.0
436.260820783,394.665683532,45.4500708705,0.0
147.709567384,300.031338374,45.4500708705,0.0
395.821077893,275.996257902,45.4500708705,0.0
@ 440 10 0.122142732507 0.247558996411
427.746551426,132.576858079,51.6881745023,0.0
346.470627237,338.512224567,51.6881745023,0.0
221.529849947,363.394875826,51.6881745023,0.0
327.265499879,90.205553866,51.6881745023,0.0
375.263558433,451.251068653,51.6881745023,0.0
223.754614991,225.445546316,51.6881745023,0.0
141.079377562,162.965542927,51.6881745023,0.0
426.680768001,250.439726397,51.6881745023,0.0
74.1421092049,450.023496739,51.6881745023,0.0
112.672452438,63.0288738954,51.6881745023,0.0
@ 450 10 0.122142732507 0.320178357503
290.133558496,80.4705174682,43.1576507191,0.0
296.871171739,179.936054832,43.1576507191,0.0
49.5098981549,109.274252341,43.1576507191,0.0
166.124274075,340.173884408,43.1576507191,0.0
391.273061399,424.370457646,43.1576507191,0.0
183.264298345,240.014402228,43.1576507191,0.0
446.104093406,121.315101331,43.1576507191,0.0
173.598892796,126.173565668,43.1576507191,0.0
351.080755758,292.667082035,43.1576507191,0.0
215.948876216,445.029830128,43.1576507191,0.0
@ 460 10 0.122142732507 0.223215925127
46.0297281264,265.452352256,44.5205854473,0.0
402.038122152,295.683880238,44.5205854473,0.0
217.987572425,73.7416849245,44.5205854473,0.0
54.2280864002,420.641641399,44.5205854473,0.0
281.750810129,445.919209803,44.5205854473,0.0
298.310441241,282.950858113,44.5205854473,0.0
119.174015241,107.964349975,44.5205854473,0.0
421.384455819,424.411176768,44.5205854473,0.0
363.717917292,106.613730815,44.5205854473,0.0
348.226774483,204.278441059,44.5205854473,0.0
@ 470 10 0.122142732507 0.237537027394
55.4260390497,136.160503228,49.0271667847,0.0
352.620322439,183.785057239,49.0271667847,0.0
452.465730419,190.741706283,49.0271667847,0.0
129.329262606,385.536654046,49.0271667847,0.0
223.874285926,276.497931053,49.0271667847,0.0
281.714848334,367.293620974,49.0271667847,0.0
346.403422845,285.323248854,49.0271667847,0.0
256.673476586,59.8519975169,49.0271667847,0.0
177.678561565,158.300515572,49.0271667847,0.0
397.899118549,415.76130554,49.0271667847,0.0
@ 480 10 0.122142732507 0.288060146512
323.158774433,438.480789611,46.1250715184,0.0
54.4997221279,188.70768369,46.1250715184,0.0
203.304008613,463.390619004,46.1250715184,0.0
273.658495631,316.939202925,46.1250715184,0.0
460.699296834,374.655911164,46.1250715184,0.0
296.516085246,188.0116811,46.1250715184,0.0
380.602973708,129.521250471,46.1250715184,0.0
167.940541551,55.6768954952,46.1250715184,0.0
84.4874487885,437.419124007,46.1250715184,0.0
118.029310977,345.396536547,46.1250715184,0.0
@ 490 10 0.122142732507 0.254966832704
62.1339511958,165.194319494,47.3233014909,0.0
184.547713111,56.1248308082,47.3233014909,0.0
373.30133126,92.7649744363,47.3233014909,0.0
452.510422643,163.852580694,47.3233014909,0.0
92.3119761353,464.675704274,47.3233014909,0.0
178.953147405,161.495161458,47.3233014909,0.0
61.7057675368,64.1132406718,47.3233014909,0.0
79.2820724045,261.825854167,47.3233014909,0.0
269.53926044,315.010379043,47.3233014909,0.0
123.531257241,374.827019564,47.3233014909,0.0
@ 500 10 0.122142732507 0.26838587455
252.654178585,311.905618362,50.0689450838,0.0
448.826618942,123.397858554,50.0689450838,0.0
417.387808426,371.469767205,50.0689450838,0.0
311.920672222,417.835110055,50.0689450838,0.0
197.012843706,100.445573137,50.0689450838,0.0
352.764439188,270.872576363,50.0689450838,0.0
334.09296696,121.435599714,50.0689450838,0.0
172.373409664,246.396879572,50.0689450838,0.0
78.2428784149,140.885360355,50.0689450838,0.0
267.991180076,202.271929951,50.0689450838,0.0
@ 510 10 0.135658914729 0.300432191921
125.23508942,76.9172810062,53.5955838128,0.0
270.929554606,232.633343575,53.5955838128,0.0
106.61012577,232.269275422,53.5955838128,0.0
439.494888663,121.375591975,53.5955838128,0.0
242.278284281,124.77732027,53.5955838128,0.0
361.080448464,302.745231485,53.5955838128,0.0
421.007330563,409.80952456,53.5955838128,0.0
57.2024794137,336.134654628,53.5955838128,0.0
184.791676455,392.043307009,53.5955838128,0.0
68.4749153566,449.728055786,53.5955838128,0.0
@ 520 10 0.135658914729 0.344244964256
200.077068038,414.807438021,48.9812150808,0.0
92.8984222769,80.6409184972,48.9812150808,0.0
220.707551592,100.481019381,48.9812150808,0.0
313.2261534,440.422183486,48.9812150808,0.0
319.713261017,65.0740248246,48.9812150808,0.0
327.502047937,341.491833483,48.9812150808,0.0
274.867715961,237.311605626,48.9812150808,0.0
56.5299424127,405.307406664,48.9812150808,0.0
111.120384657,185.390582181,48.9812150808,0.0
437.068380183,447.124903408,48.9812150808,0.0
@ 530 10 0.135658914729 0.287520419166
375.124532071,76.7905446331,53.1497084953,0.0
237.535674777,336.842157045,53.1497084953,0.0
84.1067594225,127.253849744,53.1497084953,0.0
428.236642673,175.133220065,53.1497084953,0.0
236.597155967,106.862517631,53.1497084953,0.0
320.421800655,442.153043883,53.1497084953,0.0
127.368414791,305.113004291,53.1497084953,0.0
430.728611338,432.826939698,53.1497084953,0.0
347.61443759,271.594551484,53.1497084953,0.0
86.5384974638,420.506515867,53.1497084953,0.0
@ 540 10 0.135658914729 0.338541066313
416.79898646,378.187799286,48.2937550357,0.0
324.078770974,421.127969916,48.2937550357,0.0
143.200836804,395.755159085,48.2937550357,0.0
229.232078862,451.927965736,48.2937550357,0.0
133.414582487,75.5573875336,48.2937550357,0.0
50.0070256845,306.128298845,48.2937550357,0.0
163.017114439,207.137879196,48.2937550357,0.0
323.602423554,203.814709395,48.2937550357,0.0
262.322434867,301.431297194,48.2937550357,0.0
454.339664334,266.667879362,48.2937550357,0.0
@ 550 10 0.135658914729 0.279506256518
385.214294792,183.184775219,58.0146571872,0.0
448.449051851,77.092230944,58.0146571872,0.0
327.22444522,78.4730401196,58.0146571872,0.0
259.573593042,290.610148497,58.0146571872,0.0
60.0910185493,418.869409898,58.0146571872,0.0
258.05492608,447.192123424,58.0146571872,0.0
441.358646187,448.057544201,58.0146571872,0.0
131.087800906,297.327528492,58.0146571872,0.0
370.760485203,336.536530769,58.0146571872,0.0
132.815945287,126.664127308,58.0146571872,0.0
@ 560 10 0.135658914729 0.403352770696
249.793351875,118.81820385,48.1842252696,0.0
234.912893573,442.262860171,48.1842252696,0.0
220.030498306,292.275180728,48.1842252696,0.0
306.452070782,343.640140585,48.1842252696,0.0
106.159712223,393.347253616,48.1842252696,0.0
185.775082639,200.932031623,48.1842252696,0.0
416.063251226,161.293959763,48.1842252696,0.0
365.847966678,71.4182521285,48.1842252696,0.0
78.1302553549,272.431575412,48.1842252696,0.0
134.71096358,119.135188113,48.1842252696,0.0
@ 570 10 0.135658914729 0.278239859302
78.4207704499,62.5181031349,48.124471879,0.0
162.892370814,119.134678627,48.124471879,0.0
430.358122108,90.2108798088,48.124471879,0.0
253.553462333,452.077354315,48.124471879,0.0
135.972378325,228.320941466,48.124471879,0.0
358.169805043,217.64080181,48.124471879,0.0
460.63417704,302.734947614,48.124471879,0.0
239.100758895,356.721272892,48.124471879,0.0
310.550549424,87.8349945296,48.124471879,0.0
337.575462856,341.267806625,48.124471879,0.0
@ 580 10 0.135658914729 0.277550195161
443.072888738,178.427375175,49.8609557988,0.0
121.659969635,214.604341658,49.8609557988,0.0
344.210703788,270.123062603,49.8609557988,0.0
295.295151308,178.495033937,49.8609557988,0.0
111.95629232,433.194469389,49.8609557988,0.0
228.698389104,338.660795267,49.8609557988,0.0
369.08012812,87.8568092695,49.8609557988,0.0
346.648695288,461.800879471,49.8609557988,0.0
228.416722396,72.5255203506,49.8609557988,0.0
54.234491844,59.5217889652,49.8609557988,0.0
@ 590 10 0.135658914729 0.297941350939
119.640770358,178.437177745,48.1293068986,0.0
93.2311897889,351.454780975,48.1293068986,0.0
208.992193176,408.836455862,48.1293068986,0.0
180.764868845,292.803669293,48.1293068986,0.0
358.883792375,324.981664208,48.1293068986,0.0
463.098982918,225.054294819,48.1293068986,0.0
397.29292083,63.9338681606,48.1293068986,0.0
233.901965317,160.677191578,48.1293068986,0.0
432.618627876,398.570834372,48.1293068986,0.0
319.120447011,435.399215902,48.1293068986,0.0
@ 600 10 0.135658914729 0.277605968367
412.273755318,79.1219407678,49.3128648968,0.0
280.107290138,324.358019188,49.3128648968,0.0
154.765644232,284.554161796,49.3128648968,0.0
335.721440361,194.732654383,49.3128648968,0.0
55.5120355664,265.542972342,49.3128648968,0.0
171.752513842,401.92573062,49.3128648968,0.0
169.212503692,167.178719361,49.3128648968,0.0
415.132178732,380.482626178,49.3128648968,0.0
136.729914635,63.9558271568,49.3128648968,0.0
443.321055161,279.157951772,49.3128648968,0.0
@ 610 10 0.152538679451 0.291427178934
203.857259686,267.286752826,50.440514818,0.0
185.365546931,398.179210766,50.440514818,0.0
63.9848293221,432.808201713,50.440514818,0.0
420.265727914,430.506274478,50.440514818,0.0
398.552537025,306.903893478,50.440514818,0.0
312.122302724,449.311167917,50.440514818,0.0
355.994544984,77.4244149648,50.440514818,0.0
77.1523449164,215.983708169,50.440514818,0.0
99.445351198,329.365796132,50.440514818,0.0
444.160941859,186.044966082,50.440514818,0.0
@ 620 10 0.152538679451 0.304907849527
421.319693735,91.668128396,47.798315174,0.0
63.4985231587,140.042006327,47.798315174,0.0
156.913734716,207.656805101,47.798315174,0.0
131.550489845,447.283178785,47.798315174,0.0
463.691981635,219.328081914,47.798315174,0.0
177.269314218,78.9929679563,47.798315174,0.0
359.692220101,431.154998397,47.798315174,0.0
325.70237649,153.064526832,47.798315174,0.0
454.993230018,359.135504003,47.798315174,0.0
79.4634609131,355.551820261,47.798315174,0.0
@ 630 10 0.152538679451 0.273800830483
270.092456389,337.273091307,49.9912078564,0.0
457.328531804,214.948709807,49.9912078564,0.0
314.760200263,453.272023345,49.9912078564,0.0
461.926279124,421.284587686,49.9912078564,0.0
100.704100893,371.032978399,49.9912078564,0.0
331.324097805,183.391399174,49.9912078564,0.0
377.339485512,337.743931571,49.9912078564,0.0
429.790138352,84.2061575576,49.9912078564,0.0
53.5525271206,147.394177198,49.9912078564,0.0
321.254258245,64.6858639457,49.9912078564,0.0
@ 640 10 0.152538679451 0.299500011895
456.128789166,342.033524652,45.5420320641,0.0
182.495252256,399.795888519,45.5420320641,0.0
388.035436376,421.03223051,45.5420320641,0.0
81.8259238347,328.576230954,45.5420320641,0.0
186.882107671,110.443375432,45.5420320641,0.0
328.378352625,222.046080457,45.5420320641,0.0
281.075528017,409.793463885,45.5420320641,0.0
359.875753946,311.256691276,45.5420320641,0.0
91.9061692663,55.744653593,45.5420320641,0.0
213.770017151,298.354619645,45.5420320641,0.0
@ 650 10 0.152538679451 0.248561804632
293.688661022,377.166673798,46.3108182468,0.0
424.199196729,404.058305277,46.3108182468,0.0
180.648212972,75.9161310842,46.3108182468,0.0
66.167025984,62.8948500191,46.3108182468,0.0
277.893620558,66.9167889627,46.3108182468,0.0
48.3251323576,224.454276092,46.3108182468,0.0
59.824632268,361.686544324,46.3108182468,0.0
392.476977223,269.379224318,46.3108182468,0.0
216.124458032,433.111720688,46.3108182468,0.0
183.82704163,327.075465226,46.3108182468,0.0
@ 660 10 0.152538679451 0.257024482128
81.8199585203,91.386169744,49.4010200791,0.0
218.972905467,53.0581174162,49.4010200791,0.0
369.112391438,221.906844292,49.4010200791,0.0
118.865959168,321.415495896,49.4010200791,0.0
299.34082269,310.092538306,49.4010200791,0.0
185.012534128,196.901417071,49.4010200791,0.0
432.254879505,97.4894624727,49.4010200791,0.0
448.18405516,420.485526549,49.4010200791,0.0
302.462430837,122.43857689,49.4010200791,0.0
314.646976051,422.783534014,49.4010200791,0.0
@ 670 10 0.152538679451 0.292470062145
267.837968099,83.9827172626,50.6328173083,0.0
256.537277354,246.914451254,50.6328173083,0.0
58.6847227366,439.006307973,50.6328173083,0.0
409.564438405,262.927129788,50.6328173083,0.0
137.635572189,180.362097434,50.6328173083,0.0
314.996859203,438.474034338,50.6328173083,0.0
183.696163764,461.166120825,50.6328173083,0.0
441.898108194,396.731854808,50.6328173083,0.0
131.025115729,77.2406100369,50.6328173083,0.0
454.023128099,59.5079085557,50.6328173083,0.0
@ 680 10 0.152538679451 0.307237179825
434.894577853,311.477128085,47.504367881,0.0
399.044194879,57.6821596353,47.504367881,0.0
110.198024802,129.524675963,47.504367881,0.0
414.076837599,450.041693513,47.504367881,0.0
281.945049417,163.107544053,47.504367881,0.0
97.1843984213,433.264299344,47.504367881,0.0
95.745624126,294.684899599,47.504367881,0.0
255.458295212,441.104052954,47.504367881,0.0
385.174962823,155.007086979,47.504367881,0.0
202.486813357,256.708474184,47.504367881,0.0
@ 690 10 0.152538679451 0.270443576664
261.933420156,262.914821337,50.9938876422,0.0
321.707877213,82.4982249978,50.9938876422,0.0
207.910274669,88.072533574,50.9938876422,0.0
415.896732154,144.642700804,50.9938876422,0.0
162.223742375,403.422621178,50.9938876422,0.0
442.622688009,255.861576937,50.9938876422,0.0
61.9443760581,322.86949479,50.9938876422,0.0
91.2449093515,97.4804317993,50.9938876422,0.0
395.288758553,347.113755148,50.9938876422,0.0
325.536498855,426.472976333,50.9938876422,0.0
@ 700 10 0.152538679451 0.31163471413
137.17760145,302.259961933,50.080893049,0.0
231.280712099,442.197514656,50.080893049,0.0
249.363118703,329.236192979,50.080893049,0.0
403.148884642,207.78073371,50.080893049,0.0
455.780623643,327.208647562,50.080893049,0.0
372.162719944,457.514843467,50.080893049,0.0
84.1524891498,179.642257076,50.080893049,0.0
426.254045635,86.359332324,50.080893049,0.0
238.831688231,103.76982559,50.080893049,0.0
200.60444682,196.422292805,50.080893049,0.0
@ 710 10 0.174216027875 0.300575593451
432.323681022,402.06074802,54.8365971808,0.0
244.052835049,85.1049151763,54.8365971808,0.0
328.154683493,315.519834012,54.8365971808,0.0
451.867859959,73.7245421656,54.8365971808,0.0
84.8629218295,271.943258891,54.8365971808,0.0
239.275364413,196.112107229,54.8365971808,0.0
116.327826014,386.122120419,54.8365971808,0.0
434.523326547,230.824713273,54.8365971808,0.0
112.810158116,84.2698541109,54.8365971808,0.0
263.975406513,430.901574523,54.8365971808,0.0
@ 720 10 0.174216027875 0.36037161709
283.399084462,418.006558928,55.9182548849,0.0
364.215191274,333.330882893,55.9182548849,0.0
140.198404959,435.165882609,55.9182548849,0.0
137.381697935,319.518714631,55.9182548849,0.0
57.1234277514,73.2633624849,55.9182548849,0.0
443.160930404,449.633012771,55.9182548849,0.0
60.1841016025,227.979102512,55.9182548849,0.0
272.448813996,237.639263041,55.9182548849,0.0
411.3860455,213.12035383,55.9182548849,0.0
271.56690918,64.3500933049,55.9182548849,0.0
@ 730 10 0.174216027875 0.374728567264
61.1916053648,236.620579419,50.7882502149,0.0
208.552134145,302.877020912,50.7882502149,0.0
301.754034743,120.994310468,50.7882502149,0.0
393.238584992,75.830336262,50.7882502149,0.0
400.973667068,248.164952414,50.7882502149,0.0
438.254598831,442.389306096,50.7882502149,0.0
151.192030995,147.513090342,50.7882502149,0.0
62.1514549451,58.7524600121,50.7882502149,0.0
264.351300017,418.435900894,50.7882502149,0.0
74.1426743918,345.645353539,50.7882502149,0.0
@ 740 10 0.174216027875 0.309126391974
123.04643995,294.419150207,49.5162560714,0.0
425.887093967,201.413797612,49.5162560714,0.0
295.573359262,134.763390581,49.5162560714,0.0
192.822583092,105.721164484,49.5162560714,0.0
418.551599134,65.1301727582,49.5162560714,0.0
175.944846571,435.128761126,49.5162560714,0.0
440.681817391,306.67752155,49.5162560714,0.0
57.053416563,195.402561113,49.5162560714,0.0
91.8665030852,85.7701559174,49.5162560714,0.0
330.629535944,352.752831423,49.5162560714,0.0
@ 750 10 0.174216027875 0.293836122472
437.941209787,412.693123107,43.4942689217,0.0
323.410298434,404.512837476,43.4942689217,0.0
456.901407764,57.6043109513,43.4942689217,0.0
192.964100289,68.6760364905,43.4942689217,0.0
50.5322553803,437.68939734,43.4942689217,0.0
126.157191249,318.893142636,43.4942689217,0.0
293.737476215,176.959238948,43.4942689217,0.0
422.279274372,152.323432961,43.4942689217,0.0
230.171106434,390.77519085,43.4942689217,0.0
100.579280629,110.61308281,43.4942689217,0.0
@ 760 10 0.174216027875 0.226711554411
431.783914508,238.929449205,46.7970407958,0.0
371.835988395,333.300119849,46.7970407958,0.0
194.702156107,426.018089939,46.7970407958,0.0
312.414179339,151.433908801,46.7970407958,0.0
56.7915835675,179.859074052,46.7970407958,0.0
184.977674087,239.63395573,46.7970407958,0.0
96.1122320304,287.861076261,46.7970407958,0.0
204.012937436,90.1416974815,46.7970407958,0.0
280.031814321,242.58511253,46.7970407958,0.0
415.701840925,124.361549416,46.7970407958,0.0
@ 770 10 0.174216027875 0.262449872847
338.687039143,444.447537082,49.012897532,0.0
132.383528964,190.972449585,49.012897532,0.0
415.726196584,199.778522542,49.012897532,0.0
221.900111815,429.370813558,49.012897532,0.0
394.063291186,339.576934671,49.012897532,0.0
289.141676473,80.9976931972,49.012897532,0.0
109.732477386,446.216171476,49.012897532,0.0
303.232713631,251.967375463,49.012897532,0.0
84.2989413862,345.379087172,49.012897532,0.0
132.077243671,53.8026044685,49.012897532,0.0
@ 780 10 0.174216027875 0.287892492326
147.33157356,460.456891536,43.4899493004,0.0
131.313211025,50.738660067,43.4899493004,0.0
355.41628125,461.180947072,43.4899493004,0.0
459.241918468,383.529204626,43.4899493004,0.0
447.375348759,184.749591609,43.4899493004,0.0
225.597806786,144.257990716,43.4899493004,0.0
107.04395095,248.511705041,43.4899493004,0.0
335.453614705,129.046954223,43.4899493004,0.0
55.0039372427,127.235847396,43.4899493004,0.0
446.889189854,79.1518189385,43.4899493004,0.0
@ 790 10 0.174216027875 0.226666525056
276.169113611,129.641991452,46.9088815295,0.0
72.2632056792,317.386800851,46.9088815295,0.0
152.688105871,113.29488539,46.9088815295,0.0
460.984132944,182.270328519,46.9088815295,0.0
148.998745537,408.901992997,46.9088815295,0.0
298.814796364,392.478999643,46.9088815295,0.0
142.67691051,243.95726402,46.9088815295,0.0
376.106377956,87.7652833461,46.9088815295,0.0
460.777478158,317.482724632,46.9088815295,0.0
48.4218584555,70.1328034385,46.9088815295,0.0
@ 800 10 0.174216027875 0.263705835227
275.457069458,446.759791305,53.9052751719,0.0
63.8123473084,293.093686395,53.9052751719,0.0
456.878590819,91.8476097134,53.9052751719,0.0
101.045962097,409.350380917,53.9052751719,0.0
76.4439034986,142.015645119,53.9052751719,0.0
456.345624611,432.293290319,53.9052751719,0.0
335.325068734,87.7253684538,53.9052751719,0.0
429.260743258,209.868934144,53.9052751719,0.0
325.16195538,349.141818313,53.9052751719,0.0
224.697334306,280.791470125,53.9052751719,0.0
@ 810 10 0.203075137801 0.348234759482
94.8113469136,460.101606398,51.0603565076,0.0
204.083842805,100.620568343,51.0603565076,0.0
242.474162064,459.579077556,51.0603565076,0.0
54.8674790202,251.513630222,51.0603565076,0.0
433.538117294,261.093085072,51.0603565076,0.0
338.833206015,384.949454691,51.0603565076,0.0
64.7695730402,88.0653952943,51.0603565076,0.0
448.1820223,448.45140787,51.0603565076,0.0
190.594347713,353.669689059,51.0603565076,0.0
276.138630524,188.501044677,51.0603565076,0.0
@ 820 10 0.203075137801 0.312447654929
219.502269516,455.037391621,54.6544666792,0.0
424.502061849,414.142428567,54.6544666792,0.0
134.941466258,191.16705993,54.6544666792,0.0
60.0444120561,359.259560595,54.6544666792,0.0
415.277908882,231.504653083,54.6544666792,0.0
258.562886849,252.628621222,54.6544666792,0.0
238.57506859,88.2257815009,54.6544666792,0.0
101.201331428,72.5280311577,54.6544666792,0.0
359.95834972,92.2728972369,54.6544666792,0.0
325.368727746,360.028076883,54.6544666792,0.0
@ 830 10 0.203075137801 0.357981765439
316.885563882,133.943067828,57.8330602767,0.0
172.945059369,419.390308787,57.8330602767,0.0
232.066119088,224.698923322,57.8330602767,0.0
65.5533669733,87.2116225799,57.8330602767,0.0
359.817031584,242.827979264,57.8330602767,0.0
99.0385080106,329.706886186,57.8330602767,0.0
298.443252089,419.667290168,57.8330602767,0.0
428.773135031,95.510659519,57.8330602767,0.0
113.903335494,203.720177686,57.8330602767,0.0
438.462944932,434.31860037,57.8330602767,0.0
@ 840 10 0.203075137801 0.400831581016
427.604019373,173.521821801,54.2964575093,0.0
96.167690328,197.350858243,54.2964575093,0.0
56.6159991086,317.919108943,54.2964575093,0.0
385.582002284,432.893301504,54.2964575093,0.0
406.422451429,324.939407472,54.2964575093,0.0
140.753592473,444.975166728,54.2964575093,0.0
454.803105004,62.8035702576,54.2964575093,0.0
134.54272871,59.92657299,54.2964575093,0.0
310.959133625,231.636208518,54.2964575093,0.0
271.170427964,373.83732203,54.2964575093,0.0
@ 850 10 0.203075137801 0.35330727094
132.762438694,231.984599789,52.3337993413,0.0
184.046953347,392.767079098,52.3337993413,0.0
356.344343191,456.950254743,52.3337993413,0.0
80.1993570522,68.0654765688,52.3337993413,0.0
449.240130794,65.8677425093,52.3337993413,0.0
282.675404371,62.4773683913,52.3337993413,0.0
171.750446307,121.088553882,52.3337993413,0.0
298.008890258,231.511615444,52.3337993413,0.0
53.8186606132,384.576598908,52.3337993413,0.0
431.900274118,332.062166106,52.3337993413,0.0
@ 860 10 0.203075137801 0.328226856697
104.275676307,115.130948443,53.8053798775,0.0
266.624889428,282.056369325,53.8053798775,0.0
79.3218694455,248.393118074,53.8053798775,0.0
404.702371473,305.966427694,53.8053798775,0.0
193.650894933,415.082393305,53.8053798775,0.0
241.189043079,131.798561225,53.8053798775,0.0
395.295163994,422.006727654,53.8053798775,0.0
82.5293524297,404.684855184,53.8053798775,0.0
397.023137655,161.966240674,53.8053798775,0.0
339.569217912,64.3546012528,53.8053798775,0.0
@ 870 10 0.203075137801 0.346945283427
74.5567659413,223.812609521,50.9643649108,0.0
434.081681716,307.874278749,50.9643649108,0.0
417.367514212,120.391120203,50.9643649108,0.0
86.8255703296,55.6727193587,50.9643649108,0.0
246.700400008,212.60660113,50.9643649108,0.0
447.670526902,451.418693307,50.9643649108,0.0
272.138471162,429.651101174,50.9643649108,0.0
162.66085176,301.949799193,50.9643649108,0.0
100.828330833,401.724311631,50.9643649108,0.0
261.082424504,101.158833147,50.9643649108,0.0
@ 880 10 0.203075137801 0.311273978947
117.775052399,118.208439176,46.7127548151,0.0
386.841701963,460.030256028,46.7127548151,0.0
81.8040559079,347.188180533,46.7127548151,0.0
327.60930847,92.8197088709,46.7127548151,0.0
457.218474573,364.306547969,46.7127548151,0.0
334.370867326,334.628521301,46.7127548151,0.0
245.896618274,452.2711538,46.7127548151,0.0
202.064928869,302.677521482,46.7127548151,0.0
446.795937695,95.2632669008,46.7127548151,0.0
216.699743868,134.221828943,46.7127548151,0.0
@ 890 10 0.203075137801 0.26150532919
336.799865503,95.4337603203,53.1314710838,0.0
54.6623913612,399.289265959,53.1314710838,0.0
455.79528345,405.090937406,53.1314710838,0.0
446.621199596,280.555131949,53.1314710838,0.0
263.578412799,284.500793876,53.1314710838,0.0
146.226479923,265.276123936,53.1314710838,0.0
204.010202752,76.288010698,53.1314710838,0.0
239.876947755,452.901359867,53.1314710838,0.0
421.429075519,165.760546405,53.1314710838,0.0
93.4040243115,89.3353912041,53.1314710838,0.0
@ 900 10 0.203075137801 0.338308777044
185.407157098,318.002988196,51.7944011903,0.0
452.46971361,209.582518772,51.7944011903,0.0
302.527271325,439.105534755,51.7944011903,0.0
79.4261265566,456.809705075,51.7944011903,0.0
394.31495444,368.767148546,51.7944011903,0.0
178.795538436,204.645567835,51.7944011903,0.0
57.5503998274,215.462514,51.7944011903,0.0
366.320914686,105.973697696,51.7944011903,0.0
280.703978911,274.61701988,51.7944011903,0.0
81.6066652551,85.2449204334,51.7944011903,0.0
@ 910 10 0.243393602225 0.321495735651
337.200785303,366.972230838,47.2681728318,0.0
92.9443213207,95.2903918942,47.2681728318,0.0
432.54255488,377.431281397,47.2681728318,0.0
441.48662729,70.6185449041,47.2681728318,0.0
217.484739106,376.600172184,47.2681728318,0.0
85.0267161681,449.629751619,47.2681728318,0.0
143.776541318,283.684247433,47.2681728318,0.0
354.442373869,227.266976779,47.2681728318,0.0
190.642685394,81.4539480201,47.2681728318,0.0
354.682790808,123.656404346,47.2681728318,0.0
@ 920 10 0.243393602225 0.267760933564
172.662073207,353.857028566,54.686425632,0.0
390.139454003,72.3693190869,54.686425632,0.0
65.1199011173,318.106331115,54.686425632,0.0
338.346414866,296.187476948,54.686425632,0.0
314.776767164,417.747637301,54.686425632,0.0
114.150092103,451.14668803,54.686425632,0.0
128.147975973,162.927542177,54.686425632,0.0
93.7973877549,56.7469664466,54.686425632,0.0
431.844529534,370.153090551,54.686425632,0.0
218.708421131,77.5231963835,54.686425632,0.0
@ 930 10 0.243393602225 0.358400544287
82.7018958843,65.8021268386,53.123158049,0.0
63.349518222,289.319267288,53.123158049,0.0
239.632122796,291.771166475,53.123158049,0.0
397.412297664,129.951814426,53.123158049,0.0
191.567644054,195.908948668,53.123158049,0.0
168.236106164,441.612269921,53.123158049,0.0
321.34657402,443.138193465,53.123158049,0.0
56.5409818211,407.117491988,53.123158049,0.0
266.368526667,111.210946037,53.123158049,0.0
446.057524628,412.925149821,53.123158049,0.0
@ 940 10 0.243393602225 0.338202920662
355.958519588,280.011793518,56.5641054313,0.0
421.250379431,141.250408399,56.5641054313,0.0
211.12664443,328.49831971,56.5641054313,0.0
443.395287414,453.152524993,56.5641054313,0.0
114.265437938,446.025783249,56.5641054313,0.0
159.524463043,218.543726976,56.5641054313,0.0
73.2291642029,340.520196093,56.5641054313,0.0
143.509005847,72.7730687202,56.5641054313,0.0
291.297303214,82.7527376507,56.5641054313,0.0
262.443369492,435.08322528,56.5641054313,0.0
@ 950 10 0.243393602225 0.383434715075
423.445358039,447.844230272,55.5687942994,0.0
176.437536203,308.128447539,55.5687942994,0.0
186.737546168,186.309357235,55.5687942994,0.0
451.539474232,261.103874523,55.5687942994,0.0
94.4671458244,100.949798943,55.5687942994,0.0
288.457472908,369.824822667,55.5687942994,0.0
70.0785796748,238.862008886,55.5687942994,0.0
94.0792031179,392.420699396,55.5687942994,0.0
342.87027114,236.170892151,55.5687942994,0.0
349.879859039,78.5285316068,55.5687942994,0.0
@ 960 10 0.243393602225 0.370059477699
205.416496533,326.004091906,53.7795004316,0.0
443.939056251,364.01475758,53.7795004316,0.0
434.199932918,88.1333789811,53.7795004316,0.0
209.42438543,198.202043888,53.7795004316,0.0
100.753690769,174.639694074,53.7795004316,0.0
83.4645864168,57.1065127473,53.7795004316,0.0
333.864885364,414.760766928,53.7795004316,0.0
336.436503272,267.597567623,53.7795004316,0.0
436.65795192,208.483053156,53.7795004316,0.0
325.931417313,96.2458073754,53.7795004316,0.0
@ 970 10 0.243393602225 0.346611614475
194.244985604,332.795439826,54.4424173359,0.0
423.271280302,371.255772483,54.4424173359,0.0
316.501442156,449.451791762,54.4424173359,0.0
423.588415758,211.921705745,54.4424173359,0.0
330.627658337,293.494726109,54.4424173359,0.0
191.939861181,193.586127714,54.4424173359,0.0
85.0053936612,359.629169835,54.4424173359,0.0
104.531714438,91.6077260788,54.4424173359,0.0
305.930942009,81.6794739475,54.4424173359,0.0
189.280091777,450.043808306,54.4424173359,0.0
@ 980 10 0.243393602225 0.355209346466
84.2095431992,418.313781867,48.4428579806,0.0
304.494448084,62.4650417216,48.4428579806,0.0
458.864681112,228.164935164,48.4428579806,0.0
402.567702622,408.522451902,48.4428579806,0.0
253.561694398,294.369409187,48.4428579806,0.0
352.804722768,314.090541273,48.4428579806,0.0
210.553615121,401.92673493,48.4428579806,0.0
55.6503839382,313.763160932,48.4428579806,0.0
460.568541277,112.878155025,48.4428579806,0.0
156.446152076,246.228996884,48.4428579806,0.0
@ 990 10 0.243393602225 0.28123482537
64.9925461192,424.122445219,51.4664694562,0.0
328.230857974,230.761879022,51.4664694562,0.0
161.117798919,377.776352481,51.4664694562,0.0
453.326778668,52.3636521263,51.4664694562,0.0
212.910518898,186.99353356,51.4664694562,0.0
268.23894924,451.498751809,51.4664694562,0.0
211.160478932,55.7871910386,51.4664694562,0.0
89.8959625964,81.948532947,51.4664694562,0.0
348.172957849,83.4078463349,51.4664694562,0.0
357.065707785,395.827492153,51.4664694562,0.0
@ 1000 10 0.243393602225 0.317437578957
415.155502611,281.757749358,56.4382813761,0.0
347.730898719,59.8302604724,56.4382813761,0.0
226.780981574,62.8122110611,56.4382813761,0.0
364.531356396,430.959979009,56.4382813761,0.0
81.0232500805,117.204285233,56.4382813761,0.0
198.832434547,196.852233559,56.4382813761,0.0
243.798458471,434.065760516,56.4382813761,0.0
60.264039496,295.649916452,56.4382813761,0.0
311.317594619,213.643551329,56.4382813761,0.0
210.608968934,316.817238453,56.4382813761,0.0
@ 1010 10 0.303687635575 0.381730749255
237.196874799,73.5212951601,54.926217212,0.0
80.2237892387,79.3517298666,54.926217212,0.0
109.710364251,366.735248393,54.926217212,0.0
326.362112249,289.958683468,54.926217212,0.0
426.739916141,411.978344505,54.926217212,0.0
201.782942209,296.975312509,54.926217212,0.0
176.951164644,455.940201446,54.926217212,0.0
67.7242046205,239.325301717,54.926217212,0.0
305.564308653,417.301823947,54.926217212,0.0
350.342282678,161.672844987,54.926217212,0.0
@ 1020 10 0.303687635575 0.361550497929
234.768753167,178.524383434,55.0578003922,0.0
405.756799892,290.169409229,55.0578003922,0.0
446.249268298,438.098660031,55.0578003922,0.0
453.798455374,154.89007584,55.0578003922,0.0
279.904050571,446.208019619,55.0578003922,0.0
95.2012547433,244.224652052,55.0578003922,0.0
247.033284093,323.660221141,55.0578003922,0.0
70.4157813047,108.903496156,55.0578003922,0.0
111.477379213,377.61246534,55.0578003922,0.0
336.325239294,59.0529095833,55.0578003922,0.0
@ 1030 10 0.303687635575 0.363284859102
222.507318682,300.718058349,55.4054144047,0.0
375.94162322,163.792413146,55.4054144047,0.0
74.403527114,178.447465409,55.4054144047,0.0
358.399316843,284.287573629,55.4054144047,0.0
228.006156192,440.495733719,55.4054144047,0.0
334.707431551,407.767491354,55.4054144047,0.0
327.079040366,58.6940293117,55.4054144047,0.0
238.566822585,169.094746568,55.4054144047,0.0
65.6441766175,289.012206306,55.4054144047,0.0
146.852542113,81.4924145012,55.4054144047,0.0
@ 1040 10 0.303687635575 0.367886625165
65.8495787396,194.875862143,52.1240094237,0.0
290.585780384,396.181229963,52.1240094237,0.0
456.722037792,236.800616412,52.1240094237,0.0
435.776230133,69.7935248426,52.1240094237,0.0
154.251508442,338.69481483,52.1240094237,0.0
59.6077976046,58.0072140608,52.1240094237,0.0
444.213773778,419.796568648,52.1240094237,0.0
52.1719665782,406.004509381,52.1240094237,0.0
222.142937344,247.723065411,52.1240094237,0.0
161.698383411,147.906978888,52.1240094237,0.0
@ 1050 10 0.303687635575 0.325600612489
190.275972888,190.989837152,56.9155269524,0.0
439.567612954,149.189186998,56.9155269524,0.0
255.941389984,94.2542807487,56.9155269524,0.0
217.12433617,369.0237477,56.9155269524,0.0
111.752043481,285.676587272,56.9155269524,0.0
454.899153624,272.613280501,56.9155269524,0.0
417.994655453,417.945076654,56.9155269524,0.0
92.8798137293,413.881069012,56.9155269524,0.0
318.547122457,284.812194548,56.9155269524,0.0
86.2498848105,129.308378986,56.9155269524,0.0
@ 1060 10 0.303687635575 0.388213922262
358.349804536,65.5470105975,56.9964596757,0.0
206.185459714,412.801934958,56.9964596757,0.0
78.0955093113,431.825578628,56.9964596757,0.0
436.079652734,200.237474217,56.9964596757,0.0
259.721427452,135.405552378,56.9964596757,0.0
107.379125691,321.412690241,56.9964596757,0.0
288.067800594,283.031526946,56.9964596757,0.0
184.093858215,224.141465884,56.9964596757,0.0
405.221611006,369.529263596,56.9964596757,0.0
59.4262445671,96.1550493836,56.9964596757,0.0
@ 1070 10 0.303687635575 0.389318771864
202.707650187,92.9675543842,52.0704981677,0.0
379.420197466,424.356122786,52.0704981677,0.0
53.5153884376,73.5198451923,52.0704981677,0.0
243.1056071,272.14495467,52.0704981677,0.0
456.107044475,112.972529049,52.0704981677,0.0
305.04250537,168.243098071,52.0704981677,0.0
85.8932958441,222.440235902,52.0704981677,0.0
373.71297885,263.192814255,52.0704981677,0.0
260.280548919,444.927552235,52.0704981677,0.0
111.169824585,436.174111621,52.0704981677,0.0
@ 1080 10 0.303687635575 0.32493242313
266.75148896,99.4780718681,55.2543328745,0.0
323.125543647,204.444083629,55.2543328745,0.0
402.25159113,76.520897287,55.2543328745,0.0
63.5767807426,322.568018382,55.2543328745,0.0
310.137044199,433.508378996,55.2543328745,0.0
398.635127173,358.863335391,55.2543328745,0.0
83.1554347897,438.76682517,55.2543328745,0.0
433.20468265,223.558485897,55.2543328745,0.0
125.845311519,150.575738878,55.2543328745,0.0
174.453992429,271.287536291,55.2543328745,0.0
@ 1090 10 0.303687635575 0.365883026965
291.577613494,313.505170052,59.3775185499,0.0
425.294376812,317.075223623,59.3775185499,0.0
112.866693492,74.6410489318,59.3775185499,0.0
65.4947273329,294.46433474,59.3775185499,0.0
275.607924103,66.1432521634,59.3775185499,0.0
65.4710112051,429.571886266,59.3775185499,0.0
441.854763599,96.042188916,59.3775185499,0.0
190.733128003,382.880789805,59.3775185499,0.0
361.399447235,452.338716199,59.3775185499,0.0
362.656289854,193.590263734,59.3775185499,0.0
@ 1100 10 0.303687635575 0.422526227315
447.832665136,396.847249393,62.3734096816,0.0
92.2213941449,128.016508933,62.3734096816,0.0
443.476274054,127.083280267,62.3734096816,0.0
309.954567869,189.959341912,62.3734096816,0.0
336.216533707,317.380740363,62.3734096816,0.0
212.214912857,88.943243071,62.3734096816,0.0
81.6848041479,300.016446908,62.3734096816,0.0
206.771547529,266.051649051,62.3734096816,0.0
295.707267479,447.971581951,62.3734096816,0.0
132.733732989,440.588232128,62.3734096816,0.0
@ 1110 10 0.40369088812 0.466238953477
116.585353883,194.233083843,57.1564831548,0.0
329.613755416,441.173814334,57.1564831548,0.0
453.225889545,380.677201424,57.1564831548,0.0
309.819603589,69.448525526,57.1564831548,0.0
189.476054458,102.148044415,57.1564831548,0.0
73.5499438105,406.447668537,57.1564831548,0.0
335.508876967,312.755565807,57.1564831548,0.0
193.485894721,450.894956097,57.1564831548,0.0
454.459635377,172.087444493,57.1564831548,0.0
176.796286741,293.287216129,57.1564831548,0.0
@ 1120 10 0.40369088812 0.391507946482
281.644486068,114.660088013,62.534808899,0.0
448.941555046,448.302862469,62.534808899,0.0
437.927357819,309.361182912,62.534808899,0.0
221.232856678,320.057960648,62.534808899,0.0
430.163534295,105.61794468,62.534808899,0.0
73.5097241205,285.909602377,62.534808899,0.0
119.779623584,67.5011636906,62.534808899,0.0
119.853615239,420.648644466,62.534808899,0.0
182.302960624,193.376997945,62.534808899,0.0
327.399417445,396.468725338,62.534808899,0.0
@ 1130 10 0.40369088812 0.46865498181
324.13249044,195.02245617,55.0521253018,0.0
342.648787057,312.236161372,55.0521253018,0.0
433.085644827,242.843216609,55.0521253018,0.0
198.813653949,454.566249092,55.0521253018,0.0
156.146294888,114.747969158,55.0521253018,0.0
433.039562482,72.206096714,55.0521253018,0.0
121.82357542,368.808717113,55.0521253018,0.0
167.711301548,255.45605709,55.0521253018,0.0
308.814042622,419.820139542,55.0521253018,0.0
456.825346102,415.767554614,55.0521253018,0.0
@ 1140 10 0.40369088812 0.363209971688
347.046444366,439.988402828,60.0783880322,0.0
239.286484178,192.500218382,60.0783880322,0.0
88.2496479006,267.012798465,60.0783880322,0.0
60.9046726565,94.9727122642,60.0783880322,0.0
384.887342441,80.960627082,60.0783880322,0.0
405.25708475,206.921025212,60.0783880322,0.0
280.577519861,310.13380318,60.0783880322,0.0
140.010687655,425.997826902,60.0783880322,0.0
410.105822094,333.568360445,60.0783880322,0.0
239.226338552,66.4369643098,60.0783880322,0.0
@ 1150 10 0.40369088812 0.432559771387
265.578005523,223.304066148,57.4809790848,0.0
76.0755259212,449.612592986,57.4809790848,0.0
429.282295509,107.835804792,57.4809790848,0.0
277.513202836,421.552397171,57.4809790848,0.0
220.778942666,61.7122238943,57.4809790848,0.0
149.51544189,244.15084977,57.4809790848,0.0
163.553718156,361.615438918,57.4809790848,0.0
85.8130352618,72.2583422053,57.4809790848,0.0
403.848838928,239.473483879,57.4809790848,0.0
387.252318809,381.676163586,57.4809790848,0.0
@ 1160 10 0.40369088812 0.395966001268
107.630671877,110.350176087,56.8299749454,0.0
407.501907846,334.713726571,56.8299749454,0.0
448.152804636,58.6132418359,56.8299749454,0.0
197.79535199,452.318818338,56.8299749454,0.0
65.5908969131,369.023946502,56.8299749454,0.0
215.987560902,318.223295347,56.8299749454,0.0
278.400244642,139.106627119,56.8299749454,0.0
301.600171389,405.12660805,56.8299749454,0.0
62.8934557647,230.049082277,56.8299749454,0.0
419.310216184,208.561113727,56.8299749454,0.0
@ 1170 10 0.40369088812 0.387047719628
222.767615072,418.562442868,58.1140742451,0.0
416.156732595,314.665263963,58.1140742451,0.0
195.974508093,235.963556564,58.1140742451,0.0
142.64419284,102.209383516,58.1140742451,0.0
101.09312088,385.996281675,58.1140742451,0.0
401.642971452,67.2223286339,58.1140742451,0.0
67.5670431519,229.296670273,58.1140742451,0.0
259.140551927,65.3936802573,58.1140742451,0.0
425.289933517,183.259825515,58.1140742451,0.0
371.969831445,440.602044391,58.1140742451,0.0
@ 1180 10 0.40369088812 0.404736369483
73.5267929649,217.055528422,55.9064821808,0.0
173.109008757,275.967000451,55.9064821808,0.0
84.7378403685,445.955913468,55.9064821808,0.0
253.214244861,111.354101298,55.9064821808,0.0
370.223315344,432.27135486,55.9064821808,0.0
443.005413611,208.40911507,55.9064821808,0.0
212.118016756,432.61311494,55.9064821808,0.0
337.913353239,297.99004456,55.9064821808,0.0
87.8922890526,65.7195591679,55.9064821808,0.0
413.264196547,91.1460479003,55.9064821808,0.0
@ 1190 10 0.40369088812 0.374570797529
395.223402687,288.204118541,56.4896164117,0.0
76.9480711844,204.461820396,56.4896164117,0.0
451.789414804,168.47394194,56.4896164117,0.0
92.7193082888,347.89041863,56.4896164117,0.0
180.025517126,433.352162073,56.4896164117,0.0
358.367101186,69.602480459,56.4896164117,0.0
222.14810741,136.306848938,56.4896164117,0.0
253.087249223,308.953493834,56.4896164117,0.0
297.041963477,440.879487249,56.4896164117,0.0
420.280923991,420.62699548,56.4896164117,0.0
@ 1200 10 0.40369088812 0.382425493081
251.292459348,405.867161052,60.2802053599,0.0
274.226438862,196.374205122,60.2802053599,0.0
329.131596754,304.95777779,60.2802053599,0.0
426.984431177,180.715025333,60.2802053599,0.0
449.809072006,341.37922979,60.2802053599,0.0
216.493264161,68.254044179,60.2802053599,0.0
67.5210445738,194.818766985,60.2802053599,0.0
64.2866578083,416.695636104,60.2802053599,0.0
358.524457983,63.0505164214,60.2802053599,0.0
123.008921543,308.176890665,60.2802053599,0.0
@ 1210 10 0.601891659501 0.435470791049
216.306346152,242.828064988,58.297582437,0.0
441.07706767,209.346215202,58.297582437,0.0
112.519829353,90.499045505,58.297582437,0.0
441.634354097,68.8690565111,58.297582437,0.0
321.495192233,314.872099383,58.297582437,0.0
71.4376905966,239.189070549,58.297582437,0.0
330.404754458,126.421905257,58.297582437,0.0
424.238325987,451.60701783,58.297582437,0.0
220.247764913,419.447546408,58.297582437,0.0
452.082990624,329.203573838,58.297582437,0.0
@ 1220 10 0.601891659501 0.407296496484
90.0365022811,296.444623659,65.2145791744,0.0
78.8419148879,165.009703946,65.2145791744,0.0
227.949141594,404.042303999,65.2145791744,0.0
301.162089194,101.847106275,65.2145791744,0.0
233.80404209,236.008546253,65.2145791744,0.0
436.6678381,102.412026555,65.2145791744,0.0
403.962143613,229.473080894,65.2145791744,0.0
172.719817352,69.3269448149,65.2145791744,0.0
73.0983286901,435.956225462,65.2145791744,0.0
432.573625472,401.489099378,65.2145791744,0.0
@ 1230 10 0.601891659501 0.509681624397
160.152988963,297.276277279,59.468358233,0.0
421.572084595,115.018067982,59.468358233,0.0
327.968136442,449.320426831,59.468358233,0.0
154.306029159,66.6359396132,59.468358233,0.0
279.950514696,89.3878421123,59.468358233,0.0
185.111045199,428.416492598,59.468358233,0.0
285.95031642,261.60288857,59.468358233,0.0
421.121752117,237.290351585,59.468358233,0.0
452.254607835,377.922740699,59.468358233,0.0
68.779186671,184.764535942,59.468358233,0.0
@ 1240 10 0.601891659501 0.42382003377
237.675386717,281.697983555,62.4185095644,0.0
318.045191885,184.864465596,62.4185095644,0.0
431.858461518,425.16305721,62.4185095644,0.0
90.767750513,285.164589267,62.4185095644,0.0
64.3251374499,145.872742509,62.4185095644,0.0
282.880388359,443.411632159,62.4185095644,0.0
439.454720623,274.648009083,62.4185095644,0.0
182.503676492,94.5471162309,62.4185095644,0.0
438.066463612,118.763817892,62.4185095644,0.0
156.714013949,430.034559278,62.4185095644,0.0
@ 1250 10 0.601891659501 0.46691343718
66.0971674119,219.07072614,64.645526611,0.0
340.5891976,294.819601928,64.645526611,0.0
243.979815871,206.558085248,64.645526611,0.0
228.641797311,76.0501321501,64.645526611,0.0
165.117223713,312.086731703,64.645526611,0.0
231.222210255,441.560462249,64.645526611,0.0
364.098111667,444.898669616,64.645526611,0.0
94.2118775943,92.523053836,64.645526611,0.0
85.9889326641,422.514394922,64.645526611,0.0
401.758026193,86.5165043148,64.645526611,0.0
@ 1260 10 0.601891659501 0.500825622105
337.640244461,315.114528713,60.6189358974,0.0
221.80434349,247.197253628,60.6189358974,0.0
116.100102771,434.629534444,60.6189358974,0.0
72.9990639079,70.2990693158,60.6189358974,0.0
235.829887491,393.061758562,60.6189358974,0.0
190.610566106,102.903937994,60.6189358974,0.0
394.231767159,443.699148034,60.6189358974,0.0
100.08145194,301.075162086,60.6189358974,0.0
387.579630514,199.334652125,60.6189358974,0.0
346.060579505,77.2158225506,60.6189358974,0.0
@ 1270 10 0.601891659501 0.440378594382
420.914321515,448.819564162,63.1254712934,0.0
81.2305550198,331.375106837,63.1254712934,0.0
336.169754204,353.393203726,63.1254712934,0.0
213.554290111,73.931327723,63.1254712934,0.0
417.673939647,236.668017461,63.1254712934,0.0
93.954055609,197.580416482,63.1254712934,0.0
396.122827639,110.592710647,63.1254712934,0.0
206.334188182,421.994272706,63.1254712934,0.0
85.5303253322,65.5772366161,63.1254712934,0.0
248.109694117,250.159688959,63.1254712934,0.0
@ 1280 10 0.601891659501 0.477550001817
439.305485817,287.339859249,66.5426286136,0.0
87.5835549029,76.995969146,66.5426286136,0.0
206.472477499,291.903503464,66.5426286136,0.0
84.720771709,229.725474644,66.5426286136,0.0
83.011565697,439.28346773,66.5426286136,0.0
229.234919516,68.4811237103,66.5426286136,0.0
433.695325341,113.38662576,66.5426286136,0.0
272.579164543,424.44040955,66.5426286136,0.0
320.197334145,196.899987511,66.5426286136,0.0
437.38867372,437.361154335,66.5426286136,0.0
@ 1290 10 0.601891659501 0.53065161372
73.4008005188,106.717788993,62.0055199794,0.0
432.537127196,231.966644003,62.0055199794,0.0
82.7141603403,440.170113639,62.0055199794,0.0
441.115516451,102.424432491,62.0055199794,0.0
217.906734244,173.017177337,62.0055199794,0.0
433.480250257,356.343389394,62.0055199794,0.0
256.01597748,293.391345477,62.0055199794,0.0
132.570615737,269.306466854,62.0055199794,0.0
318.758844732,443.166871871,62.0055199794,0.0
312.973028391,69.2645680366,62.0055199794,0.0
@ 1300 10 0.601891659501 0.460755249147
193.617677357,68.6172769685,66.8607472176,0.0
388.552447991,81.0519403529,66.8607472176,0.0
75.3086658632,391.339136942,66.8607472176,0.0
262.690149144,195.325985208,66.8607472176,0.0
441.336464376,418.92758104,66.8607472176,0.0
322.773042989,318.452258227,66.8607472176,0.0
164.959546651,291.480657064,66.8607472176,0.0
67.3276904296,181.041469456,66.8607472176,0.0
440.063686067,232.981248661,66.8607472176,0.0
199.242574633,444.141085151,66.8607472176,0.0
@ 1310 10 1.18243243243 0.535737486257
415.933808066,100.806735311,66.9155553428,0.0
319.481475512,352.849156535,66.9155553428,0.0
280.06189804,158.469157196,66.9155553428,0.0
195.386900264,273.659202387,66.9155553428,0.0
202.533147966,435.80475371,66.9155553428,0.0
169.011397,68.2351582684,66.9155553428,0.0
84.245368028,176.490779237,66.9155553428,0.0
444.184631848,250.119206082,66.9155553428,0.0
430.614236633,439.632985184,66.9155553428,0.0
66.9221880308,381.424365392,66.9155553428,0.0
@ 1320 10 1.18243243243 0.536616172281
246.406427815,96.7080962735,67.878435932,0.0
313.237847466,336.262623453,67.878435932,0.0
422.470317376,120.36254882,67.878435932,0.0
73.8032891593,219.534066941,67.878435932,0.0
221.937345382,443.246920659,67.878435932,0.0
210.149050573,227.548585679,67.878435932,0.0
92.9676924148,75.1015938602,67.878435932,0.0
429.007426766,262.674921565,67.878435932,0.0
417.526772024,440.090984513,67.878435932,0.0
80.2009603789,397.485152269,67.878435932,0.0
@ 1330 10 1.18243243243 0.552170546694
107.195310161,324.996077097,67.4155121741,0.0
333.774901159,195.065284882,67.4155121741,0.0
119.816649461,75.8804677813,67.4155121741,0.0
263.112902298,74.4447158326,67.4155121741,0.0
339.54985006,434.179997162,67.4155121741,0.0
259.582887214,318.876040275,67.4155121741,0.0
179.105438706,197.790625548,67.4155121741,0.0
426.548057898,92.4470039905,67.4155121741,0.0
432.888906298,305.663151658,67.4155121741,0.0
194.566185259,439.20620352,67.4155121741,0.0
@ 1340 10 1.18243243243 0.544664739154
153.616908866,194.868802118,67.045296001,0.0
87.7483666763,440.80998735,67.045296001,0.0
85.5647610609,67.3530617054,67.045296001,0.0
423.602220824,111.45070151,67.045296001,0.0
413.725413071,435.651329967,67.045296001,0.0
263.610626326,406.627308499,67.045296001,0.0
254.257302134,97.9781577589,67.045296001,0.0
295.051205831,253.741776313,67.045296001,0.0
439.54542842,253.371298178,67.045296001,0.0
69.9368068918,307.149346235,67.045296001,0.0
@ 1350 10 1.18243243243 0.538699049065
349.063044206,64.3775552279,64.1550619003,0.0
395.375823221,347.340045354,64.1550619003,0.0
74.650709128,96.9526163199,64.1550619003,0.0
213.303179368,97.0174248366,64.1550619003,0.0
309.137455611,447.742827939,64.1550619003,0.0
117.682193367,226.751060527,64.1550619003,0.0
242.916851822,266.496441409,64.1550619003,0.0
423.692844148,188.178583511,64.1550619003,0.0
178.916271605,416.423162153,64.1550619003,0.0
67.6201027516,348.491292997,64.1550619003,0.0
@ 1360 10 1.18243243243 0.493254936758
214.098162723,199.10613096,67.3125052973,0.0
402.259542351,419.455252668,67.3125052973,0.0
67.4192696463,238.644898328,67.3125052973,0.0
122.109262761,78.3947192383,67.3125052973,0.0
435.478021234,261.153159051,67.3125052973,0.0
288.786498932,82.5058549184,67.3125052973,0.0
82.48241547,384.972740072,67.3125052973,0.0
434.230523882,113.812469736,67.3125052973,0.0
300.323743803,322.078974199,67.3125052973,0.0
222.962660651,436.717524401,67.3125052973,0.0
@ 1370 10 1.18243243243 0.543001580336
430.878921488,229.728124233,69.0153582199,0.0
415.939297182,424.095108819,69.0153582199,0.0
87.9197368193,263.106524368,69.0153582199,0.0
117.378811015,96.5190550017,69.0153582199,0.0
314.466984762,329.202280256,69.0153582199,0.0
267.759482701,82.0101408836,69.0153582199,0.0
74.4592141727,402.182680759,69.0153582199,0.0
438.130967873,89.6984309801,69.0153582199,0.0
221.178502708,223.586663517,69.0153582199,0.0
209.276026991,438.764696059,69.0153582199,0.0
@ 1380 10 1.18243243243 0.570822491637
270.331780609,125.938015235,62.900704389,0.0
228.980458411,448.321667659,62.900704389,0.0
66.0788722526,443.259822534,62.900704389,0.0
70.0519868835,294.215596834,62.900704389,0.0
390.85433508,437.708132008,62.900704389,0.0
70.5107502249,162.976016005,62.900704389,0.0
317.26712132,296.216756437,62.900704389,0.0
425.527087642,78.13082648,62.900704389,0.0
186.211117331,236.324695816,62.900704389,0.0
421.574036385,218.448932706,62.900704389,0.0
@ 1390 10 1.18243243243 0.474155291612
79.8616571752,77.0387151717,68.2177278269,0.0
300.902296059,435.312220946,68.2177278269,0.0
80.2731239426,277.662458766,68.2177278269,0.0
442.021963517,212.0220532,68.2177278269,0.0
432.385745188,398.251770953,68.2177278269,0.0
90.9293962451,414.359013536,68.2177278269,0.0
328.912630102,290.404324993,68.2177278269,0.0
209.227376967,219.699162388,68.2177278269,0.0
442.451367558,68.4892958558,68.2177278269,0.0
293.947454286,71.3548129832,68.2177278269,0.0
@ 1400 10 1.18243243243 0.557704416695
102.135235925,77.7830666188,75.0698181736,0.0
227.247634203,436.181335263,75.0698181736,0.0
76.402944155,286.160675906,75.0698181736,0.0
436.6801483,229.726711432,75.0698181736,0.0
402.650961712,429.890217182,75.0698181736,0.0
76.4934604898,436.440989432,75.0698181736,0.0
309.586635026,310.502825566,75.0698181736,0.0
204.479681539,203.155618363,75.0698181736,0.0
435.651993303,77.2965107387,75.0698181736,0.0
285.47506169,76.0390461443,75.0698181736,0.0
@ 1410 10 33.3333333333 0.675367739689
92.6604461512,79.1558909801,75.2359949762,0.0
228.713830457,435.680318611,75.2359949762,0.0
75.8329309226,284.75477447,75.2359949762,0.0
436.759195332,227.331766088,75.2359949762,0.0
407.190024555,428.55719855,75.2359949762,0.0
77.2053962555,435.292452594,75.2359949762,0.0
308.477604923,306.357577124,75.2359949762,0.0
200.271973101,199.966909778,75.2359949762,0.0
436.730557178,75.3130421445,75.2359949762,0.0
284.904253428,75.3423566818,75.2359949762,0.0
@ 1420 10 33.3333333333 0.678361077695
77.4995414344,76.5474410509,75.1784785956,0.0
226.440150327,435.462453858,75.1784785956,0.0
76.9322035629,285.590141167,75.1784785956,0.0
436.806167731,229.356755146,75.1784785956,0.0
430.90553991,416.363376035,75.1784785956,0.0
75.5478498894,436.352678496,75.1784785956,0.0
309.645680925,310.037013056,75.1784785956,0.0
202.731746261,202.91885104,75.1784785956,0.0
435.361361916,75.5148416248,75.1784785956,0.0
284.982796837,75.9300494553,75.1784785956,0.0
@ 1430 10 33.3333333333 0.677324287788
91.7577614285,80.7148532753,75.2114300002,0.0
227.93190532,435.455307671,75.2114300002,0.0
75.8204421614,284.697758813,75.2114300002,0.0
436.30590253,228.332392811,75.2114300002,0.0
412.431996506,425.883041087,75.2114300002,0.0
76.067810113,435.806283758,75.2114300002,0.0
308.593686405,308.469463297,75.2114300002,0.0
201.699144066,201.855237489,75.2114300002,0.0
436.615630301,76.0378263789,75.2114300002,0.0
283.833244746,75.7097909678,75.2114300002,0.0
@ 1440 10 33.3333333333 0.67791817259
80.8896414382,87.5600849998,75.3765056848,0.0
228.323971994,436.472215351,75.3765056848,0.0
75.5755793749,284.513712538,75.3765056848,0.0
436.515522796,226.711143136,75.3765056848,0.0
428.164387853,424.016796421,75.3765056848,0.0
75.6807156418,435.881533447,75.3765056848,0.0
309.805753001,309.418655443,75.3765056848,0.0
202.678864364,202.801567619,75.3765056848,0.0
435.803493099,75.463611165,75.3765056848,0.0
283.614559148,75.4129863071,75.3765056848,0.0
@ 1450 10 33.3333333333 0.680897257424
78.9749972458,108.515187656,75.0724820549,0.0
226.804105298,435.851261591,75.0724820549,0.0
76.182095492,281.433664066,75.0724820549,0.0
436.539143209,226.028660255,75.0724820549,0.0
424.274501023,421.479064705,75.0724820549,0.0
75.1965511368,433.398687812,75.0724820549,0.0
312.545134275,311.919291744,75.0724820549,0.0
205.433938309,204.768510276,75.0724820549,0.0
436.613907704,75.4234542504,75.0724820549,0.0
285.55217061,75.7991729285,75.0724820549,0.0
@ 1460 10 33.3333333333 0.675415671907
107.185821602,91.6360185705,75.1599334424,0.0
226.962897355,436.628945966,75.1599334424,0.0
75.9163201955,285.006551544,75.1599334424,0.0
436.068975105,227.534414681,75.1599334424,0.0
425.99714737,434.250554719,75.1599334424,0.0
76.1207596595,435.824567048,75.1599334424,0.0
311.850686001,312.534631898,75.1599334424,0.0
204.957268565,206.557434975,75.1599334424,0.0
436.088701995,76.0414549614,75.1599334424,0.0
284.431031211,78.415606834,75.1599334424,0.0
@ 1470 10 33.3333333333 0.676990162022
112.734450984,81.1981637986,75.283072105,0.0
229.206349273,436.693285164,75.283072105,0.0
75.4418162878,283.884188851,75.283072105,0.0
436.706946102,225.927800439,75.283072105,0.0
430.664629601,432.149172263,75.283072105,0.0
78.6384575992,436.529435674,75.283072105,0.0
310.641633801,309.478010572,75.283072105,0.0
203.048704219,203.534002754,75.283072105,0.0
435.761555344,75.3192046529,75.283072105,0.0
283.97678711,75.5457171732,75.283072105,0.0
@ 1480 10 33.3333333333 0.679210279815
106.375536533,81.5491899158,75.3563252303,0.0
228.764876221,436.588499013,75.3563252303,0.0
75.8558254854,285.805733803,75.3563252303,0.0
435.572714754,227.642278422,75.3563252303,0.0
406.863241899,432.809344466,75.3563252303,0.0
76.8834452908,436.587923806,75.3563252303,0.0
308.221357551,308.469064108,75.3563252303,0.0
201.270846589,201.59936391,75.3563252303,0.0
436.270825345,76.3430831302,75.3563252303,0.0
283.975210377,75.4203294976,75.3563252303,0.0
@ 1490 10 33.3333333333 0.680532714744
88.3605323897,87.6118116986,75.1819891698,0.0
229.586470157,436.504815048,75.1819891698,0.0
75.9345911158,285.079856879,75.1819891698,0.0
436.592693749,226.71346101,75.1819891698,0.0
416.765602669,434.206798618,75.1819891698,0.0
77.8684162969,436.412513627,75.1819891698,0.0
310.101708522,309.394535479,75.1819891698,0.0
202.85646233,203.106591126,75.1819891698,0.0
434.575663023,76.0172330358,75.1819891698,0.0
282.620622683,75.636810277,75.1819891698,0.0
@ 1500 10 33.3333333333 0.677387546656
