10 11 0.0873362445415 0.218728985125 0.0214176415432 71.3864223129 0 0.1 0.45266 0.310469314079 157.992275145 10 0.348441836367
20 11 0.0873362445415 0.21118817669 0.0492900072116 39.5102774272 0 0.1 0.38224 0.289520426288 163.633639637 10 0.348441836367
30 11 0.0873362445415 0.321067886741 0.0417812177752 13.8503757942 0 0.1 0.43132 0.29604130809 107.63296931 10 0.348441836367
40 11 0.0873362445415 0.210119377399 0.0411831217256 48.5691652613 0 0.1 0.38652 0.33273381295 164.465983232 10 0.348441836367
50 11 0.0873362445415 0.222029014041 0.0341281915658 41.0084145532 0 0.1 0.44485 0.372131147541 155.644027648 10 0.348441836367
60 11 0.0873362445415 0.248501793744 0.0491635614583 42.1756983388 0 0.1 0.39236 0.364820846906 139.063342278 10 0.348441836367
70 11 0.0873362445415 0.230329305393 0.0275265211991 35.8439849241 0 0.1 0.41239 0.406593406593 150.03514182 10 0.348441836367
80 11 0.0873362445415 0.243176759349 0.026294389141 45.937915878 0 0.1 0.40583 0.392568659128 142.108522593 10 0.348441836367
90 11 0.0873362445415 0.169737978853 0.0621470873478 66.7128876379 0 0.1 0.36726 0.443932411674 203.593151241 10 0.382642578382
100 11 0.0873362445415 0.31448960328 0.0360023633433 47.3348063121 0 0.1 0.39085 0.398073836276 109.884363869 10 0.382642578382
110 11 0.0940354648039 0.215297807084 0.0444493835728 41.3553362555 0 0.1 0.39719 0.362068965517 160.510181075 0 0.382642578382
120 11 0.0940354648039 0.257567860178 0.0274559348337 53.5302919691 0 0.1 0.42428 0.388544891641 134.168486612 0 0.382642578382
130 11 0.0940354648039 0.155862584249 0.0452811359866 66.2340981534 0 0.1 0.40904 0.448598130841 221.717676289 0 0.382642578382
140 11 0.0940354648039 0.247610609585 0.0417018914435 19.4543091001 0 0.1 0.39482 0.420647149461 139.563850103 0 0.382642578382
150 11 0.0940354648039 0.273581002736 0.0398361957957 46.4037618597 0 0.1 0.40573 0.396604938272 126.315386136 0 0.382642578382
160 11 0.0940354648039 0.20898400196 0.0469879733981 51.9728903535 0 0.1 0.39041 0.455108359133 165.359499655 0 0.382642578382
170 11 0.0940354648039 0.230408968073 0.050200396098 39.8797252155 0 0.1 0.41941 0.423322683706 149.983267965 0 0.382642578382
180 11 0.0940354648039 0.199491018974 0.0469540313968 56.2660892184 0 0.1 0.38514 0.379767827529 173.228299588 0 0.382642578382
190 11 0.0940354648039 0.193942019996 0.0477380013308 51.9306563551 0 0.1 0.42702 0.39593114241 178.184645084 0 0.382642578382
200 11 0.0940354648039 0.199746681076 0.033944382558 49.0462183703 0 0.1 0.37171 0.40490797546 173.006579203 0 0.382642578382
210 11 0.101847810272 0.279573766031 0.0309132198714 26.7583355637 0 0.1 0.36978 0.40192926045 123.607770824 0 0.382642578382
220 11 0.101847810272 0.252737240863 0.0276867498944 20.9285785476 0 0.1 0.43649 0.407035175879 136.73287673 0 0.382642578382
230 11 0.101847810272 0.249283857116 0.0395863333994 40.0525199381 0 0.1 0.38192 0.340531561462 138.627067151 0 0.382642578382
240 11 0.101847810272 0.263746945097 0.0398102966256 33.4710358813 0 0.1 0.40216 0.337078651685 131.025176376 0 0.382642578382
250 11 0.101847810272 0.217874654532 0.0492285325362 30.8729155859 0 0.1 0.37671 0.42523364486 158.611794815 0 0.382642578382
260 11 0.101847810272 0.23777852 0.0503163316573 47.4707466187 0 0.1 0.41462 0.375786163522 145.334784656 0 0.382642578382
270 11 0.101847810272 0.184936137123 0.0425397689242 52.3135995902 0 0.1 0.38136 0.421779141104 186.861748805 0 0.382642578382
280 11 0.101847810272 0.247179288963 0.0425842283342 32.3879593146 0 0.1 0.40954 0.406593406593 139.807384935 0 0.382642578382
290 11 0.101847810272 0.300616677874 0.0260694552077 32.3793708547 0 0.1 0.37902 0.352066115702 114.955331968 0 0.382642578382
300 11 0.101847810272 0.180287755666 0.0417469107216 43.1944469664 0 0.1 0.43705 0.417445482866 191.679628338 0 0.382642578382
310 11 0.111075848937 0.252246414739 0.0431791309492 40.129632917 0 0.1 0.37882 0.32504145937 136.998934299 0 0.382642578382
320 11 0.111075848937 0.292540261166 0.0485621527339 49.6946950001 0 0.1 0.43951 0.432307692308 118.129005089 0 0.382642578382
330 11 0.111075848937 0.251097917446 0.0355628613589 44.1284975336 0 0.1 0.40749 0.366776315789 137.625554013 0 0.382642578382
340 11 0.111075848937 0.272520491534 0.0345520641492 39.8745498377 0 0.1 0.40362 0.42062193126 126.806941399 0 0.382642578382
350 11 0.111075848937 0.174121463464 0.046709041433 63.8850639529 0 0.1 0.35955 0.411669367909 198.467720823 0 0.382642578382
360 11 0.111075848937 0.319868991083 0.045873348873 24.0642591996 0 0.1 0.37206 0.328455284553 108.036386656 0 0.382642578382
370 11 0.111075848937 0.256964647951 0.0464071575053 37.2278529553 0 0.1 0.42621 0.352201257862 134.483440721 0 0.382642578382
380 11 0.111075848937 0.235680520117 0.0390237737543 47.7465422105 0 0.1 0.38497 0.438679245283 146.628537577 0 0.382642578382
390 11 0.111075848937 0.297935990881 0.0268499862576 30.7039632367 0 0.1 0.40282 0.379537953795 115.989645621 0 0.382642578382
400 11 0.111075848937 0.225887219649 0.050187622419 38.8307083749 0 0.1 0.39699 0.409017713366 152.985591897 0 0.38730958174
410 11 0.122142732507 0.244712534398 0.0535494675167 30.7570095226 0 0.1 0.43577 0.3712 141.216673208 0 0.38730958174
420 11 0.122142732507 0.293883300926 0.0588292564345 27.0089836843 0 0.1 0.39719 0.386942675159 117.589158319 0 0.38730958174
430 11 0.122142732507 0.208171636438 0.0343101334523 33.9775886534 0 0.1 0.46731 0.461049284579 166.004795809 0 0.38730958174
440 11 0.122142732507 0.247208228591 0.0248288410692 45.7942695841 0 0.1 0.38457 0.417701863354 139.791018272 0 0.38730958174
450 11 0.122142732507 0.301488636378 0.0252601242149 28.2664425095 0 0.1 0.45643 0.417168674699 114.622860799 0 0.38730958174
460 11 0.122142732507 0.272002136619 0.0516176954258 32.0240333067 0 0.1 0.42099 0.373786407767 127.048597594 0 0.38730958174
470 11 0.122142732507 0.231657157227 0.0403297959895 51.5930542423 0 0.1 0.38168 0.405772495756 149.175144915 0 0.38730958174
480 11 0.122142732507 0.299139332654 0.0424979452326 38.2021798621 0 0.1 0.41139 0.345335515548 115.523056408 0 0.38730958174
490 11 0.122142732507 0.21098897062 0.032172940296 42.4191655058 0 0.1 0.4141 0.461920529801 163.788134984 0 0.38730958174
500 11 0.122142732507 0.241429768583 0.0340747420348 41.5916498282 0 0.1 0.3769 0.397034596376 143.136822782 0 0.38730958174
510 11 0.135658914729 0.223107129681 0.0345635442936 29.137962948 0 0.1 0.39018 0.345323741007 154.891912461 0 0.38730958174
520 11 0.135658914729 0.231691297241 0.0586827586479 40.0077650335 0 0.1 0.39949 0.410891089109 149.153163764 0 0.38730958174
530 11 0.135658914729 0.238501191327 0.0270074411523 28.8369387676 0 0.1 0.44908 0.379790940767 144.894412509 0 0.38730958174
540 11 0.135658914729 0.261970344096 0.0275707830555 33.0520817856 0 0.1 0.41124 0.400335008375 131.913748174 0 0.38730958174
550 11 0.135658914729 0.248485934322 0.0387239172859 28.2145465164 0 0.1 0.3477 0.292894280763 139.072217887 0 0.38730958174
560 11 0.135658914729 0.252945109311 0.0425512343571 28.4554060148 0 0.1 0.39814 0.375 136.620510648 0 0.389048584264
570 11 0.135658914729 0.338855551639 0.0434652199419 18.6899601091 0 0.1 0.44896 0.441221374046 101.9829536 0 0.389048584264
580 11 0.135658914729 0.258503330004 0.052609124165 34.4069680602 0 0.1 0.40475 0.384615384615 133.682958743 0 0.389048584264
590 11 0.135658914729 0.348023761727 0.0538717983445 24.5740845787 0 0.1 0.33258 0.363492063492 99.296352147 0 0.416177241206
600 11 0.135658914729 0.225403880994 0.03231245506 38.4597898341 0 0.1 0.40744 0.472613458529 153.313642372 0 0.416177241206
610 11 0.152538679451 0.299624399392 0.0416018322026 17.2722958537 0 0.1 0.40782 0.455737704918 115.336034282 0 0.416177241206
620 11 0.152538679451 0.236627285185 0.0330255411781 44.6108002649 0 0.1 0.36784 0.410914927769 146.041864838 0 0.416177241206
630 11 0.152538679451 0.279745121043 0.05092058594 44.1172839063 0 0.1 0.40587 0.395309882747 123.532056149 0 0.416177241206
640 11 0.152538679451 0.264311692972 0.0367732196845 18.1938250325 0 0.1 0.35601 0.395799676898 130.745218312 0 0.416177241206
650 11 0.152538679451 0.390597199234 0.0466642763468 32.1655963866 0 0.1 0.37936 0.418320610687 88.4734710535 0 0.416177241206
660 11 0.152538679451 0.308131584609 0.0380290261888 19.5157727823 0 0.1 0.41527 0.33489827856 112.151729086 0 0.416177241206
670 11 0.152538679451 0.35267616953 0.0466302677661 28.4479132093 0 0.1 0.40116 0.408585055644 97.9864617621 0 0.416177241206
680 11 0.152538679451 0.236139315425 0.0504680307102 39.407027344 0 0.1 0.34707 0.393442622951 146.343652847 0 0.416177241206
690 11 0.152538679451 0.291807614683 0.0494434187344 26.6615876905 0 0.1 0.38278 0.408099688474 118.425593648 0 0.416177241206
700 11 0.152538679451 0.322554659306 0.0197813029046 33.9767202593 0 0.1 0.42846 0.41307814992 107.136849532 0 0.416177241206
710 11 0.174216027875 0.263585079438 0.0346403874673 30.7398791731 0 0.1 0.4174 0.424092409241 131.105637973 10 0.416177241206
720 11 0.174216027875 0.296988013306 0.0407533709953 26.4384448926 0 0.1 0.35218 0.368503937008 116.359881381 10 0.416177241206
730 11 0.174216027875 0.266289256887 0.0389121418003 28.7600581958 0 0.1 0.39687 0.405448717949 129.774255274 10 0.416177241206
740 11 0.174216027875 0.314612928386 0.0455600483905 27.9686116598 0 0.1 0.40803 0.35255354201 109.841290303 10 0.416177241206
750 11 0.174216027875 0.384001921342 0.0508902274176 32.7988064569 0 0.1 0.3655 0.404320987654 89.993013262 10 0.416177241206
760 11 0.174216027875 0.322923861169 0.0495879840558 24.2588469283 0 0.1 0.45115 0.403594771242 107.014358973 10 0.416177241206
770 11 0.174216027875 0.269445086182 0.0388536726326 29.7290657118 0 0.1 0.41576 0.385135135135 128.254296598 10 0.416177241206
780 11 0.174216027875 0.305037026846 0.0233301932253 22.229187938 0 0.1 0.35196 0.332814930016 113.289492614 10 0.416177241206
790 11 0.174216027875 0.352847003631 0.0414164019737 27.7730499125 0 0.1 0.39763 0.418789808917 97.9390207212 10 0.416177241206
800 11 0.174216027875 0.295145795949 0.0288479523039 20.3528713899 0 0.1 0.44191 0.369281045752 117.086167156 10 0.416177241206
810 11 0.203075137801 0.314570403171 0.0175171422423 26.135516647 0 0.1 0.42057 0.375987361769 109.856139203 0 0.416177241206
820 11 0.203075137801 0.314778451869 0.0271657376846 23.5047209127 0 0.1 0.3909 0.455974842767 109.783531226 0 0.416177241206
830 11 0.203075137801 0.303045639905 0.0461973398655 21.8470123916 0 0.1 0.41133 0.384991843393 114.03394555 0 0.416177241206
840 11 0.203075137801 0.391283784366 0.0367643273276 16.1748271547 0 0.1 0.38306 0.415605095541 88.3182267724 0 0.416177241206
850 11 0.203075137801 0.366679213462 0.0281686704446 33.1475589221 0 0.1 0.4041 0.375394321767 94.2444750924 0 0.416177241206
860 11 0.203075137801 0.354366604278 0.0296916454723 23.4498011431 0 0.1 0.37896 0.392744479495 97.5190370166 0 0.416177241206
870 11 0.203075137801 0.313976429059 0.0314354090041 24.6075063455 0 0.1 0.42399 0.469578783151 110.063962774 0 0.416177241206
880 11 0.203075137801 0.368504648326 0.043958294156 28.4904573855 0 0.1 0.38226 0.420970266041 93.777623042 0 0.416177241206
890 11 0.203075137801 0.325133409521 0.0345288229943 20.3640120188 0 0.1 0.44655 0.47409733124 106.287108578 0 0.416177241206
900 11 0.203075137801 0.296478409257 0.0417356557887 19.4470549617 0 0.1 0.40724 0.376602564103 116.559887402 0 0.416177241206
910 11 0.243393602225 0.274669229632 0.0348006818539 48.6462489022 0 0.1 0.38822 0.418300653595 125.814930366 0 0.416177241206
920 11 0.243393602225 0.321747070245 0.0505768395795 28.7017432112 0 0.1 0.43821 0.370994940978 107.405764328 0 0.416177241206
930 11 0.243393602225 0.419075344345 0.039031438102 23.5060954346 0 0.1 0.38509 0.408427876823 82.4612816437 0 0.419075344345
940 11 0.243393602225 0.317653817578 0.0305444390343 24.3732210765 0 0.1 0.42308 0.386252045827 108.789783367 0 0.419075344345
950 11 0.243393602225 0.281965094549 0.0412378721888 31.5889579439 0 0.1 0.36431 0.375601926164 122.559460969 0 0.419075344345
960 11 0.243393602225 0.298729710875 0.0605524692367 20.5804090882 0 0.1 0.39314 0.418006430868 115.681463015 0 0.456807824334
970 11 0.243393602225 0.361731018562 0.0390400229482 22.5148045591 0 0.1 0.43414 0.375 95.5336651455 0 0.456807824334
980 11 0.243393602225 0.366509326998 0.0235333082313 26.5931030177 0 0.1 0.39054 0.394863563403 94.2881598214 0 0.456807824334
990 11 0.243393602225 0.317475325785 0.0253247831765 36.983735377 0 0.1 0.43406 0.409810126582 108.850947439 0 0.456807824334
1000 11 0.243393602225 0.306651424552 0.0324197554679 12.1900957078 0 0.1 0.41193 0.454113924051 112.693068524 0 0.456807824334
1010 11 0.303687635575 0.415807363255 0.0289261849605 24.1793531984 0 0.1 0.39868 0.372681281619 83.1093748064 0 0.456807824334
1020 11 0.303687635575 0.361215561082 0.03406133199 37.1606905798 0 0.1 0.38594 0.412353923205 95.6699924457 0 0.456807824334
1030 11 0.303687635575 0.308334967326 0.0442519063422 29.1697821981 0 0.1 0.44353 0.36018957346 112.077751997 0 0.45937658245
1040 11 0.303687635575 0.429373201059 0.0353922901577 14.9315890197 0 0.1 0.43968 0.436923076923 80.4835744634 0 0.45937658245
1050 11 0.303687635575 0.351334880527 0.047158754095 20.3379972682 0 0.1 0.33979 0.351046698873 98.3605440717 0 0.512374723775
1060 11 0.303687635575 0.450955192694 0.0341646805292 30.2117379762 0 0.1 0.44873 0.451718494272 76.6317597843 0 0.512374723775
1070 11 0.303687635575 0.33805668379 0.0319699282306 24.5740283154 0 0.1 0.38576 0.363057324841 102.223951358 0 0.512374723775
1080 11 0.303687635575 0.406098565681 0.0374882960393 25.7640233428 0 0.1 0.4324 0.429022082019 85.0963113894 0 0.512374723775
1090 11 0.303687635575 0.328527701726 0.0308704391082 28.3137211915 0 0.1 0.38076 0.33606557377 105.188968292 0 0.512374723775
1100 11 0.303687635575 0.382647692558 0.0378486480557 28.4491700528 0 0.1 0.43808 0.405144694534 90.3115076142 0 0.512374723775
1110 11 0.40369088812 0.350398828981 0.035219661347 17.3273830474 0 0.1 0.38965 0.356918238994 98.6233033384 0 0.512374723775
1120 11 0.40369088812 0.437478210109 0.0298859668643 26.0274409601 0 0.1 0.42119 0.359872611465 78.9924828287 0 0.512374723775
1130 11 0.40369088812 0.459390958756 0.0269450337301 20.6428621099 0 0.1 0.3923 0.408794788274 75.2245758026 0 0.512374723775
1140 11 0.40369088812 0.410928662551 0.0292147594083 23.1992183959 0 0.1 0.44964 0.356209150327 84.0960807783 0 0.512374723775
1150 11 0.40369088812 0.407233942739 0.0409898570864 21.1026493277 0 0.1 0.38227 0.377887788779 84.859061029 0 0.512374723775
1160 11 0.40369088812 0.394667504254 0.0285420416876 24.9821450484 0 0.1 0.4201 0.418181818182 87.5610219426 0 0.512374723775
1170 11 0.40369088812 0.437444244689 0.0385299623182 20.7577906904 0 0.1 0.39311 0.382258064516 78.9986162112 0 0.512374723775
1180 11 0.40369088812 0.436014038726 0.0412821518212 17.0158360683 0 0.1 0.44682 0.43095599393 79.2577461519 0 0.512374723775
1190 11 0.40369088812 0.417699192127 0.0459355142518 16.6100131613 0 0.1 0.38731 0.378466557912 82.732958673 0 0.512501345804
1200 11 0.40369088812 0.447549673051 0.0330292094163 16.355632319 0 0.1 0.43475 0.418006430868 77.2148703951 0 0.512501345804
1210 11 0.601891659501 0.445607328182 0.0249124143501 21.8807930817 0 0.1 0.3722 0.362126245847 77.5514400559 0 0.519338130379
1220 11 0.601891659501 0.447893950752 0.0359498134642 21.247995178 0 0.1 0.35735 0.326298701299 77.1555184928 0 0.541257930349
1230 11 0.601891659501 0.471954242841 0.0224233871377 16.0380840801 0 0.1 0.4454 0.389408099688 73.2221195682 0 0.541257930349
1240 11 0.601891659501 0.468653036387 0.0292340979408 18.4619285186 0 0.1 0.37086 0.395023328149 73.7378984385 0 0.541257930349
1250 11 0.601891659501 0.500662466519 0.0291245929588 20.4280029847 0 0.1 0.39506 0.413902053712 69.0235284468 0 0.541257930349
1260 11 0.601891659501 0.439219745916 0.0254293878015 25.5812075372 0 0.1 0.44575 0.385826771654 78.6792723263 0 0.541257930349
1270 11 0.601891659501 0.40970850421 0.0295664262603 19.5173315148 0 0.1 0.41825 0.404724409449 84.3465284339 0 0.541257930349
1280 11 0.601891659501 0.448894681017 0.030083982988 28.7689044047 0 0.1 0.40173 0.414330218069 76.9835140878 0 0.541257930349
1290 11 0.601891659501 0.451810103087 0.0302955729945 16.0037053733 0 0.1 0.3758 0.384863123994 76.4867579628 0 0.541257930349
1300 11 0.601891659501 0.445999174977 0.0381523289482 18.9582172558 0 0.1 0.4042 0.423566878981 77.4833047657 0 0.541257930349
1310 11 1.18243243243 0.536385934156 0.0240620072478 4.66422333725 0 0.1 0.36202 0.298932384342 64.426540294 30 0.593917182285
1320 11 1.18243243243 0.558058618627 0.011215080933 10.1396080352 0 0.1 0.42492 0.403812824957 61.9244804158 30 0.593917182285
1330 11 1.18243243243 0.562609190396 0.02362174976 13.8751493705 0 0.1 0.3522 0.307189542484 61.4236144555 30 0.593917182285
1340 11 1.18243243243 0.541328746439 0.0359477659442 6.47647905639 0 0.1 0.42859 0.380165289256 63.838268755 30 0.593917182285
1350 11 1.18243243243 0.526630569894 0.0291462188009 9.66221192073 0 0.1 0.38053 0.388012618297 65.6199848158 30 0.593943929878
1360 11 1.18243243243 0.488638572103 0.0222857682455 8.52204030242 0 0.1 0.4394 0.435816164818 70.7219854774 30 0.593943929878
1370 11 1.18243243243 0.536283752672 0.0173029165432 10.2571132966 0 0.1 0.36442 0.392508143322 64.438815884 30 0.593943929878
1380 11 1.18243243243 0.613706602605 0.0359402746547 2.89083862479 0 0.1 0.41629 0.433641975309 56.309464251 30 0.613706602605
1390 11 1.18243243243 0.484105052459 0.0312509335925 5.81797309891 0 0.1 0.37853 0.39546191248 71.3842787313 30 0.613706602605
1400 11 1.18243243243 0.544453094317 0.0342249235462 12.0791303215 0 0.1 0.44206 0.461883408072 63.4719324047 30 0.613706602605
1410 11 33.3333333333 0.691422345225 0.0457264883811 0.168070108116 0 0.1 0.6716 0.621359223301 49.9802909736 290 0.696379855054
1420 11 33.3333333333 0.692187378355 0.00140812586572 0.0326368153054 0 0.1 0.37 0.303541315346 49.9250507603 290 0.696379855054
1430 11 33.3333333333 0.696320862835 0.00309997979104 0.016535116772 0 0.1 0.41909 0.348484848485 49.62868678 290 0.696379855054
1440 11 33.3333333333 0.689171575119 0.000890818994912 0.022798882856 0 0.1 0.40558 0.438906752412 50.1435219437 290 0.696379855054
1450 11 33.3333333333 0.694064742845 0.00206256618936 0.023171311895 0 0.1 0.36468 0.339558573854 49.7900092985 290 0.696379855054
1460 11 33.3333333333 0.692607937636 0.0025480664534 0.0123113450459 0 0.1 0.35223 0.391912908243 49.8947357115 290 0.696379855054
1470 11 33.3333333333 0.693317976717 0.00132837043648 0.0478902328932 0 0.1 0.38711 0.411023622047 49.8436376389 290 0.696379855054
1480 11 33.3333333333 0.692535793316 0.00128459967148 0.00630304449981 0 0.1 0.44773 0.379934210526 49.8999334526 290 0.696379855054
1490 11 33.3333333333 0.689024944717 0.00177392900383 0.0340554890244 0 0.1 0.4008 0.410377358491 50.1541929141 290 0.696379855054
1500 11 33.3333333333 0.693724024007 0.00102449538101 0.0119376317334 0 0.1 0.39824 0.426984126984 49.8144633948 290 0.696379855054
