221.285736311,99.2117638562,46.165125788,0.0
230.043939409,358.140280893,46.165125788,0.0
183.931662001,272.101298679,46.165125788,0.0
80.914096518,245.368377402,46.165125788,0.0
146.481851436,462.26087249,46.165125788,0.0
141.932928222,151.971102743,46.165125788,0.0
457.165948958,105.364408103,46.165125788,0.0
377.566020007,435.581385291,46.165125788,0.0
54.6190276193,447.71094547,46.165125788,0.0
463.474794107,218.662489686,46.165125788,0.0
310.13219012,266.429070795,46.165125788,0.0
@ 10 10 0.0873362445415 0.280950827474
270.843065675,467.771454117,42.1960190662,0.0
242.327080932,370.689058238,42.1960190662,0.0
452.690304049,120.441656588,42.1960190662,0.0
277.489607142,93.9447741693,42.1960190662,0.0
292.747976262,300.621208434,42.1960190662,0.0
103.909742577,200.455214365,42.1960190662,0.0
156.097458787,133.903044404,42.1960190662,0.0
95.7978187344,410.625716989,42.1960190662,0.0
318.441365743,212.972017737,42.1960190662,0.0
347.953398654,46.1185225259,42.1960190662,0.0
458.383466489,297.879649537,42.1960190662,0.0
@ 20 10 0.0873362445415 0.234717369232
399.50703897,395.538267058,35.9822215524,0.0
55.8384769101,419.916041876,35.9822215524,0.0
134.518881043,246.648106201,35.9822215524,0.0
184.476173491,111.544997398,35.9822215524,0.0
237.022019673,345.011085436,35.9822215524,0.0
291.137988991,260.085053313,35.9822215524,0.0
341.322699989,453.802806804,35.9822215524,0.0
276.385173694,46.0688217406,35.9822215524,0.0
142.268444867,52.7383259688,35.9822215524,0.0
202.388749113,446.265599202,35.9822215524,0.0
132.598165544,174.028004801,35.9822215524,0.0
@ 30 10 0.0873362445415 0.170678263507
382.638585077,163.849823537,43.0115142309,0.0
242.744181365,360.996505903,43.0115142309,0.0
359.057413062,378.293441053,43.0115142309,0.0
334.717354844,262.34103701,43.0115142309,0.0
284.622707085,82.1334717611,43.0115142309,0.0
97.3635922011,99.5909622827,43.0115142309,0.0
98.0299566901,293.068019718,43.0115142309,0.0
234.012255701,220.021049236,43.0115142309,0.0
454.396487905,263.090782875,43.0115142309,0.0
112.207432039,425.699358683,43.0115142309,0.0
462.621474936,408.212695678,43.0115142309,0.0
@ 40 10 0.0873362445415 0.243877499553
120.347282607,140.409473774,44.4441680514,0.0
356.153152621,372.927052151,44.4441680514,0.0
414.712685498,456.580827298,44.4441680514,0.0
203.929823032,395.834676271,44.4441680514,0.0
435.431161119,256.945505141,44.4441680514,0.0
52.6082817865,239.692521293,44.4441680514,0.0
335.745929775,154.232468948,44.4441680514,0.0
142.042645588,275.950154871,44.4441680514,0.0
199.51650993,66.0178282974,44.4441680514,0.0
91.8430327977,439.741907013,44.4441680514,0.0
50.3152501039,47.3097865213,44.4441680514,0.0
@ 50 10 0.0873362445415 0.260394514568
107.20577806,409.609348768,53.2529928837,0.0
319.766197832,177.048690356,53.2529928837,0.0
446.355055532,175.946561006,53.2529928837,0.0
204.492060536,251.746543293,53.2529928837,0.0
84.7411455178,64.4786790425,53.2529928837,0.0
82.6279368417,235.777698475,53.2529928837,0.0
308.671050588,321.863893572,53.2529928837,0.0
334.776129682,68.5184150028,53.2529928837,0.0
428.128577891,370.32664154,53.2529928837,0.0
260.726508915,444.004002479,53.2529928837,0.0
212.081860698,107.671477066,53.2529928837,0.0
@ 60 10 0.0873362445415 0.373843910122
193.813204369,79.7805201615,42.8528176723,0.0
155.593958662,433.739864714,42.8528176723,0.0
314.055647254,78.9389007152,42.8528176723,0.0
428.471805328,145.905903427,42.8528176723,0.0
464.943398352,384.968042892,42.8528176723,0.0
55.4350249017,270.858635477,42.8528176723,0.0
448.271180151,53.3499484124,42.8528176723,0.0
404.5520937,281.86468708,42.8528176723,0.0
217.573493064,189.413882105,42.8528176723,0.0
321.412699531,166.426527674,42.8528176723,0.0
214.010511237,334.351659246,42.8528176723,0.0
@ 70 10 0.0873362445415 0.242081184235
453.986766698,47.3929169479,36.7095276079,0.0
414.093829995,186.440411273,36.7095276079,0.0
140.144380706,472.282458236,36.7095276079,0.0
417.116464162,464.994938794,36.7095276079,0.0
376.299482342,305.074635927,36.7095276079,0.0
465.193574119,312.802680988,36.7095276079,0.0
56.1006149111,87.9714647508,36.7095276079,0.0
366.600814832,408.027103356,36.7095276079,0.0
245.4093306,57.6872615328,36.7095276079,0.0
245.57534323,306.705729009,36.7095276079,0.0
79.0838418505,271.075410331,36.7095276079,0.0
@ 80 10 0.0873362445415 0.177647811161
215.461600267,458.60798015,45.4795590506,0.0
427.931527835,51.5805487424,45.4795590506,0.0
129.899781491,336.188926912,45.4795590506,0.0
45.9280331566,400.412298523,45.4795590506,0.0
86.4951722703,159.52296047,45.4795590506,0.0
434.173945534,153.832353408,45.4795590506,0.0
458.881845047,346.972272562,45.4795590506,0.0
294.874431847,320.623047311,45.4795590506,0.0
322.354106286,156.663508492,45.4795590506,0.0
436.166827074,460.001496197,45.4795590506,0.0
46.9198315514,278.893259466,45.4795590506,0.0
@ 90 10 0.0873362445415 0.272668368578
368.543340474,104.799249142,46.154307242,0.0
431.258505639,221.636242298,46.154307242,0.0
250.960705219,62.5183161492,46.154307242,0.0
210.720065059,398.211156936,46.154307242,0.0
189.25235108,285.166898839,46.154307242,0.0
188.642110738,189.963997557,46.154307242,0.0
298.315871612,235.938408709,46.154307242,0.0
89.15514143,276.642689389,46.154307242,0.0
100.83938383,454.704923184,46.154307242,0.0
430.280821699,330.417904249,46.154307242,0.0
393.938523672,464.314624902,46.154307242,0.0
@ 100 10 0.0873362445415 0.280819164308
68.0525683669,383.948185943,43.2480633679,0.0
282.774380883,96.1465307371,43.2480633679,0.0
432.041857438,98.3651858416,43.2480633679,0.0
263.782291359,431.363557008,43.2480633679,0.0
189.969842047,157.387940096,43.2480633679,0.0
446.447038616,194.405768923,43.2480633679,0.0
222.515893192,251.202960255,43.2480633679,0.0
184.945965536,69.0321948058,43.2480633679,0.0
313.587431593,352.961851678,43.2480633679,0.0
299.477551066,209.004901051,43.2480633679,0.0
446.399461581,330.910546246,43.2480633679,0.0
@ 110 10 0.0940354648039 0.246567367526
314.432564886,222.143089376,41.8392288505,0.0
301.512257428,57.0221617275,41.8392288505,0.0
439.173046325,358.075138579,41.8392288505,0.0
206.923506806,319.652645576,41.8392288505,0.0
357.85510133,301.360354207,41.8392288505,0.0
134.535662065,453.940153267,41.8392288505,0.0
52.3381621879,255.21383434,41.8392288505,0.0
82.8003959258,344.767242584,41.8392288505,0.0
86.6023981323,80.9481373401,41.8392288505,0.0
195.735820349,104.83028971,41.8392288505,0.0
361.559894631,432.445083748,41.8392288505,0.0
@ 120 10 0.0940354648039 0.230764825436
203.952938915,229.409729525,44.2402535901,0.0
262.387988484,462.916206879,44.2402535901,0.0
410.357437887,465.561551849,44.2402535901,0.0
202.122053962,332.988904451,44.2402535901,0.0
359.209412263,319.723974318,44.2402535901,0.0
407.955491746,59.5778701395,44.2402535901,0.0
115.129247006,105.113302509,44.2402535901,0.0
306.12815447,114.711263363,44.2402535901,0.0
58.2403628543,259.718480126,44.2402535901,0.0
431.084873206,215.899627372,44.2402535901,0.0
153.687999778,418.874326163,44.2402535901,0.0
@ 130 10 0.0940354648039 0.258010561872
434.258418592,385.702011958,45.8266514429,0.0
410.660149862,60.0323291637,45.8266514429,0.0
123.574472022,229.769357365,45.8266514429,0.0
376.431707807,462.414495933,45.8266514429,0.0
403.911756969,247.19058475,45.8266514429,0.0
163.793788484,127.338389091,45.8266514429,0.0
254.010545672,70.8695567832,45.8266514429,0.0
289.779030203,403.7919988,45.8266514429,0.0
202.715911913,374.151458328,45.8266514429,0.0
462.430764712,163.548774575,45.8266514429,0.0
267.730791274,168.162956891,45.8266514429,0.0
@ 140 10 0.0940354648039 0.276846168932
235.741015748,215.624294944,44.8021608639,0.0
301.232588715,446.621308578,44.8021608639,0.0
369.096328231,64.8638071527,44.8021608639,0.0
173.072219829,289.763082684,44.8021608639,0.0
328.455615887,167.79531595,44.8021608639,0.0
402.325335168,341.002901732,44.8021608639,0.0
93.2340876685,454.161123318,44.8021608639,0.0
115.958365725,191.319210568,44.8021608639,0.0
422.272105459,137.237941268,44.8021608639,0.0
45.6302683237,120.277923485,44.8021608639,0.0
180.993382951,420.776714842,44.8021608639,0.0
@ 150 10 0.0940354648039 0.264606306779
433.125260694,300.940645991,47.1172582564,0.0
170.722746846,166.547883181,47.1172582564,0.0
67.7499399961,457.363546527,47.1172582564,0.0
204.465099936,428.199813249,47.1172582564,0.0
122.333041316,48.0563944968,47.1172582564,0.0
337.59068862,214.242593079,47.1172582564,0.0
50.162568611,269.783874776,47.1172582564,0.0
327.229750253,103.021463684,47.1172582564,0.0
440.729811425,149.475987548,47.1172582564,0.0
299.339745553,304.670201614,47.1172582564,0.0
425.020789558,458.933513368,47.1172582564,0.0
@ 160 10 0.0940354648039 0.292659274118
325.199495254,59.6765952465,42.2113862547,0.0
428.465136122,445.929647566,42.2113862547,0.0
321.067003462,192.233645909,42.2113862547,0.0
203.797555345,236.488157716,42.2113862547,0.0
175.305180469,131.074465936,42.2113862547,0.0
302.705429086,277.562263036,42.2113862547,0.0
127.973634847,322.822239476,42.2113862547,0.0
52.3348734279,415.297107091,42.2113862547,0.0
214.117867295,443.916013026,42.2113862547,0.0
377.137364673,373.366128606,42.2113862547,0.0
297.456117478,459.311523817,42.2113862547,0.0
@ 170 10 0.0940354648039 0.234888361802
148.665912206,309.568560936,39.3010969674,0.0
271.65255763,310.126498693,39.3010969674,0.0
277.495140515,65.1246344969,39.3010969674,0.0
184.138136258,71.9701558326,39.3010969674,0.0
294.931341608,143.883601268,39.3010969674,0.0
402.668285696,186.87628685,39.3010969674,0.0
55.9791221718,452.150831564,39.3010969674,0.0
129.068503767,179.864951571,39.3010969674,0.0
68.7276442906,94.7450854606,39.3010969674,0.0
324.443148972,461.485173972,39.3010969674,0.0
448.673120431,452.000407849,39.3010969674,0.0
@ 180 10 0.0940354648039 0.20361586523
416.285149354,312.941100287,47.4529808265,0.0
211.336229861,255.421840847,47.4529808265,0.0
81.7903975834,261.07187388,47.4529808265,0.0
149.110933662,335.229789154,47.4529808265,0.0
191.158779772,444.854696419,47.4529808265,0.0
179.626067064,102.25771417,47.4529808265,0.0
437.904540341,49.601877003,47.4529808265,0.0
353.863518747,134.611851342,47.4529808265,0.0
408.789788781,436.129556643,47.4529808265,0.0
68.2039644317,406.424230056,47.4529808265,0.0
261.706531024,352.483472995,47.4529808265,0.0
@ 190 10 0.0940354648039 0.296844677252
456.921822065,96.7461288783,54.5311453255,0.0
220.683250053,432.312642387,54.5311453255,0.0
324.60830942,90.9444300054,54.5311453255,0.0
214.544824366,60.0154767724,54.5311453255,0.0
106.032351472,409.287607409,54.5311453255,0.0
112.431935025,238.249598218,54.5311453255,0.0
265.345532885,215.119395126,54.5311453255,0.0
455.073299019,310.549089536,54.5311453255,0.0
328.446001086,392.64676646,54.5311453255,0.0
406.699940011,205.231682429,54.5311453255,0.0
56.5789919902,124.247834882,54.5311453255,0.0
@ 200 10 0.0940354648039 0.39200491089
98.7130010534,63.565923545,42.9037495745,0.0
415.70090086,451.991927614,42.9037495745,0.0
257.960927859,232.793739481,42.9037495745,0.0
52.2429697539,379.573250588,42.9037495745,0.0
391.636718174,146.821275929,42.9037495745,0.0
203.670895077,323.089005737,42.9037495745,0.0
259.997302069,84.6387171814,42.9037495745,0.0
461.071650976,351.686407076,42.9037495745,0.0
466.795440538,190.653644653,42.9037495745,0.0
46.7848068007,140.57328635,42.9037495745,0.0
438.138558371,68.574037451,42.9037495745,0.0
@ 210 10 0.101847810272 0.242656968184
312.174482588,124.256626757,45.3488194972,0.0
144.874806855,324.869585006,45.3488194972,0.0
52.9785186544,445.953296258,45.3488194972,0.0
175.550347202,107.697791285,45.3488194972,0.0
165.379731483,200.319550397,45.3488194972,0.0
299.818680277,408.057617748,45.3488194972,0.0
376.081842826,254.614107554,45.3488194972,0.0
53.3254443899,73.5246854116,45.3488194972,0.0
435.189890069,327.354713445,45.3488194972,0.0
459.688991482,46.2941743622,45.3488194972,0.0
46.4491907494,256.157774464,45.3488194972,0.0
@ 220 10 0.101847810272 0.271102948761
245.129882526,362.08946555,44.1923707359,0.0
53.9522087205,376.712992163,44.1923707359,0.0
304.679055088,227.391085714,44.1923707359,0.0
187.519780722,438.461226372,44.1923707359,0.0
250.078321029,100.131992554,44.1923707359,0.0
89.3394904082,463.997208749,44.1923707359,0.0
52.4104977898,92.12282117,44.1923707359,0.0
447.375112985,130.588502166,44.1923707359,0.0
87.3577857527,210.87724073,44.1923707359,0.0
388.631801952,391.756850628,44.1923707359,0.0
179.657704533,281.293544461,44.1923707359,0.0
@ 230 10 0.101847810272 0.257452355471
458.589837922,375.901840304,40.517626724,0.0
312.063193002,416.177268535,40.517626724,0.0
454.356893753,88.3678495469,40.517626724,0.0
468.165729022,461.20870463,40.517626724,0.0
205.160962375,233.567217981,40.517626724,0.0
104.907021119,96.1415997115,40.517626724,0.0
207.049563412,461.088574476,40.517626724,0.0
283.66020129,155.67039943,40.517626724,0.0
63.3173609332,304.274041183,40.517626724,0.0
346.839366706,53.2484194924,40.517626724,0.0
392.73626743,267.145729436,40.517626724,0.0
@ 240 10 0.101847810272 0.216416449249
422.866212179,189.218737081,44.5431767809,0.0
213.593802223,213.513573083,44.5431767809,0.0
328.131348988,225.244798734,44.5431767809,0.0
111.933227779,230.512005595,44.5431767809,0.0
107.96123912,366.546515224,44.5431767809,0.0
408.111445172,288.341166674,44.5431767809,0.0
239.71402569,315.514828009,44.5431767809,0.0
423.058910884,416.903724881,44.5431767809,0.0
51.8112425394,95.3901167663,44.5431767809,0.0
270.412427594,422.81460053,44.5431767809,0.0
141.231525053,90.7044969958,44.5431767809,0.0
@ 250 10 0.101847810272 0.261555973893
327.105694995,428.333863783,44.2392036389,0.0
209.533300492,53.6284313954,44.2392036389,0.0
115.743889646,442.940164059,44.2392036389,0.0
47.1984121619,48.6504555207,44.2392036389,0.0
454.993661552,179.333449464,44.2392036389,0.0
70.8664267456,293.708270631,44.2392036389,0.0
401.272031987,324.313290358,44.2392036389,0.0
285.355339936,277.404866322,44.2392036389,0.0
162.675824171,138.643367455,44.2392036389,0.0
296.346479355,108.430327566,44.2392036389,0.0
432.994754268,88.5220755077,44.2392036389,0.0
@ 260 10 0.101847810272 0.25799831532
269.373047499,177.529483013,44.5831720745,0.0
66.073934025,429.784281216,44.5831720745,0.0
349.904940935,391.884092454,44.5831720745,0.0
64.2702827657,88.1709858234,44.5831720745,0.0
461.23111561,55.8039064246,44.5831720745,0.0
362.119969257,125.662583192,44.5831720745,0.0
438.128724391,219.51745894,44.5831720745,0.0
437.83826615,465.723722508,44.5831720745,0.0
134.20843853,280.044285192,44.5831720745,0.0
195.949135714,88.5049307019,44.5831720745,0.0
290.234481403,272.288974824,44.5831720745,0.0
@ 270 10 0.101847810272 0.262025886692
87.589443227,339.501718092,41.4769877551,0.0
350.284998314,375.596193552,41.4769877551,0.0
402.861397326,55.5469468481,41.4769877551,0.0
298.307985037,458.669163989,41.4769877551,0.0
240.528670654,197.676531487,41.4769877551,0.0
408.478885268,166.591001457,41.4769877551,0.0
42.1659150803,50.0170172565,41.4769877551,0.0
305.205328102,97.1118271594,41.4769877551,0.0
102.017441297,465.229276132,41.4769877551,0.0
48.6580564322,170.205200308,41.4769877551,0.0
118.870361598,104.555508124,41.4769877551,0.0
@ 280 10 0.101847810272 0.22678623231
221.484998266,70.5576610729,48.3581202366,0.0
354.36553247,314.839485346,48.3581202366,0.0
408.425402826,50.1042395307,48.3581202366,0.0
436.918095367,418.264306091,48.3581202366,0.0
451.194873644,263.297758245,48.3581202366,0.0
361.882362219,166.572322047,48.3581202366,0.0
255.798996815,355.651463974,48.3581202366,0.0
92.3887421668,364.712944066,48.3581202366,0.0
240.071683464,247.508270805,48.3581202366,0.0
68.4860831206,211.341106415,48.3581202366,0.0
49.4103535144,459.9147479,48.3581202366,0.0
@ 290 10 0.101847810272 0.308276976262
313.268950918,212.66586229,40.6179111079,0.0
439.528165602,51.2495711949,40.6179111079,0.0
44.6224253269,407.507864924,40.6179111079,0.0
155.863053995,315.037944863,40.6179111079,0.0
419.880398655,276.541105887,40.6179111079,0.0
467.361763652,129.726513725,40.6179111079,0.0
80.1699119391,284.603611042,40.6179111079,0.0
151.052872209,442.400582086,40.6179111079,0.0
351.587227092,382.688614394,40.6179111079,0.0
97.3649033122,53.9827866242,40.6179111079,0.0
208.314686235,173.085814818,40.6179111079,0.0
@ 300 10 0.101847810272 0.217489071247
113.014130115,161.399964425,46.3133634923,0.0
421.350753157,390.861142184,46.3133634923,0.0
120.506992862,68.0160413886,46.3133634923,0.0
75.3486078035,428.586001547,46.3133634923,0.0
348.35346099,53.5207569784,46.3133634923,0.0
463.969363543,188.918931947,46.3133634923,0.0
224.03775402,87.5191026183,46.3133634923,0.0
353.322083092,318.192254748,46.3133634923,0.0
212.637868897,378.156991985,46.3133634923,0.0
333.4585082,204.394439128,46.3133634923,0.0
463.355715845,72.895840671,46.3133634923,0.0
@ 310 10 0.111075848937 0.282758008575
149.530438165,424.558441866,43.8724172197,0.0
356.110044225,266.689453925,43.8724172197,0.0
224.834151227,70.8947498643,43.8724172197,0.0
56.5826401422,437.910357525,43.8724172197,0.0
426.993048286,78.9035031094,43.8724172197,0.0
444.005709961,322.112310287,43.8724172197,0.0
152.398011622,200.41632768,43.8724172197,0.0
408.362517784,447.968520405,43.8724172197,0.0
205.915320147,336.826834259,43.8724172197,0.0
314.368922989,175.518181476,43.8724172197,0.0
244.542074194,461.8606273,43.8724172197,0.0
@ 320 10 0.111075848937 0.253737931699
60.494190689,434.788355906,43.7306057166,0.0
187.631477718,91.151449721,43.7306057166,0.0
346.349923275,309.70726606,43.7306057166,0.0
282.117565696,463.005602528,43.7306057166,0.0
445.984513681,380.00561191,43.7306057166,0.0
128.608308498,278.23149329,43.7306057166,0.0
388.96204805,137.574965029,43.7306057166,0.0
45.8759040249,154.477009692,43.7306057166,0.0
258.933544768,348.636594869,43.7306057166,0.0
286.022671153,144.845245709,43.7306057166,0.0
431.905821024,223.749490309,43.7306057166,0.0
@ 330 10 0.111075848937 0.252100237458
259.718217694,348.223852383,42.8290035002,0.0
92.2164670727,200.984183139,42.8290035002,0.0
436.643556115,201.655525185,42.8290035002,0.0
374.459513007,92.1247554986,42.8290035002,0.0
358.989174527,317.715868796,42.8290035002,0.0
95.621854245,54.6191754958,42.8290035002,0.0
309.199024157,420.590352519,42.8290035002,0.0
228.854451719,234.194168699,42.8290035002,0.0
259.684626316,112.038893617,42.8290035002,0.0
104.953383835,341.562378595,42.8290035002,0.0
162.637901643,149.360244191,42.8290035002,0.0
@ 340 10 0.111075848937 0.241812200236
410.312121224,257.365365534,43.4555295664,0.0
131.907204851,215.499857044,43.4555295664,0.0
424.131758423,64.6355591558,43.4555295664,0.0
346.785252229,445.695432102,43.4555295664,0.0
98.6772059506,335.195043542,43.4555295664,0.0
454.371236549,455.957964012,43.4555295664,0.0
327.013803143,192.349802641,43.4555295664,0.0
223.918510956,435.165931192,43.4555295664,0.0
251.891129197,262.460901647,43.4555295664,0.0
85.8040266834,55.9160596624,43.4555295664,0.0
188.990374166,116.739148866,43.4555295664,0.0
@ 350 10 0.111075848937 0.248938668682
199.99689251,442.457950258,46.2198804713,0.0
47.3666573335,285.710271393,46.2198804713,0.0
411.386410552,93.4939752209,46.2198804713,0.0
163.450991572,328.325557421,46.2198804713,0.0
278.463177317,366.883075984,46.2198804713,0.0
346.760081309,429.503258698,46.2198804713,0.0
461.023436091,426.837761572,46.2198804713,0.0
438.566835926,323.459057388,46.2198804713,0.0
329.987844029,249.238882005,46.2198804713,0.0
427.598444232,229.975588185,46.2198804713,0.0
63.4768740738,73.9717953801,46.2198804713,0.0
@ 360 10 0.111075848937 0.281617672679
421.904285087,60.0685754869,39.7539650654,0.0
151.911128146,309.781931113,39.7539650654,0.0
306.049980967,67.5512946739,39.7539650654,0.0
432.331318094,179.103743393,39.7539650654,0.0
233.495564496,146.513673877,39.7539650654,0.0
133.563646798,135.239106006,39.7539650654,0.0
56.6615519696,397.336616928,39.7539650654,0.0
323.576648829,345.118720605,39.7539650654,0.0
69.4331887811,185.713607298,39.7539650654,0.0
447.036145122,348.326528064,39.7539650654,0.0
236.095104153,447.032788597,39.7539650654,0.0
@ 370 10 0.111075848937 0.208335448806
450.891140699,114.444835907,44.6495436037,0.0
378.460497728,49.5900163508,44.6495436037,0.0
410.122446998,466.100882593,44.6495436037,0.0
75.0895178469,427.885214192,44.6495436037,0.0
348.639920125,292.24482304,44.6495436037,0.0
310.883299603,379.829407181,44.6495436037,0.0
170.878265511,422.516854481,44.6495436037,0.0
266.589521507,151.552886672,44.6495436037,0.0
46.8534377313,46.5009572813,44.6495436037,0.0
122.518032785,302.54840803,44.6495436037,0.0
143.816226007,48.3865512745,44.6495436037,0.0
@ 380 10 0.111075848937 0.26280662988
436.444537301,254.519596955,46.1944058636,0.0
150.563598271,248.639157311,46.1944058636,0.0
336.088339297,246.963518014,46.1944058636,0.0
242.388603697,377.398219912,46.1944058636,0.0
303.37186679,156.547978862,46.1944058636,0.0
72.8073714719,167.631923799,46.1944058636,0.0
458.043779231,86.7509728733,46.1944058636,0.0
326.009493482,52.0810131082,46.1944058636,0.0
89.8856814568,359.859298405,46.1944058636,0.0
373.772022828,371.306706171,46.1944058636,0.0
140.365712933,96.2864449577,46.1944058636,0.0
@ 390 10 0.111075848937 0.281307324724
456.167950895,382.626914044,46.8695655867,0.0
82.8622534638,259.313813654,46.8695655867,0.0
76.9788352777,427.384346388,46.8695655867,0.0
132.768171112,86.9711273403,46.8695655867,0.0
180.790337484,443.5866196,46.8695655867,0.0
260.669093106,344.470304867,46.8695655867,0.0
201.911255111,236.878352431,46.8695655867,0.0
317.07146691,232.674855479,46.8695655867,0.0
451.352268126,179.58280586,46.8695655867,0.0
150.750233397,330.192760814,46.8695655867,0.0
372.25596191,124.61588564,46.8695655867,0.0
@ 400 10 0.111075848937 0.289590376524
81.6900833363,114.915132594,49.6368450281,0.0
440.150442877,50.0309112343,49.6368450281,0.0
262.66644164,178.675503827,49.6368450281,0.0
318.250366652,55.675870103,49.6368450281,0.0
457.069351069,179.497373424,49.6368450281,0.0
267.460614511,336.732965639,49.6368450281,0.0
375.776854625,459.505473264,49.6368450281,0.0
218.274398502,71.3416335696,49.6368450281,0.0
443.111598336,381.389255155,49.6368450281,0.0
140.563872283,261.405444815,49.6368450281,0.0
61.0617291466,376.335530898,49.6368450281,0.0
@ 410 10 0.122142732507 0.324795952086
213.861786042,194.344224719,43.8447777969,0.0
162.812503956,451.170836164,43.8447777969,0.0
146.594623209,362.110886687,43.8447777969,0.0
444.336828556,453.711368988,43.8447777969,0.0
395.95395278,373.14178639,43.8447777969,0.0
44.86965118,391.216851204,43.8447777969,0.0
277.470053426,285.449114598,43.8447777969,0.0
337.284825762,136.89726565,43.8447777969,0.0
96.2634678021,123.01810227,43.8447777969,0.0
468.148012881,97.3154417608,43.8447777969,0.0
439.634167272,283.75473147,43.8447777969,0.0
@ 420 10 0.122142732507 0.253418324926
461.636536164,369.766067256,42.6300091284,0.0
291.638714782,272.229325282,42.6300091284,0.0
391.777868265,150.179261041,42.6300091284,0.0
108.652021737,109.251171465,42.6300091284,0.0
301.499715817,146.025021055,42.6300091284,0.0
429.439801997,258.835130169,42.6300091284,0.0
152.373727222,452.859435897,42.6300091284,0.0
330.502046238,404.172138738,42.6300091284,0.0
210.428007602,236.535869474,42.6300091284,0.0
77.2571054915,408.907599088,42.6300091284,0.0
81.8485374442,197.713969338,42.6300091284,0.0
@ 430 10 0.122142732507 0.239570379236
116.826895436,64.3575368566,41.4224104044,0.0
268.929045585,229.163583874,41.4224104044,0.0
419.177292877,60.1292234242,41.4224104044,0.0
357.491976474,243.894132875,41.4224104044,0.0
167.203244667,179.157438479,41.4224104044,0.0
208.005272392,56.5752521936,41.4224104044,0.0
342.722202181,155.467543663,41.4224104044,0.0
236.922317651,328.801214132,41.4224104044,0.0
412.755305881,332.804721239,41.4224104044,0.0
270.779264087,439.017180626,41.4224104044,0.0
142.746273697,304.680648535,41.4224104044,0.0
@ 440 10 0.122142732507 0.226189793223
432.452963976,463.532629809,42.4814626552,0.0
413.639092995,111.612414707,42.4814626552,0.0
399.114725393,384.810457492,42.4814626552,0.0
188.025798427,53.9899487017,42.4814626552,0.0
181.226105041,152.987235995,42.4814626552,0.0
77.2911023221,431.641867854,42.4814626552,0.0
284.383020138,421.546888166,42.4814626552,0.0
68.0065783433,331.764637114,42.4814626552,0.0
296.501157564,215.179501514,42.4814626552,0.0
86.9951233118,187.928565263,42.4814626552,0.0
80.7293075089,85.2337208575,42.4814626552,0.0
@ 450 10 0.122142732507 0.237903697351
446.013515724,78.95431725,41.2020493859,0.0
393.894923036,309.292362644,41.2020493859,0.0
165.676498756,61.7467070724,41.2020493859,0.0
443.537235287,194.717396697,41.2020493859,0.0
64.8597334696,456.385602149,41.2020493859,0.0
142.296593938,410.118018118,41.2020493859,0.0
352.652871952,71.6223379354,41.2020493859,0.0
221.787239846,349.324356227,41.2020493859,0.0
191.908247074,270.258983524,41.2020493859,0.0
54.6666449045,213.885969393,41.2020493859,0.0
106.2502744,280.084030875,41.2020493859,0.0
@ 460 10 0.122142732507 0.223789602941
203.802184933,52.2477369226,43.8533098342,0.0
49.0215887893,253.69276121,43.8533098342,0.0
353.392505509,174.014936242,43.8533098342,0.0
384.031841656,448.557153433,43.8533098342,0.0
185.803939032,255.084136712,43.8533098342,0.0
210.781420609,150.952690272,43.8533098342,0.0
397.736665322,345.085534879,43.8533098342,0.0
421.790439832,105.482394909,43.8533098342,0.0
78.130564915,448.361595252,43.8533098342,0.0
325.483363424,289.166261812,43.8533098342,0.0
239.314309926,326.64051889,43.8533098342,0.0
@ 470 10 0.122142732507 0.253516963126
422.007435865,351.014661333,42.5136572519,0.0
342.743790788,462.849084009,42.5136572519,0.0
161.61070971,77.2717380469,42.5136572519,0.0
467.370021506,70.4249114343,42.5136572519,0.0
423.282288696,262.061244958,42.5136572519,0.0
104.152754779,219.924445027,42.5136572519,0.0
130.497030039,331.23166556,42.5136572519,0.0
321.733124351,368.44860362,42.5136572519,0.0
309.171051029,109.914679888,42.5136572519,0.0
399.650833096,131.645181282,42.5136572519,0.0
214.04507251,362.646612011,42.5136572519,0.0
@ 480 10 0.122142732507 0.238264424849
179.41535349,56.0261671643,39.8009421333,0.0
224.415858541,133.557994359,39.8009421333,0.0
466.850350723,347.111957765,39.8009421333,0.0
263.559461774,367.475512551,39.8009421333,0.0
361.797340259,240.889995679,39.8009421333,0.0
45.6227890001,306.409497744,39.8009421333,0.0
314.573657095,50.5387859148,39.8009421333,0.0
72.1457357272,159.607170886,39.8009421333,0.0
103.705179107,454.663326759,39.8009421333,0.0
271.406510804,202.498944162,39.8009421333,0.0
171.815908331,280.106340229,39.8009421333,0.0
@ 490 10 0.122142732507 0.208828117707
422.530618544,330.657515043,36.1879037715,0.0
453.59674559,454.921962082,36.1879037715,0.0
241.012045484,57.6152321466,36.1879037715,0.0
307.697684609,454.546768237,36.1879037715,0.0
113.130941397,359.710965081,36.1879037715,0.0
461.730119894,195.088309313,36.1879037715,0.0
153.325222606,41.3302294592,36.1879037715,0.0
58.6998236309,293.589234264,36.1879037715,0.0
157.647321163,449.000993493,36.1879037715,0.0
342.93640182,155.605589194,36.1879037715,0.0
414.537802447,252.440441775,36.1879037715,0.0
@ 500 10 0.122142732507 0.172635108736
298.387147561,257.80479199,46.9462752507,0.0
391.923239057,323.917887682,46.9462752507,0.0
413.588311968,198.742452319,46.9462752507,0.0
424.84665179,64.8390227603,46.9462752507,0.0
98.9555163836,371.298668787,46.9462752507,0.0
256.085155181,48.2732345668,46.9462752507,0.0
73.1538603236,63.9127942035,46.9462752507,0.0
404.557774648,443.811154637,46.9462752507,0.0
191.234858059,283.844292825,46.9462752507,0.0
263.196961622,158.41914441,46.9462752507,0.0
63.8559914105,205.243096621,46.9462752507,0.0
@ 510 10 0.135658914729 0.290539075704
274.209679312,249.394584239,45.481570979,0.0
207.859731795,48.5655225857,45.481570979,0.0
128.23991221,126.612305996,45.481570979,0.0
452.447925191,85.6537007578,45.481570979,0.0
94.848511941,387.163901858,45.481570979,0.0
68.6445993912,230.173209421,45.481570979,0.0
213.225660167,446.727723993,45.481570979,0.0
412.42505094,275.580579256,45.481570979,0.0
54.5546090463,48.9187388582,45.481570979,0.0
399.126468651,382.775692908,45.481570979,0.0
251.809326233,346.274196973,45.481570979,0.0
@ 520 10 0.135658914729 0.272692493762
307.049389925,379.029233972,44.8907005871,0.0
404.00983093,329.377020534,44.8907005871,0.0
441.073177476,150.781783382,44.8907005871,0.0
193.676827959,125.147058435,44.8907005871,0.0
272.797949849,172.995458266,44.8907005871,0.0
80.9189173499,56.9700454931,44.8907005871,0.0
215.596951893,442.579414755,44.8907005871,0.0
142.125273436,351.733153231,44.8907005871,0.0
89.0658892378,167.894459349,44.8907005871,0.0
394.607269219,449.680515155,44.8907005871,0.0
290.691903023,72.6738961564,44.8907005871,0.0
@ 530 10 0.135658914729 0.265653190166
75.1238755434,187.677196029,46.7065869852,0.0
303.054902097,149.985893564,46.7065869852,0.0
106.706192253,405.431353733,46.7065869852,0.0
450.067553245,323.548157836,46.7065869852,0.0
204.696647661,249.926506461,46.7065869852,0.0
404.693593998,200.325585417,46.7065869852,0.0
177.775790821,124.079158917,46.7065869852,0.0
63.9412463286,303.840169706,46.7065869852,0.0
319.769054384,280.93503602,46.7065869852,0.0
244.743281946,395.532390442,46.7065869852,0.0
350.567108818,465.065280375,46.7065869852,0.0
@ 540 10 0.135658914729 0.28757990447
447.621052667,66.4947473435,42.7858818885,0.0
43.3407351709,390.538795396,42.7858818885,0.0
353.780852845,87.3325218411,42.7858818885,0.0
109.775930039,446.816554003,42.7858818885,0.0
371.673361852,440.699651617,42.7858818885,0.0
202.962110668,465.977732094,42.7858818885,0.0
81.3139045517,185.87850808,42.7858818885,0.0
148.817942772,365.861432524,42.7858818885,0.0
355.50450198,330.978736931,42.7858818885,0.0
356.517505409,222.458392505,42.7858818885,0.0
438.964968096,379.823526961,42.7858818885,0.0
@ 550 10 0.135658914729 0.241325516836
53.9848377183,80.7043065653,47.595463644,0.0
287.738965521,82.4649272495,47.595463644,0.0
182.697856019,313.99546059,47.595463644,0.0
347.73845326,186.317886897,47.595463644,0.0
70.3084269936,185.206717395,47.595463644,0.0
71.3874869105,443.942529782,47.595463644,0.0
308.095657687,390.006467267,47.595463644,0.0
164.634704618,74.9239380809,47.595463644,0.0
410.717719814,441.060750135,47.595463644,0.0
166.456318572,196.009095487,47.595463644,0.0
385.762697334,79.1367654837,47.595463644,0.0
@ 560 10 0.135658914729 0.298629971382
95.8855027938,65.2657773458,44.7604393303,0.0
145.039248601,141.988570771,44.7604393303,0.0
462.099590635,406.97815703,44.7604393303,0.0
213.178083259,210.6458419,44.7604393303,0.0
299.184705305,313.059301319,44.7604393303,0.0
182.350899552,336.689532709,44.7604393303,0.0
387.722362814,277.16691241,44.7604393303,0.0
453.245482641,186.106600804,44.7604393303,0.0
52.7580781225,452.309315214,44.7604393303,0.0
102.450722547,277.346833413,44.7604393303,0.0
54.8999820447,175.44185292,44.7604393303,0.0
@ 570 10 0.135658914729 0.264113712655
123.512188222,104.250341162,44.593344659,0.0
325.757855819,171.957082847,44.593344659,0.0
56.9401811698,370.653548378,44.593344659,0.0
321.599589825,451.710248867,44.593344659,0.0
171.141704681,322.519545989,44.593344659,0.0
232.271934888,147.419468989,44.593344659,0.0
406.065796103,82.452609344,44.593344659,0.0
264.098887448,352.446946865,44.593344659,0.0
108.764478557,199.707943839,44.593344659,0.0
230.124779394,53.6273754315,44.593344659,0.0
362.164977486,292.811980091,44.593344659,0.0
@ 580 10 0.135658914729 0.262145473722
359.750188938,242.36768724,36.6363572872,0.0
210.894409519,360.766304015,36.6363572872,0.0
205.253425861,196.962920569,36.6363572872,0.0
302.297136481,354.254287787,36.6363572872,0.0
288.056723686,104.755769972,36.6363572872,0.0
39.4867249076,346.871892798,36.6363572872,0.0
375.70265604,340.99958496,36.6363572872,0.0
374.505064559,462.552480018,36.6363572872,0.0
365.585094971,156.925737922,36.6363572872,0.0
169.759882276,426.430262329,36.6363572872,0.0
211.96091529,108.905823432,36.6363572872,0.0
@ 590 10 0.135658914729 0.176940333094
50.7599908986,146.482692702,43.5327617233,0.0
329.084341188,118.79139911,43.5327617233,0.0
160.254526648,149.758515135,43.5327617233,0.0
447.084220091,88.1232979725,43.5327617233,0.0
310.385333215,432.415593509,43.5327617233,0.0
200.039517513,362.143063293,43.5327617233,0.0
419.17332756,408.797400756,43.5327617233,0.0
464.811362296,275.656723404,43.5327617233,0.0
164.300916902,240.277573924,43.5327617233,0.0
250.048766884,53.4248906766,43.5327617233,0.0
252.228995083,214.09401672,43.5327617233,0.0
@ 600 10 0.135658914729 0.249824316858
214.569779875,462.049205386,47.8450159139,0.0
49.5977713846,250.684476125,47.8450159139,0.0
456.441195259,370.641499292,47.8450159139,0.0
462.066380615,242.328780966,47.8450159139,0.0
324.414239296,87.1022880151,47.8450159139,0.0
166.533345222,135.566447438,47.8450159139,0.0
71.0097120356,345.497137786,47.8450159139,0.0
283.719454577,393.600609612,47.8450159139,0.0
454.434893112,115.09112871,47.8450159139,0.0
316.288524711,186.717589468,47.8450159139,0.0
83.9856060577,63.1218684644,47.8450159139,0.0
@ 610 10 0.152538679451 0.301769731052
301.12232941,418.862211054,46.9381967131,0.0
49.5395188889,442.957891059,46.9381967131,0.0
141.520149335,218.358606553,46.9381967131,0.0
295.013747485,86.5595956246,46.9381967131,0.0
72.1954945413,320.141715473,46.9381967131,0.0
450.99440111,102.648029219,46.9381967131,0.0
409.112484103,248.539545812,46.9381967131,0.0
152.378194562,376.952880283,46.9381967131,0.0
52.7590137955,127.176512461,46.9381967131,0.0
175.868541142,56.5431271526,46.9381967131,0.0
314.613901459,295.86024842,46.9381967131,0.0
@ 620 10 0.152538679451 0.2904390921
175.461354474,259.551717384,49.4329825248,0.0
353.80364725,324.461456677,49.4329825248,0.0
56.8006456402,245.927647206,49.4329825248,0.0
458.761223722,364.501087755,49.4329825248,0.0
57.3335739104,127.037817651,49.4329825248,0.0
346.788229097,59.3579176133,49.4329825248,0.0
298.585315431,415.883468233,49.4329825248,0.0
205.578242901,98.7838036266,49.4329825248,0.0
198.405776031,392.102012485,49.4329825248,0.0
256.651019282,185.525847009,49.4329825248,0.0
432.954780787,130.004612625,49.4329825248,0.0
@ 630 10 0.152538679451 0.322133504734
451.084963607,406.805753052,45.6770389203,0.0
213.249127908,421.948818717,45.6770389203,0.0
441.146021973,190.690042656,45.6770389203,0.0
332.184446098,144.427049613,45.6770389203,0.0
270.144005013,218.93307067,45.6770389203,0.0
454.178137218,284.581862317,45.6770389203,0.0
175.621388156,313.862446898,45.6770389203,0.0
304.355757467,54.191356421,45.6770389203,0.0
110.762598451,204.328006835,45.6770389203,0.0
295.448642879,311.312603956,45.6770389203,0.0
98.8668065263,65.7958753593,45.6770389203,0.0
@ 640 10 0.152538679451 0.275041453116
61.5297510356,113.986498939,45.5087582889,0.0
357.306666004,66.9044865237,45.5087582889,0.0
148.83055164,431.430114756,45.5087582889,0.0
326.363134656,275.422168405,45.5087582889,0.0
339.182311713,405.536705509,45.5087582889,0.0
460.505624207,431.771624835,45.5087582889,0.0
201.3020676,65.820978998,45.5087582889,0.0
252.760820195,212.192354478,45.5087582889,0.0
55.2263787347,441.333876584,45.5087582889,0.0
152.160388001,288.983646695,45.5087582889,0.0
239.89287145,422.038191711,45.5087582889,0.0
@ 650 10 0.152538679451 0.273018603482
372.080549984,88.6938459788,48.2306935971,0.0
103.049611178,193.770415054,48.2306935971,0.0
137.575329111,51.3686150791,48.2306935971,0.0
311.937812904,328.898963028,48.2306935971,0.0
202.453105531,207.563823288,48.2306935971,0.0
71.1318239654,331.171467091,48.2306935971,0.0
413.877359801,402.205754511,48.2306935971,0.0
178.715069834,359.860730084,48.2306935971,0.0
381.005292451,193.994123931,48.2306935971,0.0
247.628195637,56.6783232243,48.2306935971,0.0
58.6794254919,429.218969465,48.2306935971,0.0
@ 660 10 0.152538679451 0.306654458978
331.996011998,300.118893562,53.7918630568,0.0
156.450704927,350.661703912,53.7918630568,0.0
429.964525386,125.136609803,53.7918630568,0.0
240.832523034,86.8162914556,53.7918630568,0.0
438.206046025,329.087655104,53.7918630568,0.0
57.8978793189,263.692200113,53.7918630568,0.0
431.658684339,442.252148343,53.7918630568,0.0
94.2532696701,441.124896911,53.7918630568,0.0
289.55115624,442.413806188,53.7918630568,0.0
55.1127641046,140.861977531,53.7918630568,0.0
180.596513806,239.061240338,53.7918630568,0.0
@ 670 10 0.152538679451 0.381448087115
354.118195754,199.740603527,48.4126003781,0.0
297.288010134,304.208280631,48.4126003781,0.0
77.564039287,54.389555608,48.4126003781,0.0
134.926949816,378.631857646,48.4126003781,0.0
358.856480902,68.2968098238,48.4126003781,0.0
249.449934421,173.173406292,48.4126003781,0.0
235.790794127,393.106532137,48.4126003781,0.0
201.954144286,260.627980552,48.4126003781,0.0
111.086662218,146.616226118,48.4126003781,0.0
433.110156609,266.616427724,48.4126003781,0.0
436.622368538,374.221968505,48.4126003781,0.0
@ 680 10 0.152538679451 0.308971975728
222.012056978,219.004415962,49.8185164084,0.0
261.47448867,423.937726379,49.8185164084,0.0
51.3508574643,103.128007638,49.8185164084,0.0
417.41101414,235.323075161,49.8185164084,0.0
132.128720752,301.18058359,49.8185164084,0.0
264.004532507,63.1592220044,49.8185164084,0.0
348.444714879,363.908175087,49.8185164084,0.0
455.544915218,328.339865503,49.8185164084,0.0
340.813138073,146.444295949,49.8185164084,0.0
183.349139285,121.845554921,49.8185164084,0.0
458.649219662,137.980123461,49.8185164084,0.0
@ 690 10 0.152538679451 0.327177816221
400.595772188,396.431216395,49.8144892907,0.0
76.3450642259,322.737253384,49.8144892907,0.0
456.916260007,191.513348,49.8144892907,0.0
79.4342031051,456.441882842,49.8144892907,0.0
329.013100593,316.296755939,49.8144892907,0.0
203.045504589,378.650642473,49.8144892907,0.0
285.990999866,165.017587149,49.8144892907,0.0
167.581787889,61.2308435071,49.8144892907,0.0
176.488037633,251.135662775,49.8144892907,0.0
60.0153731365,202.648664625,49.8144892907,0.0
301.806630388,452.544764771,49.8144892907,0.0
@ 700 10 0.152538679451 0.327124923023
352.26123956,335.12110116,54.6113096886,0.0
74.7543008501,88.1149129466,54.6113096886,0.0
160.779615024,289.136540197,54.6113096886,0.0
417.488725406,228.14777663,54.6113096886,0.0
298.305960228,66.1906934583,54.6113096886,0.0
452.818266333,430.37479731,54.6113096886,0.0
299.833965037,453.069386137,54.6113096886,0.0
181.500767684,138.207819308,54.6113096886,0.0
456.515739714,92.8612911495,54.6113096886,0.0
306.804289817,180.560184998,54.6113096886,0.0
105.630748953,437.224074858,54.6113096886,0.0
@ 710 10 0.174216027875 0.39315830395
218.6664367,147.861644583,48.8983750472,0.0
461.145512155,357.160168503,48.8983750472,0.0
74.4344240592,69.6090925517,48.8983750472,0.0
289.531042127,55.5426122174,48.8983750472,0.0
324.485049612,373.750856456,48.8983750472,0.0
104.797458021,177.683973444,48.8983750472,0.0
425.55348005,110.201439132,48.8983750472,0.0
50.801249396,266.05563627,48.8983750472,0.0
177.815670743,51.4188342581,48.8983750472,0.0
438.792224853,208.391887837,48.8983750472,0.0
178.414407953,426.355615237,48.8983750472,0.0
@ 720 10 0.174216027875 0.315203566989
321.488162646,414.199860933,44.4205275687,0.0
102.082867428,177.98094765,44.4205275687,0.0
406.457559274,362.176980165,44.4205275687,0.0
63.6238182818,410.368410977,44.4205275687,0.0
120.895247772,303.267121757,44.4205275687,0.0
312.701737488,203.012049139,44.4205275687,0.0
185.473512384,48.4880249775,44.4205275687,0.0
234.796087888,455.9900746,44.4205275687,0.0
429.656506693,146.595880846,44.4205275687,0.0
211.542459702,319.602025345,44.4205275687,0.0
64.0473374328,59.8290036727,44.4205275687,0.0
@ 730 10 0.174216027875 0.260117573178
378.134103609,436.978808079,48.3684274553,0.0
204.647392847,101.411128501,48.3684274553,0.0
204.664871942,237.044825516,48.3684274553,0.0
394.065818432,308.007730736,48.3684274553,0.0
75.6175326978,63.6023102314,48.3684274553,0.0
125.975771739,160.441829232,48.3684274553,0.0
317.534433393,53.303967084,48.3684274553,0.0
101.140199151,284.091509542,48.3684274553,0.0
344.047645984,199.337696558,48.3684274553,0.0
200.330522014,396.954796463,48.3684274553,0.0
76.923138382,410.381551642,48.3684274553,0.0
@ 740 10 0.174216027875 0.308408404731
431.627641939,183.281640038,49.2715620288,0.0
419.297708199,418.113743289,49.2715620288,0.0
305.518126689,410.463604518,49.2715620288,0.0
220.250568153,332.988572499,49.2715620288,0.0
323.959029063,218.126911315,49.2715620288,0.0
95.7294676895,410.597497691,49.2715620288,0.0
454.196523283,321.645583514,49.2715620288,0.0
105.397041972,311.173581272,49.2715620288,0.0
318.34337206,80.9018055809,49.2715620288,0.0
167.99345928,231.47404094,49.2715620288,0.0
144.047663205,56.8876759908,49.2715620288,0.0
@ 750 10 0.174216027875 0.320033123664
98.6051660302,124.474836127,42.3830329387,0.0
438.544137427,80.2912164487,42.3830329387,0.0
457.115866491,238.271870761,42.3830329387,0.0
66.6950387553,366.598460344,42.3830329387,0.0
75.4769404,241.492494953,42.3830329387,0.0
231.596971082,368.097103024,42.3830329387,0.0
326.828861145,239.052473044,42.3830329387,0.0
331.224023958,111.476585628,42.3830329387,0.0
413.597339,353.273706289,42.3830329387,0.0
76.7585025096,464.468936386,42.3830329387,0.0
328.302395689,464.617571082,42.3830329387,0.0
@ 760 10 0.174216027875 0.236802526929
464.136699651,450.222410487,42.0791778444,0.0
372.603211309,328.896238536,42.0791778444,0.0
311.793937806,269.22942195,42.0791778444,0.0
45.197946168,169.114067455,42.0791778444,0.0
186.181583276,64.8189859899,42.0791778444,0.0
334.467366022,469.843669763,42.0791778444,0.0
316.952311717,56.1746030372,42.0791778444,0.0
254.40598268,129.95533041,42.0791778444,0.0
55.8271565732,469.219670041,42.0791778444,0.0
152.203461404,432.818645212,42.0791778444,0.0
74.7573613635,340.8773948,42.0791778444,0.0
@ 770 10 0.174216027875 0.233419299168
357.01409197,183.793410205,48.4727275169,0.0
282.300221731,248.327859345,48.4727275169,0.0
270.991285289,398.36318855,48.4727275169,0.0
134.369075861,229.981475302,48.4727275169,0.0
61.4825590801,347.71285619,48.4727275169,0.0
229.516882868,163.239196068,48.4727275169,0.0
421.096703776,281.894042644,48.4727275169,0.0
108.800893179,83.7263608838,48.4727275169,0.0
430.719054208,445.683577764,48.4727275169,0.0
150.070419796,416.328740577,48.4727275169,0.0
440.688773422,107.760715965,48.4727275169,0.0
@ 780 10 0.174216027875 0.309739921972
278.251647253,454.321433269,48.259632927,0.0
164.574333478,187.824026522,48.259632927,0.0
132.189980478,431.933644414,48.259632927,0.0
278.752048289,203.986434372,48.259632927,0.0
441.62818395,250.362470059,48.259632927,0.0
196.6803825,285.201019136,48.259632927,0.0
50.1396467053,289.711869028,48.259632927,0.0
154.996262962,65.7413966266,48.259632927,0.0
285.670302026,49.8707434821,48.259632927,0.0
419.269890311,54.2373503531,48.259632927,0.0
60.6816707604,166.614597299,48.259632927,0.0
@ 790 10 0.174216027875 0.307022566351
298.377626147,314.426229733,43.9034990034,0.0
197.097321407,351.218696514,43.9034990034,0.0
401.009713384,214.061473695,43.9034990034,0.0
79.1307013516,64.2912588813,43.9034990034,0.0
317.040314233,442.747647661,43.9034990034,0.0
88.7903343887,401.904614573,43.9034990034,0.0
268.006135081,158.005436306,43.9034990034,0.0
422.600594403,447.599287911,43.9034990034,0.0
255.924750511,49.6090831035,43.9034990034,0.0
183.90328186,447.306121767,43.9034990034,0.0
128.942595543,149.829026473,43.9034990034,0.0
@ 800 10 0.174216027875 0.254097584606
73.7898801946,448.968151948,54.8487590722,0.0
287.116518049,321.991953415,54.8487590722,0.0
237.097063179,430.80053918,54.8487590722,0.0
101.263746329,238.309867006,54.8487590722,0.0
122.151748734,346.059721937,54.8487590722,0.0
253.381325691,108.044868842,54.8487590722,0.0
382.510577309,70.8210650627,54.8487590722,0.0
448.650160529,320.072374041,54.8487590722,0.0
87.6660663723,99.7906237772,54.8487590722,0.0
393.663205557,423.813024263,54.8487590722,0.0
423.969756834,203.993169597,54.8487590722,0.0
@ 810 10 0.203075137801 0.396584632714
265.604439655,168.195576791,50.9065739119,0.0
86.3089916224,90.9562761368,50.9065739119,0.0
86.5030183032,394.105807906,50.9065739119,0.0
341.043959203,439.097305094,50.9065739119,0.0
345.624920136,324.811223867,50.9065739119,0.0
396.443071056,191.310325044,50.9065739119,0.0
146.968175491,288.221346384,50.9065739119,0.0
443.793930778,294.049505152,50.9065739119,0.0
451.634797973,426.781745502,50.9065739119,0.0
442.903360903,91.1081535836,50.9065739119,0.0
237.372135069,403.119263371,50.9065739119,0.0
@ 820 10 0.203075137801 0.341625285606
322.229062624,104.453967969,43.6708507302,0.0
115.725327932,437.1443788,43.6708507302,0.0
63.8197534911,57.3873853899,43.6708507302,0.0
229.958639561,396.672353426,43.6708507302,0.0
354.590573998,410.718510105,43.6708507302,0.0
454.412049573,398.839181139,43.6708507302,0.0
127.011978629,147.721748411,43.6708507302,0.0
434.460377243,87.906029862,43.6708507302,0.0
243.819558504,47.7619649186,43.6708507302,0.0
67.6660892287,348.049367267,43.6708507302,0.0
374.179837853,231.442550083,43.6708507302,0.0
@ 830 10 0.203075137801 0.251411751493
298.866658243,53.0828123876,48.828771301,0.0
380.008181062,108.995739999,48.828771301,0.0
206.240835788,398.16139261,48.828771301,0.0
61.2325394738,274.019190976,48.828771301,0.0
212.82311444,99.3503434715,48.828771301,0.0
461.050227675,269.961342115,48.828771301,0.0
49.5605775201,140.161357232,48.828771301,0.0
51.0410510016,392.121305888,48.828771301,0.0
311.591750941,220.251474938,48.828771301,0.0
160.208720446,250.35971146,48.828771301,0.0
255.599203449,313.010195883,48.828771301,0.0
@ 840 10 0.203075137801 0.314306860935
161.597645966,180.341825234,45.3688525019,0.0
263.906937058,334.183524266,45.3688525019,0.0
356.88554016,370.043653625,45.3688525019,0.0
198.354526518,84.2931943609,45.3688525019,0.0
460.677759945,402.578514391,45.3688525019,0.0
275.662665226,424.796483515,45.3688525019,0.0
55.5717842242,85.9158135481,45.3688525019,0.0
95.4158130675,462.617261554,45.3688525019,0.0
329.244116631,105.18876658,45.3688525019,0.0
386.771694567,279.505827782,45.3688525019,0.0
156.13189398,311.602251454,45.3688525019,0.0
@ 850 10 0.203075137801 0.271342523077
348.522255899,281.685566647,49.0091967759,0.0
295.928165792,81.3339223118,49.0091967759,0.0
111.29890018,426.397016195,49.0091967759,0.0
213.997507243,207.35875252,49.0091967759,0.0
404.987994128,413.622741396,49.0091967759,0.0
267.921615669,437.461159907,49.0091967759,0.0
252.800490777,334.096046024,49.0091967759,0.0
440.741168246,158.180124289,49.0091967759,0.0
49.3751942211,328.981112029,49.0091967759,0.0
459.33641323,302.979523765,49.0091967759,0.0
78.8452842839,216.783969832,49.0091967759,0.0
@ 860 10 0.203075137801 0.316633920772
442.474074817,396.723342028,52.2847779169,0.0
368.864436953,66.2129180518,52.2847779169,0.0
457.675967902,258.784632405,52.2847779169,0.0
451.450014892,140.635051583,52.2847779169,0.0
63.1323264158,151.879898823,52.2847779169,0.0
329.011592878,432.953761459,52.2847779169,0.0
344.59193701,203.334664005,52.2847779169,0.0
58.6611703319,257.844132072,52.2847779169,0.0
147.652371215,323.19392229,52.2847779169,0.0
181.539317618,199.060762116,52.2847779169,0.0
268.482775713,130.225045548,52.2847779169,0.0
@ 870 10 0.203075137801 0.360373464053
428.117726899,67.6744125575,50.156239306,0.0
179.006737378,69.8303322798,50.156239306,0.0
326.050114475,81.6663902839,50.156239306,0.0
390.927510158,355.99219206,50.156239306,0.0
339.472135305,460.502289382,50.156239306,0.0
107.004430921,410.929062972,50.156239306,0.0
220.986594441,320.397707198,50.156239306,0.0
224.970109616,447.056691445,50.156239306,0.0
69.218250289,271.466559314,50.156239306,0.0
416.725093111,186.601658184,50.156239306,0.0
65.4027066581,124.287541246,50.156239306,0.0
@ 880 10 0.203075137801 0.331628770442
128.85639549,433.644558312,52.6227683418,0.0
113.836801825,156.062965881,52.6227683418,0.0
212.044485254,316.220902574,52.6227683418,0.0
450.642795372,98.1608503436,52.6227683418,0.0
84.5552828729,311.109461023,52.6227683418,0.0
349.736607014,62.9702315547,52.6227683418,0.0
328.639634356,453.135260595,52.6227683418,0.0
266.773286037,153.679780362,52.6227683418,0.0
330.633903961,244.022337532,52.6227683418,0.0
396.013586622,346.571240394,52.6227683418,0.0
192.035271784,54.0263340467,52.6227683418,0.0
@ 890 10 0.203075137801 0.365047729753
122.659564845,436.726052199,53.7213965981,0.0
368.147126588,283.439073999,53.7213965981,0.0
455.640291508,69.0607671977,53.7213965981,0.0
285.177844062,454.768799414,53.7213965981,0.0
280.730812593,73.9299491389,53.7213965981,0.0
80.6792734402,181.891315969,53.7213965981,0.0
446.160807338,178.495528745,53.7213965981,0.0
79.5289616528,69.0394343514,53.7213965981,0.0
191.266719259,253.822864439,53.7213965981,0.0
81.0618888355,334.489761391,53.7213965981,0.0
393.127843827,411.810491286,53.7213965981,0.0
@ 900 10 0.203075137801 0.380449360221
319.645933547,132.692419952,54.2402333635,0.0
414.674422761,235.23841638,54.2402333635,0.0
455.646893303,338.313732977,54.2402333635,0.0
311.085370269,275.097034814,54.2402333635,0.0
450.10804831,92.9543108985,54.2402333635,0.0
431.046868098,453.725479364,54.2402333635,0.0
243.854053717,420.569922481,54.2402333635,0.0
135.420562765,225.808650014,54.2402333635,0.0
61.5611073184,442.350263466,54.2402333635,0.0
63.4647884799,115.853445089,54.2402333635,0.0
117.048966609,340.881794828,54.2402333635,0.0
@ 910 10 0.243393602225 0.387833543116
214.608165401,350.451405065,54.1191435966,0.0
438.938606271,443.58909203,54.1191435966,0.0
102.190025386,340.636930491,54.1191435966,0.0
63.9061531915,89.1559857553,54.1191435966,0.0
352.919044212,355.644697255,54.1191435966,0.0
412.119461587,251.20525664,54.1191435966,0.0
60.2630064839,198.042520707,54.1191435966,0.0
228.167231423,219.205468676,54.1191435966,0.0
187.372317053,72.6247942289,54.1191435966,0.0
268.400407553,450.728993804,54.1191435966,0.0
396.83878997,85.843944202,54.1191435966,0.0
@ 920 10 0.243393602225 0.386103821504
169.151248131,130.403137153,51.3318550232,0.0
71.4942838773,166.061112907,51.3318550232,0.0
280.775363812,209.486806789,51.3318550232,0.0
432.402632876,80.4085149605,51.3318550232,0.0
376.49011345,169.460131528,51.3318550232,0.0
240.180869246,53.4102174492,51.3318550232,0.0
129.274030643,414.204376497,51.3318550232,0.0
233.930097678,381.841556071,51.3318550232,0.0
78.3398877879,287.872648646,51.3318550232,0.0
444.942171514,433.328148573,51.3318550232,0.0
420.892856972,270.119802958,51.3318550232,0.0
@ 930 10 0.243393602225 0.347357105433
163.12776122,56.1964991428,54.1142312632,0.0
313.648150616,427.563368005,54.1142312632,0.0
325.062109988,258.060989981,54.1142312632,0.0
216.116324902,362.848148795,54.1142312632,0.0
443.900952407,356.292515152,54.1142312632,0.0
88.4674671815,179.109118002,54.1142312632,0.0
287.857688971,68.5320920483,54.1142312632,0.0
72.5423485797,331.738665396,54.1142312632,0.0
406.795531501,60.4973253269,54.1142312632,0.0
219.590305756,160.311781656,54.1142312632,0.0
54.9737714735,442.977172856,54.1142312632,0.0
@ 940 10 0.243393602225 0.386033732272
323.31422148,219.126861956,48.6711505007,0.0
277.084251422,450.714911725,48.6711505007,0.0
456.919506791,104.818478178,48.6711505007,0.0
138.928283401,130.402390465,48.6711505007,0.0
291.603594289,126.647896047,48.6711505007,0.0
68.5565910914,453.231815636,48.6711505007,0.0
226.555452262,251.979183693,48.6711505007,0.0
405.408494952,275.643674179,48.6711505007,0.0
170.8487966,400.494059989,48.6711505007,0.0
328.524282153,360.95935976,48.6711505007,0.0
438.182067175,431.861144386,48.6711505007,0.0
@ 950 10 0.243393602225 0.312280951325
89.8916029023,437.292091151,52.6001848645,0.0
341.520454844,456.420162288,52.6001848645,0.0
77.0124072564,227.571208133,52.6001848645,0.0
201.323944063,79.8940965776,52.6001848645,0.0
357.722328157,230.843546166,52.6001848645,0.0
448.767784156,162.462571102,52.6001848645,0.0
72.1859144591,76.6260656114,52.6001848645,0.0
343.087856015,86.6155935436,52.6001848645,0.0
226.706615533,274.755333142,52.6001848645,0.0
452.140590221,338.532765634,52.6001848645,0.0
233.155659316,442.436380306,52.6001848645,0.0
@ 960 10 0.243393602225 0.364734470745
189.731519741,150.83976152,48.7867218468,0.0
440.798227753,274.547530851,48.7867218468,0.0
265.435823703,457.205838115,48.7867218468,0.0
323.744769744,196.426732939,48.7867218468,0.0
296.40454991,338.256426726,48.7867218468,0.0
186.685678438,270.754357784,48.7867218468,0.0
56.6343979019,197.484636574,48.7867218468,0.0
433.622954278,441.391849008,48.7867218468,0.0
277.104935232,56.9617764577,48.7867218468,0.0
110.105167108,372.772693933,48.7867218468,0.0
63.6874750591,76.1591255932,48.7867218468,0.0
@ 970 10 0.243393602225 0.313765756138
373.843500521,95.8720155231,53.4255932664,0.0
106.948506294,414.018459103,53.4255932664,0.0
423.565295364,248.650100936,53.4255932664,0.0
263.042055164,69.4554709937,53.4255932664,0.0
421.646748423,450.072119428,53.4255932664,0.0
54.761813711,276.670840083,53.4255932664,0.0
80.3061777998,53.6990141771,53.4255932664,0.0
302.345642866,199.06681159,53.4255932664,0.0
353.822753875,336.706903573,53.4255932664,0.0
295.072586665,445.015438506,53.4255932664,0.0
191.472696269,334.035863189,53.4255932664,0.0
@ 980 10 0.243393602225 0.376271197931
388.083301738,237.107955579,50.4611409048,0.0
65.761065909,88.4984138648,50.4611409048,0.0
230.43691279,72.6539041481,50.4611409048,0.0
360.001473781,343.102582365,50.4611409048,0.0
422.956341361,426.892193084,50.4611409048,0.0
184.071191252,434.326218835,50.4611409048,0.0
444.321314833,90.597227489,50.4611409048,0.0
287.72494666,457.115390251,50.4611409048,0.0
71.1231628657,391.453616199,50.4611409048,0.0
112.064270375,278.231174302,50.4611409048,0.0
329.910865349,111.353387091,50.4611409048,0.0
@ 990 10 0.243393602225 0.335672992337
265.471441321,452.908753482,54.2155312935,0.0
292.745954996,317.620534928,54.2155312935,0.0
451.624996853,91.0557443401,54.2155312935,0.0
58.4779234511,80.125483927,54.2155312935,0.0
413.578359303,338.768822907,54.2155312935,0.0
444.494948602,202.94345437,54.2155312935,0.0
61.1814496831,354.262295801,54.2155312935,0.0
183.884816425,350.848964332,54.2155312935,0.0
56.8265314353,188.929900217,54.2155312935,0.0
229.345675296,65.328091661,54.2155312935,0.0
237.532865593,200.080973317,54.2155312935,0.0
@ 1000 10 0.243393602225 0.387480369495
176.394987257,160.261327975,48.9618178642,0.0
459.541629358,271.165780108,48.9618178642,0.0
441.511012721,149.105584504,48.9618178642,0.0
214.431801196,49.9261789783,48.9618178642,0.0
319.134686054,206.329639832,48.9618178642,0.0
244.870340665,296.754677448,48.9618178642,0.0
335.534861414,336.643167944,48.9618178642,0.0
366.444173133,446.190132597,48.9618178642,0.0
61.6546638853,73.665216965,48.9618178642,0.0
193.34469825,383.224216653,48.9618178642,0.0
104.247694486,431.779894183,48.9618178642,0.0
@ 1010 10 0.303687635575 0.316022014429
212.431658661,406.698209796,55.785874325,0.0
453.353872494,450.206239794,55.785874325,0.0
162.402542183,274.943997877,55.785874325,0.0
442.23431733,64.7684128832,55.785874325,0.0
62.7082446007,198.601025794,55.785874325,0.0
224.771510325,69.861499262,55.785874325,0.0
396.417733638,323.650746097,55.785874325,0.0
275.480185975,241.013179218,55.785874325,0.0
110.041806648,88.6822455729,55.785874325,0.0
97.3302707087,421.660093419,55.785874325,0.0
357.887249201,160.24451269,55.785874325,0.0
@ 1020 10 0.303687635575 0.410252047564
193.7857521,175.628643696,48.5711597817,0.0
447.462056147,50.7940335309,48.5711597817,0.0
457.00536671,253.624658406,48.5711597817,0.0
89.6426665729,243.477874117,48.5711597817,0.0
224.438470373,301.212720781,48.5711597817,0.0
351.590030726,131.684376865,48.5711597817,0.0
271.499462773,70.7164902193,48.5711597817,0.0
432.355745627,448.393301602,48.5711597817,0.0
50.1844126893,57.4533639368,48.5711597817,0.0
198.727874628,408.573595881,48.5711597817,0.0
79.3370884291,351.858240902,48.5711597817,0.0
@ 1030 10 0.303687635575 0.310999160293
74.141197562,202.204559748,55.9044251057,0.0
374.221869818,232.925204703,55.9044251057,0.0
257.193964446,69.0421350771,55.9044251057,0.0
425.504926802,378.968830554,55.9044251057,0.0
446.380744371,135.111638942,55.9044251057,0.0
299.731244468,318.55735696,55.9044251057,0.0
215.486799685,210.363847255,55.9044251057,0.0
294.577598763,434.638213423,55.9044251057,0.0
115.869615696,56.9246759003,55.9044251057,0.0
70.0086949593,418.516607746,55.9044251057,0.0
105.252958749,311.166921136,55.9044251057,0.0
@ 1040 10 0.303687635575 0.411997556766
453.084642796,379.954895093,53.900936043,0.0
56.94762249,313.012140968,53.900936043,0.0
359.03839745,292.147760372,53.900936043,0.0
198.887950137,324.456429335,53.900936043,0.0
187.291415574,61.8471141053,53.900936043,0.0
456.530157075,96.8453462063,53.900936043,0.0
81.8914079847,121.530906914,53.900936043,0.0
70.5993481056,449.161453781,53.900936043,0.0
355.479460204,56.169246632,53.900936043,0.0
168.363125644,210.115493078,53.900936043,0.0
279.227673941,450.099168534,53.900936043,0.0
@ 1050 10 0.303687635575 0.38299656903
181.895666014,173.308799949,55.3189975871,0.0
443.455951172,78.4407946117,55.3189975871,0.0
285.22522606,310.803682076,55.3189975871,0.0
68.8345101502,202.493732891,55.3189975871,0.0
393.482819653,255.58123821,55.3189975871,0.0
305.840297938,435.045204342,55.3189975871,0.0
76.2833453156,397.450021334,55.3189975871,0.0
430.217663454,394.322836575,55.3189975871,0.0
326.827582495,130.911408059,55.3189975871,0.0
191.039618523,387.936933323,55.3189975871,0.0
228.741906894,69.2896702699,55.3189975871,0.0
@ 1060 10 0.303687635575 0.403413913549
323.456600972,190.706920235,55.651600295,0.0
228.516655258,435.135597815,55.651600295,0.0
431.889746663,251.318042255,55.651600295,0.0
379.493315755,90.2130623311,55.651600295,0.0
260.092290853,72.8545291293,55.651600295,0.0
254.7115471,285.011423927,55.651600295,0.0
92.9644620439,372.967920638,55.651600295,0.0
403.993624598,362.011684006,55.651600295,0.0
175.341866922,154.825437818,55.651600295,0.0
71.5959431421,225.64513047,55.651600295,0.0
79.7806030292,86.0371578367,55.651600295,0.0
@ 1070 10 0.303687635575 0.408279508764
82.6448241894,60.5179855801,55.2891366858,0.0
429.767438575,252.716162793,55.2891366858,0.0
77.3061693413,204.951859559,55.2891366858,0.0
413.493464077,371.486956914,55.2891366858,0.0
57.9336965577,439.844720333,55.2891366858,0.0
284.708901059,310.86880481,55.2891366858,0.0
384.237269295,108.410042393,55.2891366858,0.0
330.326324204,449.590160228,55.2891366858,0.0
175.006876202,389.179051259,55.2891366858,0.0
212.474740692,89.5790149365,55.2891366858,0.0
222.812594979,217.865660917,55.2891366858,0.0
@ 1080 10 0.303687635575 0.402978509716
79.1764405526,71.1146536493,55.0829814866,0.0
449.987039873,212.090228166,55.0829814866,0.0
78.6825658925,407.906291786,55.0829814866,0.0
430.595830089,348.264122741,55.0829814866,0.0
333.554300633,286.020590786,55.0829814866,0.0
183.254983585,272.983421115,55.0829814866,0.0
301.333584886,117.140126619,55.0829814866,0.0
73.036969034,293.687296944,55.0829814866,0.0
275.26898347,381.479271488,55.0829814866,0.0
177.539785371,140.765626768,55.0829814866,0.0
452.532385949,60.9051328416,55.0829814866,0.0
@ 1090 10 0.303687635575 0.399978960871
389.671923245,256.457483175,54.5889411386,0.0
152.6648396,423.325906446,54.5889411386,0.0
77.2580520831,315.632016981,54.5889411386,0.0
255.433799258,143.696405733,54.5889411386,0.0
79.6931232618,145.626997238,54.5889411386,0.0
332.934774193,66.3017927668,54.5889411386,0.0
248.747829224,270.732731491,54.5889411386,0.0
267.039271293,407.896865045,54.5889411386,0.0
144.353197262,56.6376464248,54.5889411386,0.0
450.252858373,140.622540715,54.5889411386,0.0
379.512973277,444.018407719,54.5889411386,0.0
@ 1100 10 0.303687635575 0.392836298118
308.056721298,77.4119352658,58.8752050814,0.0
321.853969822,426.81184822,58.8752050814,0.0
184.128595911,72.5227393284,58.8752050814,0.0
96.8594160199,297.109527329,58.8752050814,0.0
419.625799271,202.556060906,58.8752050814,0.0
186.776032456,413.719432486,58.8752050814,0.0
199.518395151,217.592818077,58.8752050814,0.0
66.0269498538,450.285854069,58.8752050814,0.0
84.6250856009,159.35614041,58.8752050814,0.0
345.263683994,306.228077635,58.8752050814,0.0
441.012073601,430.938655508,58.8752050814,0.0
@ 1110 10 0.40369088812 0.456948372577
338.535523025,63.1357958577,55.7084793233,0.0
76.7994141259,345.965821714,55.7084793233,0.0
306.597176384,253.042789221,55.7084793233,0.0
422.233272543,275.311561942,55.7084793233,0.0
220.138561503,172.458941265,55.7084793233,0.0
446.774495981,437.65357218,55.7084793233,0.0
430.614172038,131.813005182,55.7084793233,0.0
115.089793452,87.2213447949,55.7084793233,0.0
340.853055472,386.484249006,55.7084793233,0.0
188.771877056,305.242280393,55.7084793233,0.0
163.789908338,426.024840576,55.7084793233,0.0
@ 1120 10 0.40369088812 0.409114503948
275.482934287,98.9370816889,51.1811925653,0.0
82.633150498,111.518645188,51.1811925653,0.0
136.649750745,296.844506802,51.1811925653,0.0
356.37866191,460.527241959,51.1811925653,0.0
322.136431682,235.7319747,51.1811925653,0.0
381.084483565,91.1764758734,51.1811925653,0.0
94.5921113082,439.942117603,51.1811925653,0.0
212.055648909,377.272836288,51.1811925653,0.0
448.094692764,220.524601539,51.1811925653,0.0
59.3157491886,226.871878676,51.1811925653,0.0
418.35036033,353.637642502,51.1811925653,0.0
@ 1130 10 0.40369088812 0.345321064701
65.3234717231,204.706870387,57.357044987,0.0
89.1812971912,61.4098448514,57.357044987,0.0
391.746884678,452.210948784,57.357044987,0.0
190.005655262,326.226144861,57.357044987,0.0
176.160304543,148.756133411,57.357044987,0.0
440.97711107,343.072390154,57.357044987,0.0
420.515566537,149.094752683,57.357044987,0.0
297.105283133,230.430185402,57.357044987,0.0
316.122146117,91.0472253191,57.357044987,0.0
257.152576926,422.131704083,57.357044987,0.0
62.6957166628,339.876595252,57.357044987,0.0
@ 1140 10 0.40369088812 0.433686402871
247.580446615,426.683327195,55.6603219259,0.0
426.20555057,427.751378524,55.6603219259,0.0
349.582997873,332.94131574,55.6603219259,0.0
70.1324101238,342.909890407,55.6603219259,0.0
336.39205454,209.727032168,55.6603219259,0.0
134.978790808,448.998214218,55.6603219259,0.0
382.599218719,71.8538295139,55.6603219259,0.0
56.2880005595,102.114742062,55.6603219259,0.0
454.28733887,189.517662074,55.6603219259,0.0
237.554600805,305.735529217,55.6603219259,0.0
258.493382899,98.1525255266,55.6603219259,0.0
@ 1150 10 0.40369088812 0.408407488632
393.308124974,71.0502909811,52.1793253694,0.0
317.493719415,198.686764341,52.1793253694,0.0
192.929218587,439.352642151,52.1793253694,0.0
449.202792725,400.891381144,52.1793253694,0.0
324.250792457,433.11225132,52.1793253694,0.0
111.324212607,308.35793325,52.1793253694,0.0
256.887685644,337.571408482,52.1793253694,0.0
377.3604882,305.891954091,52.1793253694,0.0
455.41111262,227.563848297,52.1793253694,0.0
230.419981911,124.959554644,52.1793253694,0.0
86.0766596906,69.7928827093,52.1793253694,0.0
@ 1160 10 0.40369088812 0.358921264077
426.022365843,404.14510754,62.4110850047,0.0
74.2205455875,146.531373732,62.4110850047,0.0
202.823389575,94.5050803714,62.4110850047,0.0
434.922768903,275.058205952,62.4110850047,0.0
200.855694318,228.074508421,62.4110850047,0.0
115.589316926,436.108723767,62.4110850047,0.0
440.905340887,119.477379351,62.4110850047,0.0
296.531121627,309.647834882,62.4110850047,0.0
261.225967377,438.997768656,62.4110850047,0.0
321.3252169,180.549230389,62.4110850047,0.0
78.345628756,275.28659268,62.4110850047,0.0
@ 1170 10 0.40369088812 0.513482603596
408.731398639,455.534287009,56.1762826458,0.0
417.808964789,218.357907452,56.1762826458,0.0
278.200261762,232.124405769,56.1762826458,0.0
336.104920439,342.088264453,56.1762826458,0.0
441.474289336,97.3141015144,56.1762826458,0.0
455.761197747,324.367715196,56.1762826458,0.0
75.6834493391,107.213210391,56.1762826458,0.0
58.8225313927,399.588760789,56.1762826458,0.0
109.745646552,228.467507168,56.1762826458,0.0
288.909678675,116.877312041,56.1762826458,0.0
209.656399791,357.315306584,56.1762826458,0.0
@ 1180 10 0.40369088812 0.416014304122
389.989231777,436.191810487,53.6629892191,0.0
179.733306326,291.790877988,53.6629892191,0.0
264.522909572,185.260521519,53.6629892191,0.0
373.134255101,317.213561224,53.6629892191,0.0
157.320340122,447.743788921,53.6629892191,0.0
313.973869277,59.3833938599,53.6629892191,0.0
135.911564676,190.525978684,53.6629892191,0.0
58.7839216646,394.954288434,53.6629892191,0.0
143.707005048,75.1082385259,53.6629892191,0.0
415.366736571,214.031069082,53.6629892191,0.0
273.236037607,426.810510329,53.6629892191,0.0
@ 1190 10 0.40369088812 0.379622539932
220.47767379,414.224412308,62.263749032,0.0
64.5089437891,70.1572079304,62.263749032,0.0
366.144149078,434.478476058,62.263749032,0.0
65.0627056775,424.296844118,62.263749032,0.0
304.500331747,314.138693092,62.263749032,0.0
103.846058264,299.541907095,62.263749032,0.0
448.720531001,190.09342128,62.263749032,0.0
312.288299394,176.146903325,62.263749032,0.0
420.262190464,66.8203582087,62.263749032,0.0
184.776180749,187.623062302,62.263749032,0.0
192.348157006,62.3523127741,62.263749032,0.0
@ 1200 10 0.40369088812 0.511061073549
177.008555448,104.851289295,59.4689164645,0.0
216.11451141,393.247875579,59.4689164645,0.0
445.697141129,253.895166631,59.4689164645,0.0
249.15590618,243.714031014,59.4689164645,0.0
101.067503767,434.892336347,59.4689164645,0.0
332.235101382,331.044199186,59.4689164645,0.0
440.99863017,389.834653469,59.4689164645,0.0
446.536431297,105.58158227,59.4689164645,0.0
63.1053998646,65.2227719181,59.4689164645,0.0
294.118437605,71.6379887181,59.4689164645,0.0
80.8029750865,249.785172482,59.4689164645,0.0
@ 1210 10 0.601891659501 0.466210789697
157.159861614,203.817296515,58.6201285652,0.0
61.9665977809,273.935930178,58.6201285652,0.0
253.761926828,430.931820138,58.6201285652,0.0
448.72260955,207.109898559,58.6201285652,0.0
106.151926376,438.349158514,58.6201285652,0.0
324.439986725,135.601415339,58.6201285652,0.0
445.617949692,73.8172798844,58.6201285652,0.0
405.098569568,329.572727075,58.6201285652,0.0
422.398711104,446.536030064,58.6201285652,0.0
171.244493329,76.9248623377,58.6201285652,0.0
285.786596707,295.577087507,58.6201285652,0.0
@ 1220 10 0.601891659501 0.452997496892
431.164760186,327.714851699,55.2055385222,0.0
203.496462973,246.865813483,55.2055385222,0.0
224.4095305,124.994528044,55.2055385222,0.0
275.257994197,445.777643012,55.2055385222,0.0
443.624655106,211.068259088,55.2055385222,0.0
381.143163062,97.7064159525,55.2055385222,0.0
433.510851193,448.168101714,55.2055385222,0.0
94.2789579026,162.767022952,55.2055385222,0.0
81.9503611798,314.488842781,55.2055385222,0.0
132.835782322,432.669405629,55.2055385222,0.0
316.647025876,202.195406596,55.2055385222,0.0
@ 1230 10 0.601891659501 0.401760809576
389.402279237,208.518006644,57.7536790662,0.0
404.736946406,431.600644063,57.7536790662,0.0
77.4068626855,421.628159218,57.7536790662,0.0
311.947435907,299.981729127,57.7536790662,0.0
85.1167657208,180.086813518,57.7536790662,0.0
187.46023192,326.524208063,57.7536790662,0.0
417.325354165,94.9223439723,57.7536790662,0.0
242.166648154,192.749339116,57.7536790662,0.0
285.465822598,58.479903316,57.7536790662,0.0
142.680131447,71.5918471819,57.7536790662,0.0
243.516883704,433.773947893,57.7536790662,0.0
@ 1240 10 0.601891659501 0.439705177495
409.484155555,131.201386591,61.9118847761,0.0
293.080406087,204.259322852,61.9118847761,0.0
77.7293363847,262.385223299,61.9118847761,0.0
94.2409757847,116.218168426,61.9118847761,0.0
418.77570109,276.960759558,61.9118847761,0.0
231.556218336,75.9337489172,61.9118847761,0.0
328.935569906,364.279526885,61.9118847761,0.0
203.075492197,302.291577615,61.9118847761,0.0
209.951265404,443.39656831,61.9118847761,0.0
432.435974698,438.223790613,61.9118847761,0.0
72.6007841713,418.510314334,61.9118847761,0.0
@ 1250 10 0.601891659501 0.505301188638
67.5654796044,341.966935221,58.5574752128,0.0
199.304067855,289.726596329,58.5574752128,0.0
272.759488333,381.905859178,58.5574752128,0.0
449.968642424,219.848970829,58.5574752128,0.0
448.064135703,90.4340330743,58.5574752128,0.0
381.32840988,451.482343978,58.5574752128,0.0
140.673665425,446.463010508,58.5574752128,0.0
64.3072606891,218.003820213,58.5574752128,0.0
61.6921965857,92.5018460122,58.5574752128,0.0
297.435340073,194.546133134,58.5574752128,0.0
220.868636451,98.7526113061,58.5574752128,0.0
@ 1260 10 0.601891659501 0.452029684461
212.335197818,331.771346924,59.7190884378,0.0
112.253209919,447.310146517,59.7190884378,0.0
203.80877771,162.04789265,59.7190884378,0.0
72.5431740678,333.142831164,59.7190884378,0.0
441.664329213,219.211660876,59.7190884378,0.0
81.9409313198,83.2593977328,59.7190884378,0.0
444.099861953,73.0301821975,59.7190884378,0.0
323.164610114,195.487920697,59.7190884378,0.0
89.7624254776,210.608071355,59.7190884378,0.0
354.095301084,354.896381342,59.7190884378,0.0
245.02117341,450.575433207,59.7190884378,0.0
@ 1270 10 0.601891659501 0.470141522051
440.887211564,272.845123049,63.6942366274,0.0
204.89282613,190.570318908,63.6942366274,0.0
276.684981191,74.2928111237,63.6942366274,0.0
403.915450805,444.32249766,63.6942366274,0.0
423.939033774,134.321116969,63.6942366274,0.0
137.589526266,68.9789206511,63.6942366274,0.0
316.182040024,309.768479836,63.6942366274,0.0
94.3760079392,448.060051042,63.6942366274,0.0
67.8391681582,321.88869468,63.6942366274,0.0
72.2044009759,193.321020911,63.6942366274,0.0
224.170240747,437.72247527,63.6942366274,0.0
@ 1280 10 0.601891659501 0.534813723687
110.817558416,429.749895295,58.8031709369,0.0
69.025162757,318.883669552,58.8031709369,0.0
452.657319675,190.441712788,58.8031709369,0.0
192.387477727,309.522259025,58.8031709369,0.0
412.011261777,413.773034547,58.8031709369,0.0
413.625191791,59.2282222039,58.8031709369,0.0
296.361597308,449.283263279,58.8031709369,0.0
145.112699557,62.6298772454,58.8031709369,0.0
310.226193115,239.269103101,58.8031709369,0.0
296.717432547,86.0792951411,58.8031709369,0.0
87.1082466521,172.627130522,58.8031709369,0.0
@ 1290 10 0.601891659501 0.455830898806
84.6478722905,74.7105181219,59.0036353148,0.0
245.149808031,319.843533336,59.0036353148,0.0
363.815704055,64.60575937,59.0036353148,0.0
288.560526972,449.926268056,59.0036353148,0.0
449.261717196,446.793277688,59.0036353148,0.0
439.126507332,167.883251628,59.0036353148,0.0
107.38995719,307.535476111,59.0036353148,0.0
382.623401982,301.98859008,59.0036353148,0.0
241.064923371,68.1659353257,59.0036353148,0.0
288.435212046,177.07928396,59.0036353148,0.0
137.30076147,428.77700525,59.0036353148,0.0
@ 1300 10 0.601891659501 0.458944119165
67.5573656158,81.8590459096,64.575768356,0.0
184.186133105,446.174193819,64.575768356,0.0
201.007720636,246.69709337,64.575768356,0.0
333.590009236,200.969741019,64.575768356,0.0
308.556408783,358.203535183,64.575768356,0.0
446.265250199,73.5254784937,64.575768356,0.0
65.2706639387,367.581399217,64.575768356,0.0
71.5004181119,212.994679559,64.575768356,0.0
208.423748599,90.0444975216,64.575768356,0.0
442.02170524,276.102030154,64.575768356,0.0
431.865490046,443.14591857,64.575768356,0.0
@ 1310 10 1.18243243243 0.549719868256
69.0837139315,63.8127932232,63.1868022342,0.0
289.167949216,331.278853162,63.1868022342,0.0
74.3393691306,198.751541737,63.1868022342,0.0
414.286811803,122.528672875,63.1868022342,0.0
174.92605079,445.954070523,63.1868022342,0.0
169.171588684,287.624691184,63.1868022342,0.0
63.5425913748,369.392905893,63.1868022342,0.0
293.98482043,63.5317247263,63.1868022342,0.0
283.975235706,193.844825078,63.1868022342,0.0
372.618799055,445.972019825,63.1868022342,0.0
426.74639716,275.923682093,63.1868022342,0.0
@ 1320 10 1.18243243243 0.526326241132
281.860396747,394.889772149,64.4822165428,0.0
123.88179439,82.2438501294,64.4822165428,0.0
153.597732154,324.959531087,64.4822165428,0.0
442.245438343,89.2551194145,64.4822165428,0.0
440.358385764,421.404559094,64.4822165428,0.0
219.313097419,185.646548254,64.4822165428,0.0
78.3692888943,436.73708521,64.4822165428,0.0
67.0036930579,217.207068426,64.4822165428,0.0
305.188016212,67.9732583853,64.4822165428,0.0
357.038704689,187.202669572,64.4822165428,0.0
440.268626533,285.861186361,64.4822165428,0.0
@ 1330 10 1.18243243243 0.548128248364
308.385095205,138.111410032,62.2831048227,0.0
74.3602448681,77.0045561506,62.2831048227,0.0
423.423362418,79.4673318482,62.2831048227,0.0
334.228051813,314.349477957,62.2831048227,0.0
209.420779157,231.421506951,62.2831048227,0.0
202.043464888,63.7047640576,62.2831048227,0.0
101.989706575,447.93635322,62.2831048227,0.0
101.195006463,295.423803408,62.2831048227,0.0
447.110559382,215.141722663,62.2831048227,0.0
409.631551677,418.742166773,62.2831048227,0.0
271.155389127,449.21792524,62.2831048227,0.0
@ 1340 10 1.18243243243 0.511378867733
210.293340659,79.7173692134,63.4332061228,0.0
123.33098378,196.402610108,63.4332061228,0.0
439.859693098,226.824672458,63.4332061228,0.0
310.533243106,228.180418528,63.4332061228,0.0
64.9662642697,312.030150864,63.4332061228,0.0
344.066571093,83.9798717989,63.4332061228,0.0
93.4040165868,441.461462961,63.4332061228,0.0
75.7246263242,76.274007104,63.4332061228,0.0
197.616844383,344.567197971,63.4332061228,0.0
429.25161303,400.549454066,63.4332061228,0.0
298.047818899,422.939271982,63.4332061228,0.0
@ 1350 10 1.18243243243 0.530439179145
423.92515638,99.7113706036,65.2604875948,0.0
220.607494952,81.5128478452,65.2604875948,0.0
200.501694209,246.0765279,65.2604875948,0.0
310.977734694,332.796148745,65.2604875948,0.0
76.7143631441,119.43829592,65.2604875948,0.0
445.610484208,431.517014919,65.2604875948,0.0
66.9960729073,284.827081597,65.2604875948,0.0
322.534977784,187.807816358,65.2604875948,0.0
445.459262222,273.295672203,65.2604875948,0.0
230.755764961,440.381427591,65.2604875948,0.0
80.3461412424,422.702882212,65.2604875948,0.0
@ 1360 10 1.18243243243 0.56143941412
72.7791369439,71.1600970782,67.3055908386,0.0
296.156372817,302.015668996,67.3055908386,0.0
443.449840138,83.5567342104,67.3055908386,0.0
421.233004197,391.045498839,67.3055908386,0.0
81.6616769414,307.106025775,67.3055908386,0.0
276.726261484,439.90578954,67.3055908386,0.0
218.545931686,69.6779446313,67.3055908386,0.0
435.127888111,246.654038122,67.3055908386,0.0
163.270631986,194.814208355,67.3055908386,0.0
94.3503908907,444.687071462,67.3055908386,0.0
326.448365718,157.39420379,67.3055908386,0.0
@ 1370 10 1.18243243243 0.597179032907
67.4339058414,70.0404136357,64.502550706,0.0
194.186150904,297.451905779,64.502550706,0.0
289.125518839,77.2750543877,64.502550706,0.0
439.865374476,445.533017937,64.502550706,0.0
72.4603287954,251.132748592,64.502550706,0.0
214.497170349,445.094223653,64.502550706,0.0
87.0331729345,382.336842761,64.502550706,0.0
163.436356426,156.581101922,64.502550706,0.0
447.48049897,83.6128350319,64.502550706,0.0
444.81909808,279.065721768,64.502550706,0.0
320.354465456,339.026221744,64.502550706,0.0
@ 1380 10 1.18243243243 0.548474002193
65.2754030193,201.431321481,64.8738683701,0.0
203.892103126,429.194354491,64.8738683701,0.0
198.665513207,143.045921806,64.8738683701,0.0
444.691550701,322.792120618,64.8738683701,0.0
64.967390635,67.8677419348,64.8738683701,0.0
348.909127347,204.210609513,64.8738683701,0.0
70.7327554903,439.217963649,64.8738683701,0.0
306.753022517,347.326726424,64.8738683701,0.0
438.038624637,104.72324854,64.8738683701,0.0
311.084199103,71.1217606173,64.8738683701,0.0
164.038971204,293.833534459,64.8738683701,0.0
@ 1390 10 1.18243243243 0.55480690766
211.902617374,296.551140896,63.3898417283,0.0
236.397462258,438.95044738,63.3898417283,0.0
95.1724073563,440.280677517,63.3898417283,0.0
442.360154685,77.7953356893,63.3898417283,0.0
113.421605029,186.273029102,63.3898417283,0.0
445.375012375,274.298360647,63.3898417283,0.0
333.469997628,338.196721101,63.3898417283,0.0
413.982102839,448.468034826,63.3898417283,0.0
333.091833769,199.560754676,63.3898417283,0.0
199.335333872,85.443935506,63.3898417283,0.0
66.4073981867,311.893403033,63.3898417283,0.0
@ 1400 10 1.18243243243 0.529714186264
194.811507235,212.610428766,72.3690948081,0.0
217.365580457,438.242007563,72.3690948081,0.0
72.3988352717,436.266512331,72.3690948081,0.0
438.982478735,73.3138901787,72.3690948081,0.0
78.3403998629,123.621266726,72.3690948081,0.0
439.555379803,283.697106819,72.3690948081,0.0
297.162557065,317.147885192,72.3690948081,0.0
420.214871688,433.990323442,72.3690948081,0.0
337.715653854,177.706801405,72.3690948081,0.0
233.764815139,73.1434906154,72.3690948081,0.0
72.5021724407,291.469904468,72.3690948081,0.0
@ 1410 10 33.3333333333 0.69041234795
194.630884295,214.294658268,72.5191298705,0.0
218.313115963,437.056093316,72.5191298705,0.0
73.0550171865,439.092323621,72.5191298705,0.0
439.135117247,72.922094866,72.5191298705,0.0
73.4742762079,134.559144449,72.5191298705,0.0
439.126456784,277.275774358,72.5191298705,0.0
298.516523446,315.590527396,72.5191298705,0.0
424.646419597,426.476170503,72.5191298705,0.0
335.569304581,175.295518625,72.5191298705,0.0
231.528025368,73.5035970951,72.5191298705,0.0
72.6826476413,293.229285491,72.5191298705,0.0
@ 1420 10 33.3333333333 0.69327803079
194.443703658,214.022358249,72.5749260694,0.0
218.61622867,437.976982143,72.5749260694,0.0
73.1917141121,439.242702678,72.5749260694,0.0
439.145786149,72.8227136912,72.5749260694,0.0
75.4880951298,79.1028670813,72.5749260694,0.0
439.389907051,278.072315196,72.5749260694,0.0
299.238091267,317.06883582,72.5749260694,0.0
415.965037503,433.580855377,72.5749260694,0.0
334.655602643,174.76051733,72.5749260694,0.0
230.519821958,72.94104888,72.5749260694,0.0
73.0502662903,293.859453728,72.5749260694,0.0
@ 1430 10 33.3333333333 0.694345257054
195.206541212,213.750168092,72.4065057588,0.0
220.139713305,439.456344895,72.4065057588,0.0
74.2586769301,439.257044533,72.4065057588,0.0
439.144781738,72.8375892174,72.4065057588,0.0
80.5027500091,115.204763554,72.4065057588,0.0
438.474614889,277.147714352,72.4065057588,0.0
299.204076733,316.950375298,72.4065057588,0.0
416.301917671,432.227641659,72.4065057588,0.0
335.798218902,174.933194029,72.4065057588,0.0
232.560260609,73.3411512738,72.4065057588,0.0
74.2260726538,293.862692945,72.4065057588,0.0
@ 1440 10 33.3333333333 0.691126344952
193.754393307,213.691153671,72.4265275577,0.0
218.437661535,439.424939145,72.4265275577,0.0
73.158573176,439.383101203,72.4265275577,0.0
437.657722427,73.4210545098,72.4265275577,0.0
81.0561843429,112.706064959,72.4265275577,0.0
439.54042449,278.953089265,72.4265275577,0.0
299.34690477,318.07632696,72.4265275577,0.0
408.961935249,429.649689821,72.4265275577,0.0
334.154673859,176.062645354,72.4265275577,0.0
230.268209195,73.197839973,72.4265275577,0.0
72.8215202376,293.72417601,72.4265275577,0.0
@ 1450 10 33.3333333333 0.691508617394
194.744215054,213.234888779,72.56674902,0.0
218.57610526,439.05853298,72.56674902,0.0
72.854583338,439.229171144,72.56674902,0.0
438.648397912,72.8891665749,72.56674902,0.0
79.1545949458,122.09845044,72.56674902,0.0
438.696375641,284.511495655,72.56674902,0.0
296.709622944,316.581489368,72.56674902,0.0
391.110051245,428.542158549,72.56674902,0.0
336.509659275,176.594388049,72.56674902,0.0
232.871988223,72.9738909709,72.56674902,0.0
72.9469231739,292.944095794,72.56674902,0.0
@ 1460 10 33.3333333333 0.694188801485
195.129359074,213.63279419,72.4995937322,0.0
219.111030838,438.505789292,72.4995937322,0.0
73.1086425516,438.252448937,72.4995937322,0.0
439.055570387,72.825470726,72.4995937322,0.0
78.3037522493,108.430942129,72.4995937322,0.0
439.144904492,275.530952186,72.4995937322,0.0
299.988980501,317.702226076,72.4995937322,0.0
437.285448442,424.034468164,72.4995937322,0.0
335.099749053,173.923626042,72.4995937322,0.0
230.47537308,72.8076306971,72.4995937322,0.0
72.5486412457,292.510481357,72.4995937322,0.0
@ 1470 10 33.3333333333 0.692904552752
194.282070289,212.264951566,72.3292739284,0.0
219.70622807,439.154568871,72.3292739284,0.0
72.559423273,437.091997493,72.3292739284,0.0
438.071281562,73.1179429954,72.3292739284,0.0
80.7361334501,75.1702325931,72.3292739284,0.0
439.488494311,283.18635504,72.3292739284,0.0
296.51270406,315.901538415,72.3292739284,0.0
386.694951262,432.152540398,72.3292739284,0.0
335.49814382,176.091191021,72.3292739284,0.0
233.651181189,72.812124439,72.3292739284,0.0
72.8373773155,291.063466527,72.3292739284,0.0
@ 1480 10 33.3333333333 0.689652762295
196.993661543,214.873781521,72.319071143,0.0
217.329542788,439.136722581,72.319071143,0.0
72.4030249309,436.675055502,72.319071143,0.0
439.383930348,73.5404575129,72.319071143,0.0
90.0913673747,93.0671602846,72.319071143,0.0
439.678080908,285.798431834,72.319071143,0.0
298.680449852,319.191327586,72.319071143,0.0
423.963067106,432.6228727,72.319071143,0.0
338.42932929,179.312601373,72.319071143,0.0
238.976887455,73.6847225403,72.319071143,0.0
72.6111125536,289.013213204,72.319071143,0.0
@ 1490 10 33.3333333333 0.689458210836
196.138688664,215.615544996,72.4261728266,0.0
218.392527317,439.363615865,72.4261728266,0.0
72.4727261082,436.316876701,72.4261728266,0.0
438.356197925,74.0103701839,72.4261728266,0.0
79.7210449535,99.0954989852,72.4261728266,0.0
439.459861698,281.074050093,72.4261728266,0.0
298.623682701,318.47240109,72.4261728266,0.0
432.340987392,429.39421143,72.4261728266,0.0
336.079656501,176.706956544,72.4261728266,0.0
231.441016343,73.3844012059,72.4261728266,0.0
72.4367144781,291.308712352,72.4261728266,0.0
@ 1500 10 33.3333333333 0.69150184366
