10 11 0.0873362445415 0.280950827474 0.0346299167607 80.133679408 2 0.1 0.4465 0.397670549085 123.001915711 50 0.335536117893
20 11 0.0873362445415 0.234717369232 0.0319617621108 36.1992812149 2 0.1 0.41064 0.386541471049 147.230220384 50 0.335536117893
30 11 0.0873362445415 0.170678263507 0.044558144459 62.5219827033 2 0.1 0.3676 0.434915773354 202.47153498 50 0.335536117893
40 11 0.0873362445415 0.243877499553 0.0322223528192 37.8957263754 2 0.1 0.40191 0.379032258065 141.700198105 50 0.335536117893
50 11 0.0873362445415 0.260394514568 0.0516154638392 31.9156782912 2 0.1 0.38911 0.433489827856 132.712050626 50 0.364986095331
60 11 0.0873362445415 0.373843910122 0.0744549735316 21.9916307131 2 0.1 0.40588 0.4496 92.4382852425 50 0.39644905375
70 11 0.0873362445415 0.242081184235 0.0405334285963 44.4458678306 2 0.1 0.39441 0.359531772575 142.751656265 50 0.39644905375
80 11 0.0873362445415 0.177647811161 0.0333830098872 61.0956655216 2 0.1 0.40551 0.358890701468 194.52809339 50 0.39644905375
90 11 0.0873362445415 0.272668368578 0.0414905250789 37.5825832391 2 0.1 0.39128 0.509833585477 126.738169815 50 0.39644905375
100 11 0.0873362445415 0.280819164308 0.0387342277422 33.0348190652 2 0.1 0.3972 0.391785150079 123.059585642 50 0.39644905375
110 11 0.0940354648039 0.246567367526 0.040071781322 23.9659939983 2 0.1 0.40328 0.415986949429 140.154353542 0 0.39644905375
120 11 0.0940354648039 0.230764825436 0.0563052077782 34.5670558955 2 0.1 0.3695 0.359143327842 149.751982065 0 0.39644905375
130 11 0.0940354648039 0.258010561872 0.0461596333011 32.2771170092 2 0.1 0.39574 0.3328 133.938276593 0 0.39644905375
140 11 0.0940354648039 0.276846168932 0.0351573342161 31.8628193271 2 0.1 0.44653 0.450726978998 124.82560309 0 0.39644905375
150 11 0.0940354648039 0.264606306779 0.0289003600059 49.9253995176 2 0.1 0.42835 0.405405405405 130.59964602 0 0.39644905375
160 11 0.0940354648039 0.292659274118 0.0380515992282 29.973263392 2 0.1 0.38137 0.344 118.080966695 0 0.39644905375
170 11 0.0940354648039 0.234888361802 0.0324068120256 38.1394735027 2 0.1 0.41835 0.42246835443 147.123040643 0 0.39644905375
180 11 0.0940354648039 0.20361586523 0.0321426225005 27.932783441 2 0.1 0.38028 0.331683168317 169.719044048 0 0.39644905375
190 11 0.0940354648039 0.296844677252 0.0443247702228 44.0046809763 2 0.1 0.40103 0.391014975042 116.416067554 0 0.39644905375
200 11 0.0940354648039 0.39200491089 0.053903216404 19.4178760703 2 0.1 0.36998 0.418124006359 88.155757849 0 0.39644905375
210 11 0.101847810272 0.242656968184 0.0283216625357 41.8789609479 2 0.1 0.3801 0.368670886076 142.412930725 0 0.39644905375
220 11 0.101847810272 0.271102948761 0.055713898037 46.836553052 2 0.1 0.38906 0.321202531646 127.469989382 0 0.39644905375
230 11 0.101847810272 0.257452355471 0.0351302747842 43.0277362169 2 0.1 0.45664 0.436420722135 134.22868063 0 0.39644905375
240 11 0.101847810272 0.216416449249 0.0322200276946 41.4789841218 2 0.1 0.3996 0.369565217391 159.680514674 0 0.39644905375
250 11 0.101847810272 0.261555973893 0.0357797238758 38.8634319499 2 0.1 0.44105 0.398782343988 132.122732605 0 0.39644905375
260 11 0.101847810272 0.25799831532 0.0526442075143 35.0394730561 2 0.1 0.40131 0.3934169279 133.944634317 0 0.39644905375
270 11 0.101847810272 0.262025886692 0.0340820173825 26.1822467154 2 0.1 0.36522 0.483333333333 131.885785929 0 0.39644905375
280 11 0.101847810272 0.22678623231 0.049823507407 51.9879399048 2 0.1 0.43108 0.480865224626 152.3791354 0 0.39644905375
290 11 0.101847810272 0.308276976262 0.0412710679227 24.1542862188 2 0.1 0.40783 0.4484375 112.098835337 0 0.39644905375
300 11 0.101847810272 0.217489071247 0.0521684914433 37.3554425943 2 0.1 0.35353 0.373801916933 158.892995413 0 0.39644905375
310 11 0.111075848937 0.282758008575 0.0359458037607 27.3715964227 2 0.1 0.39585 0.332792207792 122.215777987 0 0.39644905375
320 11 0.111075848937 0.253737931699 0.050923585604 17.3069184852 2 0.1 0.43272 0.397496087637 136.193630052 0 0.39644905375
330 11 0.111075848937 0.252100237458 0.036088931934 35.9806776265 2 0.1 0.42732 0.431988041854 137.078371478 0 0.39644905375
340 11 0.111075848937 0.241812200236 0.0278387247978 31.1531718921 2 0.1 0.40199 0.44952681388 142.910448548 0 0.39644905375
350 11 0.111075848937 0.248938668682 0.0425625028811 35.3598564897 2 0.1 0.34693 0.378421900161 138.819293053 0 0.39644905375
360 11 0.111075848937 0.281617672679 0.0263433236603 20.725524635 2 0.1 0.39114 0.4032 122.710658288 0 0.39644905375
370 11 0.111075848937 0.208335448806 0.0455955919665 53.4559314057 2 0.1 0.4408 0.413008130081 165.874267668 0 0.39644905375
380 11 0.111075848937 0.26280662988 0.0350963913395 43.6353649045 2 0.1 0.38391 0.35453100159 131.493981015 0 0.39644905375
390 11 0.111075848937 0.281307324724 0.0239041681161 29.6693847673 2 0.1 0.42945 0.366559485531 122.846036924 0 0.39644905375
400 11 0.111075848937 0.289590376524 0.0404403158316 31.9285513569 2 0.1 0.39741 0.418351477449 119.332314888 0 0.39644905375
410 11 0.122142732507 0.324795952086 0.0463895201501 36.2582683647 2 0.1 0.38423 0.385826771654 106.397539064 0 0.39644905375
420 11 0.122142732507 0.253418324926 0.0321481477553 52.4171224057 2 0.1 0.42498 0.418320610687 136.365395084 0 0.39644905375
430 11 0.122142732507 0.239570379236 0.0269620319988 61.501582782 2 0.1 0.43257 0.449685534591 144.247757633 0 0.39644905375
440 11 0.122142732507 0.226189793223 0.04777243107 34.7223116394 2 0.1 0.34453 0.333333333333 152.780943417 0 0.39644905375
450 11 0.122142732507 0.237903697351 0.0452696053488 45.4317185416 2 0.1 0.3956 0.412130637636 145.258314119 0 0.39644905375
460 11 0.122142732507 0.223789602941 0.0345914191827 40.0114254318 2 0.1 0.4439 0.378424657534 154.41955098 0 0.39644905375
470 11 0.122142732507 0.253516963126 0.0273325011063 35.17286285 2 0.1 0.38596 0.362876254181 136.312338133 0 0.39644905375
480 11 0.122142732507 0.238264424849 0.0531869714492 44.5881778397 2 0.1 0.41567 0.374805598756 145.038395983 0 0.39644905375
490 11 0.122142732507 0.208828117707 0.0439997079355 56.7516364174 2 0.1 0.39606 0.4375 165.48293582 0 0.39644905375
500 11 0.122142732507 0.172635108736 0.0592734621485 56.2513617966 2 0.1 0.42862 0.447737909516 200.176489319 0 0.39644905375
510 11 0.135658914729 0.290539075704 0.0404414531552 25.9970204317 2 0.1 0.39605 0.352845528455 118.942658285 0 0.39644905375
520 11 0.135658914729 0.272692493762 0.033733716258 28.9657914766 2 0.1 0.46897 0.459807073955 126.726957252 0 0.39644905375
530 11 0.135658914729 0.265653190166 0.0373864998877 26.3890735036 2 0.1 0.45674 0.479935794543 130.084980264 0 0.39644905375
540 11 0.135658914729 0.28757990447 0.0412133403929 37.9508911839 2 0.1 0.38044 0.335433070866 120.166567493 0 0.39644905375
550 11 0.135658914729 0.241325516836 0.0198837278748 41.3672186671 2 0.1 0.45465 0.420647149461 143.19865737 0 0.39644905375
560 11 0.135658914729 0.298629971382 0.039842649618 40.6139367101 2 0.1 0.39257 0.412438625205 115.720099493 0 0.39644905375
570 11 0.135658914729 0.264113712655 0.0488372268559 27.0575266814 2 0.1 0.42046 0.373333333333 130.843225263 0 0.39644905375
580 11 0.135658914729 0.262145473722 0.0158054996153 30.5912234777 2 0.1 0.40489 0.4 131.825621512 0 0.39644905375
590 11 0.135658914729 0.176940333094 0.0636532932653 46.2379195716 2 0.1 0.35765 0.351735015773 195.305894341 0 0.412695310709
600 11 0.135658914729 0.249824316858 0.0456721180599 31.775773131 2 0.1 0.41825 0.432721712538 138.327167005 0 0.412695310709
610 11 0.152538679451 0.301769731052 0.0425833442439 35.7169416284 2 0.1 0.39554 0.365625 114.516091059 0 0.412695310709
620 11 0.152538679451 0.2904390921 0.0411206079393 35.7966242565 2 0.1 0.42737 0.424336973479 118.983604274 0 0.412695310709
630 11 0.152538679451 0.322133504734 0.0447712018287 21.8206734118 2 0.1 0.42503 0.426073131955 107.276919327 0 0.412695310709
640 11 0.152538679451 0.275041453116 0.0290943776923 29.2549044076 2 0.1 0.34803 0.355737704918 125.644660499 0 0.412695310709
650 11 0.152538679451 0.273018603482 0.0427812047387 40.5191940227 2 0.1 0.39893 0.377708978328 126.575587009 0 0.412695310709
660 11 0.152538679451 0.306654458978 0.0334318579159 38.8458458024 2 0.1 0.42102 0.387658227848 112.691953397 0 0.412695310709
670 11 0.152538679451 0.381448087115 0.0274018628886 15.2171436854 2 0.1 0.3758 0.426494345719 90.595525754 0 0.412695310709
680 11 0.152538679451 0.308971975728 0.0367233468479 31.965989639 2 0.1 0.42842 0.397849462366 111.846680977 0 0.412695310709
690 11 0.152538679451 0.327177816221 0.0301145792609 19.4001717311 2 0.1 0.40425 0.423676012461 105.622961847 0 0.412695310709
700 11 0.152538679451 0.327124923023 0.0495988259962 35.4087546329 2 0.1 0.37059 0.400625978091 105.640040143 0 0.412695310709
710 11 0.174216027875 0.39315830395 0.044401557528 22.7453763924 2 0.1 0.38759 0.365814696486 87.8971387678 0 0.412695310709
720 11 0.174216027875 0.315203566989 0.045433259826 35.2242918893 2 0.1 0.47032 0.43328100471 109.635466153 0 0.412695310709
730 11 0.174216027875 0.260117573178 0.0362516451276 51.6416614087 2 0.1 0.41358 0.399681528662 132.853346192 0 0.412695310709
740 11 0.174216027875 0.308408404731 0.0374562920963 19.2921574061 2 0.1 0.39881 0.459415584416 112.051064335 0 0.412695310709
750 11 0.174216027875 0.320033123664 0.0441301654687 26.1281517433 2 0.1 0.43794 0.395275590551 107.980978982 0 0.412695310709
760 11 0.174216027875 0.236802526929 0.0481703500476 42.9533151902 2 0.1 0.38321 0.451816745656 145.933789002 0 0.412695310709
770 11 0.174216027875 0.233419299168 0.0370115711042 35.9054110894 2 0.1 0.45935 0.454828660436 148.048983624 0 0.412695310709
780 11 0.174216027875 0.309739921972 0.0333575478269 28.726634581 2 0.1 0.41432 0.399339933993 111.569376592 0 0.412695310709
790 11 0.174216027875 0.307022566351 0.0319623049572 38.1767584311 2 0.1 0.39658 0.423510466989 112.5568404 0 0.412695310709
800 11 0.174216027875 0.254097584606 0.0290279227371 37.8531139536 2 0.1 0.40199 0.406885758998 136.000859881 0 0.412695310709
810 11 0.203075137801 0.396584632714 0.0324934319032 16.4962309821 2 0.1 0.38384 0.309734513274 87.1377434963 0 0.412695310709
820 11 0.203075137801 0.341625285606 0.04110702494 32.9534949861 2 0.1 0.38832 0.31847133758 101.156124725 0 0.412695310709
830 11 0.203075137801 0.251411751493 0.0455298327345 38.8242967107 2 0.1 0.46115 0.399380804954 137.453757809 0 0.412695310709
840 11 0.203075137801 0.314306860935 0.0343647028992 31.0033751647 2 0.1 0.42848 0.453047775947 109.948252155 0 0.412695310709
850 11 0.203075137801 0.271342523077 0.0261769778849 20.9691232983 2 0.1 0.39811 0.412698412698 127.357443308 0 0.412695310709
860 11 0.203075137801 0.316633920772 0.0449249890462 24.7571209438 2 0.1 0.4232 0.351132686084 109.140201769 0 0.423109744395
870 11 0.203075137801 0.360373464053 0.0440135195473 24.8814452023 2 0.1 0.38428 0.376602564103 95.8935477971 0 0.423109744395
880 11 0.203075137801 0.331628770442 0.040310156489 23.9473437354 2 0.1 0.40976 0.395275590551 104.205343686 0 0.423109744395
890 11 0.203075137801 0.365047729753 0.0397435825367 28.6807051375 2 0.1 0.37435 0.426332288401 94.6656757005 0 0.423109744395
900 11 0.203075137801 0.380449360221 0.0232545686576 30.1130300704 2 0.1 0.39189 0.392801251956 90.8333502779 0 0.423109744395
910 11 0.243393602225 0.387833543116 0.0329018340635 23.9736754633 2 0.1 0.41199 0.418124006359 89.1039225807 0 0.423109744395
920 11 0.243393602225 0.386103821504 0.0386869954628 30.5653743949 2 0.1 0.36748 0.348101265823 89.5031027287 0 0.425932212977
930 11 0.243393602225 0.347357105433 0.0363233595374 25.9996365892 2 0.1 0.38132 0.357259380098 99.4869241465 0 0.431921454534
940 11 0.243393602225 0.386033732272 0.027151804737 29.9138404236 2 0.1 0.43562 0.404255319149 89.5193531316 0 0.431921454534
950 11 0.243393602225 0.312280951325 0.0382286514868 31.7807375833 2 0.1 0.41928 0.424 110.661536842 0 0.434880944488
960 11 0.243393602225 0.364734470745 0.0330978952483 22.589457264 2 0.1 0.34849 0.349834983498 94.7469810831 0 0.434880944488
970 11 0.243393602225 0.313765756138 0.0291690775484 31.6021695041 2 0.1 0.42585 0.41307814992 110.137863435 0 0.434880944488
980 11 0.243393602225 0.376271197931 0.036067879752 19.2805159687 2 0.1 0.42784 0.427392739274 91.8419751233 0 0.434880944488
990 11 0.243393602225 0.335672992337 0.0419408202518 26.2814078897 2 0.1 0.366 0.336569579288 102.949867249 0 0.434880944488
1000 11 0.243393602225 0.387480369495 0.0396111886862 26.5760275355 2 0.1 0.39492 0.383223684211 89.1851374176 0 0.434880944488
1010 11 0.303687635575 0.316022014429 0.0363780516275 20.1928529835 2 0.1 0.42486 0.384615384615 109.351527496 0 0.443586326437
1020 11 0.303687635575 0.410252047564 0.0419440759362 16.4535177358 2 0.1 0.38531 0.412698412698 84.234777633 0 0.459559137761
1030 11 0.303687635575 0.310999160293 0.0444438841638 30.4389632653 2 0.1 0.43293 0.40487804878 111.11763121 0 0.459559137761
1040 11 0.303687635575 0.411997556766 0.0433941599164 12.7490953511 2 0.1 0.37785 0.372239747634 83.8779003237 0 0.459559137761
1050 11 0.303687635575 0.38299656903 0.0386708790294 24.3812482511 2 0.1 0.43396 0.373970345964 90.2292417072 0 0.459559137761
1060 11 0.303687635575 0.403413913549 0.0318679658368 28.8151959341 2 0.1 0.39102 0.4 85.6626131112 0 0.459559137761
1070 11 0.303687635575 0.408279508764 0.039813156938 14.4841634094 2 0.1 0.43359 0.404220779221 84.6417448297 0 0.472901343163
1080 11 0.303687635575 0.402978509716 0.0329518027577 24.7736722355 2 0.1 0.42117 0.425 85.7551684936 0 0.472901343163
1090 11 0.303687635575 0.399978960871 0.032029313841 10.3182751955 2 0.1 0.34248 0.326765188834 86.3982693609 0 0.472901343163
1100 11 0.303687635575 0.392836298118 0.0372470622447 28.0749324292 2 0.1 0.40515 0.388704318937 87.9691875867 0 0.472901343163
1110 11 0.40369088812 0.456948372577 0.0264811474816 14.4610135741 2 0.1 0.35597 0.343042071197 75.6266836123 0 0.484035840557
1120 11 0.40369088812 0.409114503948 0.027871490729 21.7974410319 2 0.1 0.34876 0.354735152488 84.4689925841 0 0.484035840557
1130 11 0.40369088812 0.345321064701 0.0238261692228 24.357032782 2 0.1 0.43416 0.425595238095 100.073507042 0 0.484035840557
1140 11 0.40369088812 0.433686402871 0.0221868283987 20.6280751294 2 0.1 0.36782 0.358552631579 79.6831299557 0 0.484035840557
1150 11 0.40369088812 0.408407488632 0.0266981487815 21.025619757 2 0.1 0.42044 0.423137876387 84.6152212237 0 0.484035840557
1160 11 0.40369088812 0.358921264077 0.032277867509 25.4108130166 2 0.1 0.40167 0.434494195688 96.281534305 0 0.484035840557
1170 11 0.40369088812 0.513482603596 0.0368345035834 14.15781418 2 0.1 0.34079 0.333333333333 67.3002157385 0 0.513482603596
1180 11 0.40369088812 0.416014304122 0.0286130100508 19.0907378891 2 0.1 0.37135 0.362619808307 83.0680331363 0 0.513482603596
1190 11 0.40369088812 0.379622539932 0.0391815634642 13.5935216803 2 0.1 0.43637 0.435703479576 91.0311858884 0 0.513482603596
1200 11 0.40369088812 0.511061073549 0.0375246108459 20.90661594 2 0.1 0.40072 0.418451400329 67.6191003162 0 0.513482603596
1210 11 0.601891659501 0.466210789697 0.0271262816545 18.0719500429 2 0.1 0.37249 0.337171052632 74.1241746517 10 0.520123838027
1220 11 0.601891659501 0.452997496892 0.0291729365706 18.0250865794 2 0.1 0.38012 0.342062193126 76.286271419 10 0.522409728158
1230 11 0.601891659501 0.401760809576 0.0314800678153 29.7893019863 2 0.1 0.44994 0.408163265306 86.0150845386 10 0.522409728158
1240 11 0.601891659501 0.439705177495 0.0356758545584 24.157921293 2 0.1 0.40307 0.345117845118 78.5924109351 10 0.522409728158
1250 11 0.601891659501 0.505301188638 0.0385175030459 20.3512625674 2 0.1 0.38913 0.372322899506 68.3898846412 10 0.522409728158
1260 11 0.601891659501 0.452029684461 0.0162530579651 26.0254863391 2 0.1 0.40993 0.400630914826 76.4496031741 10 0.522409728158
1270 11 0.601891659501 0.470141522051 0.0181883135189 24.7450862063 2 0.1 0.38274 0.408517350158 73.5044414908 10 0.522409728158
1280 11 0.601891659501 0.534813723687 0.0241953323308 13.0815817977 2 0.1 0.37121 0.314935064935 64.615937231 10 0.543361881543
1290 11 0.601891659501 0.455830898806 0.0359434847367 21.5039131616 2 0.1 0.46694 0.441497659906 75.8120831443 10 0.543361881543
1300 11 0.601891659501 0.458944119165 0.0226280984142 13.1980995433 2 0.1 0.42725 0.391509433962 75.2978163504 10 0.543361881543
1310 11 1.18243243243 0.549719868256 0.025609310881 8.98839481735 2 0.1 0.36946 0.38127090301 62.8638184565 40 0.606716388837
1320 11 1.18243243243 0.526326241132 0.0211714943382 8.05415399433 2 0.1 0.39167 0.376221498371 65.657927155 40 0.606716388837
1330 11 1.18243243243 0.548128248364 0.0183970618208 11.2809982645 2 0.1 0.38469 0.3890625 63.0463584082 40 0.606716388837
1340 11 1.18243243243 0.511378867733 0.0216374271083 12.433536443 2 0.1 0.46001 0.435562805873 67.5770787189 40 0.606716388837
1350 11 1.18243243243 0.530439179145 0.0126289257072 5.36633672489 2 0.1 0.38095 0.393798449612 65.148826404 40 0.606716388837
1360 11 1.18243243243 0.56143941412 0.0257223052482 11.9343791939 2 0.1 0.47899 0.475232198142 61.5515924441 40 0.606716388837
1370 11 1.18243243243 0.597179032907 0.0214280899254 13.3258974862 2 0.1 0.40893 0.382397572079 57.8678890177 40 0.606716388837
1380 11 1.18243243243 0.548474002193 0.0291586274871 11.3215190035 2 0.1 0.37893 0.423312883436 63.0066144645 40 0.606716388837
1390 11 1.18243243243 0.55480690766 0.0245119815695 6.92543759225 2 0.1 0.45183 0.440310077519 62.2874184205 40 0.606716388837
1400 11 1.18243243243 0.529714186264 0.0186495389675 8.25537241632 2 0.1 0.38639 0.412974683544 65.2379922911 40 0.606716388837
1410 11 33.3333333333 0.69041234795 0.0428896396463 0.309752902676 2 0.1 0.65167 0.595993322204 50.0534066382 290 0.697078892393
1420 11 33.3333333333 0.69327803079 0.00188116428837 0.00514339398188 2 0.1 0.35818 0.299159663866 49.8465095751 290 0.697078892393
1430 11 33.3333333333 0.694345257054 0.00149485157541 0.055451966294 2 0.1 0.37709 0.336120401338 49.7698942261 290 0.697078892393
1440 11 33.3333333333 0.691126344952 0.00111989731591 0.0233309940836 2 0.1 0.39539 0.349514563107 50.0016968712 290 0.697078892393
1450 11 33.3333333333 0.691508617394 0.00115787242133 0.00160802118781 2 0.1 0.44582 0.327476038339 49.9740554647 290 0.697078892393
1460 11 33.3333333333 0.694188801485 0.0010801748735 0.00808890574093 2 0.1 0.39219 0.361111111111 49.7811113145 290 0.697078892393
1470 11 33.3333333333 0.692904552752 0.000792309938665 0.0423777048052 2 0.1 0.43762 0.427444794953 49.8733770225 290 0.697078892393
1480 11 33.3333333333 0.689652762295 0.00183274487714 0.066636759479 2 0.1 0.38984 0.397174254317 50.1085356129 290 0.697078892393
1490 11 33.3333333333 0.689458210836 0.00166797382245 0.0329145419754 2 0.1 0.45686 0.473170731707 50.1226752497 290 0.697078892393
1500 11 33.3333333333 0.69150184366 0.00228538612846 0.00564544562247 2 0.1 0.44816 0.456168831169 49.9745449948 290 0.697078892393
