326.860164435,50.5954268771,46.9267643043,0.0
454.506514509,122.990223508,46.9267643043,0.0
48.6207217724,194.996173464,46.9267643043,0.0
276.799312907,421.542469258,46.9267643043,0.0
398.611551308,353.273932947,46.9267643043,0.0
99.7601776034,426.959329868,46.9267643043,0.0
456.582451076,222.730675961,46.9267643043,0.0
127.193657976,336.015254714,46.9267643043,0.0
287.420873676,272.951155812,46.9267643043,0.0
358.107750696,187.493804929,46.9267643043,0.0
266.90421092,128.894041017,46.9267643043,0.0
@ 10 10 0.0873362445415 0.290297628886
350.029888181,458.757427766,41.5037189838,0.0
189.759337355,449.146499369,41.5037189838,0.0
151.121254751,312.388449338,41.5037189838,0.0
449.044125075,319.088279406,41.5037189838,0.0
439.367485376,428.861367547,41.5037189838,0.0
310.075358758,138.966587718,41.5037189838,0.0
352.793360982,302.230020697,41.5037189838,0.0
55.80011432,322.423514335,41.5037189838,0.0
419.63188813,222.776548669,41.5037189838,0.0
90.4302602,174.664789866,41.5037189838,0.0
238.352173371,274.573715686,41.5037189838,0.0
@ 20 10 0.0873362445415 0.227078646417
447.56250987,367.461990675,44.223272672,0.0
142.119063728,441.775875782,44.223272672,0.0
317.919942805,183.214772808,44.223272672,0.0
217.750127893,221.258619357,44.223272672,0.0
187.75988447,64.7697931887,44.223272672,0.0
360.347160393,455.930632475,44.223272672,0.0
341.510250121,94.2580116356,44.223272672,0.0
421.098291481,255.090576859,44.223272672,0.0
53.4081835284,88.4200234321,44.223272672,0.0
263.808924204,405.045213591,44.223272672,0.0
54.284164238,413.904721961,44.223272672,0.0
@ 30 10 0.0873362445415 0.257812533378
212.906992372,382.07237033,42.3818831394,0.0
364.718603771,272.726721759,42.3818831394,0.0
444.600852168,203.383708829,42.3818831394,0.0
161.833343503,49.6450824538,42.3818831394,0.0
103.397276649,384.213071596,42.3818831394,0.0
281.965842789,436.884324809,42.3818831394,0.0
340.2801107,353.898400171,42.3818831394,0.0
73.6645379261,103.309165473,42.3818831394,0.0
72.8720490154,272.005905679,42.3818831394,0.0
264.643147102,283.353079614,42.3818831394,0.0
261.16061077,121.11667387,42.3818831394,0.0
@ 40 10 0.0873362445415 0.236789678784
383.903382634,54.225996658,35.3476460807,0.0
121.633807013,299.55879899,35.3476460807,0.0
424.020765481,265.979969303,35.3476460807,0.0
366.574880319,165.417329743,35.3476460807,0.0
153.802418208,432.268255102,35.3476460807,0.0
37.3265998797,446.929264787,35.3476460807,0.0
317.480123709,473.587660363,35.3476460807,0.0
437.726009755,370.924536879,35.3476460807,0.0
50.2602295807,360.554389189,35.3476460807,0.0
228.167583925,411.407876372,35.3476460807,0.0
79.6214979567,230.231049039,35.3476460807,0.0
@ 50 10 0.0873362445415 0.164711250722
239.526062513,456.93352919,38.0507626855,0.0
421.84095389,255.189899893,38.0507626855,0.0
84.9095034916,473.3561487,38.0507626855,0.0
158.499277866,227.496924817,38.0507626855,0.0
102.251479901,101.497197591,38.0507626855,0.0
181.23456648,367.096639594,38.0507626855,0.0
428.802934878,76.4756820493,38.0507626855,0.0
451.288015702,450.616544775,38.0507626855,0.0
259.011939207,42.8245070591,38.0507626855,0.0
232.50602261,305.120895825,38.0507626855,0.0
433.961214475,334.39610346,38.0507626855,0.0
@ 60 10 0.0873362445415 0.190866188679
441.150931716,328.539038372,45.2249965536,0.0
51.4698080646,135.190016678,45.2249965536,0.0
196.853331394,453.579128074,45.2249965536,0.0
339.251171795,322.860194937,45.2249965536,0.0
462.372561385,225.235940872,45.2249965536,0.0
120.20259082,72.2348944876,45.2249965536,0.0
442.106547649,104.650134359,45.2249965536,0.0
348.373682426,113.806017912,45.2249965536,0.0
223.499912042,319.659382331,45.2249965536,0.0
76.4378331492,387.191317179,45.2249965536,0.0
235.402322201,72.5662380418,45.2249965536,0.0
@ 70 10 0.0873362445415 0.269624500744
378.481295168,84.9567485621,34.616376588,0.0
418.17434101,342.11944767,34.616376588,0.0
189.87986091,362.411457529,34.616376588,0.0
145.825805559,98.3817825306,34.616376588,0.0
39.0469664728,338.257493204,34.616376588,0.0
117.0288851,370.218927044,34.616376588,0.0
317.444964952,436.232773156,34.616376588,0.0
53.8327050107,182.909438757,34.616376588,0.0
204.702266004,433.060045641,34.616376588,0.0
292.717279278,178.350560841,34.616376588,0.0
456.933686047,167.071915169,34.616376588,0.0
@ 80 10 0.0873362445415 0.157966677146
290.243485028,105.362950616,42.575758003,0.0
436.013231557,367.109722217,42.575758003,0.0
451.725628649,163.314199959,42.575758003,0.0
185.866977561,121.89170383,42.575758003,0.0
247.249907311,292.849528046,42.575758003,0.0
52.6683840536,93.677653681,42.575758003,0.0
352.606750556,212.80952672,42.575758003,0.0
243.144366532,446.275397565,42.575758003,0.0
116.828500299,262.546834123,42.575758003,0.0
305.794099482,368.937602465,42.575758003,0.0
139.610287045,360.916649136,42.575758003,0.0
@ 90 10 0.0873362445415 0.238961010719
408.731719545,56.2446194375,43.6215570198,0.0
61.5036921834,242.975918084,43.6215570198,0.0
126.567208045,180.925214849,43.6215570198,0.0
181.865875922,317.217688654,43.6215570198,0.0
268.881885547,179.749612994,43.6215570198,0.0
60.0586169426,416.274002843,43.6215570198,0.0
296.642454691,313.814014358,43.6215570198,0.0
421.398253574,442.548950211,43.6215570198,0.0
388.994865704,309.148218006,43.6215570198,0.0
198.781590837,109.035635077,43.6215570198,0.0
453.447277589,178.563856953,43.6215570198,0.0
@ 100 10 0.0873362445415 0.250844507049
173.360328022,437.825655596,49.8243900668,0.0
274.494917988,457.47502202,49.8243900668,0.0
330.043754179,341.153515911,49.8243900668,0.0
340.154273877,241.991773985,49.8243900668,0.0
104.761219503,70.1551902713,49.8243900668,0.0
69.3976819767,432.118180903,49.8243900668,0.0
312.865698462,55.7012640073,49.8243900668,0.0
455.1156015,101.445043856,49.8243900668,0.0
230.699210089,117.356219105,49.8243900668,0.0
446.762786348,430.95664405,49.8243900668,0.0
106.970533115,216.294383674,49.8243900668,0.0
@ 110 10 0.0940354648039 0.327254970025
174.022067759,310.352180898,49.9431116186,0.0
298.642151638,331.945978899,49.9431116186,0.0
73.0090286718,409.944733797,49.9431116186,0.0
52.4803121309,178.667388985,49.9431116186,0.0
335.276791448,450.736903103,49.9431116186,0.0
283.534982219,51.1656714054,49.9431116186,0.0
435.577936168,388.876328723,49.9431116186,0.0
434.052994603,284.616877726,49.9431116186,0.0
358.909103312,213.191342219,49.9431116186,0.0
429.378233869,60.6874127084,49.9431116186,0.0
202.338849107,189.075571233,49.9431116186,0.0
@ 120 10 0.0940354648039 0.328816394314
157.690536982,177.336351831,38.7946885336,0.0
375.067350169,306.797324982,38.7946885336,0.0
192.745089636,382.531959511,38.7946885336,0.0
40.8340087475,209.63345677,38.7946885336,0.0
353.731320141,216.515040615,38.7946885336,0.0
377.5388288,450.946837895,38.7946885336,0.0
76.7291098529,406.995740811,38.7946885336,0.0
269.254450934,39.4901985848,38.7946885336,0.0
384.715848953,125.544591814,38.7946885336,0.0
467.724099062,456.782003509,38.7946885336,0.0
248.869096274,126.188321611,38.7946885336,0.0
@ 130 10 0.0940354648039 0.198402348202
40.3343400499,327.140599492,36.6580122414,0.0
446.048215311,256.116741487,36.6580122414,0.0
137.253227894,173.416427906,36.6580122414,0.0
350.169087312,367.057512855,36.6580122414,0.0
364.064198353,79.0643065329,36.6580122414,0.0
159.218676938,55.8600801846,36.6580122414,0.0
49.1983400116,118.7807403,36.6580122414,0.0
185.91636415,445.432487188,36.6580122414,0.0
330.940974635,288.671410717,36.6580122414,0.0
227.837051928,128.66541044,36.6580122414,0.0
466.561029516,379.153440939,36.6580122414,0.0
@ 140 10 0.0940354648039 0.17714956608
303.108596349,332.339156916,42.8270095974,0.0
102.305936666,288.918691182,42.8270095974,0.0
368.559393099,184.632590135,42.8270095974,0.0
464.476036865,201.98660934,42.8270095974,0.0
257.725985789,136.002853935,42.8270095974,0.0
425.386247165,363.652459898,42.8270095974,0.0
440.516695915,98.9742493753,42.8270095974,0.0
241.099845591,452.314314295,42.8270095974,0.0
284.398913454,47.4663679745,42.8270095974,0.0
128.911617246,112.209050447,42.8270095974,0.0
71.7686359617,376.233599429,42.8270095974,0.0
@ 150 10 0.0940354648039 0.241789685643
450.306852497,333.307627437,42.060141838,0.0
352.782173298,351.578579399,42.060141838,0.0
127.16298597,327.433993776,42.060141838,0.0
182.75951121,254.774638439,42.060141838,0.0
423.687685055,205.486547438,42.060141838,0.0
382.246763612,99.3375496065,42.060141838,0.0
365.914466197,468.929322893,42.060141838,0.0
438.433245456,423.749790792,42.060141838,0.0
55.3663784758,62.5843486423,42.060141838,0.0
209.263674125,162.24185812,42.060141838,0.0
293.161733395,174.647383239,42.060141838,0.0
@ 160 10 0.0940354648039 0.233208155963
460.172771906,418.029470371,41.1181100478,0.0
262.82858796,397.520718173,41.1181100478,0.0
49.6084431632,150.804516164,41.1181100478,0.0
133.114144156,83.7398407754,41.1181100478,0.0
213.487162704,167.464997995,41.1181100478,0.0
56.6436115755,292.967759251,41.1181100478,0.0
42.60388535,459.594394021,41.1181100478,0.0
158.578279505,470.311379368,41.1181100478,0.0
347.652913417,414.908883719,41.1181100478,0.0
395.465203542,132.815596487,41.1181100478,0.0
304.321618681,75.3523819047,41.1181100478,0.0
@ 170 10 0.0940354648039 0.222878695997
107.994377413,458.458038626,37.476475385,0.0
55.8827687151,223.032643206,37.476475385,0.0
353.44957646,431.863971949,37.476475385,0.0
312.763355436,48.9038942434,37.476475385,0.0
138.423881273,40.6501970977,37.476475385,0.0
368.492090854,209.543681706,37.476475385,0.0
142.702904186,281.45751829,37.476475385,0.0
336.667377038,139.384392007,37.476475385,0.0
235.613945611,219.37667879,37.476475385,0.0
442.376639047,105.718000979,37.476475385,0.0
348.794847736,283.842977455,37.476475385,0.0
@ 180 10 0.0940354648039 0.185148308042
110.707888679,354.130155777,36.572006807,0.0
312.932340323,62.9031762094,36.572006807,0.0
196.894644694,219.047465862,36.572006807,0.0
75.4355973597,447.696624253,36.572006807,0.0
338.153838973,302.160186124,36.572006807,0.0
151.167451328,134.769831983,36.572006807,0.0
417.156192373,87.759908049,36.572006807,0.0
229.872214614,84.3632907727,36.572006807,0.0
311.551178894,205.246790041,36.572006807,0.0
251.142116299,322.733602105,36.572006807,0.0
42.7166705814,175.568508608,36.572006807,0.0
@ 190 10 0.0940354648039 0.176319299972
151.288331455,204.853840685,49.4321368538,0.0
76.2790923737,360.659202713,49.4321368538,0.0
118.235873833,76.5562857699,49.4321368538,0.0
451.139418909,271.608783633,49.4321368538,0.0
329.91188797,232.887756341,49.4321368538,0.0
398.079287035,100.153664315,49.4321368538,0.0
388.124795776,375.655208262,49.4321368538,0.0
189.441699431,366.285730648,49.4321368538,0.0
50.9662438277,196.57589911,49.4321368538,0.0
63.8694629981,458.8211047,49.4321368538,0.0
270.005889023,149.583977311,49.4321368538,0.0
@ 200 10 0.0940354648039 0.322122483079
184.019269159,278.38368958,41.310872227,0.0
84.8548315832,444.641883968,41.310872227,0.0
335.547782877,171.785396675,41.310872227,0.0
101.404522632,75.9786922171,41.310872227,0.0
417.253150749,146.039879896,41.310872227,0.0
129.006087631,159.774913153,41.310872227,0.0
203.168808196,56.8967645795,41.310872227,0.0
309.296074443,58.2889365073,41.310872227,0.0
317.075297131,380.242887276,41.310872227,0.0
447.013632919,238.795133794,41.310872227,0.0
234.503608876,415.129172432,41.310872227,0.0
@ 210 10 0.101847810272 0.224973310154
330.962887767,368.692966201,42.6894449225,0.0
50.4272255029,248.228713966,42.6894449225,0.0
351.351063055,193.568111314,42.6894449225,0.0
272.848305677,152.844197571,42.6894449225,0.0
429.377749618,449.568304751,42.6894449225,0.0
152.443987858,179.13742881,42.6894449225,0.0
200.441069266,52.7329909457,42.6894449225,0.0
222.266453078,375.246445062,42.6894449225,0.0
50.7570804004,42.8978289024,42.6894449225,0.0
410.63824787,53.4023235431,42.6894449225,0.0
69.6554478747,149.678327752,42.6894449225,0.0
@ 220 10 0.101847810272 0.24023887461
71.5695001722,435.603281091,45.5820286331,0.0
226.421708161,46.9209146111,45.5820286331,0.0
144.725454876,235.152130945,45.5820286331,0.0
275.442564029,317.935635885,45.5820286331,0.0
260.000291854,430.9082292,45.5820286331,0.0
83.491353763,155.63249964,45.5820286331,0.0
150.349364387,329.572051777,45.5820286331,0.0
452.875782858,426.816090799,45.5820286331,0.0
358.482301761,121.323815509,45.5820286331,0.0
451.23023613,238.450633493,45.5820286331,0.0
224.062194667,179.375390563,45.5820286331,0.0
@ 230 10 0.101847810272 0.273898446018
323.278462558,268.531419426,40.3203725043,0.0
443.546670623,454.14079046,40.3203725043,0.0
52.9388750243,200.377477616,40.3203725043,0.0
295.607768147,375.985661945,40.3203725043,0.0
212.522099259,378.910161637,40.3203725043,0.0
302.51202657,178.624436287,40.3203725043,0.0
377.670097477,374.043014566,40.3203725043,0.0
74.2354737949,334.952092791,40.3203725043,0.0
220.797138879,211.533353406,40.3203725043,0.0
439.38476172,167.487022062,40.3203725043,0.0
163.790600885,460.435469737,40.3203725043,0.0
@ 240 10 0.101847810272 0.214314393995
217.012214635,52.1510613176,46.6905850755,0.0
308.622993627,203.284644895,46.6905850755,0.0
212.459610393,431.925855382,46.6905850755,0.0
113.595885252,154.260723735,46.6905850755,0.0
415.025134402,455.737308087,46.6905850755,0.0
455.775916307,88.4602070988,46.6905850755,0.0
427.938730645,258.729220682,46.6905850755,0.0
338.307687655,91.2952932298,46.6905850755,0.0
236.063062469,266.885218156,46.6905850755,0.0
101.01754047,293.665497605,46.6905850755,0.0
109.469254265,460.49195084,46.6905850755,0.0
@ 250 10 0.101847810272 0.287382885605
280.519339367,448.339276472,33.7472595807,0.0
101.422007038,427.954346509,33.7472595807,0.0
386.674073321,400.293172194,33.7472595807,0.0
328.112310832,78.9796721902,33.7472595807,0.0
223.796239955,388.967363811,33.7472595807,0.0
52.7404052235,110.680722886,33.7472595807,0.0
416.173465583,146.479888421,33.7472595807,0.0
263.71209387,331.901176529,33.7472595807,0.0
241.298050561,170.883757901,33.7472595807,0.0
437.849489426,257.193624121,33.7472595807,0.0
456.898429697,36.6678237736,33.7472595807,0.0
@ 260 10 0.101847810272 0.150134082134
238.998737445,129.416553265,48.8623557562,0.0
350.369070079,65.4982998764,48.8623557562,0.0
438.889013959,110.656927359,48.8623557562,0.0
299.398391033,235.665019381,48.8623557562,0.0
317.809416573,457.4759066,48.8623557562,0.0
140.592932739,442.257074985,48.8623557562,0.0
52.0370667815,359.454759029,48.8623557562,0.0
51.1984884863,53.8871714076,48.8623557562,0.0
419.198809541,330.332009965,48.8623557562,0.0
428.117896535,434.256838594,48.8623557562,0.0
122.37464908,248.64070832,48.8623557562,0.0
@ 270 10 0.101847810272 0.314739370481
396.31947266,135.766498294,45.6529196997,0.0
90.8277070844,241.100649329,45.6529196997,0.0
421.27993816,464.087802416,45.6529196997,0.0
117.842172538,119.695874402,45.6529196997,0.0
164.571477205,454.743604092,45.6529196997,0.0
183.959394476,358.158508613,45.6529196997,0.0
323.950916039,244.5724812,45.6529196997,0.0
402.911595214,369.267956708,45.6529196997,0.0
58.8508501244,402.87309453,45.6529196997,0.0
270.533358664,401.667538743,45.6529196997,0.0
296.261967672,123.099981202,45.6529196997,0.0
@ 280 10 0.101847810272 0.274751065027
432.615738929,434.774689973,43.7878952773,0.0
223.29540062,76.2173334642,43.7878952773,0.0
363.776565485,61.7011710302,43.7878952773,0.0
346.501605422,212.108406114,43.7878952773,0.0
267.633420885,426.778733774,43.7878952773,0.0
446.424360678,109.533701338,43.7878952773,0.0
88.1795591599,446.649166948,43.7878952773,0.0
441.562966206,243.390785787,43.7878952773,0.0
209.257234891,284.578543194,43.7878952773,0.0
178.798241911,424.366254307,43.7878952773,0.0
318.090310679,315.743057334,43.7878952773,0.0
@ 290 10 0.101847810272 0.252761201192
371.465087631,63.0083658033,47.3100774953,0.0
87.3558444789,353.613096402,47.3100774953,0.0
387.825108482,210.486587249,47.3100774953,0.0
201.748154104,189.425571356,47.3100774953,0.0
58.9997087716,457.272762901,47.3100774953,0.0
233.560458484,90.1806398183,47.3100774953,0.0
454.727099232,112.5685589,47.3100774953,0.0
372.193307661,306.056269462,47.3100774953,0.0
196.920890088,305.984221083,47.3100774953,0.0
58.9532598891,233.909745744,47.3100774953,0.0
167.725608885,434.847239514,47.3100774953,0.0
@ 300 10 0.101847810272 0.295059490357
212.941981904,352.560570967,45.1645762277,0.0
49.9287159568,182.991093501,45.1645762277,0.0
83.2782592242,456.242731054,45.1645762277,0.0
187.902608395,85.5243952877,45.1645762277,0.0
333.792151807,222.042778866,45.1645762277,0.0
64.3715602939,46.0912444296,45.1645762277,0.0
450.721776869,394.002174541,45.1645762277,0.0
100.153310965,335.163686884,45.1645762277,0.0
354.001396793,336.751281231,45.1645762277,0.0
348.814726057,449.13219046,45.1645762277,0.0
210.951799382,444.724565239,45.1645762277,0.0
@ 310 10 0.111075848937 0.268904548539
177.384354991,445.68580979,40.9190696904,0.0
276.823363508,218.24559491,40.9190696904,0.0
417.578167844,426.692807202,40.9190696904,0.0
52.2713179507,188.210483991,40.9190696904,0.0
267.078769557,43.8787371923,40.9190696904,0.0
291.621332741,305.694493876,40.9190696904,0.0
359.421634661,238.644702478,40.9190696904,0.0
458.332833898,239.320284014,40.9190696904,0.0
126.018019445,131.240720207,40.9190696904,0.0
352.686114861,112.959880127,40.9190696904,0.0
465.165878697,67.2739382325,40.9190696904,0.0
@ 320 10 0.111075848937 0.220726141609
277.505517215,441.25807797,49.5696461198,0.0
353.97199343,219.652963186,49.5696461198,0.0
324.398701169,66.4841725719,49.5696461198,0.0
456.005795529,107.885255405,49.5696461198,0.0
209.336326335,308.819078069,49.5696461198,0.0
365.732422025,326.036109229,49.5696461198,0.0
451.277147733,423.128745293,49.5696461198,0.0
147.32065376,396.481452443,49.5696461198,0.0
125.149605103,251.793906927,49.5696461198,0.0
451.583659525,241.192130514,49.5696461198,0.0
268.377329336,159.127498927,49.5696461198,0.0
@ 330 10 0.111075848937 0.323917122689
129.457050949,465.354101588,36.2670576197,0.0
91.2970922774,339.434603459,36.2670576197,0.0
78.8258549594,154.933966684,36.2670576197,0.0
359.132463814,161.924266016,36.2670576197,0.0
421.441443372,221.104562853,36.2670576197,0.0
429.03748637,47.5703402837,36.2670576197,0.0
418.641469331,475.099465946,36.2670576197,0.0
440.416215932,334.575922015,36.2670576197,0.0
158.97151837,201.752770916,36.2670576197,0.0
391.872645011,406.70568993,36.2670576197,0.0
276.728422956,357.825296035,36.2670576197,0.0
@ 340 10 0.111075848937 0.17339114466
312.444975853,466.641467255,38.9667646697,0.0
248.266732621,178.842931899,38.9667646697,0.0
222.766841546,397.058536086,38.9667646697,0.0
53.1825067351,386.512341469,38.9667646697,0.0
116.658235745,182.472907074,38.9667646697,0.0
303.181299611,387.04791644,38.9667646697,0.0
107.337243795,45.5941132714,38.9667646697,0.0
437.978021257,162.558483838,38.9667646697,0.0
175.693602905,293.549245285,38.9667646697,0.0
80.563973432,300.851044357,38.9667646697,0.0
467.233228613,322.137605617,38.9667646697,0.0
@ 350 10 0.111075848937 0.200166302312
403.791978882,438.295458178,45.3808591479,0.0
94.6510438681,455.889626297,45.3808591479,0.0
448.697981933,358.811435487,45.3808591479,0.0
62.959656789,228.912537978,45.3808591479,0.0
196.101173801,196.973968069,45.3808591479,0.0
87.434747702,108.276531009,45.3808591479,0.0
216.176862887,87.0677067398,45.3808591479,0.0
308.030236231,408.517182658,45.3808591479,0.0
299.822321972,173.608532765,45.3808591479,0.0
348.846771638,316.946657586,45.3808591479,0.0
434.203056325,112.403928586,45.3808591479,0.0
@ 360 10 0.111075848937 0.271486161037
88.0480371105,331.009073779,47.0704028194,0.0
255.794973539,458.371193979,47.0704028194,0.0
363.233108144,81.3296840791,47.0704028194,0.0
262.491731005,50.00188858,47.0704028194,0.0
181.258273129,199.341391612,47.0704028194,0.0
226.57817562,290.649384433,47.0704028194,0.0
313.508508251,218.000008559,47.0704028194,0.0
72.1909025328,228.461061078,47.0704028194,0.0
353.026285331,331.126719453,47.0704028194,0.0
424.041396612,459.244149869,47.0704028194,0.0
462.2873946,216.326648853,47.0704028194,0.0
@ 370 10 0.111075848937 0.292077497484
176.870662442,209.038446163,53.158430864,0.0
257.603775437,453.622604664,53.158430864,0.0
430.792113898,277.562211584,53.158430864,0.0
221.847281703,310.680072152,53.158430864,0.0
413.133490311,97.243854555,53.158430864,0.0
281.407185644,121.090278244,53.158430864,0.0
147.203606915,452.486944408,53.158430864,0.0
328.804228227,243.378218476,53.158430864,0.0
195.21724865,56.3274414083,53.158430864,0.0
111.681871429,343.293691,53.158430864,0.0
360.859563253,419.118959819,53.158430864,0.0
@ 380 10 0.111075848937 0.372517410097
248.315314327,434.276867624,53.9226268348,0.0
108.971075733,290.24628026,53.9226268348,0.0
331.95043462,264.878073388,53.9226268348,0.0
405.766773047,175.991999115,53.9226268348,0.0
84.9381302979,72.1106881447,53.9226268348,0.0
455.448795236,456.001053795,53.9226268348,0.0
450.48536242,293.161367641,53.9226268348,0.0
57.5862756602,423.876517417,53.9226268348,0.0
217.375422806,218.130824116,53.9226268348,0.0
431.344929341,59.7248324734,53.9226268348,0.0
209.523880687,105.196520389,53.9226268348,0.0
@ 390 10 0.111075848937 0.383304881687
84.3261715379,462.752817577,48.152796242,0.0
151.841887513,183.814571642,48.152796242,0.0
336.573175348,425.036023053,48.152796242,0.0
456.341825964,60.8168152449,48.152796242,0.0
168.023549801,50.4171531366,48.152796242,0.0
124.677588456,282.260919931,48.152796242,0.0
259.462268495,347.883275664,48.152796242,0.0
61.0080229941,102.62998283,48.152796242,0.0
277.991597255,250.444041789,48.152796242,0.0
268.7294014,50.1772481168,48.152796242,0.0
449.840179462,281.245396637,48.152796242,0.0
@ 400 10 0.111075848937 0.305664704152
327.571050181,438.110488723,45.1885898486,0.0
66.3853500063,445.25559777,45.1885898486,0.0
154.20842198,183.454256699,45.1885898486,0.0
299.101356571,149.744739068,45.1885898486,0.0
403.402851423,365.779945201,45.1885898486,0.0
424.049573677,211.238371431,45.1885898486,0.0
69.2207253436,57.2591326194,45.1885898486,0.0
219.399115938,45.9394341562,45.1885898486,0.0
296.785963797,263.512072561,45.1885898486,0.0
451.093909711,458.865334173,45.1885898486,0.0
102.809911036,340.871290928,45.1885898486,0.0
@ 410 10 0.122142732507 0.269190573078
245.397284636,174.291203002,41.199316836,0.0
161.293587378,126.552032527,41.199316836,0.0
393.344332318,289.653753059,41.199316836,0.0
284.716534949,358.097957223,41.199316836,0.0
70.0158765335,374.032663254,41.199316836,0.0
143.064703046,239.594101898,41.199316836,0.0
339.196094873,202.377229992,41.199316836,0.0
288.906954528,453.835888883,41.199316836,0.0
372.570382086,75.8589952118,41.199316836,0.0
44.2340399848,83.5514555835,41.199316836,0.0
178.330026407,441.021097122,41.199316836,0.0
@ 420 10 0.122142732507 0.223759920147
270.288495929,336.380655489,46.3648777563,0.0
401.715708931,81.7781958754,46.3648777563,0.0
229.8191235,65.2672704926,46.3648777563,0.0
406.350256262,448.169445026,46.3648777563,0.0
228.961228296,249.77566982,46.3648777563,0.0
91.3105470575,268.138598347,46.3648777563,0.0
298.826556686,178.278806941,46.3648777563,0.0
149.34586906,417.9069723,46.3648777563,0.0
352.40275262,276.399028363,46.3648777563,0.0
76.3768489406,171.946035697,46.3648777563,0.0
57.2137034259,388.488081078,46.3648777563,0.0
@ 430 10 0.122142732507 0.28338738077
227.650918728,121.689158276,43.5334454095,0.0
455.066163166,172.978852238,43.5334454095,0.0
320.911174823,142.738678265,43.5334454095,0.0
220.785122298,236.862806478,43.5334454095,0.0
275.127657366,44.3051095203,43.5334454095,0.0
273.141214938,308.816261742,43.5334454095,0.0
368.961674833,285.088358263,43.5334454095,0.0
465.459090807,365.577854366,43.5334454095,0.0
122.809503621,313.789222324,43.5334454095,0.0
376.936106949,431.898602196,43.5334454095,0.0
49.6675508478,241.360482998,43.5334454095,0.0
@ 440 10 0.122142732507 0.24983216395
262.779238401,245.034962399,45.7978960582,0.0
329.718249239,376.111150509,45.7978960582,0.0
139.825782418,339.634744467,45.7978960582,0.0
160.541156376,463.331786807,45.7978960582,0.0
91.9832827255,66.6461757722,45.7978960582,0.0
362.94900435,158.927174521,45.7978960582,0.0
439.835869436,100.762577658,45.7978960582,0.0
233.923119341,75.4605192287,45.7978960582,0.0
412.738764485,262.025968627,45.7978960582,0.0
54.3798145625,409.601050975,45.7978960582,0.0
183.183899717,169.056013909,45.7978960582,0.0
@ 450 10 0.122142732507 0.276498846131
393.867095041,250.009887456,44.6642525627,0.0
80.7059746185,371.325103281,44.6642525627,0.0
322.914734076,431.21480982,44.6642525627,0.0
211.840602831,407.391085848,44.6642525627,0.0
433.291280995,358.940943884,44.6642525627,0.0
129.883036757,100.895813773,44.6642525627,0.0
124.493872159,460.83209352,44.6642525627,0.0
453.254118615,136.392152128,44.6642525627,0.0
461.388615921,464.291804119,44.6642525627,0.0
283.119344563,196.168309297,44.6642525627,0.0
60.4532655981,184.090208584,44.6642525627,0.0
@ 460 10 0.122142732507 0.262979811881
252.471506354,380.917972794,41.3209045301,0.0
154.991036589,222.605046012,41.3209045301,0.0
84.3724162976,269.872208278,41.3209045301,0.0
71.5611402812,463.42349141,41.3209045301,0.0
131.223133885,387.543785676,41.3209045301,0.0
353.694454291,251.345722151,41.3209045301,0.0
355.167755428,61.0515028778,41.3209045301,0.0
358.692826423,437.824185618,41.3209045301,0.0
449.202509247,351.263834329,41.3209045301,0.0
435.969488493,200.919903582,41.3209045301,0.0
198.503077373,104.258956424,41.3209045301,0.0
@ 470 10 0.122142732507 0.225082592498
397.093668919,440.067457366,39.9517796864,0.0
325.287761124,169.156831587,39.9517796864,0.0
47.3797747603,215.765830594,39.9517796864,0.0
428.209441597,145.496832468,39.9517796864,0.0
199.809735342,221.207545345,39.9517796864,0.0
457.061814186,320.248218602,39.9517796864,0.0
76.4530516264,314.458504801,39.9517796864,0.0
150.069517756,92.5993674853,39.9517796864,0.0
165.39115733,444.0796785,39.9517796864,0.0
355.335782983,276.093906018,39.9517796864,0.0
463.09226722,60.9984510773,39.9517796864,0.0
@ 480 10 0.122142732507 0.210413950014
207.110016626,144.376394552,44.9273376199,0.0
399.058005248,204.221333958,44.9273376199,0.0
305.246578257,203.372359509,44.9273376199,0.0
70.1302089291,356.962622785,44.9273376199,0.0
64.614859085,183.495040536,44.9273376199,0.0
459.655032294,350.937335342,44.9273376199,0.0
356.516903924,321.354180335,44.9273376199,0.0
308.837554608,445.463394218,44.9273376199,0.0
103.250531983,101.042745234,44.9273376199,0.0
241.379925104,325.03017934,44.9273376199,0.0
201.277099485,417.979877407,44.9273376199,0.0
@ 490 10 0.122142732507 0.26608698675
466.148940217,332.30987195,44.143906555,0.0
67.8911114231,330.942700847,44.143906555,0.0
365.362816662,280.459679866,44.143906555,0.0
290.523724374,462.469659668,44.143906555,0.0
198.060997819,104.242881078,44.143906555,0.0
323.021892201,75.9217089719,44.143906555,0.0
293.507037736,172.765324664,44.143906555,0.0
106.368988302,110.709627305,44.143906555,0.0
392.569680106,137.271758196,44.143906555,0.0
370.345466231,401.44379988,44.143906555,0.0
154.724494566,188.216562422,44.143906555,0.0
@ 500 10 0.122142732507 0.256887987656
432.241969941,468.52035793,43.4274374217,0.0
154.113865545,271.446071304,43.4274374217,0.0
53.6279963869,237.982737004,43.4274374217,0.0
259.02234572,248.450293668,43.4274374217,0.0
432.077318883,311.751883669,43.4274374217,0.0
68.0448795815,114.051554076,43.4274374217,0.0
267.514621129,452.043591533,43.4274374217,0.0
91.9053155577,421.254735009,43.4274374217,0.0
421.559787574,140.349933971,43.4274374217,0.0
179.617553972,356.934619773,43.4274374217,0.0
353.995693896,373.331270643,43.4274374217,0.0
@ 510 10 0.135658914729 0.248616916272
412.662200955,337.462167389,45.3979514506,0.0
398.000502804,456.113062821,45.3979514506,0.0
436.426841774,143.395872171,45.3979514506,0.0
113.949048215,336.712812825,45.3979514506,0.0
240.006971388,107.615764621,45.3979514506,0.0
92.4860090655,151.490823227,45.3979514506,0.0
134.218895551,461.370438465,45.3979514506,0.0
344.94309213,120.183813684,45.3979514506,0.0
260.383992845,383.940136437,45.3979514506,0.0
216.52741445,223.649218189,45.3979514506,0.0
80.1240476237,47.5935263913,45.3979514506,0.0
@ 520 10 0.135658914729 0.271690705314
114.478745882,63.2063073599,49.0808620267,0.0
181.138076901,369.561446403,49.0808620267,0.0
438.297980346,321.621901162,49.0808620267,0.0
378.481940073,447.10642985,49.0808620267,0.0
279.787395076,413.09380518,49.0808620267,0.0
393.707026145,88.5943188075,49.0808620267,0.0
303.811654981,130.805906552,49.0808620267,0.0
385.152448138,200.572192769,49.0808620267,0.0
297.413529189,292.714307926,49.0808620267,0.0
110.234480798,441.643092343,49.0808620267,0.0
82.2727746322,341.561396946,49.0808620267,0.0
@ 530 10 0.135658914729 0.317560613786
383.119117592,90.1193977551,54.9062396937,0.0
309.45175769,315.953455628,54.9062396937,0.0
65.2836149223,292.24090209,54.9062396937,0.0
259.632019566,174.886999929,54.9062396937,0.0
431.71584604,385.993186749,54.9062396937,0.0
434.154086886,226.746648452,54.9062396937,0.0
193.372080067,339.108259013,54.9062396937,0.0
168.832376716,77.7367264666,54.9062396937,0.0
88.4303781276,163.494227855,54.9062396937,0.0
121.633294146,430.698485961,54.9062396937,0.0
279.483436213,434.545936467,54.9062396937,0.0
@ 540 10 0.135658914729 0.397416296965
284.347004182,118.666768767,45.6240808493,0.0
322.875385999,422.033460529,45.6240808493,0.0
165.302422119,71.2085581012,45.6240808493,0.0
65.4373791895,286.508151605,45.6240808493,0.0
378.487535158,59.0724921713,45.6240808493,0.0
441.464971526,422.131892332,45.6240808493,0.0
439.308927826,325.851978062,45.6240808493,0.0
163.729004997,436.374942782,45.6240808493,0.0
157.511090971,312.565019531,45.6240808493,0.0
55.1252890424,101.17343952,45.6240808493,0.0
315.391000071,253.894577459,45.6240808493,0.0
@ 550 10 0.135658914729 0.274404055359
421.191155665,63.5519783001,50.8466801753,0.0
448.380515046,224.9113932,50.8466801753,0.0
341.178476128,442.9117243,50.8466801753,0.0
75.8693667798,189.019766546,50.8466801753,0.0
177.713679722,455.063056186,50.8466801753,0.0
239.367498289,100.136295873,50.8466801753,0.0
238.458980588,330.893750996,50.8466801753,0.0
51.9461100799,290.468755551,50.8466801753,0.0
428.72560972,328.495504122,50.8466801753,0.0
74.6217591191,461.076366168,50.8466801753,0.0
236.850640907,210.072928825,50.8466801753,0.0
@ 560 10 0.135658914729 0.340821885316
333.082112369,392.719270947,44.9874438818,0.0
47.9562832236,465.550115664,44.9874438818,0.0
102.309206887,352.090803206,44.9874438818,0.0
178.133613273,175.544454362,44.9874438818,0.0
373.101756486,75.873619975,44.9874438818,0.0
431.738068172,400.155108086,44.9874438818,0.0
96.3665780713,111.056047779,44.9874438818,0.0
212.261090507,314.834104834,44.9874438818,0.0
270.086154768,121.448653609,44.9874438818,0.0
313.090836095,281.997338763,44.9874438818,0.0
458.074526025,200.901427047,44.9874438818,0.0
@ 570 10 0.135658914729 0.266799434604
439.234607126,180.848971022,44.7349889131,0.0
80.2988475586,271.430059615,44.7349889131,0.0
253.36887384,179.420469061,44.7349889131,0.0
345.824839986,190.527828244,44.7349889131,0.0
285.178121926,367.744273598,44.7349889131,0.0
248.47504075,282.596820403,44.7349889131,0.0
304.336042594,61.0326015638,44.7349889131,0.0
372.033056843,303.326229129,44.7349889131,0.0
58.1607085656,97.3803526123,44.7349889131,0.0
100.112194856,404.595860204,44.7349889131,0.0
138.735952645,147.040912192,44.7349889131,0.0
@ 580 10 0.135658914729 0.263813452278
88.6051145141,329.816632056,40.8453894508,0.0
294.739325859,126.412221354,40.8453894508,0.0
447.145306771,391.465410885,40.8453894508,0.0
411.98019058,40.9531955818,40.8453894508,0.0
247.825744272,331.060602761,40.8453894508,0.0
457.691815525,241.1861119,40.8453894508,0.0
288.420515291,212.533698065,40.8453894508,0.0
174.825579353,388.622257812,40.8453894508,0.0
69.7271967951,435.917690098,40.8453894508,0.0
156.745600262,47.621561361,40.8453894508,0.0
461.194830093,125.069073267,40.8453894508,0.0
@ 590 10 0.135658914729 0.219931963582
88.9122425983,434.010098429,41.9108168994,0.0
71.0210463266,137.64358688,41.9108168994,0.0
232.338253313,207.578016882,41.9108168994,0.0
267.298459206,289.523458547,41.9108168994,0.0
54.937947151,51.6529115808,41.9108168994,0.0
460.821620246,115.212694617,41.9108168994,0.0
47.6338320913,309.102815597,41.9108168994,0.0
243.814079854,406.025608882,41.9108168994,0.0
305.984833609,118.483105175,41.9108168994,0.0
458.395433423,223.813153852,41.9108168994,0.0
150.51467549,53.5422251509,41.9108168994,0.0
@ 600 10 0.135658914729 0.231555190706
111.394108348,379.762808093,46.8344174764,0.0
373.668914936,96.7442765636,46.8344174764,0.0
457.267847676,337.681700448,46.8344174764,0.0
285.67954702,49.2685439758,46.8344174764,0.0
164.365787813,267.833118596,46.8344174764,0.0
217.004312993,453.389200994,46.8344174764,0.0
340.477625228,295.18536538,46.8344174764,0.0
394.259669504,215.084561238,46.8344174764,0.0
116.561597268,49.1335602989,46.8344174764,0.0
142.924030117,163.954839148,46.8344174764,0.0
317.085519932,407.868497962,46.8344174764,0.0
@ 610 10 0.152538679451 0.289156204035
137.814876501,312.724672947,52.0013075829,0.0
455.213459101,153.179863907,52.0013075829,0.0
86.2944123874,75.8018469232,52.0013075829,0.0
334.247776171,237.356680177,52.0013075829,0.0
352.212842811,57.9323606826,52.0013075829,0.0
404.11354866,317.428771162,52.0013075829,0.0
207.103080529,72.3930369691,52.0013075829,0.0
218.244119279,234.047943899,52.0013075829,0.0
58.4861499109,383.858001204,52.0013075829,0.0
430.442272812,455.110709259,52.0013075829,0.0
246.873639104,380.363112513,52.0013075829,0.0
@ 620 10 0.152538679451 0.356476411608
455.564917757,213.110462621,50.3227689658,0.0
181.616050573,116.968766942,50.3227689658,0.0
352.741355148,450.704948584,50.3227689658,0.0
62.0993752254,431.856084183,50.3227689658,0.0
402.453358011,74.6969111961,50.3227689658,0.0
162.555702254,398.440847416,50.3227689658,0.0
219.705095101,211.172953322,50.3227689658,0.0
83.6519036843,62.3998608452,50.3227689658,0.0
330.346862465,198.978245096,50.3227689658,0.0
282.331700698,291.662469351,50.3227689658,0.0
405.594458928,320.392220783,50.3227689658,0.0
@ 630 10 0.152538679451 0.333834586042
195.3498327,353.845133235,46.4571090016,0.0
70.9451763131,231.883472278,46.4571090016,0.0
428.452876422,226.535627674,46.4571090016,0.0
294.147706694,301.522780181,46.4571090016,0.0
200.261542786,242.339437055,46.4571090016,0.0
406.244308393,415.353190696,46.4571090016,0.0
254.978735193,433.296055524,46.4571090016,0.0
47.621221155,66.6577251764,46.4571090016,0.0
400.961541593,317.547845104,46.4571090016,0.0
229.239858876,94.8844460402,46.4571090016,0.0
364.340926635,128.836806222,46.4571090016,0.0
@ 640 10 0.152538679451 0.284515957785
66.4110233956,139.985959023,46.1273280533,0.0
133.677867551,385.520638817,46.1273280533,0.0
270.801010604,352.909334028,46.1273280533,0.0
273.7461757,259.5336,46.1273280533,0.0
366.826566771,305.81172599,46.1273280533,0.0
232.904028751,51.7430461008,46.1273280533,0.0
46.5902952809,332.538255812,46.1273280533,0.0
427.267386581,124.056788941,46.1273280533,0.0
198.880850085,151.249468064,46.1273280533,0.0
320.891975038,159.032476482,46.1273280533,0.0
448.211139254,442.320248985,46.1273280533,0.0
@ 650 10 0.152538679451 0.280490958368
325.721556304,254.988604532,44.02893534,0.0
303.894779174,136.541730513,44.02893534,0.0
302.644662942,364.055964103,44.02893534,0.0
189.748886675,440.395153336,44.02893534,0.0
375.36681187,61.7937335081,44.02893534,0.0
118.127911845,314.175821072,44.02893534,0.0
452.469481325,321.533073115,44.02893534,0.0
103.609354221,181.655754014,44.02893534,0.0
370.77741449,433.847737974,44.02893534,0.0
45.057117824,373.978870979,44.02893534,0.0
95.8215335251,464.319733129,44.02893534,0.0
@ 660 10 0.152538679451 0.25555161916
303.771476964,219.165274697,41.8196279332,0.0
202.626143598,138.46573283,41.8196279332,0.0
387.904091954,467.212053538,41.8196279332,0.0
287.08982987,329.735032583,41.8196279332,0.0
288.481233918,126.768273445,41.8196279332,0.0
450.826578448,201.17728691,41.8196279332,0.0
467.842225967,99.651455208,41.8196279332,0.0
293.624894929,434.322188847,41.8196279332,0.0
44.0329710186,240.1279137,41.8196279332,0.0
388.862520228,281.136175894,41.8196279332,0.0
45.5132964971,370.547256217,41.8196279332,0.0
@ 670 10 0.152538679451 0.230548657841
245.457325252,127.950498373,45.2115789353,0.0
104.575236418,63.211575042,45.2115789353,0.0
98.0997813186,156.242314475,45.2115789353,0.0
323.08401564,53.4128398796,45.2115789353,0.0
432.97313479,179.950055892,45.2115789353,0.0
393.083247495,414.282961353,45.2115789353,0.0
81.9767354968,430.716259097,45.2115789353,0.0
130.295042194,316.142598322,45.2115789353,0.0
300.072185854,254.538868444,45.2115789353,0.0
296.607495036,420.752733891,45.2115789353,0.0
243.021601135,345.004139442,45.2115789353,0.0
@ 680 10 0.152538679451 0.269464536907
297.866508354,86.920360721,46.9429751395,0.0
191.750144017,150.731409862,46.9429751395,0.0
464.904297815,290.228624493,46.9429751395,0.0
265.847419603,445.466905105,46.9429751395,0.0
403.231497868,100.653129278,46.9429751395,0.0
217.768713956,295.811813201,46.9429751395,0.0
71.1824137212,372.439175305,46.9429751395,0.0
332.975806984,316.115048039,46.9429751395,0.0
116.01945346,272.326592875,46.9429751395,0.0
452.682292079,414.785530095,46.9429751395,0.0
66.0325608123,127.358941773,46.9429751395,0.0
@ 690 10 0.152538679451 0.290498229969
276.744266713,465.3021151,44.2837125275,0.0
181.634163134,416.60968461,44.2837125275,0.0
464.114997746,403.254898376,44.2837125275,0.0
274.506504954,214.496110944,44.2837125275,0.0
54.2302037277,372.692512891,44.2837125275,0.0
324.44004308,83.9860314897,44.2837125275,0.0
360.336099266,348.323698719,44.2837125275,0.0
100.765458687,70.3101809941,44.2837125275,0.0
466.816533863,266.209292996,44.2837125275,0.0
237.535562533,304.436600743,44.2837125275,0.0
77.8535184853,242.041308241,44.2837125275,0.0
@ 700 10 0.152538679451 0.258517718651
272.746237962,49.7662579294,48.2827946439,0.0
270.909657543,334.10782435,48.2827946439,0.0
53.3317809685,264.697993562,48.2827946439,0.0
257.222437401,450.923793192,48.2827946439,0.0
225.196647581,235.020317884,48.2827946439,0.0
363.920061731,82.9331952702,48.2827946439,0.0
422.309847232,415.207068472,48.2827946439,0.0
102.581462269,111.772351428,48.2827946439,0.0
462.124272121,294.207303503,48.2827946439,0.0
439.876597978,183.501615344,48.2827946439,0.0
150.669011305,350.035963689,48.2827946439,0.0
@ 710 10 0.174216027875 0.307317341747
320.098023996,420.476306096,54.217924847,0.0
67.9113127956,199.729095317,54.217924847,0.0
196.914557075,324.714319096,54.217924847,0.0
205.506264445,437.095557187,54.217924847,0.0
366.40263475,311.94141727,54.217924847,0.0
365.92078361,198.612293188,54.217924847,0.0
279.609685952,101.509278034,54.217924847,0.0
437.236591946,411.199332989,54.217924847,0.0
176.827889206,210.162424968,54.217924847,0.0
90.3081394641,87.398061414,54.217924847,0.0
397.877585312,65.064024981,54.217924847,0.0
@ 720 10 0.174216027875 0.387514583876
242.728270732,128.204456793,49.5838769329,0.0
54.5131059279,82.8667618167,49.5838769329,0.0
139.499507949,253.75700772,49.5838769329,0.0
417.405636723,275.066296236,49.5838769329,0.0
169.288543846,354.090185094,49.5838769329,0.0
335.866886431,174.479822028,49.5838769329,0.0
421.727290759,421.290625682,49.5838769329,0.0
280.373476411,308.545783918,49.5838769329,0.0
78.6538930677,439.341688148,49.5838769329,0.0
260.601241755,444.03807641,49.5838769329,0.0
437.267197973,102.018393307,49.5838769329,0.0
@ 730 10 0.174216027875 0.324103134335
355.955772411,362.451142789,48.7605567028,0.0
279.797284528,192.594051532,48.7605567028,0.0
169.127819717,253.207011105,48.7605567028,0.0
402.117736837,188.153901331,48.7605567028,0.0
191.800510836,144.142588891,48.7605567028,0.0
127.872613788,392.462124342,48.7605567028,0.0
288.773404616,457.42362334,48.7605567028,0.0
317.878482637,50.1761167465,48.7605567028,0.0
460.45780755,439.249206445,48.7605567028,0.0
455.131422261,87.9684517669,48.7605567028,0.0
55.6473377087,258.072458328,48.7605567028,0.0
@ 740 10 0.174216027875 0.313429290626
316.331616915,323.12658098,51.9954093596,0.0
384.062180504,429.95475458,51.9954093596,0.0
171.288286816,196.405673858,51.9954093596,0.0
297.99441665,218.030475759,51.9954093596,0.0
397.132183281,128.641585708,51.9954093596,0.0
273.379138484,78.8068352931,51.9954093596,0.0
58.6501839191,125.216613443,51.9954093596,0.0
259.90603,450.425285225,51.9954093596,0.0
130.400061008,399.487712276,51.9954093596,0.0
419.898902346,245.300144725,51.9954093596,0.0
76.9487832213,279.401308579,51.9954093596,0.0
@ 750 10 0.174216027875 0.356395549863
450.376939671,294.946640649,51.6406494412,0.0
69.6437722853,428.477639742,51.6406494412,0.0
69.2095451004,56.9959035136,51.6406494412,0.0
336.133859133,208.399666524,51.6406494412,0.0
252.661800213,298.07887097,51.6406494412,0.0
231.110747875,418.151387664,51.6406494412,0.0
448.154230804,172.171614982,51.6406494412,0.0
371.264483082,70.222028963,51.6406494412,0.0
245.220267863,75.0185809672,51.6406494412,0.0
159.641890059,205.815882374,51.6406494412,0.0
363.285350561,357.081113682,51.6406494412,0.0
@ 760 10 0.174216027875 0.351548832393
386.518016105,84.0976306026,50.7920880739,0.0
60.4254178073,413.008327423,50.7920880739,0.0
159.403936996,387.103208882,50.7920880739,0.0
63.3204676998,68.7853443557,50.7920880739,0.0
223.17819642,210.587427768,50.7920880739,0.0
148.865317692,282.091561356,50.7920880739,0.0
259.702625528,315.106463619,50.7920880739,0.0
329.30595948,200.660304355,50.7920880739,0.0
392.66669494,282.077665813,50.7920880739,0.0
359.818535127,445.539115095,50.7920880739,0.0
281.180004044,102.731807253,50.7920880739,0.0
@ 770 10 0.174216027875 0.340090423812
212.971352446,360.043582791,50.6855247413,0.0
337.025097145,177.63807595,50.6855247413,0.0
59.3437266158,320.025455774,50.6855247413,0.0
106.753065293,445.124783482,50.6855247413,0.0
453.233138198,307.030557153,50.6855247413,0.0
202.751716433,52.8250449471,50.6855247413,0.0
307.045305119,315.937089945,50.6855247413,0.0
139.007439405,175.200981034,50.6855247413,0.0
73.147197322,76.5841284292,50.6855247413,0.0
388.573485238,410.315062469,50.6855247413,0.0
394.20413287,81.3057784106,50.6855247413,0.0
@ 780 10 0.174216027875 0.338664880868
51.5253593959,117.361923858,47.2270175052,0.0
74.7108428108,419.758842909,47.2270175052,0.0
58.0595150457,279.368254964,47.2270175052,0.0
432.73311087,413.191935273,47.2270175052,0.0
416.508098778,66.9352163633,47.2270175052,0.0
294.006883248,194.107492524,47.2270175052,0.0
459.585367967,188.333773445,47.2270175052,0.0
393.299693128,261.245546792,47.2270175052,0.0
305.405695146,351.793664505,47.2270175052,0.0
182.755938832,383.349782224,47.2270175052,0.0
245.620371167,276.899672652,47.2270175052,0.0
@ 790 10 0.174216027875 0.294024356777
316.246110825,249.173000248,46.9098326957,0.0
330.639710246,464.939341205,46.9098326957,0.0
132.359917494,165.974020972,46.9098326957,0.0
104.404198003,333.223614384,46.9098326957,0.0
117.066556279,54.7141014038,46.9098326957,0.0
195.765488725,448.443463412,46.9098326957,0.0
441.004527708,254.606161879,46.9098326957,0.0
80.7887005174,441.466713835,46.9098326957,0.0
417.299453678,130.239596905,46.9098326957,0.0
215.570145866,255.636281675,46.9098326957,0.0
439.273043963,414.006192564,46.9098326957,0.0
@ 800 10 0.174216027875 0.290088182563
171.63485751,337.347310254,51.3605130807,0.0
289.906510729,360.633707804,51.3605130807,0.0
442.291846304,198.274763741,51.3605130807,0.0
234.656352279,89.4033919454,51.3605130807,0.0
56.6285430354,458.671547835,51.3605130807,0.0
89.3588079525,72.1343578842,51.3605130807,0.0
345.945189847,138.00993356,51.3605130807,0.0
399.383820391,378.765560923,51.3605130807,0.0
436.043045121,88.3957723695,51.3605130807,0.0
217.468577399,207.756326739,51.3605130807,0.0
346.895482971,246.884855938,51.3605130807,0.0
@ 810 10 0.203075137801 0.347745065645
300.320652972,449.729772464,49.610691112,0.0
338.212943851,267.794382162,49.610691112,0.0
335.328861753,72.5763058095,49.610691112,0.0
205.066646009,383.38798041,49.610691112,0.0
443.791458387,188.702932437,49.610691112,0.0
137.944143085,298.510029913,49.610691112,0.0
66.734708521,202.497626694,49.610691112,0.0
261.112292415,175.623260365,49.610691112,0.0
435.819838253,436.874742404,49.610691112,0.0
69.7102349881,74.7772337588,49.610691112,0.0
181.246806401,88.9845213376,49.610691112,0.0
@ 820 10 0.203075137801 0.32445376885
241.082631123,460.31843208,48.6355043032,0.0
302.556148192,59.1415135751,48.6355043032,0.0
436.696592478,79.5065450884,48.6355043032,0.0
378.034148873,216.859920418,48.6355043032,0.0
286.174597671,280.018852179,48.6355043032,0.0
70.6760490816,73.8897562067,48.6355043032,0.0
428.896037572,419.17393062,48.6355043032,0.0
450.970832474,305.978869632,48.6355043032,0.0
204.777460528,134.654703436,48.6355043032,0.0
318.312431873,399.880162811,48.6355043032,0.0
71.2463679951,400.642703359,48.6355043032,0.0
@ 830 10 0.203075137801 0.31182369679
231.611268748,438.538456568,46.7807063254,0.0
204.196494787,325.209795434,46.7807063254,0.0
110.604945043,337.94161529,46.7807063254,0.0
410.269186152,462.53981824,46.7807063254,0.0
383.801719311,269.144849341,46.7807063254,0.0
47.5044663323,418.763473936,46.7807063254,0.0
232.047014186,65.8203689557,46.7807063254,0.0
328.275230517,101.14590122,46.7807063254,0.0
194.224832107,231.172184811,46.7807063254,0.0
446.50312049,166.710314451,46.7807063254,0.0
146.741814298,114.750051444,46.7807063254,0.0
@ 840 10 0.203075137801 0.288493357876
69.6668092158,165.147158222,46.3137399313,0.0
354.27857407,305.770596882,46.3137399313,0.0
254.671707974,144.159635023,46.3137399313,0.0
393.643162342,97.2849901003,46.3137399313,0.0
458.756662225,307.64825093,46.3137399313,0.0
450.688295226,446.054608655,46.3137399313,0.0
346.495597964,195.573489096,46.3137399313,0.0
171.262905224,190.151408997,46.3137399313,0.0
238.047634953,411.874384083,46.3137399313,0.0
260.631431074,255.854675551,46.3137399313,0.0
184.510375622,54.2559749167,46.3137399313,0.0
@ 850 10 0.203075137801 0.282762605156
299.385852324,450.352111326,50.9508929691,0.0
62.6877252793,414.84733685,50.9508929691,0.0
245.645703394,217.199661994,50.9508929691,0.0
270.399731921,113.642335608,50.9508929691,0.0
399.041190554,54.6816532453,50.9508929691,0.0
113.523872524,164.513060089,50.9508929691,0.0
181.45372635,449.220201978,50.9508929691,0.0
368.986264776,254.929400122,50.9508929691,0.0
262.273914247,319.770606555,50.9508929691,0.0
61.3659961662,285.950511125,50.9508929691,0.0
160.495557768,336.111209784,50.9508929691,0.0
@ 860 10 0.203075137801 0.342220379719
347.652049203,350.941284408,45.5321902879,0.0
199.053081497,150.036485209,45.5321902879,0.0
62.9308758883,132.508382399,45.5321902879,0.0
144.052433878,71.0091567184,45.5321902879,0.0
122.553055407,356.631518812,45.5321902879,0.0
157.678983986,461.359485751,45.5321902879,0.0
98.6709072369,229.962785826,45.5321902879,0.0
408.672728164,243.46952525,45.5321902879,0.0
440.678228187,73.8634723829,45.5321902879,0.0
225.417782222,310.330683258,45.5321902879,0.0
330.178718803,454.678713341,45.5321902879,0.0
@ 870 10 0.203075137801 0.273299824894
234.615138157,412.297502674,52.0016484552,0.0
309.112520317,183.377183149,52.0016484552,0.0
437.75413843,193.147711163,52.0016484552,0.0
209.170949897,143.827118908,52.0016484552,0.0
375.944784816,296.973441599,52.0016484552,0.0
141.533697749,234.880213713,52.0016484552,0.0
378.780974153,87.2064466613,52.0016484552,0.0
72.0662870056,453.489853071,52.0016484552,0.0
63.7382286614,345.048742472,52.0016484552,0.0
70.24415763,81.8586302187,52.0016484552,0.0
450.927008536,402.311086836,52.0016484552,0.0
@ 880 10 0.203075137801 0.356481085081
193.238072948,261.968825135,55.2160449391,0.0
196.638954891,428.850382814,55.2160449391,0.0
94.972918017,62.2816271933,55.2160449391,0.0
338.336816818,450.894998815,55.2160449391,0.0
408.464193325,130.02320506,55.2160449391,0.0
418.669150422,254.025368565,55.2160449391,0.0
77.4104102012,439.118123187,55.2160449391,0.0
71.3011672394,198.103775996,55.2160449391,0.0
174.256643855,151.423819275,55.2160449391,0.0
306.341981276,272.171440773,55.2160449391,0.0
304.608779843,56.6608002615,55.2160449391,0.0
@ 890 10 0.203075137801 0.401913745978
394.149043003,171.597751327,50.6898560122,0.0
310.701107239,52.4752309618,50.6898560122,0.0
438.161526869,369.842802205,50.6898560122,0.0
255.835289611,285.636539545,50.6898560122,0.0
139.670927807,86.1517562428,50.6898560122,0.0
187.01120757,440.419930927,50.6898560122,0.0
69.600866978,162.72581275,50.6898560122,0.0
83.0604468399,393.37463941,50.6898560122,0.0
238.056911787,143.732506859,50.6898560122,0.0
65.9859616189,293.083652154,50.6898560122,0.0
314.981557752,452.000992348,50.6898560122,0.0
@ 900 10 0.203075137801 0.338722763746
372.884506127,340.596659795,49.7843681609,0.0
75.5748058298,403.480323287,49.7843681609,0.0
276.917176941,57.6391596464,49.7843681609,0.0
308.171802081,229.334443729,49.7843681609,0.0
56.9243369054,74.9713964777,49.7843681609,0.0
156.773580458,269.499483055,49.7843681609,0.0
412.142234197,189.03618984,49.7843681609,0.0
440.686774898,425.767368527,49.7843681609,0.0
198.721980253,145.291248416,49.7843681609,0.0
220.871060475,441.416016257,49.7843681609,0.0
329.040988622,445.989736814,49.7843681609,0.0
@ 910 10 0.243393602225 0.326729439966
144.34340054,290.557370351,52.7027064826,0.0
405.708820816,431.436556446,52.7027064826,0.0
283.941933531,399.301736008,52.7027064826,0.0
411.250201517,315.813026358,52.7027064826,0.0
307.513294172,267.092646279,52.7027064826,0.0
66.629666985,217.863311902,52.7027064826,0.0
158.092757267,453.565883417,52.7027064826,0.0
263.21695663,52.9979619226,52.7027064826,0.0
66.851108802,79.6170554026,52.7027064826,0.0
393.582458052,56.7671281063,52.7027064826,0.0
177.839847088,165.428386265,52.7027064826,0.0
@ 920 10 0.243393602225 0.366157644798
384.618069549,452.551796567,49.4772585569,0.0
229.291378753,247.366358138,49.4772585569,0.0
399.157612682,314.774614646,49.4772585569,0.0
291.661494382,325.853979815,49.4772585569,0.0
143.09397729,80.2663394581,49.4772585569,0.0
101.121609276,417.589014737,49.4772585569,0.0
267.166078399,151.148665836,49.4772585569,0.0
133.551178452,323.991697826,49.4772585569,0.0
94.7593473887,172.769884744,49.4772585569,0.0
367.247378204,102.2840391,49.4772585569,0.0
443.206871802,203.93806857,49.4772585569,0.0
@ 930 10 0.243393602225 0.322710818911
231.7398081,389.193850545,53.0236100704,0.0
142.313952555,135.195058354,53.0236100704,0.0
392.36031386,427.741502868,53.0236100704,0.0
390.460354805,289.409254612,53.0236100704,0.0
110.575660528,456.738662416,53.0236100704,0.0
56.9181196201,229.658640257,53.0236100704,0.0
257.632993647,62.7494138296,53.0236100704,0.0
389.776002899,70.3583590728,53.0236100704,0.0
286.436436933,265.03111725,53.0236100704,0.0
125.280051343,314.820332726,53.0236100704,0.0
455.137640913,204.714273307,53.0236100704,0.0
@ 940 10 0.243393602225 0.370630243605
93.2767494168,285.943316191,46.7891763988,0.0
138.991743037,198.249290141,46.7891763988,0.0
307.379622034,302.724257779,46.7891763988,0.0
301.956779086,178.754788179,46.7891763988,0.0
419.14120163,151.994576792,46.7891763988,0.0
264.623007412,456.920323609,46.7891763988,0.0
400.606034705,49.5857975143,46.7891763988,0.0
432.514211456,449.907905134,46.7891763988,0.0
301.914786876,63.4783422983,46.7891763988,0.0
76.4963700894,85.5484908219,46.7891763988,0.0
432.672929897,262.758112579,46.7891763988,0.0
@ 950 10 0.243393602225 0.288597836038
195.011181061,102.47147179,52.379954063,0.0
308.800767236,345.412350874,52.379954063,0.0
443.837967047,446.505549382,52.379954063,0.0
84.599948698,119.216202658,52.379954063,0.0
332.464608822,236.848964042,52.379954063,0.0
151.228733552,407.799358311,52.379954063,0.0
413.71927043,318.200686186,52.379954063,0.0
230.57440962,202.700784193,52.379954063,0.0
428.307290879,52.6169652192,52.379954063,0.0
119.443335241,265.896744222,52.379954063,0.0
446.367927034,197.476795752,52.379954063,0.0
@ 960 10 0.243393602225 0.361686663679
145.190595969,60.6801161651,51.3835282136,0.0
336.495997968,326.744574689,51.3835282136,0.0
369.16251399,449.799672374,51.3835282136,0.0
197.570387968,438.670544378,51.3835282136,0.0
431.897925213,366.314074574,51.3835282136,0.0
406.471311178,75.647299836,51.3835282136,0.0
280.56987911,78.417485473,51.3835282136,0.0
85.9534145745,180.96946209,51.3835282136,0.0
306.180158306,201.60147019,51.3835282136,0.0
162.452431869,265.388092284,51.3835282136,0.0
455.339962933,242.502308357,51.3835282136,0.0
@ 970 10 0.243393602225 0.348056791195
167.745108899,255.375912295,49.2614526666,0.0
68.7606978182,72.1263808592,49.2614526666,0.0
274.910892525,215.901490461,49.2614526666,0.0
386.26374875,266.498415981,49.2614526666,0.0
225.868591286,399.254210525,49.2614526666,0.0
364.94507357,441.184906398,49.2614526666,0.0
364.002300268,147.622238104,49.2614526666,0.0
328.117953151,349.759440985,49.2614526666,0.0
457.083356934,190.676570669,49.2614526666,0.0
168.163822038,94.046280338,49.2614526666,0.0
124.165864298,412.682431906,49.2614526666,0.0
@ 980 10 0.243393602225 0.319901810642
320.269213832,94.3782315982,60.5489712371,0.0
96.0162963729,202.17006207,60.5489712371,0.0
199.557534949,118.077029778,60.5489712371,0.0
84.3475756394,69.2563769991,60.5489712371,0.0
378.37196033,419.370949147,60.5489712371,0.0
71.4867290866,420.946077495,60.5489712371,0.0
193.169524673,326.366872633,60.5489712371,0.0
423.326961473,178.188340894,60.5489712371,0.0
315.92971224,240.305703474,60.5489712371,0.0
450.984522729,300.185547589,60.5489712371,0.0
229.498055708,444.369452609,60.5489712371,0.0
@ 990 10 0.243393602225 0.483298899594
445.449966991,109.713404874,54.5762782121,0.0
182.75543252,55.3851036908,54.5762782121,0.0
451.037627845,329.866905061,54.5762782121,0.0
126.890486737,446.949952333,54.5762782121,0.0
404.136793674,218.722001154,54.5762782121,0.0
336.388283677,66.0649086961,54.5762782121,0.0
68.4301120831,336.860231553,54.5762782121,0.0
222.799704161,382.20775987,54.5762782121,0.0
274.646574616,269.72652144,54.5762782121,0.0
92.6259750129,183.542315479,54.5762782121,0.0
442.145771413,451.637226797,54.5762782121,0.0
@ 1000 10 0.243393602225 0.392654067793
125.423830233,283.566066732,51.517446762,0.0
432.40126671,299.395041874,51.517446762,0.0
65.5497925749,400.374368194,51.517446762,0.0
56.4520687306,64.3535472373,51.517446762,0.0
340.293161021,79.0458194049,51.517446762,0.0
321.054465153,385.546757048,51.517446762,0.0
392.799124172,460.068967056,51.517446762,0.0
244.45659649,260.092264278,51.517446762,0.0
366.19536557,201.394963422,51.517446762,0.0
211.808775825,413.020729686,51.517446762,0.0
213.713990038,82.5171933879,51.517446762,0.0
@ 1010 10 0.303687635575 0.349873404505
190.651621978,393.259258137,51.1439533127,0.0
292.831397696,372.158711271,51.1439533127,0.0
227.299604728,51.4124594858,51.1439533127,0.0
411.08696974,176.632952622,51.1439533127,0.0
335.557013023,252.26478656,51.1439533127,0.0
160.206325164,152.047309424,51.1439533127,0.0
126.778391335,259.949738241,51.1439533127,0.0
56.4524494777,89.3371413786,51.1439533127,0.0
369.54073938,80.0942625164,51.1439533127,0.0
390.049281282,424.377511804,51.1439533127,0.0
223.93410584,292.55016354,51.1439533127,0.0
@ 1020 10 0.303687635575 0.344818738771
451.180561211,448.343986688,49.7173816316,0.0
118.834342915,409.200487698,49.7173816316,0.0
169.564237816,191.719302055,49.7173816316,0.0
329.001877041,137.908242558,49.7173816316,0.0
307.208574787,360.712633886,49.7173816316,0.0
221.988809242,306.780282989,49.7173816316,0.0
307.87106881,256.02140958,49.7173816316,0.0
348.155425498,455.260697399,49.7173816316,0.0
446.595196954,347.915243433,49.7173816316,0.0
438.664919921,110.964027447,49.7173816316,0.0
404.774885999,232.987278924,49.7173816316,0.0
@ 1030 10 0.303687635575 0.32585078076
386.06095586,442.005303243,53.6102586024,0.0
368.958273601,245.06927383,53.6102586024,0.0
61.6323549133,87.8920691511,53.6102586024,0.0
64.9438104136,252.634516453,53.6102586024,0.0
295.706435734,56.5142627888,53.6102586024,0.0
232.538466069,162.168248041,53.6102586024,0.0
452.354966804,171.712566624,53.6102586024,0.0
131.188820195,338.138290274,53.6102586024,0.0
407.623931806,54.6788767019,53.6102586024,0.0
247.39544743,347.176685734,53.6102586024,0.0
105.679293398,444.099913521,53.6102586024,0.0
@ 1040 10 0.303687635575 0.378876852971
337.833809632,324.700098155,54.3107674837,0.0
66.1037773405,189.430128443,54.3107674837,0.0
301.141393438,190.684416152,54.3107674837,0.0
206.49071492,113.630205784,54.3107674837,0.0
359.103535302,76.2623464597,54.3107674837,0.0
219.529797134,282.098602321,54.3107674837,0.0
98.384231799,445.574445743,54.3107674837,0.0
448.645923849,225.756904242,54.3107674837,0.0
235.882691333,449.604123681,54.3107674837,0.0
55.0097068377,64.4381050408,54.3107674837,0.0
365.0284314,453.318376513,54.3107674837,0.0
@ 1050 10 0.303687635575 0.388842878165
244.621659762,402.661602127,52.6225426573,0.0
406.114551591,454.140007732,52.6225426573,0.0
318.29357197,154.587581824,52.6225426573,0.0
128.872879053,87.9626084623,52.6225426573,0.0
66.9702551136,204.858031062,52.6225426573,0.0
383.910048078,61.6536980926,52.6225426573,0.0
360.727036113,252.40981446,52.6225426573,0.0
456.067740932,184.788922315,52.6225426573,0.0
232.792627956,259.189703792,52.6225426573,0.0
458.424228416,312.897811024,52.6225426573,0.0
82.937425154,309.024112152,52.6225426573,0.0
@ 1060 10 0.303687635575 0.365044598583
442.14837718,336.526578995,54.5859095237,0.0
88.6352450908,164.155210909,54.5859095237,0.0
57.7275532512,317.915038411,54.5859095237,0.0
98.0622543909,437.475100537,54.5859095237,0.0
210.190943058,203.448149641,54.5859095237,0.0
181.789287315,320.597055976,54.5859095237,0.0
303.727767736,353.322861129,54.5859095237,0.0
398.080661621,95.8139070803,54.5859095237,0.0
379.529063726,450.198508903,54.5859095237,0.0
391.044149701,218.369390541,54.5859095237,0.0
267.641873551,108.322002969,54.5859095237,0.0
@ 1070 10 0.303687635575 0.392792666742
399.24259933,200.185386448,51.3213613886,0.0
205.345854174,385.365087518,51.3213613886,0.0
238.334633984,199.191767661,51.3213613886,0.0
396.104323358,405.270121469,51.3213613886,0.0
89.1701521697,215.033377032,51.3213613886,0.0
170.13745008,100.248026853,51.3213613886,0.0
447.520935849,308.690812169,51.3213613886,0.0
86.004337951,340.95454716,51.3213613886,0.0
54.0171777995,73.1171081159,51.3213613886,0.0
287.033449459,310.808499949,51.3213613886,0.0
97.9213202069,445.156745264,51.3213613886,0.0
@ 1080 10 0.303687635575 0.347215101372
237.875141948,435.911493729,54.5999137739,0.0
151.039177452,166.195453746,54.5999137739,0.0
453.397674958,359.179762575,54.5999137739,0.0
378.840942577,278.44305549,54.5999137739,0.0
62.3111276654,80.7339528239,54.5999137739,0.0
276.78706996,225.47828651,54.5999137739,0.0
366.031527222,453.177975504,54.5999137739,0.0
309.241156657,72.4672203281,54.5999137739,0.0
63.1535578143,236.481044703,54.5999137739,0.0
90.6751849428,405.363138437,54.5999137739,0.0
433.047694747,138.413897252,54.5999137739,0.0
@ 1090 10 0.303687635575 0.392994237897
413.204970739,200.35828362,59.9215470026,0.0
210.5755774,451.127365885,59.9215470026,0.0
74.552549129,444.841202095,59.9215470026,0.0
409.353836474,451.841661067,59.9215470026,0.0
68.9427370407,324.77429372,59.9215470026,0.0
122.774796301,89.6544382598,59.9215470026,0.0
297.486622835,275.597526267,59.9215470026,0.0
176.367131969,264.947765406,59.9215470026,0.0
306.844223788,68.4899583902,59.9215470026,0.0
62.6262671662,198.478845694,59.9215470026,0.0
441.560909884,324.412329273,59.9215470026,0.0
@ 1100 10 0.303687635575 0.473334655975
61.3986961433,122.936965926,57.4585299368,0.0
167.665819675,183.445785389,57.4585299368,0.0
335.331023249,192.879969236,57.4585299368,0.0
171.424982862,62.1744628999,57.4585299368,0.0
60.9820690642,446.458222441,57.4585299368,0.0
308.440647591,402.562710291,57.4585299368,0.0
429.740667166,285.019509524,57.4585299368,0.0
437.836526698,439.641591615,57.4585299368,0.0
252.337154654,282.134903976,57.4585299368,0.0
422.026437822,76.2602436994,57.4585299368,0.0
88.1275212843,324.571554377,57.4585299368,0.0
@ 1110 10 0.40369088812 0.435222450616
71.6041700225,358.876901577,54.1741478287,0.0
56.1014552969,232.503110444,54.1741478287,0.0
126.266939297,86.3018915012,54.1741478287,0.0
275.289933979,203.231725168,54.1741478287,0.0
290.706541368,336.483983034,54.1741478287,0.0
446.250995431,351.555369019,54.1741478287,0.0
272.559009705,80.1511219238,54.1741478287,0.0
433.444460265,147.350444004,54.1741478287,0.0
305.285331462,457.00831633,54.1741478287,0.0
155.442344989,444.387842997,54.1741478287,0.0
179.124577475,267.988413274,54.1741478287,0.0
@ 1120 10 0.40369088812 0.38688905701
306.848052768,316.095729271,57.3019131117,0.0
353.828387695,451.20535712,57.3019131117,0.0
284.081982122,61.9534782086,57.3019131117,0.0
60.0846920003,369.596059861,57.3019131117,0.0
448.558691383,314.472300055,57.3019131117,0.0
448.339098964,63.2202213886,57.3019131117,0.0
60.1209508601,239.356417124,57.3019131117,0.0
68.3763907947,59.7543747086,57.3019131117,0.0
447.393588513,193.385109634,57.3019131117,0.0
296.028986841,196.409049342,57.3019131117,0.0
170.217251512,437.882312076,57.3019131117,0.0
@ 1130 10 0.40369088812 0.432853080531
446.713637956,411.750974577,59.0338912889,0.0
72.2366870747,426.888555489,59.0338912889,0.0
306.068856548,342.686082675,59.0338912889,0.0
114.465847163,211.83526066,59.0338912889,0.0
330.874828447,66.357933201,59.0338912889,0.0
191.34591436,437.007835936,59.0338912889,0.0
428.105551698,293.453433621,59.0338912889,0.0
64.7761364333,87.599473963,59.0338912889,0.0
268.64120679,226.267400152,59.0338912889,0.0
451.955888651,152.714079837,59.0338912889,0.0
196.862101411,110.680635946,59.0338912889,0.0
@ 1140 10 0.40369088812 0.459414915973
180.226964869,457.904889741,49.6984584013,0.0
103.878833215,258.805349258,49.6984584013,0.0
441.065384169,338.894813234,49.6984584013,0.0
249.908600559,381.901466894,49.6984584013,0.0
328.900026975,141.690414193,49.6984584013,0.0
91.6416477168,402.505604321,49.6984584013,0.0
81.9515234066,136.268696123,49.6984584013,0.0
412.934457166,225.039276232,49.6984584013,0.0
400.384345891,61.1754038838,49.6984584013,0.0
220.526702753,74.4634066128,49.6984584013,0.0
306.831250312,290.973970946,49.6984584013,0.0
@ 1150 10 0.40369088812 0.325602779932
385.486359978,90.1780981056,53.632254161,0.0
95.9304057892,442.293428521,53.632254161,0.0
187.989116708,163.125919993,53.632254161,0.0
325.5254509,443.929071782,53.632254161,0.0
299.940853726,337.054883598,53.632254161,0.0
258.903520864,71.4504359353,53.632254161,0.0
433.28636121,382.212332899,53.632254161,0.0
189.909598019,355.361508388,53.632254161,0.0
63.8196403535,129.474794106,53.632254161,0.0
290.822947566,227.99562128,53.632254161,0.0
94.8533985174,262.438321009,53.632254161,0.0
@ 1160 10 0.40369088812 0.37918781277
437.167887879,405.130074897,54.5148283236,0.0
281.594054307,397.499038953,54.5148283236,0.0
196.082138536,99.8875947982,54.5148283236,0.0
443.325701418,102.704661822,54.5148283236,0.0
347.528174603,295.40747428,54.5148283236,0.0
94.3434293776,445.135348483,54.5148283236,0.0
90.7693377669,194.167355953,54.5148283236,0.0
453.276597317,238.662523342,54.5148283236,0.0
319.088608992,174.729543507,54.5148283236,0.0
70.6591405861,313.868427928,54.5148283236,0.0
207.478457804,227.583579005,54.5148283236,0.0
@ 1170 10 0.40369088812 0.3917703518
412.423971619,267.121905429,60.2521548483,0.0
62.5409017031,80.5095009956,60.2521548483,0.0
431.856825159,72.9190879185,60.2521548483,0.0
218.809053651,132.726050952,60.2521548483,0.0
164.398100202,302.798456261,60.2521548483,0.0
347.977869978,160.180839136,60.2521548483,0.0
74.1671986114,204.719642161,60.2521548483,0.0
323.402151852,362.45884012,60.2521548483,0.0
184.284210693,445.446886448,60.2521548483,0.0
445.280754375,394.60791731,60.2521548483,0.0
70.6353867487,392.969630435,60.2521548483,0.0
@ 1180 10 0.40369088812 0.478572165964
229.292049596,134.455900758,52.519855361,0.0
170.747627884,241.685480606,52.519855361,0.0
348.677970291,293.728970313,52.519855361,0.0
122.860729672,67.6767787619,52.519855361,0.0
456.16643446,286.423023307,52.519855361,0.0
65.348324908,289.147083496,52.519855361,0.0
224.30764364,394.175950363,52.519855361,0.0
449.651022724,74.9151690172,52.519855361,0.0
458.057202336,446.902203143,52.519855361,0.0
95.0731495563,390.672575885,52.519855361,0.0
59.3173742893,158.138075262,52.519855361,0.0
@ 1190 10 0.40369088812 0.363621297216
437.225722828,127.56350844,55.629976052,0.0
234.9123013,440.726873142,55.629976052,0.0
253.630611913,186.71493077,55.629976052,0.0
386.990903191,449.520053146,55.629976052,0.0
84.0129243074,396.062901231,55.629976052,0.0
67.1741034844,129.77001969,55.629976052,0.0
451.301601308,358.196958479,55.629976052,0.0
194.083499721,301.921724504,55.629976052,0.0
320.652562212,312.428516473,55.629976052,0.0
298.806480385,66.3055056206,55.629976052,0.0
177.628690875,77.0235981586,55.629976052,0.0
@ 1200 10 0.40369088812 0.407962284462
65.6974203348,216.37382216,59.6881738683,0.0
245.073732102,62.329814846,59.6881738683,0.0
99.7452087255,91.932067645,59.6881738683,0.0
86.7141571929,336.703046093,59.6881738683,0.0
306.063988556,343.205097922,59.6881738683,0.0
420.533863104,440.367003597,59.6881738683,0.0
314.853439597,168.510830167,59.6881738683,0.0
451.83673451,285.34939373,59.6881738683,0.0
418.598306139,91.0998634564,59.6881738683,0.0
224.690079692,431.228180163,59.6881738683,0.0
203.12882747,214.0687128,59.6881738683,0.0
@ 1210 10 0.601891659501 0.469654895038
322.359297278,221.060892258,59.4527167952,0.0
78.2426491927,246.686948338,59.4527167952,0.0
199.863138524,76.5298219769,59.4527167952,0.0
449.214904753,220.599513514,59.4527167952,0.0
409.816958828,95.8736938433,59.4527167952,0.0
70.6818142241,81.5233376231,59.4527167952,0.0
210.334350764,299.821663251,59.4527167952,0.0
316.208479036,378.266815244,59.4527167952,0.0
449.729093076,439.107789412,59.4527167952,0.0
59.8421394944,372.441407016,59.4527167952,0.0
208.616834045,443.507896822,59.4527167952,0.0
@ 1220 10 0.601891659501 0.465956827378
282.824901816,446.937488137,58.4502232032,0.0
65.1719108084,373.613154257,58.4502232032,0.0
154.76764384,285.102643238,58.4502232032,0.0
72.5407076436,181.241364665,58.4502232032,0.0
309.900934962,329.263349669,58.4502232032,0.0
346.419489599,180.514090786,58.4502232032,0.0
302.697941811,59.2870628182,58.4502232032,0.0
451.681415167,265.243557731,58.4502232032,0.0
155.106602975,94.8581512672,58.4502232032,0.0
423.879881181,435.675924278,58.4502232032,0.0
443.182165029,104.69586621,58.4502232032,0.0
@ 1230 10 0.601891659501 0.450375354466
135.884904438,80.0348930483,58.6454367125,0.0
191.243105222,185.086821607,58.6454367125,0.0
318.678050234,207.329646574,58.6454367125,0.0
60.9998847945,443.747132488,58.6454367125,0.0
220.087428942,300.513313437,58.6454367125,0.0
438.660862433,178.59587584,58.6454367125,0.0
99.2421065742,326.113404645,58.6454367125,0.0
423.873596934,447.522250724,58.6454367125,0.0
382.737213588,323.549254212,58.6454367125,0.0
296.393815948,71.8929325982,58.6454367125,0.0
256.763435802,429.107536623,58.6454367125,0.0
@ 1240 10 0.601891659501 0.453388727768
172.713580429,183.74181664,58.3652057321,0.0
438.440050552,201.512454287,58.3652057321,0.0
407.722266977,316.542675428,58.3652057321,0.0
447.481086527,433.082063199,58.3652057321,0.0
365.039684302,90.6522359204,58.3652057321,0.0
94.7704613337,285.391439579,58.3652057321,0.0
253.864218732,282.8660005,58.3652057321,0.0
274.742086678,441.93690887,58.3652057321,0.0
245.530011733,68.0081585475,58.3652057321,0.0
72.8773634083,83.2192112382,58.3652057321,0.0
139.693862907,399.632513823,58.3652057321,0.0
@ 1250 10 0.601891659501 0.44906614041
447.483898263,434.366871744,61.255719375,0.0
323.644276709,449.910866244,61.255719375,0.0
69.5488909911,371.1804439,61.255719375,0.0
188.313616389,106.747217221,61.255719375,0.0
315.179769686,132.615614251,61.255719375,0.0
399.252982346,254.009853062,61.255719375,0.0
138.500944583,227.651576238,61.255719375,0.0
243.488192046,327.196782451,61.255719375,0.0
68.7334827527,71.9286866345,61.255719375,0.0
450.239806513,127.397188404,61.255719375,0.0
172.795787444,444.713074068,61.255719375,0.0
@ 1260 10 0.601891659501 0.49464720343
215.368189659,308.181259782,59.936132132,0.0
95.9927171126,252.243017375,59.936132132,0.0
194.932427375,69.0965441277,59.936132132,0.0
64.0772840403,122.077353801,59.936132132,0.0
262.57085079,426.757818655,59.936132132,0.0
446.340739516,417.370740171,59.936132132,0.0
270.405844218,175.665253702,59.936132132,0.0
441.559797304,82.1258338607,59.936132132,0.0
426.650273393,233.119736213,59.936132132,0.0
322.795490865,62.8876467946,59.936132132,0.0
105.038249409,439.249864482,59.936132132,0.0
@ 1270 10 0.601891659501 0.473565106882
434.825878677,378.964522537,57.3236287607,0.0
104.719234803,273.594006195,57.3236287607,0.0
225.17092437,315.369721342,57.3236287607,0.0
176.615701702,58.8172080165,57.3236287607,0.0
205.906792058,450.155983583,57.3236287607,0.0
92.7363523495,407.547124114,57.3236287607,0.0
407.339091838,80.598811499,57.3236287607,0.0
74.3546213589,131.850677397,57.3236287607,0.0
417.874909779,226.929694387,57.3236287607,0.0
338.172798993,441.971183226,57.3236287607,0.0
237.065610131,187.052601327,57.3236287607,0.0
@ 1280 10 0.601891659501 0.433181218498
151.627257978,223.312055803,56.2597480063,0.0
344.458407105,174.249986521,56.2597480063,0.0
251.941676371,389.153592346,56.2597480063,0.0
444.214712334,453.949304687,56.2597480063,0.0
318.456929795,296.478159345,56.2597480063,0.0
125.533972746,342.334331762,56.2597480063,0.0
73.186344079,97.7526294915,56.2597480063,0.0
197.124985109,118.030704076,56.2597480063,0.0
93.6304941253,454.18155521,56.2597480063,0.0
438.866999247,287.525153489,56.2597480063,0.0
443.354038554,114.472479232,56.2597480063,0.0
@ 1290 10 0.601891659501 0.417251430446
79.0265435972,56.8880789087,56.8366795441,0.0
332.629625071,257.842181855,56.8366795441,0.0
453.099802043,132.146402238,56.8366795441,0.0
193.5804662,239.553633918,56.8366795441,0.0
57.7406469505,397.019806724,56.8366795441,0.0
439.385239697,336.492346821,56.8366795441,0.0
188.850694665,95.277765215,56.8366795441,0.0
216.802143958,400.912775468,56.8366795441,0.0
73.8454597412,222.510066811,56.8366795441,0.0
351.609033269,445.383399389,56.8366795441,0.0
350.124268528,58.4378425948,56.8366795441,0.0
@ 1300 10 0.601891659501 0.425852955053
450.779914899,190.813532697,60.2803089819,0.0
100.160950773,202.391365186,60.2803089819,0.0
238.878996321,447.918295681,60.2803089819,0.0
371.428392438,448.468404399,60.2803089819,0.0
63.6196265242,321.126396886,60.2803089819,0.0
443.880733819,338.50454548,60.2803089819,0.0
366.423957562,68.1616188572,60.2803089819,0.0
61.2100336748,446.017619061,60.2803089819,0.0
227.912667325,78.2331576457,60.2803089819,0.0
203.206079692,276.342470991,60.2803089819,0.0
299.549379027,199.861626296,60.2803089819,0.0
@ 1310 10 1.18243243243 0.479019517023
440.347278997,70.5309114967,64.1697112694,0.0
300.581151944,71.6735463319,64.1697112694,0.0
212.83920158,372.698218955,64.1697112694,0.0
101.246428556,439.774236938,64.1697112694,0.0
125.273682739,75.668965042,64.1697112694,0.0
65.2557922117,253.21363766,64.1697112694,0.0
426.551530769,206.278885697,64.1697112694,0.0
191.774360101,231.157973214,64.1697112694,0.0
325.421643953,300.128562333,64.1697112694,0.0
329.328757153,443.614307624,64.1697112694,0.0
445.413728423,378.242584484,64.1697112694,0.0
@ 1320 10 1.18243243243 0.542828247777
424.033140264,65.0565505817,61.455653263,0.0
118.416568751,64.0077192493,61.455653263,0.0
281.574147502,283.633228796,61.455653263,0.0
175.876651502,448.839252068,61.455653263,0.0
67.1747829259,202.716220487,61.455653263,0.0
132.782614361,313.11359735,61.455653263,0.0
338.150098151,172.948517595,61.455653263,0.0
257.996663961,77.8242784617,61.455653263,0.0
446.773825013,273.913875389,61.455653263,0.0
301.492397481,405.866975451,61.455653263,0.0
428.847205834,443.562673802,61.455653263,0.0
@ 1330 10 1.18243243243 0.497881452744
357.459336312,82.8894396001,64.8279238008,0.0
84.2295694248,288.776568685,64.8279238008,0.0
222.204213112,83.5571948383,64.8279238008,0.0
202.482110938,435.266010459,64.8279238008,0.0
70.7598259074,428.983278012,64.8279238008,0.0
78.2622540598,140.486905103,64.8279238008,0.0
416.194667374,207.820848873,64.8279238008,0.0
209.193054182,220.898711027,64.8279238008,0.0
339.978684367,444.821586351,64.8279238008,0.0
440.555553999,336.472003312,64.8279238008,0.0
304.82452905,315.84648434,64.8279238008,0.0
@ 1340 10 1.18243243243 0.554021342109
195.703277699,198.229134685,63.2714364963,0.0
108.85896419,445.228192854,63.2714364963,0.0
302.691601999,309.658784351,63.2714364963,0.0
251.515615598,431.257703035,63.2714364963,0.0
441.111377463,239.351508983,63.2714364963,0.0
67.6564094087,197.048319415,63.2714364963,0.0
438.97250157,93.695956964,63.2714364963,0.0
157.195182965,68.5277571588,63.2714364963,0.0
330.152223718,166.985034007,63.2714364963,0.0
385.24518051,430.27989813,63.2714364963,0.0
147.635714494,315.333207073,63.2714364963,0.0
@ 1350 10 1.18243243243 0.527737139105
272.708726872,403.451718513,61.6447655146,0.0
440.020483168,303.600457034,61.6447655146,0.0
320.646767979,261.558328481,61.6447655146,0.0
91.6316613568,429.621357336,61.6447655146,0.0
421.241496095,427.714508709,61.6447655146,0.0
80.2406511576,189.398312101,61.6447655146,0.0
424.206685621,163.495979837,61.6447655146,0.0
79.5556381977,64.9602844114,61.6447655146,0.0
210.468951747,106.967941101,61.6447655146,0.0
335.645900279,65.594500474,61.6447655146,0.0
157.47845649,309.374362082,61.6447655146,0.0
@ 1360 10 1.18243243243 0.500950343753
275.975832169,449.437579956,61.7675875547,0.0
405.339241156,433.719732384,61.7675875547,0.0
258.710492963,65.2046348638,61.7675875547,0.0
179.093483552,340.981251684,61.7675875547,0.0
320.016382999,319.746868753,61.7675875547,0.0
430.850446675,231.26705582,61.7675875547,0.0
89.7184241946,222.467084509,61.7675875547,0.0
92.512497969,449.927005389,61.7675875547,0.0
79.6032556967,89.5432299229,61.7675875547,0.0
229.601484511,189.973734696,61.7675875547,0.0
416.36301765,103.707061757,61.7675875547,0.0
@ 1370 10 1.18243243243 0.502948535722
205.716079731,234.484484258,62.4738245249,0.0
441.003596569,409.687171025,62.4738245249,0.0
114.291916014,105.397296666,62.4738245249,0.0
332.919038397,329.456356577,62.4738245249,0.0
243.958599205,73.0033948521,62.4738245249,0.0
440.354002804,128.544833898,62.4738245249,0.0
81.2158940353,277.977237803,62.4738245249,0.0
155.948413276,401.45392106,62.4738245249,0.0
335.588769304,201.539230964,62.4738245249,0.0
276.356568885,443.831030709,62.4738245249,0.0
447.681057939,262.244139025,62.4738245249,0.0
@ 1380 10 1.18243243243 0.514515492058
312.670044235,149.031791834,65.6995406924,0.0
432.559805483,420.096023861,65.6995406924,0.0
66.0164531527,66.8786993907,65.6995406924,0.0
442.882969224,209.926721594,65.6995406924,0.0
197.744755286,67.6128826429,65.6995406924,0.0
432.052076737,68.2724641947,65.6995406924,0.0
347.912769466,316.768092686,65.6995406924,0.0
80.8462593094,426.788560516,65.6995406924,0.0
66.063644331,215.189070974,65.6995406924,0.0
222.196975374,438.811878759,65.6995406924,0.0
183.815160955,301.964831278,65.6995406924,0.0
@ 1390 10 1.18243243243 0.569019219851
173.966233015,65.6901553864,64.3364476319,0.0
446.736877799,436.415550174,64.3364476319,0.0
329.196040828,311.985699024,64.3364476319,0.0
441.617834727,231.835957185,64.3364476319,0.0
65.4124443677,159.127481817,64.3364476319,0.0
397.25448573,94.0210258935,64.3364476319,0.0
256.759714242,439.721008992,64.3364476319,0.0
64.9345305344,309.775513628,64.3364476319,0.0
194.076522913,285.084132939,64.3364476319,0.0
118.999532278,436.459856942,64.3364476319,0.0
294.06356027,177.058078788,64.3364476319,0.0
@ 1400 10 1.18243243243 0.545652845043
212.85749888,72.4601321088,71.9542209834,0.0
439.901738303,439.473841204,71.9542209834,0.0
356.607963388,322.081926866,71.9542209834,0.0
438.864910148,202.442265558,71.9542209834,0.0
72.8576059722,106.661896254,71.9542209834,0.0
374.998288272,71.9922020331,71.9542209834,0.0
272.387912541,439.280136749,71.9542209834,0.0
72.6210808909,263.661730912,71.9542209834,0.0
209.552673985,308.739862706,71.9542209834,0.0
123.529021886,431.855884471,71.9542209834,0.0
294.301730458,191.222929373,71.9542209834,0.0
@ 1410 10 33.3333333333 0.682519117142
219.967783885,73.432308031,72.6378719038,0.0
438.04982835,439.175505686,72.6378719038,0.0
334.917218755,336.706244289,72.6378719038,0.0
439.299056283,234.684449568,72.6378719038,0.0
73.7517811697,73.0727977791,72.6378719038,0.0
433.5199875,75.3665336179,72.6378719038,0.0
231.524988673,439.306496235,72.6378719038,0.0
72.7586378825,218.393014356,72.6378719038,0.0
194.36229885,298.256939655,72.6378719038,0.0
77.4132789091,388.612954149,72.6378719038,0.0
297.854617914,196.071618127,72.6378719038,0.0
@ 1420 10 33.3333333333 0.69555022129
219.606020841,72.5391862961,72.4370799594,0.0
439.109577591,439.353869684,72.4370799594,0.0
336.515293645,335.386059292,72.4370799594,0.0
439.218241551,232.629846506,72.4370799594,0.0
73.1835425201,72.6936388509,72.4370799594,0.0
398.825635193,80.9870730495,72.4370799594,0.0
226.160720999,439.486547192,72.4370799594,0.0
72.4831527993,218.509517443,72.4370799594,0.0
195.796989574,296.46826902,72.4370799594,0.0
75.4591805817,420.825752805,72.4370799594,0.0
299.272972212,193.928717366,72.4370799594,0.0
@ 1430 10 33.3333333333 0.691710134946
219.871042129,72.8555339473,72.5867577614,0.0
439.045713232,438.874259015,72.5867577614,0.0
335.36062514,336.816840387,72.5867577614,0.0
439.235707154,235.312427647,72.5867577614,0.0
72.8019775181,72.8359476276,72.5867577614,0.0
432.463440229,83.2885281571,72.5867577614,0.0
228.955512092,438.35930334,72.5867577614,0.0
72.6696085001,218.100096891,72.5867577614,0.0
195.618023565,296.275729257,72.5867577614,0.0
76.3468407055,415.605055017,72.5867577614,0.0
300.015303819,194.032391101,72.5867577614,0.0
@ 1440 10 33.3333333333 0.694571669929
219.140693593,72.641942545,72.4693739314,0.0
438.499222633,437.838587609,72.4693739314,0.0
335.574210976,334.912937101,72.4693739314,0.0
439.522934194,227.671555297,72.4693739314,0.0
73.0635423041,72.691984479,72.4693739314,0.0
393.139897021,75.7357092867,72.4693739314,0.0
229.503016791,439.210304438,72.4693739314,0.0
73.5218924074,218.798176031,72.4693739314,0.0
195.320868174,297.768862098,72.4693739314,0.0
86.1316456115,415.95465613,72.4693739314,0.0
297.344171779,194.704099975,72.4693739314,0.0
@ 1450 10 33.3333333333 0.692327030247
219.433966347,73.2424622067,72.5002072187,0.0
438.55000216,438.429355874,72.5002072187,0.0
335.802254214,335.965857977,72.5002072187,0.0
439.17317369,232.216594497,72.5002072187,0.0
72.972271054,72.6653537696,72.5002072187,0.0
405.110798772,73.3646586745,72.5002072187,0.0
230.407321455,439.330274719,72.5002072187,0.0
72.761587928,218.513301368,72.5002072187,0.0
194.640145138,298.317050972,72.5002072187,0.0
81.3311214811,437.910045356,72.5002072187,0.0
298.910958216,194.813620819,72.5002072187,0.0
@ 1460 10 33.3333333333 0.692916279423
218.368667684,72.9113398706,72.5921815535,0.0
438.867502201,438.236618612,72.5921815535,0.0
336.36015092,335.261526712,72.5921815535,0.0
438.687215619,229.766654879,72.5921815535,0.0
72.943035449,73.1955772808,72.5921815535,0.0
395.46819615,83.9908900623,72.5921815535,0.0
234.870505982,439.229221278,72.5921815535,0.0
73.0348972379,220.28838148,72.5921815535,0.0
195.557412802,298.652636592,72.5921815535,0.0
85.2487127497,434.417704137,72.5921815535,0.0
297.750663909,194.544775176,72.5921815535,0.0
@ 1470 10 33.3333333333 0.694675472695
217.692049082,73.0171632217,72.5237759195,0.0
439.422699194,437.424501558,72.5237759195,0.0
337.407540631,333.74421747,72.5237759195,0.0
439.322353553,230.196592337,72.5237759195,0.0
72.575236363,74.1986501601,72.5237759195,0.0
400.320404899,86.9212277441,72.5237759195,0.0
236.650666046,439.321701423,72.5237759195,0.0
73.1116533168,221.96762936,72.5237759195,0.0
196.514900648,298.966151058,72.5237759195,0.0
76.4491051859,419.759873789,72.5237759195,0.0
298.819385643,193.290910289,72.5237759195,0.0
@ 1480 10 33.3333333333 0.693366865471
218.797381034,72.8852137237,72.4879158885,0.0
439.141496596,438.089711776,72.4879158885,0.0
335.742620603,336.011644144,72.4879158885,0.0
439.067352415,229.52789736,72.4879158885,0.0
72.9375851556,73.7592135904,72.4879158885,0.0
425.525931951,81.4176223147,72.4879158885,0.0
228.747351423,439.204526612,72.4879158885,0.0
72.4949476568,220.777870068,72.4879158885,0.0
195.63192721,297.905876873,72.4879158885,0.0
77.0476003292,408.706373779,72.4879158885,0.0
298.016228932,194.313297109,72.4879158885,0.0
@ 1490 10 33.3333333333 0.692681352071
219.735383404,72.737554902,72.4154533724,0.0
438.149502588,438.511361037,72.4154533724,0.0
335.461206808,335.938944313,72.4154533724,0.0
438.798487788,233.267118331,72.4154533724,0.0
74.0394124838,72.7995830632,72.4154533724,0.0
414.951035308,76.210269366,72.4154533724,0.0
230.570097046,439.257333754,72.4154533724,0.0
73.4387137883,218.315318059,72.4154533724,0.0
194.012892998,299.054464818,72.4154533724,0.0
77.4939624855,395.640744517,72.4154533724,0.0
296.668683648,195.876913283,72.4154533724,0.0
@ 1500 10 33.3333333333 0.691297166993
