10 11 0.0873362445415 0.290297628886 0.0380613789517 78.3238328545 1 0.1 0.43255 0.330998248687 119.041585467 30 0.332421666323
20 11 0.0873362445415 0.227078646417 0.0321048938447 35.8254704467 1 0.1 0.40158 0.318327974277 152.182913477 30 0.332421666323
30 11 0.0873362445415 0.257812533378 0.0421575356521 41.6761811243 1 0.1 0.35717 0.343089430894 134.041155979 30 0.332421666323
40 11 0.0873362445415 0.236789678784 0.0404633049935 34.753838722 1 0.1 0.43012 0.4512 145.941707331 30 0.332421666323
50 11 0.0873362445415 0.164711250722 0.0259446912798 44.4516109491 1 0.1 0.39232 0.411023622047 209.806493779 30 0.332421666323
60 11 0.0873362445415 0.190866188679 0.0364050590644 68.3321228565 1 0.1 0.41049 0.31891025641 181.056111819 30 0.332421666323
70 11 0.0873362445415 0.269624500744 0.0339384078218 37.3824959807 1 0.1 0.36943 0.358208955224 128.168953135 30 0.332421666323
80 11 0.0873362445415 0.157966677146 0.0636154644221 75.5717043364 1 0.1 0.40365 0.410216718266 218.764429463 30 0.364394035603
90 11 0.0873362445415 0.238961010719 0.0272957199888 30.7652102233 1 0.1 0.39925 0.415032679739 144.615600244 30 0.364394035603
100 11 0.0873362445415 0.250844507049 0.029844966826 36.58755488 1 0.1 0.42264 0.389830508475 137.764587339 30 0.364394035603
110 11 0.0940354648039 0.327254970025 0.0417782142098 35.2386228166 1 0.1 0.39719 0.401993355482 105.598060122 0 0.364394035603
120 11 0.0940354648039 0.328816394314 0.0417229991757 33.2404882683 1 0.1 0.41689 0.338898163606 105.096615003 0 0.364394035603
130 11 0.0940354648039 0.198402348202 0.0454589369083 39.4830294461 1 0.1 0.41246 0.407051282051 174.17883565 0 0.364394035603
140 11 0.0940354648039 0.17714956608 0.0699452954168 67.3462569287 1 0.1 0.37283 0.372456964006 195.075216749 0 0.384813796168
150 11 0.0940354648039 0.241789685643 0.0374135472835 41.8956678586 1 0.1 0.44147 0.452229299363 142.923755859 0 0.384813796168
160 11 0.0940354648039 0.233208155963 0.0446390281172 35.2898896176 1 0.1 0.38984 0.414261460102 148.183024977 0 0.384813796168
170 11 0.0940354648039 0.222878695997 0.0389379131867 38.4852271461 1 0.1 0.37349 0.314662273476 155.050664871 0 0.384813796168
180 11 0.0940354648039 0.185148308042 0.0279821537157 52.5466318367 1 0.1 0.44862 0.388443017657 186.647614367 0 0.384813796168
190 11 0.0940354648039 0.176319299972 0.0293632866074 59.2133701205 1 0.1 0.42417 0.414173228346 195.993802184 0 0.384813796168
200 11 0.0940354648039 0.322122483079 0.0516322664681 28.7594647006 1 0.1 0.40765 0.396072013093 107.280589885 0 0.384813796168
210 11 0.101847810272 0.224973310154 0.0431093546589 49.9766573897 1 0.1 0.39535 0.445686900958 153.607065551 0 0.384813796168
220 11 0.101847810272 0.24023887461 0.0420999240682 31.170809878 1 0.1 0.38759 0.3515625 143.846369811 0 0.384813796168
230 11 0.101847810272 0.273898446018 0.033473925735 23.8783658306 1 0.1 0.4048 0.355769230769 126.168988917 0 0.384813796168
240 11 0.101847810272 0.214314393995 0.0446574859999 38.6660544182 1 0.1 0.41154 0.448757763975 161.246705627 0 0.384813796168
250 11 0.101847810272 0.287382885605 0.060246168544 27.5526298388 1 0.1 0.38823 0.41601255887 120.248949158 0 0.384813796168
260 11 0.101847810272 0.150134082134 0.0456920484114 83.1726836491 1 0.1 0.3889 0.3824 230.177515384 0 0.384813796168
270 11 0.101847810272 0.314739370481 0.0441798414937 41.3410346794 1 0.1 0.4483 0.432216905901 109.797163117 0 0.384813796168
280 11 0.101847810272 0.274751065027 0.0449201405115 36.8302332435 1 0.1 0.41817 0.384370015949 125.777456028 0 0.384813796168
290 11 0.101847810272 0.252761201192 0.0291379528972 33.2132477873 1 0.1 0.39145 0.413183279743 136.719915228 0 0.384813796168
300 11 0.101847810272 0.295059490357 0.0321711885816 29.0184081676 1 0.1 0.43986 0.413621262458 117.120415135 0 0.384813796168
310 11 0.111075848937 0.268904548539 0.0209395662536 34.6296848779 1 0.1 0.43056 0.395023328149 128.512106574 0 0.384813796168
320 11 0.111075848937 0.220726141609 0.0284351972545 51.2399868378 1 0.1 0.41457 0.451718494272 156.562742175 0 0.384813796168
330 11 0.111075848937 0.323917122689 0.0481769769853 24.2386808525 1 0.1 0.35664 0.353968253968 106.686209464 0 0.384813796168
340 11 0.111075848937 0.17339114466 0.0392702560489 33.7409488422 1 0.1 0.40251 0.439393939394 199.303661486 0 0.384813796168
350 11 0.111075848937 0.200166302312 0.0258930013821 59.7602421209 1 0.1 0.36607 0.386473429952 172.643894606 0 0.384813796168
360 11 0.111075848937 0.271486161037 0.0535443196006 24.533747488 1 0.1 0.40461 0.402936378467 127.290061003 0 0.384813796168
370 11 0.111075848937 0.292077497484 0.0491113808786 21.5797502587 1 0.1 0.33499 0.363221884498 118.316167105 0 0.385538027669
380 11 0.111075848937 0.372517410097 0.0598232735761 20.6850158181 1 0.1 0.37511 0.400299850075 92.7674494221 0 0.385538027669
390 11 0.111075848937 0.383304881687 0.0441634221471 30.3756030593 1 0.1 0.39768 0.369105691057 90.1566654928 0 0.385538027669
400 11 0.111075848937 0.305664704152 0.0353642445678 19.2909314888 1 0.1 0.46011 0.4296875 113.056854555 0 0.385538027669
410 11 0.122142732507 0.269190573078 0.0254156030576 43.7605504409 1 0.1 0.38081 0.374800637959 128.375557899 0 0.385538027669
420 11 0.122142732507 0.223759920147 0.0421934317143 59.8905144201 1 0.1 0.42257 0.451257861635 154.440035451 0 0.385538027669
430 11 0.122142732507 0.28338738077 0.0304162901624 13.5651571532 1 0.1 0.37767 0.374603174603 121.94435019 0 0.385538027669
440 11 0.122142732507 0.24983216395 0.0380210517889 28.0256452558 1 0.1 0.42636 0.388364779874 138.322822224 0 0.385538027669
450 11 0.122142732507 0.276498846131 0.0375223237811 28.4147359432 1 0.1 0.36659 0.443349753695 124.982402218 0 0.385538027669
460 11 0.122142732507 0.262979811881 0.0294476790001 37.544680149 1 0.1 0.44396 0.459677419355 131.407387331 0 0.385538027669
470 11 0.122142732507 0.225082592498 0.0440097224753 37.7968998559 1 0.1 0.36965 0.359937402191 153.532486082 0 0.385538027669
480 11 0.122142732507 0.210413950014 0.0446913494954 46.3869900282 1 0.1 0.41406 0.421052631579 164.23573626 0 0.385538027669
490 11 0.122142732507 0.26608698675 0.0444758449899 42.8560190759 1 0.1 0.39775 0.3888 129.872905181 0 0.385538027669
500 11 0.122142732507 0.256887987656 0.036640456205 35.3316442583 1 0.1 0.4747 0.446540880503 134.523573155 0 0.385538027669
510 11 0.135658914729 0.248616916272 0.04208911322 30.332147241 1 0.1 0.36821 0.345718901454 138.998948737 0 0.385538027669
520 11 0.135658914729 0.271690705314 0.0276055707155 36.7919813596 1 0.1 0.40473 0.424012158055 127.194229777 0 0.385538027669
530 11 0.135658914729 0.317560613786 0.0619900986934 31.066976239 1 0.1 0.33898 0.344773790952 108.821713083 0 0.385538027669
540 11 0.135658914729 0.397416296965 0.0427775897517 17.8106342073 1 0.1 0.38978 0.403225806452 86.9553922774 0 0.397416296965
550 11 0.135658914729 0.274404055359 0.0215499155076 28.0476199112 1 0.1 0.40428 0.322314049587 125.936513419 0 0.397416296965
560 11 0.135658914729 0.340821885316 0.0342106566343 31.0375687559 1 0.1 0.39354 0.37094017094 101.394574377 0 0.397416296965
570 11 0.135658914729 0.266799434604 0.0264064937142 45.8210990086 1 0.1 0.43486 0.401244167963 129.526099076 0 0.397416296965
580 11 0.135658914729 0.263813452278 0.026912090906 27.1817238654 1 0.1 0.38469 0.393650793651 130.992145024 0 0.397416296965
590 11 0.135658914729 0.219931963582 0.0422099858499 42.9848766697 1 0.1 0.41783 0.411856474259 157.128092876 0 0.397416296965
600 11 0.135658914729 0.231555190706 0.0255915538336 41.7916669025 1 0.1 0.4105 0.423076923077 149.240834959 0 0.397416296965
610 11 0.152538679451 0.289156204035 0.0319301859782 37.1744344416 1 0.1 0.37075 0.344444444444 119.511494195 0 0.397416296965
620 11 0.152538679451 0.356476411608 0.0251133719247 26.1925097532 1 0.1 0.40528 0.353407290016 96.9418701341 0 0.397416296965
630 11 0.152538679451 0.333834586042 0.0409618268593 29.8224793114 1 0.1 0.41296 0.420967741935 103.516805762 0 0.397416296965
640 11 0.152538679451 0.284515957785 0.0407811384865 21.8746907694 1 0.1 0.36422 0.396825396825 121.460638865 0 0.397416296965
650 11 0.152538679451 0.280490958368 0.0322847219331 30.5170651061 1 0.1 0.39662 0.36062992126 123.203579185 0 0.397416296965
660 11 0.152538679451 0.25555161916 0.0232921094743 46.1118259477 1 0.1 0.46997 0.524316109422 135.227043811 0 0.397416296965
670 11 0.152538679451 0.230548657841 0.0470664662511 32.1625198052 1 0.1 0.39912 0.453703703704 149.892392884 0 0.397416296965
680 11 0.152538679451 0.269464536907 0.0477835962933 35.1505820691 1 0.1 0.45255 0.440063091483 128.245038834 0 0.397416296965
690 11 0.152538679451 0.290498229969 0.0176002796974 23.2254421793 1 0.1 0.39608 0.367576243981 118.959382313 0 0.397416296965
700 11 0.152538679451 0.258517718651 0.0230970937987 42.929414521 1 0.1 0.4762 0.457627118644 133.675518182 0 0.397416296965
710 11 0.174216027875 0.307317341747 0.0381684673991 22.0218617286 1 0.1 0.39814 0.355769230769 112.448877123 0 0.441698414678
720 11 0.174216027875 0.387514583876 0.0452852682062 29.3143695326 1 0.1 0.45859 0.418032786885 89.1772630963 0 0.441698414678
730 11 0.174216027875 0.324103134335 0.0557710064158 22.397403266 1 0.1 0.43659 0.400646203554 106.624979332 0 0.441698414678
740 11 0.174216027875 0.313429290626 0.030536941481 32.1962724304 1 0.1 0.38028 0.318936877076 110.256096139 0 0.441698414678
750 11 0.174216027875 0.356395549863 0.021046283047 23.9265959348 1 0.1 0.42468 0.3625 96.9638650462 0 0.441698414678
760 11 0.174216027875 0.351548832393 0.0347387758932 30.7558046116 1 0.1 0.41268 0.418487394958 98.3006820555 0 0.441698414678
770 11 0.174216027875 0.340090423812 0.035608407938 21.2131530015 1 0.1 0.37356 0.410801963993 101.612652343 0 0.441698414678
780 11 0.174216027875 0.338664880868 0.0437664167094 25.2171957867 1 0.1 0.39746 0.37436762226 102.040370739 0 0.441698414678
790 11 0.174216027875 0.294024356777 0.040836000046 30.705425313 1 0.1 0.44065 0.387622149837 117.532745854 0 0.441698414678
800 11 0.174216027875 0.290088182563 0.0452464298854 29.823031105 1 0.1 0.38466 0.389751552795 119.127534582 0 0.441698414678
810 11 0.203075137801 0.347745065645 0.035652324785 24.2421639658 1 0.1 0.39377 0.370892018779 99.375932009 0 0.441698414678
820 11 0.203075137801 0.32445376885 0.0442945605472 29.0653781509 1 0.1 0.39584 0.367412140575 106.509750596 0 0.441698414678
830 11 0.203075137801 0.31182369679 0.0459917931044 32.9427154252 1 0.1 0.43032 0.418674698795 110.823809594 0 0.441698414678
840 11 0.203075137801 0.288493357876 0.0310977591608 34.6016756903 1 0.1 0.42752 0.394611727417 119.786085387 0 0.441698414678
850 11 0.203075137801 0.282762605156 0.0401536304616 26.7405483667 1 0.1 0.40837 0.455927051672 122.21379125 0 0.441698414678
860 11 0.203075137801 0.342220379719 0.0404905470525 27.2090532244 1 0.1 0.36354 0.4203125 100.980222243 0 0.441698414678
870 11 0.203075137801 0.273299824894 0.0453362491975 27.8994913312 1 0.1 0.41669 0.399665551839 126.445342632 0 0.441698414678
880 11 0.203075137801 0.356481085081 0.0418022081593 29.1898719887 1 0.1 0.36322 0.412872841444 96.9405992247 0 0.441698414678
890 11 0.203075137801 0.401913745978 0.0562697896336 30.1564879878 1 0.1 0.39524 0.33655394525 85.9823540395 0 0.451842593692
900 11 0.203075137801 0.338722763746 0.0295842154823 33.4606620757 1 0.1 0.41689 0.41277258567 102.022933498 0 0.451842593692
910 11 0.243393602225 0.326729439966 0.0507279345252 24.5285574882 1 0.1 0.38819 0.3728 105.767909998 0 0.464773806377
920 11 0.243393602225 0.366157644798 0.03585855019 33.2507840341 1 0.1 0.40125 0.340983606557 94.3787204527 0 0.464773806377
930 11 0.243393602225 0.322710818911 0.0498920320219 20.9650603348 1 0.1 0.37176 0.403053435115 107.085006064 0 0.464773806377
940 11 0.243393602225 0.370630243605 0.0554433215068 17.4119934697 1 0.1 0.41566 0.373271889401 93.2398005729 0 0.503965825436
950 11 0.243393602225 0.288597836038 0.0409023365865 25.9867558775 1 0.1 0.43381 0.440242057489 119.742720439 0 0.503965825436
960 11 0.243393602225 0.361686663679 0.0302039697203 14.7016654536 1 0.1 0.39758 0.405186385737 95.5453807683 0 0.503965825436
970 11 0.243393602225 0.348056791195 0.0364661294371 16.0296542812 1 0.1 0.43438 0.424143556281 99.2869292432 0 0.503965825436
980 11 0.243393602225 0.319901810642 0.0537428045749 28.9375209428 1 0.1 0.39698 0.380305602716 108.025302922 0 0.503965825436
990 11 0.243393602225 0.483298899594 0.0460517888007 14.3556780877 1 0.1 0.35555 0.3584 71.5033492297 0 0.503965825436
1000 11 0.243393602225 0.392654067793 0.046391825773 25.0866282526 1 0.1 0.45746 0.419254658385 88.0100139907 0 0.503965825436
1010 11 0.303687635575 0.349873404505 0.0393911753294 37.3162885385 1 0.1 0.36259 0.355817875211 98.7714114735 0 0.503965825436
1020 11 0.303687635575 0.344818738771 0.0433884292208 24.4659506694 1 0.1 0.37971 0.35 100.219292383 0 0.503965825436
1030 11 0.303687635575 0.32585078076 0.0394755012042 23.554483161 1 0.1 0.44253 0.421393841167 106.053114003 0 0.503965825436
1040 11 0.303687635575 0.378876852971 0.0194293232781 22.6313390786 1 0.1 0.39022 0.355305466238 91.2103490329 0 0.503965825436
1050 11 0.303687635575 0.388842878165 0.0413841046211 28.3736522491 1 0.1 0.44714 0.480801335559 88.8726319563 0 0.503965825436
1060 11 0.303687635575 0.365044598583 0.025178774851 28.076729153 1 0.1 0.38115 0.340495867769 94.6664876954 0 0.503965825436
1070 11 0.303687635575 0.392792666742 0.0283674685101 22.7293195859 1 0.1 0.4514 0.447784810127 87.9789591966 0 0.503965825436
1080 11 0.303687635575 0.347215101372 0.046993189595 30.1305480785 1 0.1 0.3405 0.331168831169 99.5276123172 0 0.513519153682
1090 11 0.303687635575 0.392994237897 0.0312857524252 21.246925959 1 0.1 0.43006 0.381761978362 87.9338338011 0 0.513519153682
1100 11 0.303687635575 0.473334655975 0.0445810443903 18.0112929224 1 0.1 0.41679 0.471358428805 73.0085776813 0 0.513519153682
1110 11 0.40369088812 0.435222450616 0.0285381870184 30.9654538318 1 0.1 0.35799 0.331230283912 79.4019011452 0 0.513519153682
1120 11 0.40369088812 0.38688905701 0.031161147203 20.0233976716 1 0.1 0.41876 0.4224 89.3214459645 0 0.513519153682
1130 11 0.40369088812 0.432853080531 0.0359226699486 22.5089390024 1 0.1 0.36579 0.385008517888 79.8365347374 0 0.513519153682
1140 11 0.40369088812 0.459414915973 0.0340840160229 20.9486054696 1 0.1 0.37907 0.38253968254 75.2206530491 0 0.513519153682
1150 11 0.40369088812 0.325602779932 0.0455376901153 22.7551340519 1 0.1 0.40264 0.393939393939 106.133891139 0 0.513519153682
1160 11 0.40369088812 0.37918781277 0.0322162574981 29.5514155486 1 0.1 0.40287 0.461656441718 91.1355503426 0 0.513519153682
1170 11 0.40369088812 0.3917703518 0.0376399825308 24.9629995026 1 0.1 0.37904 0.423948220065 88.2085380918 0 0.513519153682
1180 11 0.40369088812 0.478572165964 0.0311689260904 19.3283800054 1 0.1 0.38075 0.375394321767 72.209569335 0 0.513519153682
1190 11 0.40369088812 0.363621297216 0.0209846524572 24.7115594549 1 0.1 0.42432 0.395275590551 95.0370351369 0 0.513519153682
1200 11 0.40369088812 0.407962284462 0.0309319710065 25.6428957445 1 0.1 0.39462 0.457142857143 84.7075607629 0 0.513519153682
1210 11 0.601891659501 0.469654895038 0.0332373279813 26.440378698 1 0.1 0.3963 0.3259762309 73.5806021934 0 0.584414170802
1220 11 0.601891659501 0.465956827378 0.0197707943894 22.2871779379 1 0.1 0.43233 0.378068739771 74.1645748479 0 0.584414170802
1230 11 0.601891659501 0.450375354466 0.0260778577002 27.0691852311 1 0.1 0.39676 0.409509202454 76.730419765 0 0.584414170802
1240 11 0.601891659501 0.453388727768 0.0411797022291 22.8984609844 1 0.1 0.46277 0.423011844332 76.220443702 0 0.584414170802
1250 11 0.601891659501 0.44906614041 0.0238540456808 16.9297580848 1 0.1 0.35656 0.306188925081 76.9541207638 0 0.584414170802
1260 11 0.601891659501 0.49464720343 0.0376827144421 19.6583291127 1 0.1 0.41539 0.379194630872 69.8629038239 0 0.584414170802
1270 11 0.601891659501 0.473565106882 0.0207517905624 17.7154763724 1 0.1 0.38096 0.350793650794 72.9730495296 0 0.584414170802
1280 11 0.601891659501 0.433181218498 0.0280345538148 18.0107912543 1 0.1 0.45745 0.47308319739 79.7760579737 0 0.584414170802
1290 11 0.601891659501 0.417251430446 0.0270058380518 23.3535512141 1 0.1 0.44165 0.452713178295 82.8217412294 0 0.584414170802
1300 11 0.601891659501 0.425852955053 0.0308362444429 17.5670412472 1 0.1 0.39505 0.38996763754 81.1488791846 0 0.584414170802
1310 11 1.18243243243 0.479019517023 0.0186248240643 15.4154660482 1 0.1 0.39726 0.382059800664 72.1421336123 30 0.584414170802
1320 11 1.18243243243 0.542828247777 0.0193693345679 13.4132345426 1 0.1 0.39257 0.404761904762 63.6619227933 30 0.584414170802
1330 11 1.18243243243 0.497881452744 0.0195329046881 3.33348539582 1 0.1 0.41008 0.333860759494 69.4090728015 30 0.584414170802
1340 11 1.18243243243 0.554021342109 0.0182170533459 6.73794697821 1 0.1 0.39155 0.391376451078 62.3757378524 30 0.584414170802
1350 11 1.18243243243 0.527737139105 0.0184737913059 10.3171469379 1 0.1 0.41917 0.417475728155 65.4823915911 30 0.584414170802
1360 11 1.18243243243 0.500950343753 0.0124690508727 9.72973512843 1 0.1 0.4021 0.380258899676 68.983863233 30 0.584414170802
1370 11 1.18243243243 0.502948535722 0.0245497229036 15.2959251867 1 0.1 0.38228 0.447737909516 68.7097934392 30 0.584414170802
1380 11 1.18243243243 0.514515492058 0.0278850438305 8.31325140013 1 0.1 0.37332 0.37106918239 67.1651107371 30 0.612856314119
1390 11 1.18243243243 0.569019219851 0.0285065029738 5.91580370979 1 0.1 0.40864 0.408427876823 60.7316744223 30 0.612856314119
1400 11 1.18243243243 0.545652845043 0.0232293700105 6.17801268504 1 0.1 0.40212 0.391442155309 63.3323738965 30 0.612856314119
1410 11 33.3333333333 0.682519117142 0.0276416209509 0.186115213352 1 0.1 0.63832 0.549488054608 50.6322667484 270 0.695535861459
1420 11 33.3333333333 0.69555022129 0.00476915385368 0.248743113133 1 0.1 0.40062 0.333938294011 49.68367336 270 0.69555022129
1430 11 33.3333333333 0.691710134946 0.00124140775852 0.0403442126818 1 0.1 0.32146 0.30615640599 49.9594964048 270 0.695652915901
1440 11 33.3333333333 0.694571669929 0.0014989353517 0.0204617208636 1 0.1 0.40813 0.364928909953 49.7536704938 270 0.695652915901
1450 11 33.3333333333 0.692327030247 0.000986273440078 0.030735162753 1 0.1 0.39551 0.400625978091 49.9149801903 270 0.695652915901
1460 11 33.3333333333 0.692916279423 0.00192506377538 0.0117863898102 1 0.1 0.40232 0.349417637271 49.8725329831 270 0.695652915901
1470 11 33.3333333333 0.694675472695 0.00123314093718 0.00461787370107 1 0.1 0.32824 0.365482233503 49.7462359884 270 0.696066501062
1480 11 33.3333333333 0.693366865471 0.00103330497876 0.00588893666015 1 0.1 0.42289 0.413580246914 49.8401232031 270 0.696066501062
1490 11 33.3333333333 0.692681352071 0.00123993826533 0.0149918822604 1 0.1 0.39104 0.402261712439 49.8894475745 270 0.696066501062
1500 11 33.3333333333 0.691297166993 0.00138960592151 0.0060098693612 1 0.1 0.36175 0.332802547771 49.9893412703 270 0.696066501062
