10 11 0.0873362445415 0.195828398143 0.0263017237229 114.698016037 3 0.1 0.45197 0.357256778309 176.468225894 30 0.293477339529
20 11 0.0873362445415 0.184802182804 0.0392588977674 72.9591667758 3 0.1 0.40447 0.373355263158 186.997196005 30 0.330499862745
30 11 0.0873362445415 0.182507421012 0.0220777575664 32.7668977062 3 0.1 0.39756 0.395534290271 189.348410099 30 0.330499862745
40 11 0.0873362445415 0.255388741428 0.0417759470373 38.5671164832 3 0.1 0.40962 0.38424437299 135.313286744 30 0.330499862745
50 11 0.0873362445415 0.225500331188 0.0388823159152 44.921925027 3 0.1 0.39393 0.4336 153.24806761 30 0.330499862745
60 11 0.0873362445415 0.21507287719 0.0349173959854 51.4545236669 3 0.1 0.42448 0.457516339869 160.678047607 30 0.330499862745
70 11 0.0873362445415 0.270111272168 0.0454084433875 33.209353876 3 0.1 0.36597 0.364085667216 127.937978014 30 0.330499862745
80 11 0.0873362445415 0.315191415352 0.0399633475476 20.5646669752 3 0.1 0.41994 0.426751592357 109.639692951 30 0.330499862745
90 11 0.0873362445415 0.224168840726 0.0293719120243 55.6827511832 3 0.1 0.3864 0.390322580645 154.158311601 30 0.330499862745
100 11 0.0873362445415 0.224501057586 0.0407213368018 44.4082692498 3 0.1 0.42035 0.492088607595 153.930187998 30 0.330499862745
110 11 0.0940354648039 0.213878344536 0.034564488909 36.6495152663 3 0.1 0.39806 0.321243523316 161.575451105 0 0.330499862745
120 11 0.0940354648039 0.293569036544 0.0424544335092 34.2915224816 3 0.1 0.44345 0.362582781457 117.715037004 0 0.330499862745
130 11 0.0940354648039 0.240693306691 0.0430126679285 39.9128305158 3 0.1 0.41106 0.399355877617 143.574786001 0 0.330499862745
140 11 0.0940354648039 0.205273472032 0.0240402501629 51.2772456696 3 0.1 0.38095 0.407407407407 168.348543326 0 0.330499862745
150 11 0.0940354648039 0.348873173725 0.040906389602 28.641527734 3 0.1 0.40091 0.411214953271 99.0545923352 0 0.348873173725
160 11 0.0940354648039 0.186522584712 0.0453180782317 74.5649576243 3 0.1 0.38538 0.370892018779 185.272416493 0 0.348873173725
170 11 0.0940354648039 0.263895799612 0.0258092516288 30.8783056646 3 0.1 0.43372 0.431893687708 130.951269595 0 0.348873173725
180 11 0.0940354648039 0.278225623831 0.036426196774 29.9215775404 3 0.1 0.35963 0.336939721793 124.206712251 0 0.348873173725
190 11 0.0940354648039 0.208054874062 0.0330689488211 52.9464657982 3 0.1 0.44415 0.440381558029 166.09795928 0 0.348873173725
200 11 0.0940354648039 0.193928538503 0.0474288071037 56.13439334 3 0.1 0.38069 0.374203821656 178.197032096 0 0.348873173725
210 11 0.101847810272 0.260365592238 0.0447304935658 28.8297078181 3 0.1 0.36332 0.405320813772 132.726792749 0 0.359920682977
220 11 0.101847810272 0.227345782245 0.0193661014026 39.3777751816 3 0.1 0.40357 0.3864013267 152.004095518 0 0.359920682977
230 11 0.101847810272 0.255458603789 0.0452240753574 24.3424846775 3 0.1 0.39012 0.432432432432 135.276281509 0 0.359920682977
240 11 0.101847810272 0.257526114416 0.0234775897632 35.8479599112 3 0.1 0.42298 0.402889245586 134.19023573 0 0.359920682977
250 11 0.101847810272 0.268302373575 0.033983243368 50.222592573 3 0.1 0.35818 0.363636363636 128.800537765 0 0.359920682977
260 11 0.101847810272 0.251750453318 0.0371188465534 40.2058732765 3 0.1 0.43063 0.397415185784 137.268829289 0 0.359920682977
270 11 0.101847810272 0.268352368084 0.0318250049455 35.3467784688 3 0.1 0.40141 0.44094488189 128.776542002 0 0.359920682977
280 11 0.101847810272 0.232670914561 0.04145972347 54.7046091023 3 0.1 0.35344 0.370078740157 148.525182295 0 0.359920682977
290 11 0.101847810272 0.235089682758 0.0326036715858 39.3909664346 3 0.1 0.40748 0.444794952681 146.997050635 0 0.359920682977
300 11 0.101847810272 0.333126101875 0.0372900919944 25.5280558486 3 0.1 0.37175 0.421900161031 103.736962686 0 0.359920682977
310 11 0.111075848937 0.271831623645 0.0272828919095 33.4643225848 3 0.1 0.36496 0.376271186441 127.128291906 0 0.359920682977
320 11 0.111075848937 0.27377110546 0.0419732414861 34.139696229 3 0.1 0.36746 0.359677419355 126.227674545 0 0.359920682977
330 11 0.111075848937 0.291049840593 0.0469614481912 21.0846360227 3 0.1 0.42039 0.440456769984 118.733925192 0 0.359920682977
340 11 0.111075848937 0.215343506471 0.0215947548315 52.2849664023 3 0.1 0.40469 0.396923076923 160.476118209 0 0.359920682977
350 11 0.111075848937 0.352959443404 0.0437956208648 31.2869746221 3 0.1 0.32439 0.371517027864 97.9078209856 0 0.359920682977
360 11 0.111075848937 0.221197895373 0.0310985422645 42.4254255029 3 0.1 0.39075 0.487022900763 156.228837267 0 0.359920682977
370 11 0.111075848937 0.261744817922 0.0364352826055 44.8487345807 3 0.1 0.44399 0.470137825421 132.027408506 0 0.359920682977
380 11 0.111075848937 0.243334781305 0.0555348305029 29.2222576392 3 0.1 0.3963 0.41307814992 142.016237114 0 0.384000163421
390 11 0.111075848937 0.25724148131 0.0269335585621 28.3075481903 3 0.1 0.43093 0.373996789727 134.33871483 0 0.384000163421
400 11 0.111075848937 0.250584411357 0.0234627556387 43.6101177965 3 0.1 0.40671 0.429237947123 137.907580974 0 0.384000163421
410 11 0.122142732507 0.344833692176 0.0374754999661 29.052225625 3 0.1 0.39511 0.378912685338 100.214946463 0 0.384000163421
420 11 0.122142732507 0.257198320295 0.0389495842077 22.6253648249 3 0.1 0.40517 0.388106416275 134.361258504 0 0.384000163421
430 11 0.122142732507 0.272500626102 0.0261713943105 23.3056848523 3 0.1 0.39506 0.452887537994 126.816185689 0 0.384000163421
440 11 0.122142732507 0.210056682501 0.0352605118119 35.7593050275 3 0.1 0.43387 0.43937007874 164.51507083 0 0.384000163421
450 11 0.122142732507 0.278058325454 0.0587627984578 47.9125774009 3 0.1 0.38236 0.375816993464 124.281443268 0 0.405089001841
460 11 0.122142732507 0.279663809226 0.0391099460906 28.7299434759 3 0.1 0.43687 0.451162790698 123.567972901 0 0.405089001841
470 11 0.122142732507 0.217014654381 0.0363783874117 35.4821183138 3 0.1 0.3706 0.375 159.240352217 0 0.405089001841
480 11 0.122142732507 0.259919192498 0.0344419271663 27.8976821877 3 0.1 0.42083 0.44249201278 132.954745157 0 0.405089001841
490 11 0.122142732507 0.240107069331 0.0461902921475 31.8042238286 3 0.1 0.42205 0.431496062992 143.925333378 0 0.405089001841
500 11 0.122142732507 0.294069954673 0.0343772268015 34.2218208967 3 0.1 0.37479 0.387312186978 117.514521463 0 0.405089001841
510 11 0.135658914729 0.276647047161 0.0452473484369 38.06858902 3 0.1 0.43998 0.405750798722 124.9154486 0 0.405089001841
520 11 0.135658914729 0.314182581745 0.0391704066281 34.844868979 3 0.1 0.39129 0.343003412969 109.99174368 0 0.405089001841
530 11 0.135658914729 0.344924286834 0.0420073405006 17.8123265297 3 0.1 0.44417 0.465753424658 100.188624922 0 0.405089001841
540 11 0.135658914729 0.21550984432 0.0570761839849 43.5543745392 3 0.1 0.39421 0.366242038217 160.352257267 0 0.405089001841
550 11 0.135658914729 0.272736733447 0.0528381402019 24.486729829 3 0.1 0.4505 0.437795275591 126.706401309 0 0.405089001841
560 11 0.135658914729 0.24177960866 0.0440786018217 29.2949404511 3 0.1 0.42939 0.405 142.92971269 0 0.405089001841
570 11 0.135658914729 0.264766530853 0.0515287524479 24.3772416826 3 0.1 0.37732 0.38080495356 130.520613344 0 0.405089001841
580 11 0.135658914729 0.286195826096 0.0375877663505 21.4044539317 3 0.1 0.41763 0.375601926164 120.747707859 0 0.405089001841
590 11 0.135658914729 0.31732778128 0.0332490513714 29.5099931898 3 0.1 0.35698 0.388544891641 108.901558699 0 0.405089001841
600 11 0.135658914729 0.262576125443 0.0330590773228 42.9061812867 3 0.1 0.38714 0.432520325203 131.609414 0 0.405089001841
610 11 0.152538679451 0.362765953612 0.0279587349819 21.1452138588 3 0.1 0.37651 0.414790996785 95.2611171362 0 0.405089001841
620 11 0.152538679451 0.275590821903 0.0430988757545 44.4428890813 3 0.1 0.38742 0.31160572337 125.394197678 0 0.405089001841
630 11 0.152538679451 0.283107186585 0.0398393064117 25.1767137938 3 0.1 0.45845 0.390965732087 122.065039806 0 0.405089001841
640 11 0.152538679451 0.278063498383 0.029028587852 26.7195109833 3 0.1 0.43153 0.458074534161 124.279131209 0 0.405089001841
650 11 0.152538679451 0.316060518176 0.0306547133095 33.061241077 3 0.1 0.40095 0.43720190779 109.338205858 0 0.405089001841
660 11 0.152538679451 0.331138474214 0.0403928322338 23.9286254099 3 0.1 0.36699 0.409385113269 104.359634084 0 0.405089001841
670 11 0.152538679451 0.246747070729 0.0319911904416 46.3285476057 3 0.1 0.41948 0.417085427136 140.052280653 0 0.405089001841
680 11 0.152538679451 0.300539234134 0.0478168062519 35.0622887498 3 0.1 0.36006 0.346733668342 114.98495396 0 0.405089001841
690 11 0.152538679451 0.26763866333 0.0321990804776 30.6620690967 3 0.1 0.40067 0.400343642612 129.119946909 0 0.405089001841
700 11 0.152538679451 0.293402037085 0.0357787210018 27.1052920356 3 0.1 0.35306 0.307300509338 117.782038405 0 0.405089001841
710 11 0.174216027875 0.364039914165 0.045578208558 34.2395115649 3 0.1 0.42988 0.377049180328 94.9277501048 0 0.405089001841
720 11 0.174216027875 0.31362305995 0.0533552520606 21.3361527009 3 0.1 0.4089 0.449843260188 110.187975353 0 0.405089001841
730 11 0.174216027875 0.257004460597 0.0444842871071 38.6832160882 3 0.1 0.38961 0.430213464696 134.462607846 0 0.405089001841
740 11 0.174216027875 0.29666049527 0.0236553964581 32.1495429967 3 0.1 0.38262 0.324013157895 116.488344592 0 0.405089001841
750 11 0.174216027875 0.24171506748 0.0446746318994 21.854781012 3 0.1 0.42394 0.3536 142.967876849 0 0.405089001841
760 11 0.174216027875 0.278760368847 0.0345468529055 25.6897035821 3 0.1 0.4018 0.401680672269 123.96844696 0 0.405089001841
770 11 0.174216027875 0.338246906085 0.0345509595998 19.201081032 3 0.1 0.3554 0.37459807074 102.166462954 0 0.405089001841
780 11 0.174216027875 0.406940881283 0.0364642334275 20.6687485745 3 0.1 0.37215 0.349337748344 84.9201729034 0 0.406940881283
790 11 0.174216027875 0.257369782276 0.0524848294122 24.6436654331 3 0.1 0.44762 0.446841294299 134.271745868 0 0.406940881283
800 11 0.174216027875 0.359710488887 0.0297381354105 31.5084565037 3 0.1 0.37791 0.39546191248 96.0702872661 0 0.406940881283
810 11 0.203075137801 0.325167140113 0.0301054065793 30.7350671736 3 0.1 0.37924 0.415915915916 106.276083087 0 0.406940881283
820 11 0.203075137801 0.350159258438 0.0368411603144 21.3411187144 3 0.1 0.40659 0.404220779221 98.6907790304 0 0.406940881283
830 11 0.203075137801 0.304758132075 0.0241119015382 24.3595107772 3 0.1 0.40904 0.413183279743 113.393167771 0 0.406940881283
840 11 0.203075137801 0.329421295595 0.0200191422726 34.9936626514 3 0.1 0.33659 0.310116086235 104.903630889 0 0.406940881283
850 11 0.203075137801 0.29601723565 0.040689083553 35.2263170191 3 0.1 0.39465 0.388535031847 116.74147934 0 0.406940881283
860 11 0.203075137801 0.360581850078 0.0371642674527 28.494919441 3 0.1 0.43516 0.417763157895 95.8381293804 0 0.406940881283
870 11 0.203075137801 0.316627450319 0.0491706178541 28.1165001085 3 0.1 0.39411 0.384491114701 109.142432108 0 0.431994957469
880 11 0.203075137801 0.384300044276 0.0255261873847 21.4469816519 3 0.1 0.4054 0.371340523883 89.9232006728 0 0.431994957469
890 11 0.203075137801 0.323770412413 0.0446827036068 27.9926048117 3 0.1 0.3835 0.418351477449 106.734552248 0 0.431994957469
900 11 0.203075137801 0.304880571514 0.0416110231174 38.8931750601 3 0.1 0.41563 0.40664556962 113.347629298 0 0.431994957469
910 11 0.243393602225 0.361861650972 0.0376368463943 17.1430887998 3 0.1 0.40381 0.370883882149 95.4991773988 0 0.431994957469
920 11 0.243393602225 0.343520024106 0.0452691381792 17.8630865807 3 0.1 0.36274 0.383252818035 100.598182275 0 0.463362551286
930 11 0.243393602225 0.368952099157 0.0321692641455 27.6089334997 3 0.1 0.4058 0.379746835443 93.6638931692 0 0.463362551286
940 11 0.243393602225 0.407961450393 0.0352762250753 18.1232929196 3 0.1 0.38887 0.516431924883 84.7077339457 0 0.463362551286
950 11 0.243393602225 0.384424738658 0.0349767408809 21.8056122636 3 0.1 0.38531 0.426100628931 89.8940326281 0 0.463362551286
960 11 0.243393602225 0.316633263095 0.0413450689183 18.2960621613 3 0.1 0.44038 0.42251223491 109.140428464 0 0.463362551286
970 11 0.243393602225 0.439663692076 0.04433774074 17.8796533941 3 0.1 0.4359 0.390599675851 78.5998266921 0 0.463362551286
980 11 0.243393602225 0.339091088036 0.0293111719568 22.3648937703 3 0.1 0.39444 0.383627608347 101.91211512 0 0.463362551286
990 11 0.243393602225 0.314081542426 0.0383618911532 30.2655256766 3 0.1 0.42837 0.457364341085 110.027127774 0 0.463362551286
1000 11 0.243393602225 0.401071689736 0.030270525474 21.4911747099 3 0.1 0.38924 0.385692068429 86.1628753272 0 0.463362551286
1010 11 0.303687635575 0.359060322699 0.0447939476334 21.2158876815 3 0.1 0.42106 0.385466034755 96.2442459256 0 0.463362551286
1020 11 0.303687635575 0.326001192959 0.0355218730251 24.120547294 3 0.1 0.39807 0.4688 106.004182642 0 0.463362551286
1030 11 0.303687635575 0.367433104252 0.0349935896423 17.4096193858 3 0.1 0.4405 0.415185783522 94.0511064467 0 0.463362551286
1040 11 0.303687635575 0.321788263906 0.0361325945133 15.5576770767 3 0.1 0.40084 0.4 107.3920148 0 0.463362551286
1050 11 0.303687635575 0.376333746768 0.0436030727195 25.8639332556 3 0.1 0.33836 0.328990228013 91.8267104579 0 0.464076307364
1060 11 0.303687635575 0.345257941219 0.0278851984498 27.2281206329 3 0.1 0.39506 0.396255850234 100.091803473 0 0.464076307364
1070 11 0.303687635575 0.37594443328 0.037919046021 19.8532490995 3 0.1 0.42029 0.438837920489 91.9218026412 0 0.464076307364
1080 11 0.303687635575 0.437161307285 0.0463287504727 10.1661604128 3 0.1 0.41213 0.445350734095 79.0497453094 0 0.464076307364
1090 11 0.303687635575 0.338097721041 0.0342699066415 37.2822113755 3 0.1 0.38309 0.420967741935 102.211543732 0 0.464076307364
1100 11 0.303687635575 0.379901205042 0.0289625819876 30.6959718378 3 0.1 0.40263 0.368595041322 90.9644126982 0 0.464076307364
1110 11 0.40369088812 0.497528481026 0.0471109945731 18.8278177975 3 0.1 0.3943 0.395041322314 69.4583150873 10 0.497528481026
1120 11 0.40369088812 0.497869812601 0.0410233332288 31.4370039192 3 0.1 0.39051 0.35342019544 69.4106955781 10 0.502807442302
