425.333730638,126.091306214,38.5422177942,0.0
79.732875792,105.373422353,38.5422177942,0.0
68.5577470802,415.911125354,38.5422177942,0.0
370.953956573,418.382748795,38.5422177942,0.0
452.879723231,449.835981089,38.5422177942,0.0
241.840415171,262.861831728,38.5422177942,0.0
377.466558144,314.27518706,38.5422177942,0.0
238.071853026,65.5209837246,38.5422177942,0.0
75.1215363495,211.098036899,38.5422177942,0.0
323.965686099,163.069583404,38.5422177942,0.0
136.805991248,363.181256965,38.5422177942,0.0
@ 10 10 0.0873362445415 0.195828398143
435.947240451,468.902773416,37.4414288265,0.0
347.439469861,199.34081422,37.4414288265,0.0
395.592075284,121.002966409,37.4414288265,0.0
412.500267718,37.9592920263,37.4414288265,0.0
301.369987768,114.36169335,37.4414288265,0.0
342.950070213,355.404126197,37.4414288265,0.0
154.149425586,411.60712279,37.4414288265,0.0
58.7451840337,402.806499624,37.4414288265,0.0
320.703937541,442.499931933,37.4414288265,0.0
244.461395145,407.955107178,37.4414288265,0.0
45.7665038775,166.762515776,37.4414288265,0.0
@ 20 10 0.0873362445415 0.184802182804
202.409489636,422.974433771,37.2082401514,0.0
324.96021763,187.378826163,37.2082401514,0.0
221.599346942,92.1805314703,37.2082401514,0.0
450.481673726,40.3906408018,37.2082401514,0.0
175.353497311,191.41863927,37.2082401514,0.0
314.833366196,63.4391588909,37.2082401514,0.0
308.236018602,260.417260929,37.2082401514,0.0
78.1155610095,165.663768856,37.2082401514,0.0
127.493898465,468.040348492,37.2082401514,0.0
246.407660352,163.626585917,37.2082401514,0.0
293.952980815,363.770241971,37.2082401514,0.0
@ 30 10 0.0873362445415 0.182507421012
409.94735351,141.396617113,44.0149020183,0.0
266.89535818,149.923652527,44.0149020183,0.0
104.870293165,262.644022756,44.0149020183,0.0
129.751647471,467.793479279,44.0149020183,0.0
173.474312093,193.165516266,44.0149020183,0.0
67.1798601789,164.33538553,44.0149020183,0.0
437.064831971,267.689691915,44.0149020183,0.0
411.547006884,459.627966622,44.0149020183,0.0
71.5744622453,345.238721053,44.0149020183,0.0
66.1576167501,60.3451410925,44.0149020183,0.0
433.215156468,361.230259053,44.0149020183,0.0
@ 40 10 0.0873362445415 0.255388741428
142.826219558,49.8450203729,41.3592312144,0.0
442.182841663,246.327281285,41.3592312144,0.0
134.20399263,208.5688691,41.3592312144,0.0
428.384663638,52.9943303254,41.3592312144,0.0
189.510808219,326.195239443,41.3592312144,0.0
41.5619003972,181.435602786,41.3592312144,0.0
362.845239746,322.437159415,41.3592312144,0.0
51.7047120578,271.087958006,41.3592312144,0.0
295.475751016,63.0608572319,41.3592312144,0.0
66.2479159123,416.672420488,41.3592312144,0.0
362.123143915,440.412690899,41.3592312144,0.0
@ 50 10 0.0873362445415 0.225500331188
466.142104011,260.554352929,40.3916586964,0.0
45.5863020176,100.130102941,40.3916586964,0.0
89.3881590778,437.70506608,40.3916586964,0.0
244.837027427,108.287675031,40.3916586964,0.0
272.395693223,341.421030128,40.3916586964,0.0
367.361346838,106.362146396,40.3916586964,0.0
168.765749524,280.306996846,40.3916586964,0.0
248.905978553,463.856382236,40.3916586964,0.0
300.896620639,197.712254251,40.3916586964,0.0
146.29423428,48.2480583597,40.3916586964,0.0
88.0936981814,253.869137827,40.3916586964,0.0
@ 60 10 0.0873362445415 0.21507287719
229.531939315,144.579171353,45.2658020237,0.0
382.954972728,250.693248418,45.2658020237,0.0
433.264208982,334.154566877,45.2658020237,0.0
213.574661874,419.54381135,45.2658020237,0.0
187.316260223,263.694829752,45.2658020237,0.0
421.655231535,65.0104383393,45.2658020237,0.0
410.124377465,160.681589462,45.2658020237,0.0
115.19823272,200.76583453,45.2658020237,0.0
84.2241386391,287.191129464,45.2658020237,0.0
112.739726486,75.9110275583,45.2658020237,0.0
296.741866803,59.510108334,45.2658020237,0.0
@ 70 10 0.0873362445415 0.270111272168
84.5171579832,56.9053441677,48.8974324801,0.0
453.11892505,461.379910107,48.8974324801,0.0
132.438564058,205.459942866,48.8974324801,0.0
309.647633026,341.169899983,48.8974324801,0.0
82.1444456494,292.616733174,48.8974324801,0.0
456.933338422,157.702745975,48.8974324801,0.0
414.098245158,264.588933572,48.8974324801,0.0
291.185276704,96.6885313768,48.8974324801,0.0
220.503586843,273.772805273,48.8974324801,0.0
118.698934958,392.824405614,48.8974324801,0.0
315.943399015,442.214726274,48.8974324801,0.0
@ 80 10 0.0873362445415 0.315191415352
456.13203681,276.025009373,41.236945466,0.0
437.198438145,379.471722457,41.236945466,0.0
277.596571407,452.896900663,41.236945466,0.0
310.742187825,143.606369736,41.236945466,0.0
445.227384307,81.8831102502,41.236945466,0.0
102.806685786,351.409080101,41.236945466,0.0
58.2440737837,460.157287735,41.236945466,0.0
149.153905892,151.969212882,41.236945466,0.0
181.985971308,440.188111896,41.236945466,0.0
217.431275139,322.571077439,41.236945466,0.0
352.785791608,48.9328292582,41.236945466,0.0
@ 90 10 0.0873362445415 0.224168840726
176.43992648,120.848716289,41.2674906045,0.0
171.126122758,354.596489198,41.2674906045,0.0
57.2519853494,317.320467658,41.2674906045,0.0
365.462943995,86.4056514451,41.2674906045,0.0
358.063610633,265.273977569,41.2674906045,0.0
442.282306587,283.785479864,41.2674906045,0.0
165.724427954,208.544782714,41.2674906045,0.0
267.366923821,305.832496533,41.2674906045,0.0
341.484698727,446.303732937,41.2674906045,0.0
464.273096418,135.487812421,41.2674906045,0.0
175.33681636,447.092877994,41.2674906045,0.0
@ 100 10 0.0873362445415 0.224501057586
401.040562655,249.320559741,40.2793331965,0.0
291.944107532,464.361182633,40.2793331965,0.0
66.3386768591,143.04165428,40.2793331965,0.0
58.7260121827,467.329241065,40.2793331965,0.0
378.845266184,438.164028854,40.2793331965,0.0
187.284589377,235.954293615,40.2793331965,0.0
382.706148999,168.087877995,40.2793331965,0.0
137.999381452,380.556277967,40.2793331965,0.0
302.405875874,284.963428057,40.2793331965,0.0
284.708335422,97.2313955111,40.2793331965,0.0
52.1606623259,233.268373348,40.2793331965,0.0
@ 110 10 0.0940354648039 0.213878344536
303.674839773,134.151847949,47.1904359303,0.0
74.5826858128,105.391364027,47.1904359303,0.0
55.6043533676,440.444508298,47.1904359303,0.0
435.06694178,434.901982049,47.1904359303,0.0
342.151286961,461.770359713,47.1904359303,0.0
74.5692266744,270.103497092,47.1904359303,0.0
208.497492915,353.707127755,47.1904359303,0.0
430.508518024,333.059973263,47.1904359303,0.0
366.953547282,54.7131851283,47.1904359303,0.0
343.743602586,238.601695982,47.1904359303,0.0
449.361659248,177.567410796,47.1904359303,0.0
@ 120 10 0.0940354648039 0.293569036544
107.936460782,291.015664333,42.729801189,0.0
345.540176032,328.998171206,42.729801189,0.0
222.284374629,65.5665582667,42.729801189,0.0
254.280457855,291.193379467,42.729801189,0.0
258.084280868,422.624249992,42.729801189,0.0
220.676235258,207.363231419,42.729801189,0.0
367.200558321,117.686766613,42.729801189,0.0
452.552256953,339.52585909,42.729801189,0.0
319.878187925,206.358962751,42.729801189,0.0
447.027791629,453.077618225,42.729801189,0.0
76.4639532569,417.132959062,42.729801189,0.0
@ 130 10 0.0940354648039 0.240693306691
76.5080760551,131.200361263,39.4607449324,0.0
359.38367348,74.0140507069,39.4607449324,0.0
232.075353916,459.532201278,39.4607449324,0.0
429.427902178,314.676100308,39.4607449324,0.0
338.235940058,170.293582553,39.4607449324,0.0
164.799399517,167.604314117,39.4607449324,0.0
415.228971777,448.147652764,39.4607449324,0.0
440.50992869,57.3715065055,39.4607449324,0.0
42.3367494722,356.986690711,39.4607449324,0.0
180.715455839,53.3691532117,39.4607449324,0.0
133.530393612,399.491749066,39.4607449324,0.0
@ 140 10 0.0940354648039 0.205273472032
447.914794409,78.8598359497,51.4437540827,0.0
302.039739485,79.3453970518,51.4437540827,0.0
53.9288491757,414.28425539,51.4437540827,0.0
451.108634629,289.496198472,51.4437540827,0.0
78.5375736402,90.924914228,51.4437540827,0.0
279.368750789,350.763457871,51.4437540827,0.0
167.22353081,207.580257543,51.4437540827,0.0
183.82530347,441.296629213,51.4437540827,0.0
294.456492985,192.816910697,51.4437540827,0.0
166.150579217,328.309561626,51.4437540827,0.0
59.1899494031,226.371951838,51.4437540827,0.0
@ 150 10 0.0940354648039 0.348873173725
135.316108125,441.819265485,37.6153041653,0.0
389.156754435,240.352466314,37.6153041653,0.0
248.682894248,355.622068335,37.6153041653,0.0
55.5143602046,105.703416928,37.6153041653,0.0
309.695449994,442.915535302,37.6153041653,0.0
265.724369404,46.6667384687,37.6153041653,0.0
102.876231633,259.652605446,37.6153041653,0.0
460.532128864,120.771437186,37.6153041653,0.0
168.754921761,121.74690801,37.6153041653,0.0
269.059029284,192.816026669,37.6153041653,0.0
425.574374637,386.777597461,37.6153041653,0.0
@ 160 10 0.0940354648039 0.186522584712
237.605887056,400.148183253,44.7419702092,0.0
332.865667445,183.222559188,44.7419702092,0.0
115.235375058,178.905428607,44.7419702092,0.0
238.066807488,179.172888676,44.7419702092,0.0
417.496567125,72.2779433506,44.7419702092,0.0
452.547449532,372.744206202,44.7419702092,0.0
197.840315641,83.4362287382,44.7419702092,0.0
53.7815162945,273.611118388,44.7419702092,0.0
217.3382194,281.221104181,44.7419702092,0.0
327.077092438,62.8577408638,44.7419702092,0.0
357.528878452,428.964868451,44.7419702092,0.0
@ 170 10 0.0940354648039 0.263895799612
114.478461142,463.592469692,45.9406809192,0.0
205.619720143,390.357954773,45.9406809192,0.0
63.4675387525,387.045685379,45.9406809192,0.0
412.931181622,380.324997162,45.9406809192,0.0
102.487796499,49.6311121126,45.9406809192,0.0
214.323822277,201.131077436,45.9406809192,0.0
177.169163044,109.398508079,45.9406809192,0.0
365.069142607,200.413827584,45.9406809192,0.0
277.459798942,101.537085643,45.9406809192,0.0
462.961680825,251.693841512,45.9406809192,0.0
52.648445512,264.482098709,45.9406809192,0.0
@ 180 10 0.0940354648039 0.278225623831
55.3549935394,130.167833149,39.7271868178,0.0
123.432036699,252.272631379,39.7271868178,0.0
436.996634477,220.544898395,39.7271868178,0.0
70.2640823999,329.503109075,39.7271868178,0.0
379.447181296,349.433711101,39.7271868178,0.0
108.601545911,432.935091749,39.7271868178,0.0
300.426072388,434.56885517,39.7271868178,0.0
375.950494978,153.376119603,39.7271868178,0.0
140.142074721,97.8207664673,39.7271868178,0.0
253.368804267,103.594628964,39.7271868178,0.0
280.373838707,274.541900281,39.7271868178,0.0
@ 190 10 0.0940354648039 0.208054874062
192.381135026,464.007554563,38.3548004636,0.0
356.347210488,238.646401516,38.3548004636,0.0
169.338227388,224.181323958,38.3548004636,0.0
393.700984399,59.0502918838,38.3548004636,0.0
345.98995605,372.664532958,38.3548004636,0.0
115.586440782,301.895389083,38.3548004636,0.0
305.313317612,457.585543779,38.3548004636,0.0
45.0570757587,181.761214369,38.3548004636,0.0
423.961528451,411.864216511,38.3548004636,0.0
42.6393837738,416.164835986,38.3548004636,0.0
423.653720453,327.020165271,38.3548004636,0.0
@ 200 10 0.0940354648039 0.193928538503
52.8799933083,169.353871995,44.4416997494,0.0
424.515047019,284.423061996,44.4416997494,0.0
164.79434218,141.730442748,44.4416997494,0.0
325.543091724,207.777271262,44.4416997494,0.0
232.564621451,283.367209405,44.4416997494,0.0
338.445964202,314.311064072,44.4416997494,0.0
435.827120421,408.945399193,44.4416997494,0.0
107.965658373,261.688396583,44.4416997494,0.0
242.575119984,458.557545856,44.4416997494,0.0
426.491789182,168.221034016,44.4416997494,0.0
77.490094241,451.93390416,44.4416997494,0.0
@ 210 10 0.101847810272 0.260365592238
111.498118858,288.172447641,41.5281243422,0.0
300.338187204,339.643317713,41.5281243422,0.0
45.5838965607,371.09626558,41.5281243422,0.0
54.1654048304,106.091353849,41.5281243422,0.0
347.968791289,248.004443724,41.5281243422,0.0
312.317437183,107.465863185,41.5281243422,0.0
213.765912543,74.5746387779,41.5281243422,0.0
405.643790886,123.745016475,41.5281243422,0.0
62.4990205382,462.329761432,41.5281243422,0.0
154.181450689,406.484247778,41.5281243422,0.0
232.352654949,237.34933093,41.5281243422,0.0
@ 220 10 0.101847810272 0.227345782245
416.380280529,305.064790588,44.0209218113,0.0
191.676782044,275.05783682,44.0209218113,0.0
155.40800069,356.256934691,44.0209218113,0.0
68.8371763601,101.548874128,44.0209218113,0.0
237.728481244,60.3377872005,44.0209218113,0.0
222.627243467,192.238104814,44.0209218113,0.0
303.386861304,148.052174268,44.0209218113,0.0
51.6977885751,296.497928117,44.0209218113,0.0
278.83071682,373.909920266,44.0209218113,0.0
396.705358456,422.427459568,44.0209218113,0.0
81.5818842892,409.338467719,44.0209218113,0.0
@ 230 10 0.101847810272 0.255458603789
129.153095366,239.636900756,44.1987007405,0.0
299.859939081,179.126230842,44.1987007405,0.0
454.604061631,221.713785084,44.1987007405,0.0
51.007431908,354.405652191,44.1987007405,0.0
210.224095329,196.317068702,44.1987007405,0.0
392.409575002,102.749108059,44.1987007405,0.0
69.5970320145,50.9968420208,44.1987007405,0.0
418.876469801,447.076693179,44.1987007405,0.0
419.307072163,340.865738281,44.1987007405,0.0
180.812439308,358.837366224,44.1987007405,0.0
198.443899201,51.5969086376,44.1987007405,0.0
@ 240 10 0.101847810272 0.257526114416
218.737468497,336.513127078,45.1139779388,0.0
48.4947241787,77.0536817665,45.1139779388,0.0
158.065198664,49.366229051,45.1139779388,0.0
393.835204412,53.3541983336,45.1139779388,0.0
342.002795825,127.219957943,45.1139779388,0.0
262.529366632,462.248231746,45.1139779388,0.0
430.591388554,184.561403809,45.1139779388,0.0
129.550445935,376.851204198,45.1139779388,0.0
58.4190796124,268.913561021,45.1139779388,0.0
407.729313473,292.840417679,45.1139779388,0.0
337.610198888,354.729687823,45.1139779388,0.0
@ 250 10 0.101847810272 0.268302373575
254.545953085,122.723592974,43.7002575068,0.0
303.944361816,44.7489190373,43.7002575068,0.0
333.743949034,294.39813033,43.7002575068,0.0
59.8247091713,113.14854201,43.7002575068,0.0
339.695422555,466.275852547,43.7002575068,0.0
453.371698387,452.519015977,43.7002575068,0.0
101.704011244,234.033240482,43.7002575068,0.0
349.701953731,126.925159915,43.7002575068,0.0
307.627069604,383.192787565,43.7002575068,0.0
204.967750512,442.50649882,43.7002575068,0.0
229.80301665,310.602699601,43.7002575068,0.0
@ 260 10 0.101847810272 0.251750453318
307.914784087,167.212644219,45.118180932,0.0
389.905158328,233.553498313,45.118180932,0.0
398.550241913,129.367759709,45.118180932,0.0
237.102406516,449.85370866,45.118180932,0.0
62.6048208063,297.341881722,45.118180932,0.0
112.469590394,214.263338022,45.118180932,0.0
68.3669728001,117.647366929,45.118180932,0.0
179.057004522,325.292559434,45.118180932,0.0
108.209279556,454.27269602,45.118180932,0.0
177.236326952,146.039070628,45.118180932,0.0
177.724768919,46.4517572794,45.118180932,0.0
@ 270 10 0.101847810272 0.268352368084
438.62843271,359.881708376,42.01166695,0.0
152.908049128,178.19398108,42.01166695,0.0
427.662739008,445.680362837,42.01166695,0.0
103.751877459,80.8035852194,42.01166695,0.0
447.314638435,247.388671441,42.01166695,0.0
255.394571098,339.90381248,42.01166695,0.0
87.1483107752,440.608731518,42.01166695,0.0
280.503569917,214.228620431,42.01166695,0.0
204.898402856,48.5328866766,42.01166695,0.0
356.698733133,55.3233535365,42.01166695,0.0
174.015985431,453.071843282,42.01166695,0.0
@ 280 10 0.101847810272 0.232670914561
131.937432842,356.259052922,42.2294719028,0.0
150.684371016,452.569402082,42.2294719028,0.0
321.648812942,455.489979861,42.2294719028,0.0
360.19786707,223.213157373,42.2294719028,0.0
382.924325735,388.73977728,42.2294719028,0.0
208.393426985,243.792600938,42.2294719028,0.0
457.039383005,107.773000592,42.2294719028,0.0
273.780287254,314.425900624,42.2294719028,0.0
99.3563331975,201.524721698,42.2294719028,0.0
146.380358001,100.246290265,42.2294719028,0.0
444.848335911,211.051956062,42.2294719028,0.0
@ 290 10 0.101847810272 0.235089682758
285.782439774,301.372415056,50.2693415757,0.0
416.744150776,65.3481144733,50.2693415757,0.0
168.315007571,267.214930582,50.2693415757,0.0
245.455967525,91.3945844886,50.2693415757,0.0
64.2490617501,277.394739961,50.2693415757,0.0
447.81441158,164.655106839,50.2693415757,0.0
378.349506104,422.082284739,50.2693415757,0.0
237.969103363,450.571300012,50.2693415757,0.0
121.494886342,447.208558307,50.2693415757,0.0
122.723280683,89.9432418392,50.2693415757,0.0
429.544356112,303.830127486,50.2693415757,0.0
@ 300 10 0.101847810272 0.333126101875
176.109803443,188.65946107,45.4097232449,0.0
173.069628442,87.0900687905,45.4097232449,0.0
299.965987745,267.496332216,45.4097232449,0.0
61.1838573735,121.288375524,45.4097232449,0.0
278.823125236,121.706329169,45.4097232449,0.0
140.818020202,465.400708772,45.4097232449,0.0
420.448803244,465.990014913,45.4097232449,0.0
450.225496347,207.338083974,45.4097232449,0.0
400.902516149,130.60603933,45.4097232449,0.0
91.8010693445,246.464109083,45.4097232449,0.0
196.564915833,340.683906916,45.4097232449,0.0
@ 310 10 0.111075848937 0.271831623645
328.807813975,243.69202521,45.5714314284,0.0
384.096212347,457.745488091,45.5714314284,0.0
449.933292757,368.562768006,45.5714314284,0.0
192.347946362,171.150406279,45.5714314284,0.0
180.306307408,435.310999711,45.5714314284,0.0
45.8772521809,191.402849677,45.5714314284,0.0
136.041673505,322.206569939,45.5714314284,0.0
242.256943984,285.831421086,45.5714314284,0.0
100.582802167,67.1448159557,45.5714314284,0.0
343.206287949,149.925356087,45.5714314284,0.0
285.287851311,379.535029475,45.5714314284,0.0
@ 320 10 0.111075848937 0.27377110546
234.365788648,242.527459694,46.9875226798,0.0
49.2579098254,379.511837122,46.9875226798,0.0
276.787179311,352.865063195,46.9875226798,0.0
440.142390228,49.9478813124,46.9875226798,0.0
453.215723337,196.098074195,46.9875226798,0.0
258.042118932,68.9512090669,46.9875226798,0.0
150.125350684,357.578774661,46.9875226798,0.0
435.889233777,298.063938533,46.9875226798,0.0
57.7862518252,87.5840314168,46.9875226798,0.0
159.120428559,76.4398378572,46.9875226798,0.0
238.64052542,443.341383061,46.9875226798,0.0
@ 330 10 0.111075848937 0.291049840593
127.073575259,451.907227306,40.4170634084,0.0
436.254622178,313.528892145,40.4170634084,0.0
201.367734497,381.998401418,40.4170634084,0.0
118.220626617,301.83955069,40.4170634084,0.0
207.117305219,243.91623187,40.4170634084,0.0
168.41817302,49.3498345123,40.4170634084,0.0
369.586198858,60.8239779415,40.4170634084,0.0
52.4268692256,232.658196482,40.4170634084,0.0
318.76999695,225.121579926,40.4170634084,0.0
408.825404314,223.442573084,40.4170634084,0.0
401.480927295,433.888485908,40.4170634084,0.0
@ 340 10 0.111075848937 0.215343506471
221.646767691,253.620399157,51.7441513372,0.0
151.313568828,87.1393929498,51.7441513372,0.0
326.297951627,234.494189035,51.7441513372,0.0
447.212236372,235.08255465,51.7441513372,0.0
102.401301268,342.610239014,51.7441513372,0.0
291.671665397,450.249732389,51.7441513372,0.0
372.174206335,328.199590026,51.7441513372,0.0
333.416284044,107.085482054,51.7441513372,0.0
226.801584915,363.561891149,51.7441513372,0.0
447.613812489,54.2610779616,51.7441513372,0.0
67.0912550738,192.44047174,51.7441513372,0.0
@ 350 10 0.111075848937 0.352959443404
323.814820605,312.917224751,40.9627741236,0.0
45.065523479,263.307201341,40.9627741236,0.0
177.643912743,52.5981721773,40.9627741236,0.0
108.947384205,343.726340323,40.9627741236,0.0
194.3968673,276.225591732,40.9627741236,0.0
120.981765014,188.304494199,40.9627741236,0.0
112.794453009,451.229008781,40.9627741236,0.0
441.041803098,115.299513239,40.9627741236,0.0
351.774389679,83.0291613626,40.9627741236,0.0
349.712982495,435.525635308,40.9627741236,0.0
242.387077908,438.809619924,40.9627741236,0.0
@ 360 10 0.111075848937 0.221197895373
198.47757236,422.471193162,44.5592540187,0.0
431.799610207,409.257893732,44.5592540187,0.0
306.690223809,461.967069787,44.5592540187,0.0
63.2858725057,45.725379411,44.5592540187,0.0
165.295766027,327.987082174,44.5592540187,0.0
221.722176475,216.851444149,44.5592540187,0.0
406.601264288,77.0780676488,44.5592540187,0.0
80.5231109586,355.961350656,44.5592540187,0.0
205.260942131,45.7341028934,44.5592540187,0.0
263.102167614,321.787434398,44.5592540187,0.0
379.059554822,315.670558865,44.5592540187,0.0
@ 370 10 0.111075848937 0.261744817922
399.821601462,260.478048503,42.9636292581,0.0
381.204338244,345.516805124,42.9636292581,0.0
83.7758967789,197.991133555,42.9636292581,0.0
296.877724554,53.6858368522,42.9636292581,0.0
278.15097377,460.202274853,42.9636292581,0.0
454.026986743,78.0376226992,42.9636292581,0.0
176.42647121,180.085122942,42.9636292581,0.0
54.0636210023,378.61184896,42.9636292581,0.0
269.050554307,228.777904171,42.9636292581,0.0
457.021019525,401.822677656,42.9636292581,0.0
172.44530034,84.5642904616,42.9636292581,0.0
@ 380 10 0.111075848937 0.243334781305
123.16681536,131.029594329,44.1742684775,0.0
81.0641839914,340.546534022,44.1742684775,0.0
359.045616423,205.900668137,44.1742684775,0.0
461.505994377,219.513027727,44.1742684775,0.0
301.885270082,280.158511078,44.1742684775,0.0
260.254105531,141.447135177,44.1742684775,0.0
384.728953605,108.201490824,44.1742684775,0.0
198.479904588,297.396300604,44.1742684775,0.0
110.488333091,241.430485731,44.1742684775,0.0
466.383928052,404.633981515,44.1742684775,0.0
306.335267642,400.634581538,44.1742684775,0.0
@ 390 10 0.111075848937 0.25724148131
397.193341227,366.828086101,43.598935991,0.0
298.569652737,66.4726933634,43.598935991,0.0
451.924827093,264.220353198,43.598935991,0.0
83.2927173669,439.257529601,43.598935991,0.0
197.640660751,414.284089889,43.598935991,0.0
335.315167172,437.053076541,43.598935991,0.0
459.719905668,163.795522305,43.598935991,0.0
71.9201737264,74.3871027521,43.598935991,0.0
208.721415186,133.493174732,43.598935991,0.0
82.0263209156,313.287100746,43.598935991,0.0
89.6017459989,214.346755627,43.598935991,0.0
@ 400 10 0.111075848937 0.250584411357
53.1470778503,178.044130608,51.1450622548,0.0
193.383201263,160.318166314,51.1450622548,0.0
131.886387662,70.2098141518,51.1450622548,0.0
75.3212629478,311.101247189,51.1450622548,0.0
307.972330443,457.624533014,51.1450622548,0.0
198.805253779,372.222999856,51.1450622548,0.0
432.111281686,269.236535016,51.1450622548,0.0
442.589552054,398.827322069,51.1450622548,0.0
341.24627678,206.058626511,51.1450622548,0.0
381.455289783,94.4344664353,51.1450622548,0.0
117.134664835,444.456211231,51.1450622548,0.0
@ 410 10 0.122142732507 0.344833692176
149.558589565,57.7010582297,44.1705624534,0.0
195.346424603,163.370784906,44.1705624534,0.0
372.692334358,299.574779014,44.1705624534,0.0
283.529735102,52.611707219,44.1705624534,0.0
361.492587735,444.154686371,44.1705624534,0.0
116.812116927,435.681995208,44.1705624534,0.0
242.644074461,386.860046086,44.1705624534,0.0
281.175820457,251.887695393,44.1705624534,0.0
374.458147807,151.030146003,44.1705624534,0.0
458.716880804,421.253644171,44.1705624534,0.0
63.7320370349,344.053594111,44.1705624534,0.0
@ 420 10 0.122142732507 0.257198320295
157.065842953,426.6913375,45.465567645,0.0
166.263332848,303.074305746,45.465567645,0.0
296.084624273,320.090300412,45.465567645,0.0
70.2405052569,344.095948293,45.465567645,0.0
265.686041779,408.552935547,45.465567645,0.0
53.1397208352,212.207705286,45.465567645,0.0
253.370026961,176.019171384,45.465567645,0.0
428.583417435,233.351823621,45.465567645,0.0
246.240495516,84.8824086156,45.465567645,0.0
401.544035705,361.647590488,45.465567645,0.0
126.839619745,72.1874265014,45.465567645,0.0
@ 430 10 0.122142732507 0.272500626102
293.873923522,56.9499655169,39.9178476753,0.0
193.169644722,270.521915642,39.9178476753,0.0
387.809320898,395.887639208,39.9178476753,0.0
261.23177786,228.299658898,39.9178476753,0.0
42.9393029017,270.775139467,39.9178476753,0.0
92.3853133191,471.094648234,39.9178476753,0.0
356.25277931,154.697382226,39.9178476753,0.0
206.021678175,357.412036169,39.9178476753,0.0
377.312158083,49.0371156998,39.9178476753,0.0
198.013329982,452.589517892,39.9178476753,0.0
281.957222241,388.70035744,39.9178476753,0.0
@ 440 10 0.122142732507 0.210056682501
78.1358411047,355.873892857,45.9268666684,0.0
287.011033848,327.873080376,45.9268666684,0.0
139.848963704,52.1475983624,45.9268666684,0.0
179.32190757,389.174022585,45.9268666684,0.0
367.41492559,210.482198425,45.9268666684,0.0
419.456186841,79.037417096,45.9268666684,0.0
126.653558412,148.876158925,45.9268666684,0.0
388.873923229,454.602331714,45.9268666684,0.0
414.769534942,302.020620274,45.9268666684,0.0
237.79066847,83.1124208789,45.9268666684,0.0
48.7686345902,220.37298092,45.9268666684,0.0
@ 450 10 0.122142732507 0.278058325454
430.148945777,458.487063269,46.0592646296,0.0
134.155971876,452.80596748,46.0592646296,0.0
296.859446492,118.909709115,46.0592646296,0.0
308.514472885,430.315632727,46.0592646296,0.0
238.786849626,354.121564603,46.0592646296,0.0
452.708419106,78.677346422,46.0592646296,0.0
419.487508647,288.781040711,46.0592646296,0.0
464.396566831,177.460652177,46.0592646296,0.0
135.587432259,185.991449027,46.0592646296,0.0
98.6615674204,336.284219934,46.0592646296,0.0
207.872560817,67.9195152089,46.0592646296,0.0
@ 460 10 0.122142732507 0.279663809226
241.687734125,149.922810435,40.5735862554,0.0
320.896404469,174.002350191,40.5735862554,0.0
395.042012111,64.3677994139,40.5735862554,0.0
95.7704143391,47.7565262929,40.5735862554,0.0
468.767941297,396.117507007,40.5735862554,0.0
440.737614639,159.582608692,40.5735862554,0.0
413.432144077,243.544158806,40.5735862554,0.0
228.795282674,235.309874119,40.5735862554,0.0
289.907310306,71.630553297,40.5735862554,0.0
106.513829078,306.315227534,40.5735862554,0.0
92.1058034795,214.303068083,40.5735862554,0.0
@ 470 10 0.122142732507 0.217014654381
301.985012055,166.73540783,44.4035855083,0.0
295.65439422,448.955459402,44.4035855083,0.0
448.924922205,48.5587886699,44.4035855083,0.0
354.292209724,308.605159528,44.4035855083,0.0
68.0597863413,240.625627093,44.4035855083,0.0
440.933219529,267.782357146,44.4035855083,0.0
135.755029657,74.7086768344,44.4035855083,0.0
55.9904730699,408.39768824,44.4035855083,0.0
283.899632354,45.7918724367,44.4035855083,0.0
91.9825086992,327.00038998,44.4035855083,0.0
217.316133574,125.022854841,44.4035855083,0.0
@ 480 10 0.122142732507 0.259919192498
53.0225766223,392.822615474,42.677732692,0.0
252.863601107,383.047130108,42.677732692,0.0
302.128661978,263.716482743,42.677732692,0.0
345.628851636,81.7046840198,42.677732692,0.0
118.686988797,181.034456557,42.677732692,0.0
151.448704074,397.227013315,42.677732692,0.0
62.9784562472,275.304490906,42.677732692,0.0
436.60834333,281.014726059,42.677732692,0.0
221.024372329,118.836363909,42.677732692,0.0
186.233431261,250.87781702,42.677732692,0.0
454.014924479,52.6557113764,42.677732692,0.0
@ 490 10 0.122142732507 0.240107069331
431.080192787,382.03429679,47.2306793942,0.0
80.5899071742,239.370386469,47.2306793942,0.0
151.673096128,409.244866681,47.2306793942,0.0
344.114562072,454.449061031,47.2306793942,0.0
100.841695988,105.795887212,47.2306793942,0.0
244.929292927,243.714274661,47.2306793942,0.0
201.130721738,114.73084499,47.2306793942,0.0
314.826676664,165.31820901,47.2306793942,0.0
386.603378681,76.4808570785,47.2306793942,0.0
452.445419205,262.187745559,47.2306793942,0.0
62.4024065934,366.788677618,47.2306793942,0.0
@ 500 10 0.122142732507 0.294069954673
433.862909782,117.046022292,45.8101680554,0.0
392.904053749,395.337029227,45.8101680554,0.0
240.707192536,208.868347754,45.8101680554,0.0
94.3240917189,47.4623881597,45.8101680554,0.0
61.0727450714,463.937989708,45.8101680554,0.0
144.648166283,154.896363801,45.8101680554,0.0
331.021728289,191.349942449,45.8101680554,0.0
453.921214845,208.977486184,45.8101680554,0.0
424.69223811,307.679404733,45.8101680554,0.0
172.372666323,372.706422164,45.8101680554,0.0
315.752832011,461.919003877,45.8101680554,0.0
@ 510 10 0.135658914729 0.276647047161
53.6450954297,432.985319073,48.8191167231,0.0
110.527356376,331.865188297,48.8191167231,0.0
63.566345418,188.316224486,48.8191167231,0.0
300.926734983,383.553136739,48.8191167231,0.0
159.400970065,423.992460159,48.8191167231,0.0
458.165484562,138.234286536,48.8191167231,0.0
202.1840995,100.054697044,48.8191167231,0.0
463.136631402,399.971509682,48.8191167231,0.0
178.636858028,199.544213828,48.8191167231,0.0
319.533727108,51.3744408955,48.8191167231,0.0
236.663849316,309.669493317,48.8191167231,0.0
@ 520 10 0.135658914729 0.314182581745
68.7232746579,161.48611443,51.1517802252,0.0
73.8197741561,342.883250098,51.1517802252,0.0
90.2027047059,55.6350490959,51.1517802252,0.0
104.47605258,442.246871864,51.1517802252,0.0
302.159225815,403.849367976,51.1517802252,0.0
243.237817915,295.996474229,51.1517802252,0.0
459.164004293,260.075684669,51.1517802252,0.0
297.208673774,60.6684059861,51.1517802252,0.0
165.048098545,226.439594984,51.1517802252,0.0
421.996902764,92.1235999411,51.1517802252,0.0
418.759698453,376.81185717,51.1517802252,0.0
@ 530 10 0.135658914729 0.344924286834
67.7397593556,126.140615008,40.4326700774,0.0
253.084109649,305.792500434,40.4326700774,0.0
335.421210421,308.738162621,40.4326700774,0.0
419.89378158,466.243075801,40.4326700774,0.0
173.725840126,200.235193592,40.4326700774,0.0
165.979994516,46.4949578655,40.4326700774,0.0
240.654835022,452.807467338,40.4326700774,0.0
428.015720345,265.091877728,40.4326700774,0.0
263.107653797,174.807506801,40.4326700774,0.0
78.4841614827,432.998151001,40.4326700774,0.0
334.381353028,402.2723345,40.4326700774,0.0
@ 540 10 0.135658914729 0.21550984432
312.824755271,172.666866141,45.4852601322,0.0
379.171241647,457.041663222,45.4852601322,0.0
286.564187561,465.44280171,45.4852601322,0.0
358.184872142,57.9303540686,45.4852601322,0.0
418.76822708,158.120929282,45.4852601322,0.0
123.016745931,103.316100114,45.4852601322,0.0
74.5562707698,184.837563842,45.4852601322,0.0
333.002525685,262.503146076,45.4852601322,0.0
220.415488139,179.662171603,45.4852601322,0.0
202.043800815,302.629425183,45.4852601322,0.0
114.593052256,369.838565751,45.4852601322,0.0
@ 550 10 0.135658914729 0.272736733447
155.809258501,64.8477876943,42.8261171451,0.0
137.04861242,388.711543959,42.8261171451,0.0
350.269405423,70.7320973002,42.8261171451,0.0
415.462617511,226.973530072,42.8261171451,0.0
209.101145336,444.695714025,42.8261171451,0.0
63.401672482,316.3543898,42.8261171451,0.0
86.5004969677,194.981554341,42.8261171451,0.0
274.74643099,363.634361571,42.8261171451,0.0
334.430457392,273.644281905,42.8261171451,0.0
321.059415733,185.090488891,42.8261171451,0.0
349.562775639,446.152613865,42.8261171451,0.0
@ 560 10 0.135658914729 0.24177960866
197.070401156,239.635837475,44.8157230849,0.0
315.238235892,168.05892807,44.8157230849,0.0
416.920827193,251.037857655,44.8157230849,0.0
102.550794672,155.275083367,44.8157230849,0.0
458.232107204,381.487933488,44.8157230849,0.0
58.847777044,255.37928512,44.8157230849,0.0
193.280484967,377.244732782,44.8157230849,0.0
221.497726163,149.017205651,44.8157230849,0.0
76.7529665352,437.717762761,44.8157230849,0.0
462.899701443,91.8020678523,44.8157230849,0.0
364.04642189,460.241430942,44.8157230849,0.0
@ 570 10 0.135658914729 0.264766530853
144.427352686,432.627461805,46.5940555705,0.0
254.083247113,76.4952048408,46.5940555705,0.0
284.089086489,248.400765656,46.5940555705,0.0
89.4325491957,70.6300221517,46.5940555705,0.0
352.664711085,90.1931560602,46.5940555705,0.0
162.106577949,206.422609637,46.5940555705,0.0
437.637975785,170.98380748,46.5940555705,0.0
448.933358897,47.6381679332,46.5940555705,0.0
184.029772433,347.532065185,46.5940555705,0.0
266.765776303,399.204319324,46.5940555705,0.0
436.059435943,406.160206539,46.5940555705,0.0
@ 580 10 0.135658914729 0.286195826096
382.829712388,198.598719446,49.0628659103,0.0
423.605860826,84.9598981363,49.0628659103,0.0
73.8500567082,93.9118273112,49.0628659103,0.0
108.536445918,203.5199972,49.0628659103,0.0
425.231346866,346.189416996,49.0628659103,0.0
162.642612763,313.763455755,49.0628659103,0.0
353.986935214,416.6326752,49.0628659103,0.0
55.2070499969,352.398365093,49.0628659103,0.0
455.796923334,460.650824795,49.0628659103,0.0
271.980730531,250.688408313,49.0628659103,0.0
221.471989047,456.512190998,49.0628659103,0.0
@ 590 10 0.135658914729 0.31732778128
466.450354804,347.298282136,44.6299585278,0.0
428.772929014,450.963533382,44.6299585278,0.0
361.898839866,246.687859489,44.6299585278,0.0
270.524199677,375.026453817,44.6299585278,0.0
162.708778574,454.414640029,44.6299585278,0.0
330.138288999,49.357909501,44.6299585278,0.0
108.518754981,165.99539902,44.6299585278,0.0
384.539899294,129.481340467,44.6299585278,0.0
272.223769779,215.086817406,44.6299585278,0.0
175.509992401,82.6778906586,44.6299585278,0.0
194.504292152,305.048646056,44.6299585278,0.0
@ 600 10 0.135658914729 0.262576125443
107.989940774,105.756105079,52.4580479647,0.0
113.501014632,267.927923461,52.4580479647,0.0
204.933379706,389.266366653,52.4580479647,0.0
450.734252333,412.403560845,52.4580479647,0.0
228.101339308,284.313929207,52.4580479647,0.0
199.917876103,182.522834785,52.4580479647,0.0
338.934299237,285.522454058,52.4580479647,0.0
416.73016923,65.3726963085,52.4580479647,0.0
207.131073599,69.1533486388,52.4580479647,0.0
362.149315935,161.927974855,52.4580479647,0.0
344.552360504,414.182231372,52.4580479647,0.0
@ 610 10 0.152538679451 0.362765953612
464.002542458,299.0284763,45.7226339046,0.0
305.284447706,164.67964712,45.7226339046,0.0
459.903410209,52.2182153956,45.7226339046,0.0
168.670612321,152.372940443,45.7226339046,0.0
59.0413396586,436.016933765,45.7226339046,0.0
358.396481175,277.739046803,45.7226339046,0.0
74.1029214127,60.3736747117,45.7226339046,0.0
408.931938879,178.819904769,45.7226339046,0.0
63.8164753043,290.485676683,45.7226339046,0.0
341.105558048,404.861360853,45.7226339046,0.0
211.360312087,70.0513019974,45.7226339046,0.0
@ 620 10 0.152538679451 0.275590821903
235.514687556,444.479624807,46.3419508676,0.0
159.989537527,212.37683478,46.3419508676,0.0
303.704725403,86.4431625914,46.3419508676,0.0
173.637430759,317.962295113,46.3419508676,0.0
369.827495039,164.633811425,46.3419508676,0.0
368.238460941,325.651509635,46.3419508676,0.0
445.529548359,75.486976847,46.3419508676,0.0
302.010680884,260.692729883,46.3419508676,0.0
272.648759022,350.984030171,46.3419508676,0.0
84.3586419573,433.264438506,46.3419508676,0.0
194.704557883,112.13413132,46.3419508676,0.0
@ 630 10 0.152538679451 0.283107186585
83.1564509327,128.854245696,45.9272938725,0.0
301.187282415,326.863656865,45.9272938725,0.0
175.81750118,191.431048868,45.9272938725,0.0
398.817197345,47.3720104365,45.9272938725,0.0
184.248727986,86.2371724909,45.9272938725,0.0
395.422325994,464.059288433,45.9272938725,0.0
126.102324109,363.623316865,45.9272938725,0.0
236.298856903,414.062782696,45.9272938725,0.0
388.616562932,268.867401617,45.9272938725,0.0
62.4032466353,433.241278794,45.9272938725,0.0
304.963073266,193.197517865,45.9272938725,0.0
@ 640 10 0.152538679451 0.278063498383
85.9268367981,429.70951634,48.9648004982,0.0
432.617718751,330.964587282,48.9648004982,0.0
403.655291267,66.9769072453,48.9648004982,0.0
358.668052057,426.853105993,48.9648004982,0.0
288.072733287,301.665099398,48.9648004982,0.0
52.2110680917,70.8228980371,48.9648004982,0.0
192.308042028,174.006510098,48.9648004982,0.0
426.53381618,222.873586946,48.9648004982,0.0
300.212576567,123.56310706,48.9648004982,0.0
145.06836692,344.85310993,48.9648004982,0.0
217.389182778,432.270066444,48.9648004982,0.0
@ 650 10 0.152538679451 0.316060518176
195.333552994,123.471457624,50.1191488706,0.0
387.237099978,406.531922797,50.1191488706,0.0
69.2385631135,117.259947785,50.1191488706,0.0
127.077312502,259.05435791,50.1191488706,0.0
283.687093985,404.958103873,50.1191488706,0.0
56.7762174479,400.249963855,50.1191488706,0.0
164.015409141,373.615441872,50.1191488706,0.0
449.806129735,88.867411222,50.1191488706,0.0
269.409155846,231.811585186,50.1191488706,0.0
340.396313244,105.531011509,50.1191488706,0.0
374.024476159,231.029787682,50.1191488706,0.0
@ 660 10 0.152538679451 0.331138474214
302.0634155,329.643404728,43.2638205219,0.0
352.022213916,107.387507851,43.2638205219,0.0
386.771397097,430.415033524,43.2638205219,0.0
443.12259792,84.16805152,43.2638205219,0.0
98.6300231,333.742177628,43.2638205219,0.0
467.118073673,226.157559579,43.2638205219,0.0
281.264041351,180.540529932,43.2638205219,0.0
257.492243473,66.6442445021,43.2638205219,0.0
136.769064929,105.332573578,43.2638205219,0.0
449.218780454,340.899482391,43.2638205219,0.0
220.758343645,401.482044216,43.2638205219,0.0
@ 670 10 0.152538679451 0.246747070729
386.231680538,453.379320924,47.7473698008,0.0
216.942101217,304.28348759,47.7473698008,0.0
218.231075845,431.560700121,47.7473698008,0.0
76.6919715873,193.779544216,47.7473698008,0.0
127.476798658,94.293825435,47.7473698008,0.0
317.320185787,341.031787597,47.7473698008,0.0
379.721831659,121.467506374,47.7473698008,0.0
72.0004378341,425.025223175,47.7473698008,0.0
428.389684681,330.410167184,47.7473698008,0.0
212.575039556,143.113007607,47.7473698008,0.0
281.520140585,53.8593114935,47.7473698008,0.0
@ 680 10 0.152538679451 0.300539234134
251.890179789,396.467335234,45.0581432671,0.0
333.455232894,354.400260599,45.0581432671,0.0
209.381864967,88.8741808342,45.0581432671,0.0
445.234208328,401.545525484,45.0581432671,0.0
150.028660119,324.73993269,45.0581432671,0.0
438.333053897,219.000910283,45.0581432671,0.0
97.9405158466,78.671071393,45.0581432671,0.0
79.1250071312,222.789878202,45.0581432671,0.0
357.237951631,123.313472781,45.0581432671,0.0
52.2778383852,310.737118434,45.0581432671,0.0
334.86155357,256.259666444,45.0581432671,0.0
@ 690 10 0.152538679451 0.26763866333
426.916510957,396.609145915,47.1770116632,0.0
235.807550228,168.971316736,47.1770116632,0.0
367.482228896,91.8957676243,47.1770116632,0.0
88.2503045588,66.4483937654,47.1770116632,0.0
414.308490301,174.189865169,47.1770116632,0.0
383.349864032,293.877450364,47.1770116632,0.0
60.4390463497,170.754280589,47.1770116632,0.0
271.524243358,332.419798339,47.1770116632,0.0
261.436391935,65.2748961117,47.1770116632,0.0
265.470976981,459.289164488,47.1770116632,0.0
86.3218385332,405.986666495,47.1770116632,0.0
@ 700 10 0.152538679451 0.293402037085
419.040110833,236.51002323,52.5500782573,0.0
228.389463066,214.56509502,52.5500782573,0.0
122.023667945,267.077006701,52.5500782573,0.0
255.890554931,450.743014934,52.5500782573,0.0
54.2945826079,369.769409642,52.5500782573,0.0
142.294587101,75.9021248479,52.5500782573,0.0
310.370613212,59.8959512874,52.5500782573,0.0
54.6110289736,161.474194715,52.5500782573,0.0
280.421377971,317.775209148,52.5500782573,0.0
409.514818511,124.133917069,52.5500782573,0.0
435.864281536,365.450161306,52.5500782573,0.0
@ 710 10 0.174216027875 0.364039914165
230.027910286,308.567239712,48.7756268328,0.0
81.2041353757,154.532505462,48.7756268328,0.0
233.29540168,424.941859285,48.7756268328,0.0
450.330833467,378.761244083,48.7756268328,0.0
65.819705943,294.395851707,48.7756268328,0.0
244.617454137,168.447292932,48.7756268328,0.0
387.072207175,114.571761638,48.7756268328,0.0
416.079279304,226.359995112,48.7756268328,0.0
328.251958515,302.093490937,48.7756268328,0.0
358.475921204,429.692404528,48.7756268328,0.0
62.8508955111,440.614231585,48.7756268328,0.0
@ 720 10 0.174216027875 0.31362305995
223.274793957,456.529295889,44.1539128384,0.0
50.0694606393,275.333469799,44.1539128384,0.0
73.0184649912,179.783588701,44.1539128384,0.0
353.232600766,247.080831405,44.1539128384,0.0
384.492164415,333.995365822,44.1539128384,0.0
460.670302764,236.101450505,44.1539128384,0.0
432.724214941,426.439344081,44.1539128384,0.0
216.380991076,112.116043898,44.1539128384,0.0
49.1241770753,88.9607497775,44.1539128384,0.0
108.742958241,458.595800295,44.1539128384,0.0
384.251635457,152.481541197,44.1539128384,0.0
@ 730 10 0.174216027875 0.257004460597
385.365529828,439.933346598,47.4382570655,0.0
355.045417021,341.755522326,47.4382570655,0.0
84.0541999394,332.16351056,47.4382570655,0.0
389.324974449,134.348226143,47.4382570655,0.0
283.977721262,234.86320107,47.4382570655,0.0
252.61010484,362.964672388,47.4382570655,0.0
111.109192339,82.5957810709,47.4382570655,0.0
452.48412828,325.769165137,47.4382570655,0.0
165.285855073,461.377590546,47.4382570655,0.0
187.30043473,250.756014763,47.4382570655,0.0
210.828653679,129.852986413,47.4382570655,0.0
@ 740 10 0.174216027875 0.29666049527
317.136214293,382.834076251,42.8204007147,0.0
467.601826135,64.0016359375,42.8204007147,0.0
193.170682501,462.956570085,42.8204007147,0.0
94.199726242,114.724244584,42.8204007147,0.0
295.856609874,77.9733307248,42.8204007147,0.0
154.06611149,204.237269007,42.8204007147,0.0
119.41808494,399.152667392,42.8204007147,0.0
401.848291092,364.769774099,42.8204007147,0.0
212.946390927,365.833704895,42.8204007147,0.0
368.185595425,139.489181075,42.8204007147,0.0
194.629843305,53.796907233,42.8204007147,0.0
@ 750 10 0.174216027875 0.24171506748
414.058723356,310.203410896,45.9848083383,0.0
326.355183295,237.352540195,45.9848083383,0.0
89.3248896195,449.227121878,45.9848083383,0.0
222.09820799,202.194575044,45.9848083383,0.0
247.258244856,308.639942243,45.9848083383,0.0
413.087446937,112.908775521,45.9848083383,0.0
200.174983868,65.406418894,45.9848083383,0.0
414.228510014,429.003789523,45.9848083383,0.0
85.473795068,353.355767366,45.9848083383,0.0
114.014347679,245.701579474,45.9848083383,0.0
259.131452277,438.852653529,45.9848083383,0.0
@ 760 10 0.174216027875 0.278760368847
288.222775268,219.54189731,50.6542374525,0.0
390.696729777,284.94434717,50.6542374525,0.0
100.918284679,378.349439122,50.6542374525,0.0
398.641812641,403.083865593,50.6542374525,0.0
54.1954929419,270.925465183,50.6542374525,0.0
413.372051566,177.160071742,50.6542374525,0.0
125.934714343,181.186521619,50.6542374525,0.0
186.43586901,71.6144192114,50.6542374525,0.0
212.714631439,423.730138241,50.6542374525,0.0
51.4404723822,77.5297692484,50.6542374525,0.0
373.573515337,82.4779098895,50.6542374525,0.0
@ 770 10 0.174216027875 0.338246906085
442.094557344,311.73323624,55.5602928409,0.0
413.650016964,426.543950614,55.5602928409,0.0
61.8067017366,124.972214455,55.5602928409,0.0
363.434466657,146.879408617,55.5602928409,0.0
56.5283740724,302.249242806,55.5602928409,0.0
252.984809311,440.642503506,55.5602928409,0.0
112.138021277,428.652502815,55.5602928409,0.0
313.626878467,335.245067897,55.5602928409,0.0
171.76425436,71.3466624331,55.5602928409,0.0
246.033897428,166.583667932,55.5602928409,0.0
177.402762244,333.675129169,55.5602928409,0.0
@ 780 10 0.174216027875 0.406940881283
221.414904309,467.162822574,44.185283215,0.0
347.65908812,424.214381375,44.185283215,0.0
182.239713755,48.7461247169,44.185283215,0.0
442.490560301,304.255404316,44.185283215,0.0
434.549646534,87.328039323,44.185283215,0.0
322.782899145,95.3199064812,44.185283215,0.0
68.4177026107,317.136929871,44.185283215,0.0
330.119098551,229.727632755,44.185283215,0.0
177.754871131,195.246846356,44.185283215,0.0
453.703829154,204.430479762,44.185283215,0.0
167.355926936,292.687255521,44.185283215,0.0
@ 790 10 0.174216027875 0.257369782276
359.108077996,351.643122302,52.2366619067,0.0
58.4308241127,120.598779061,52.2366619067,0.0
110.119827717,406.173560236,52.2366619067,0.0
258.286018296,319.82464372,52.2366619067,0.0
151.06341505,297.165393718,52.2366619067,0.0
283.73263943,189.966773849,52.2366619067,0.0
432.952866681,214.352760588,52.2366619067,0.0
345.829008021,67.2593420362,52.2366619067,0.0
265.606298328,456.647639047,52.2366619067,0.0
61.9138019272,234.592399142,52.2366619067,0.0
189.2390309,106.784139141,52.2366619067,0.0
@ 800 10 0.174216027875 0.359710488887
167.193936917,118.168570327,49.6652002791,0.0
453.50860303,326.976376526,49.6652002791,0.0
75.4211662076,303.519371409,49.6652002791,0.0
449.099568244,462.269426983,49.6652002791,0.0
425.168768797,198.553928464,49.6652002791,0.0
193.734483924,273.089784014,49.6652002791,0.0
168.430704971,403.514559508,49.6652002791,0.0
251.250974882,60.7987990703,49.6652002791,0.0
359.374344638,83.5056634456,49.6652002791,0.0
307.201589177,411.540954381,49.6652002791,0.0
316.129709071,179.295388008,49.6652002791,0.0
@ 810 10 0.203075137801 0.325167140113
159.105902049,169.839842587,51.5384878841,0.0
189.396680883,54.6671629615,51.5384878841,0.0
445.273526668,448.758962641,51.5384878841,0.0
449.159964197,328.705946714,51.5384878841,0.0
326.382819265,78.4611915241,51.5384878841,0.0
198.748242152,328.866760501,51.5384878841,0.0
75.46123537,366.992988806,51.5384878841,0.0
446.912283604,179.61404248,51.5384878841,0.0
266.522705892,437.025168531,51.5384878841,0.0
343.994147415,344.630064619,51.5384878841,0.0
58.9378197508,102.386923227,51.5384878841,0.0
@ 820 10 0.203075137801 0.350159258438
113.460235703,413.723026129,48.0813349376,0.0
278.923434821,254.654316568,48.0813349376,0.0
309.740636942,131.977603221,48.0813349376,0.0
362.984937877,442.988955851,48.0813349376,0.0
423.970300961,123.322039442,48.0813349376,0.0
201.70395761,104.689221941,48.0813349376,0.0
89.8083211112,258.01213179,48.0813349376,0.0
99.1118390415,121.997210608,48.0813349376,0.0
280.426582823,353.751017969,48.0813349376,0.0
461.130474618,346.068351275,48.0813349376,0.0
422.538844119,241.880462551,48.0813349376,0.0
@ 830 10 0.203075137801 0.304758132075
308.865305121,134.065310635,49.9890289929,0.0
264.44921184,342.789755693,49.9890289929,0.0
75.1805998499,211.563199703,49.9890289929,0.0
453.449908417,60.9326699902,49.9890289929,0.0
59.6397144199,87.7712397237,49.9890289929,0.0
455.386357188,435.494524801,49.9890289929,0.0
147.667412088,375.184075322,49.9890289929,0.0
423.277034951,335.35798673,49.9890289929,0.0
210.868927182,199.562546531,49.9890289929,0.0
382.819527621,206.870215483,49.9890289929,0.0
162.485959262,84.3610309101,49.9890289929,0.0
@ 840 10 0.203075137801 0.329421295595
403.929034454,104.984725472,47.3867981159,0.0
97.0588665399,173.60924637,47.3867981159,0.0
136.673100675,411.820245701,47.3867981159,0.0
235.822920869,380.630041075,47.3867981159,0.0
448.557552156,301.631434336,47.3867981159,0.0
136.702732654,293.342819513,47.3867981159,0.0
301.061804043,76.3619644826,47.3867981159,0.0
460.920679516,187.836298551,47.3867981159,0.0
352.140514563,262.899396472,47.3867981159,0.0
213.245936186,168.577828012,47.3867981159,0.0
328.5904878,355.634402345,47.3867981159,0.0
@ 850 10 0.203075137801 0.29601723565
52.8588828148,319.979497836,52.2998925736,0.0
259.175992303,311.491790324,52.2998925736,0.0
428.692709795,377.755829315,52.2998925736,0.0
70.1045061197,213.654072158,52.2998925736,0.0
223.760303849,76.8628804431,52.2998925736,0.0
239.895364235,187.212305299,52.2998925736,0.0
380.759202946,276.32860158,52.2998925736,0.0
182.796902777,418.170979361,52.2998925736,0.0
416.931335518,175.738082905,52.2998925736,0.0
315.219165104,406.095870559,52.2998925736,0.0
84.70510572,104.615807103,52.2998925736,0.0
@ 860 10 0.203075137801 0.360581850078
310.656998321,138.342767488,49.0086960188,0.0
235.2951034,233.699809451,49.0086960188,0.0
63.0628950201,314.34479662,49.0086960188,0.0
434.318871457,213.714088316,49.0086960188,0.0
164.347336913,351.565801609,49.0086960188,0.0
199.502009668,137.718593941,49.0086960188,0.0
75.2052905934,172.133058567,49.0086960188,0.0
438.049363696,368.388494154,49.0086960188,0.0
275.775333724,433.181787177,49.0086960188,0.0
332.866123062,259.281338347,49.0086960188,0.0
121.559149217,59.170151185,49.0086960188,0.0
@ 870 10 0.203075137801 0.316627450319
425.406597511,60.0191806954,53.9925802825,0.0
135.387656521,347.071676887,53.9925802825,0.0
324.663830574,173.288726002,53.9925802825,0.0
411.623644106,335.529225646,53.9925802825,0.0
205.783500252,74.8128369391,53.9925802825,0.0
87.0104373641,117.581889311,53.9925802825,0.0
297.25855382,286.131969486,53.9925802825,0.0
72.3437777592,233.309845207,53.9925802825,0.0
206.78638126,196.974657592,53.9925802825,0.0
335.894826917,430.887863978,53.9925802825,0.0
68.0821310975,437.840829747,53.9925802825,0.0
@ 880 10 0.203075137801 0.384300044276
150.144865988,56.1014674919,49.5584191738,0.0
235.183534205,229.614416771,49.5584191738,0.0
418.880313627,456.416538806,49.5584191738,0.0
265.556166222,106.276604909,49.5584191738,0.0
378.740562861,308.594277342,49.5584191738,0.0
73.5043234016,391.169755666,49.5584191738,0.0
57.5177003713,145.97912275,49.5584191738,0.0
276.660440059,352.033192423,49.5584191738,0.0
110.868045807,250.358534968,49.5584191738,0.0
446.360885383,210.806745404,49.5584191738,0.0
339.254967779,203.306796459,49.5584191738,0.0
@ 890 10 0.203075137801 0.323770412413
241.959379884,447.875148157,48.0909925314,0.0
163.643088261,274.357702406,48.0909925314,0.0
77.504163629,55.2345410333,48.0909925314,0.0
313.235181538,135.651881347,48.0909925314,0.0
54.0203857287,344.88791677,48.0909925314,0.0
182.774512661,132.832789202,48.0909925314,0.0
274.835479485,242.191220612,48.0909925314,0.0
397.063107696,260.69419576,48.0909925314,0.0
415.26797186,452.778134699,48.0909925314,0.0
319.463544638,350.730141427,48.0909925314,0.0
123.912759403,446.911816448,48.0909925314,0.0
@ 900 10 0.203075137801 0.304880571514
143.499754181,276.210012387,52.3926234796,0.0
457.245247532,456.424618651,52.3926234796,0.0
433.271998239,116.876795842,52.3926234796,0.0
182.979392229,96.8455487753,52.3926234796,0.0
252.219023528,209.938106997,52.3926234796,0.0
64.4820093571,121.429737965,52.3926234796,0.0
362.337262254,386.622040719,52.3926234796,0.0
286.745500409,69.6625649752,52.3926234796,0.0
355.878895895,239.831880203,52.3926234796,0.0
257.308029115,353.121504922,52.3926234796,0.0
65.8350618815,373.673228231,52.3926234796,0.0
@ 910 10 0.243393602225 0.361861650972
203.407154833,320.484266445,51.0475489491,0.0
457.6449684,319.848183053,51.0475489491,0.0
448.169317202,57.847308955,51.0475489491,0.0
301.131051146,357.122767242,51.0475489491,0.0
51.8067943829,55.2728242117,51.0475489491,0.0
357.66745824,234.954393493,51.0475489491,0.0
100.607607959,215.232761783,51.0475489491,0.0
212.289667028,203.378868427,51.0475489491,0.0
367.644053023,447.939764578,51.0475489491,0.0
278.358847825,104.14416194,51.0475489491,0.0
162.468136412,428.178867658,51.0475489491,0.0
@ 920 10 0.243393602225 0.343520024106
422.910962454,353.777356945,52.9034333853,0.0
324.927271633,88.612797718,52.9034333853,0.0
239.525633552,283.807942005,52.9034333853,0.0
57.9216468241,226.876986598,52.9034333853,0.0
428.274947256,240.424271888,52.9034333853,0.0
157.193094104,179.920557538,52.9034333853,0.0
457.440086646,120.370156883,52.9034333853,0.0
73.9951616862,69.4877501531,52.9034333853,0.0
310.496387242,457.598096138,52.9034333853,0.0
152.69484302,370.542842188,52.9034333853,0.0
314.080623845,197.550292064,52.9034333853,0.0
@ 930 10 0.243393602225 0.368952099157
390.051597099,447.325191814,55.6299191849,0.0
442.654074351,69.4618614696,55.6299191849,0.0
78.35053334,158.153388452,55.6299191849,0.0
327.194713563,165.628285387,55.6299191849,0.0
159.148092079,78.7320408269,55.6299191849,0.0
449.615690496,202.336625861,55.6299191849,0.0
224.907041598,240.269539492,55.6299191849,0.0
286.416162045,373.843676027,55.6299191849,0.0
397.140955582,321.768149105,55.6299191849,0.0
74.3010659414,443.004005674,55.6299191849,0.0
111.132444638,271.921780356,55.6299191849,0.0
@ 940 10 0.243393602225 0.407961450393
390.674076282,345.873203611,54.0013390968,0.0
423.964314489,69.089752209,54.0013390968,0.0
186.485414063,331.782608779,54.0013390968,0.0
361.882801437,455.50428306,54.0013390968,0.0
302.274903088,123.36230535,54.0013390968,0.0
75.3462519274,268.86569193,54.0013390968,0.0
88.8257183268,128.453370159,54.0013390968,0.0
181.943334252,72.9727241022,54.0013390968,0.0
196.791348711,202.673818817,54.0013390968,0.0
437.101961395,196.816343238,54.0013390968,0.0
64.1155374781,388.330230652,54.0013390968,0.0
@ 950 10 0.243393602225 0.384424738658
325.297540426,169.519574087,49.0091458776,0.0
427.846431879,258.183638277,49.0091458776,0.0
422.464161429,371.932163573,49.0091458776,0.0
310.956772411,388.413635468,49.0091458776,0.0
59.3419231119,254.146263051,49.0091458776,0.0
183.53241032,447.573534061,49.0091458776,0.0
81.8623647226,451.018719208,49.0091458776,0.0
157.846676508,103.695583755,49.0091458776,0.0
168.631142985,327.871964668,49.0091458776,0.0
288.891044877,68.414158883,49.0091458776,0.0
224.524222452,183.821794506,49.0091458776,0.0
@ 960 10 0.243393602225 0.316633263095
80.3612148887,69.1265227076,57.7509545223,0.0
327.36515261,315.610022907,57.7509545223,0.0
331.064500382,182.284233072,57.7509545223,0.0
452.751237855,298.401910897,57.7509545223,0.0
399.194910985,427.094434714,57.7509545223,0.0
229.638488152,82.3468733511,57.7509545223,0.0
249.789414494,453.812842386,57.7509545223,0.0
451.806484114,82.9786319918,57.7509545223,0.0
77.0846652385,247.545803503,57.7509545223,0.0
217.357562888,268.269583781,57.7509545223,0.0
140.308210011,376.158250934,57.7509545223,0.0
@ 970 10 0.243393602225 0.439663692076
312.420553692,90.3573545894,50.7174083862,0.0
54.980577178,173.998577475,50.7174083862,0.0
224.506743678,288.879661174,50.7174083862,0.0
342.982603604,342.521285681,50.7174083862,0.0
143.4867332,404.819218886,50.7174083862,0.0
460.919892756,174.222268295,50.7174083862,0.0
87.7841681295,277.712351101,50.7174083862,0.0
57.2343271435,66.0525438485,50.7174083862,0.0
191.041642393,130.842448903,50.7174083862,0.0
448.053509189,301.360028028,50.7174083862,0.0
289.140362578,434.723679226,50.7174083862,0.0
@ 980 10 0.243393602225 0.339091088036
73.9479907627,174.770851491,48.8112661177,0.0
333.188878278,59.2304210976,48.8112661177,0.0
105.922508229,351.30829848,48.8112661177,0.0
449.923565055,130.420038856,48.8112661177,0.0
141.144776341,66.0469715451,48.8112661177,0.0
455.88578931,256.45219607,48.8112661177,0.0
275.132000646,434.65358431,48.8112661177,0.0
359.64830069,356.497224054,48.8112661177,0.0
307.650837971,269.386898668,48.8112661177,0.0
76.6845898151,453.676230338,48.8112661177,0.0
174.218663691,440.385230056,48.8112661177,0.0
@ 990 10 0.243393602225 0.314081542426
98.5399670523,429.144442405,55.1581725791,0.0
62.3079323896,238.709036783,55.1581725791,0.0
391.555261901,425.080681934,55.1581725791,0.0
205.137381455,117.572201984,55.1581725791,0.0
180.851544006,225.847637982,55.1581725791,0.0
409.533151135,293.864723682,55.1581725791,0.0
78.8611925905,70.7970192074,55.1581725791,0.0
455.511425933,88.1301473068,55.1581725791,0.0
282.348265565,284.32820364,55.1581725791,0.0
219.016695392,429.851285311,55.1581725791,0.0
328.057159081,170.046564882,55.1581725791,0.0
@ 1000 10 0.243393602225 0.401071689736
118.725747253,292.470492941,52.1894324363,0.0
149.771296581,419.13074765,52.1894324363,0.0
232.96354406,274.338875731,52.1894324363,0.0
434.877567032,415.434155284,52.1894324363,0.0
256.285130381,427.906794543,52.1894324363,0.0
322.802129421,197.948322658,52.1894324363,0.0
322.700386079,341.843531104,52.1894324363,0.0
449.656899508,267.369809384,52.1894324363,0.0
261.593930143,101.803825398,52.1894324363,0.0
153.921354321,93.5593700915,52.1894324363,0.0
379.403832492,99.7018401491,52.1894324363,0.0
@ 1010 10 0.303687635575 0.359060322699
450.653812263,207.306049382,49.7288550397,0.0
63.4122975209,323.925734248,49.7288550397,0.0
131.479350007,456.773916369,49.7288550397,0.0
341.081548813,132.718988638,49.7288550397,0.0
89.5734556635,200.224637367,49.7288550397,0.0
267.903007302,358.493705819,49.7288550397,0.0
448.108552453,393.535031117,49.7288550397,0.0
73.6910499078,66.1264012082,49.7288550397,0.0
427.084629309,80.0134960317,49.7288550397,0.0
218.030622802,148.396536064,49.7288550397,0.0
363.625226519,314.142835756,49.7288550397,0.0
@ 1020 10 0.303687635575 0.326001192959
454.316743574,383.063426226,52.7944179762,0.0
90.3484118711,430.032428424,52.7944179762,0.0
333.930896945,317.598438029,52.7944179762,0.0
75.1792826324,304.327840818,52.7944179762,0.0
66.079730015,92.815469055,52.7944179762,0.0
320.184381738,428.245081571,52.7944179762,0.0
301.272423086,166.005738694,52.7944179762,0.0
174.154772849,363.936666221,52.7944179762,0.0
130.997133886,186.851024103,52.7944179762,0.0
175.114303663,69.729959104,52.7944179762,0.0
454.266966946,161.674730991,52.7944179762,0.0
@ 1030 10 0.303687635575 0.367433104252
205.655518835,405.027552205,49.4064859658,0.0
360.133097753,333.121018282,49.4064859658,0.0
156.669789464,142.264298493,49.4064859658,0.0
76.4445275072,251.292820805,49.4064859658,0.0
193.169795584,298.44467275,49.4064859658,0.0
388.710589621,432.742758697,49.4064859658,0.0
310.572072706,116.865458225,49.4064859658,0.0
295.897667836,214.620865374,49.4064859658,0.0
397.678773439,56.2040033144,49.4064859658,0.0
67.2437250671,63.8112287323,49.4064859658,0.0
423.64610695,230.270984386,49.4064859658,0.0
@ 1040 10 0.303687635575 0.321788263906
448.71909676,450.870509431,53.4300336406,0.0
443.546625277,337.861209448,53.4300336406,0.0
316.174551622,167.565278545,53.4300336406,0.0
317.679907304,336.077189662,53.4300336406,0.0
74.6303807554,255.106078897,53.4300336406,0.0
90.2014990648,114.289130987,53.4300336406,0.0
113.163541585,446.130786187,53.4300336406,0.0
249.637169357,70.8496669068,53.4300336406,0.0
307.555193737,446.991295869,53.4300336406,0.0
208.958601465,354.212040636,53.4300336406,0.0
436.586070733,127.811004338,53.4300336406,0.0
@ 1050 10 0.303687635575 0.376333746768
416.470762343,220.548683004,51.17651448,0.0
419.054554931,403.474938473,51.17651448,0.0
143.586302387,457.954244666,51.17651448,0.0
260.331033871,422.423473682,51.17651448,0.0
352.233367456,308.512372771,51.17651448,0.0
438.605785069,92.3907847565,51.17651448,0.0
241.897549183,171.931621492,51.17651448,0.0
127.343197867,92.213715073,51.17651448,0.0
75.716702071,369.599103406,51.17651448,0.0
266.700543462,65.2323687172,51.17651448,0.0
79.1295754056,259.217561896,51.17651448,0.0
@ 1060 10 0.303687635575 0.345257941219
410.439334516,73.1804333456,53.4023900725,0.0
109.439057016,287.203905922,53.4023900725,0.0
311.924181668,184.089984697,53.4023900725,0.0
458.511058156,356.74718753,53.4023900725,0.0
447.843121404,202.802749839,53.4023900725,0.0
170.864933776,75.4386708853,53.4023900725,0.0
324.13789435,335.903607715,53.4023900725,0.0
210.770315128,249.503372607,53.4023900725,0.0
195.770018752,450.516148458,53.4023900725,0.0
64.0226839961,405.109184438,53.4023900725,0.0
70.1220874445,161.962396498,53.4023900725,0.0
@ 1070 10 0.303687635575 0.37594443328
452.091168928,182.108740308,57.5863726723,0.0
162.398152554,59.1787078118,57.5863726723,0.0
266.553210968,245.625938464,57.5863726723,0.0
79.7470063725,299.633345713,57.5863726723,0.0
430.764570989,61.3315490787,57.5863726723,0.0
104.095860098,164.47304914,57.5863726723,0.0
400.140756511,289.57458121,57.5863726723,0.0
313.903146544,102.988434393,57.5863726723,0.0
311.484685161,387.830062295,57.5863726723,0.0
62.7407983909,453.861062702,57.5863726723,0.0
168.770086084,380.425827015,57.5863726723,0.0
@ 1080 10 0.303687635575 0.437161307285
131.896652824,76.7098379008,50.6430656015,0.0
328.620489159,437.473053853,50.6430656015,0.0
226.579975784,186.690858498,50.6430656015,0.0
73.984724598,445.941022852,50.6430656015,0.0
449.104171882,310.143314604,50.6430656015,0.0
454.951133196,447.529011557,50.6430656015,0.0
110.852414377,230.156822013,50.6430656015,0.0
179.916980393,454.752586159,50.6430656015,0.0
265.812919422,85.0680203253,50.6430656015,0.0
336.246006529,175.953094155,50.6430656015,0.0
166.804449319,352.899525649,50.6430656015,0.0
@ 1090 10 0.303687635575 0.338097721041
58.2137189624,372.283861427,53.6826814896,0.0
72.7534276743,245.891535733,53.6826814896,0.0
261.228102051,87.5326093362,53.6826814896,0.0
318.785898381,345.906323986,53.6826814896,0.0
430.816078462,53.8215969771,53.6826814896,0.0
63.3446807014,124.97593596,53.6826814896,0.0
422.515491735,435.233099471,53.6826814896,0.0
290.329094614,191.356307529,53.6826814896,0.0
456.453582485,279.187484305,53.6826814896,0.0
286.687485224,449.188904887,53.6826814896,0.0
181.41010944,392.786935918,53.6826814896,0.0
@ 1100 10 0.303687635575 0.379901205042
181.984434828,304.767160688,61.4338649905,0.0
444.965194337,219.345909445,61.4338649905,0.0
145.708305654,148.486020776,61.4338649905,0.0
285.042497636,95.7853145209,61.4338649905,0.0
320.605975752,435.891230774,61.4338649905,0.0
435.92777875,64.3077899771,61.4338649905,0.0
183.361420632,433.675746092,61.4338649905,0.0
448.169371983,362.713992684,61.4338649905,0.0
301.905599231,245.355129021,61.4338649905,0.0
66.4869131477,243.3161273,61.4338649905,0.0
64.2682827551,386.508615255,61.4338649905,0.0
@ 1110 10 0.40369088812 0.497528481026
398.0355176,107.325086181,61.4549348623,0.0
76.6778199471,99.7611938112,61.4549348623,0.0
326.14558988,312.397457218,61.4549348623,0.0
62.6385768972,441.82540961,61.4549348623,0.0
198.347054145,313.606154426,61.4549348623,0.0
62.5643473745,307.760018863,61.4549348623,0.0
268.161756756,83.859102216,61.4549348623,0.0
175.237521452,178.112876823,61.4549348623,0.0
189.760975651,444.879499087,61.4549348623,0.0
449.52693947,403.741865874,61.4549348623,0.0
419.718104805,231.932099846,61.4549348623,0.0
@ 1120 10 0.40369088812 0.497869812601
