53.672473068,132.997287077,40.7335287234,0.0
402.165005422,299.250736062,40.7335287234,0.0
47.8875275844,227.588198157,40.7335287234,0.0
149.45347079,178.445926684,40.7335287234,0.0
135.652825293,95.2647785621,40.7335287234,0.0
227.627576878,216.167350041,40.7335287234,0.0
91.2574331954,417.007279261,40.7335287234,0.0
247.327916333,367.729053694,40.7335287234,0.0
387.023596536,146.664863487,40.7335287234,0.0
169.325637952,314.606026255,40.7335287234,0.0
61.4239016416,339.736583727,40.7335287234,0.0
@ 10 10 0.0873362445415 0.218728985125
272.413548966,437.943186364,40.025214295,0.0
302.169680327,286.091036137,40.025214295,0.0
76.2724299307,452.959348823,40.025214295,0.0
334.552168057,150.160572552,40.025214295,0.0
193.574406615,206.211078444,40.025214295,0.0
400.135039242,238.499652352,40.025214295,0.0
103.94954726,73.5061792899,40.025214295,0.0
430.767239857,41.5576105011,40.025214295,0.0
236.366956272,40.7076052295,40.025214295,0.0
445.453249844,130.696423785,40.025214295,0.0
90.5009738644,241.583602188,40.025214295,0.0
@ 20 10 0.0873362445415 0.21118817669
331.245266406,458.866832078,49.3511526148,0.0
364.431432508,163.67874086,49.3511526148,0.0
197.808922249,389.234887836,49.3511526148,0.0
223.45108805,218.671995903,49.3511526148,0.0
157.412052758,87.8718279093,49.3511526148,0.0
451.021068727,445.691595789,49.3511526148,0.0
452.634813629,320.658557297,49.3511526148,0.0
462.000672827,103.162693585,49.3511526148,0.0
100.737147049,205.222338082,49.3511526148,0.0
342.806697861,65.0986983114,49.3511526148,0.0
87.9492703908,303.727959133,49.3511526148,0.0
@ 30 10 0.0873362445415 0.321067886741
311.657503553,454.810315102,39.9238043025,0.0
192.736038979,216.332117856,39.9238043025,0.0
315.749788988,161.387975226,39.9238043025,0.0
44.072849662,419.340659447,39.9238043025,0.0
438.767368995,243.320307721,39.9238043025,0.0
242.018273055,126.531962665,39.9238043025,0.0
205.438776416,461.193159622,39.9238043025,0.0
154.654141827,362.089233675,39.9238043025,0.0
437.945548645,368.444603036,39.9238043025,0.0
364.839100803,42.5205029741,39.9238043025,0.0
305.969338439,280.631602737,39.9238043025,0.0
@ 40 10 0.0873362445415 0.210119377399
174.42047409,307.652007097,41.0396577812,0.0
124.819015961,411.241034087,41.0396577812,0.0
444.691953194,137.628873262,41.0396577812,0.0
235.514452158,203.148263674,41.0396577812,0.0
69.3006900934,77.4886133579,41.0396577812,0.0
385.290343157,406.351316361,41.0396577812,0.0
249.075670207,454.499437433,41.0396577812,0.0
422.599082454,237.021174927,41.0396577812,0.0
185.022952874,97.0214019989,41.0396577812,0.0
326.442301299,218.709608323,41.0396577812,0.0
463.611043947,450.506819993,41.0396577812,0.0
@ 50 10 0.0873362445415 0.222029014041
250.114130626,383.286647626,43.4173816794,0.0
312.399560751,130.969403947,43.4173816794,0.0
140.435063159,441.031428656,43.4173816794,0.0
263.468433549,281.814842172,43.4173816794,0.0
43.9250277227,124.221786509,43.4173816794,0.0
243.486717276,58.8409542261,43.4173816794,0.0
341.072694568,333.857285673,43.4173816794,0.0
70.2037518562,261.607166446,43.4173816794,0.0
421.886263445,146.416793187,43.4173816794,0.0
116.155553738,354.068355408,43.4173816794,0.0
173.711264874,203.26592998,43.4173816794,0.0
@ 60 10 0.0873362445415 0.248501793744
386.705507648,361.774955092,41.7997288351,0.0
248.372798301,55.7853403525,41.7997288351,0.0
93.4222688596,109.597216709,41.7997288351,0.0
389.627933638,159.311102347,41.7997288351,0.0
408.481641825,51.2198392637,41.7997288351,0.0
281.32711842,321.287976506,41.7997288351,0.0
157.250043726,203.6852212,41.7997288351,0.0
111.657011837,286.796015126,41.7997288351,0.0
447.647540196,458.664718208,41.7997288351,0.0
445.766530513,237.598654198,41.7997288351,0.0
89.1037629257,370.257966714,41.7997288351,0.0
@ 70 10 0.0873362445415 0.230329305393
163.968385656,326.414135754,42.9496766712,0.0
206.639614795,237.238289533,42.9496766712,0.0
375.696846644,453.111830992,42.9496766712,0.0
53.0914359024,317.544931521,42.9496766712,0.0
391.436828297,93.2899925301,42.9496766712,0.0
459.078911463,149.063993106,42.9496766712,0.0
118.478020506,466.506423068,42.9496766712,0.0
203.394097192,43.0641630823,42.9496766712,0.0
158.042421413,155.705364089,42.9496766712,0.0
368.256769476,190.368743578,42.9496766712,0.0
433.38402855,289.626737057,42.9496766712,0.0
@ 80 10 0.0873362445415 0.243176759349
401.694780386,159.357411256,35.8829697292,0.0
347.002878969,61.1540422537,35.8829697292,0.0
279.342408249,137.632100875,35.8829697292,0.0
444.444327748,423.450403122,35.8829697292,0.0
73.5988780615,51.6704340852,35.8829697292,0.0
81.3254865328,260.732707516,35.8829697292,0.0
89.8386706179,468.191493466,35.8829697292,0.0
141.882084797,359.418456728,35.8829697292,0.0
39.4253372196,165.02235038,35.8829697292,0.0
457.196449605,253.685909725,35.8829697292,0.0
62.303009746,390.555986374,35.8829697292,0.0
@ 90 10 0.0873362445415 0.169737978853
54.2222985371,326.277900077,48.842964099,0.0
116.514444152,64.7100120458,48.842964099,0.0
445.496505706,318.326523652,48.842964099,0.0
50.1793530636,192.779930766,48.842964099,0.0
214.83760849,201.381299674,48.842964099,0.0
187.517501683,435.130316365,48.842964099,0.0
293.103404687,291.265120399,48.842964099,0.0
393.277355117,79.5969396774,48.842964099,0.0
372.895889159,458.390150212,48.842964099,0.0
172.331694392,292.764146411,48.842964099,0.0
457.09358113,196.811928491,48.842964099,0.0
@ 100 10 0.0873362445415 0.31448960328
132.549247008,224.128107571,40.4127746025,0.0
222.558474589,466.909388597,40.4127746025,0.0
458.83499399,352.930619175,40.4127746025,0.0
260.705885045,209.544540366,40.4127746025,0.0
370.863643687,61.386404952,40.4127746025,0.0
104.646211455,308.854562371,40.4127746025,0.0
364.372719576,240.003291328,40.4127746025,0.0
105.176546214,101.678878215,40.4127746025,0.0
209.193381986,77.455624356,40.4127746025,0.0
195.317330376,375.863111561,40.4127746025,0.0
119.386062811,433.568662863,40.4127746025,0.0
@ 110 10 0.0940354648039 0.215297807084
418.931308474,138.620507678,44.2022829669,0.0
249.662828299,49.3579580443,44.2022829669,0.0
51.6336275332,321.146269795,44.2022829669,0.0
345.013327138,350.249797136,44.2022829669,0.0
309.90113129,455.028624385,44.2022829669,0.0
144.585141071,297.912914533,44.2022829669,0.0
100.874802849,206.576948191,44.2022829669,0.0
67.922008441,411.082184998,44.2022829669,0.0
439.747643662,432.161834064,44.2022829669,0.0
173.743806949,149.481146514,44.2022829669,0.0
75.4413418715,70.6931887809,44.2022829669,0.0
@ 120 10 0.0940354648039 0.257567860178
199.703376002,115.575863386,34.3850612127,0.0
393.262257593,457.395665626,34.3850612127,0.0
155.626488139,360.629575934,34.3850612127,0.0
407.428268987,38.6829196368,34.3850612127,0.0
231.825177012,374.994664388,34.3850612127,0.0
58.6812260712,198.145958959,34.3850612127,0.0
68.8271425704,418.08064375,34.3850612127,0.0
110.640613965,71.1979853646,34.3850612127,0.0
55.5266144974,306.931352852,34.3850612127,0.0
170.733576762,257.967464448,34.3850612127,0.0
390.231002219,283.406307776,34.3850612127,0.0
@ 130 10 0.0940354648039 0.155862584249
158.863488951,294.698780115,43.3394594341,0.0
440.527650784,441.628216399,43.3394594341,0.0
266.12533048,466.443631808,43.3394594341,0.0
466.249856384,230.386429052,43.3394594341,0.0
222.848604038,227.139125949,43.3394594341,0.0
51.041921915,49.752431161,43.3394594341,0.0
364.376045452,325.592272585,43.3394594341,0.0
77.4419744069,222.296275729,43.3394594341,0.0
228.217009619,48.4334473095,43.3394594341,0.0
109.363663716,393.654836115,43.3394594341,0.0
263.150273318,340.624360956,43.3394594341,0.0
@ 140 10 0.0940354648039 0.247610609585
275.193287535,107.034903375,45.555606607,0.0
198.554894519,195.431589555,45.555606607,0.0
231.197486658,304.163363116,45.555606607,0.0
88.9564954479,77.5582129051,45.555606607,0.0
51.534307182,269.788260717,45.555606607,0.0
445.776946609,448.690641322,45.555606607,0.0
55.3214654488,393.916528848,45.555606607,0.0
287.691095918,419.3071135,45.555606607,0.0
433.177140784,229.9480288,45.555606607,0.0
346.908321814,332.78073718,45.555606607,0.0
339.707147306,173.69891357,45.555606607,0.0
@ 150 10 0.0940354648039 0.273581002736
251.921950178,162.311799715,39.815794498,0.0
261.939418135,82.7374712147,39.815794498,0.0
203.070003993,339.154842457,39.815794498,0.0
434.09739766,167.182281821,39.815794498,0.0
415.001846569,250.511679397,39.815794498,0.0
160.170400744,178.218256125,39.815794498,0.0
379.44626233,339.732272115,39.815794498,0.0
348.340169651,160.773028866,39.815794498,0.0
50.7577244658,458.576662643,39.815794498,0.0
462.313188091,370.715650187,39.815794498,0.0
278.674862551,445.943104969,39.815794498,0.0
@ 160 10 0.0940354648039 0.20898400196
109.513256164,61.0742557463,41.8069567268,0.0
261.137488699,421.178594521,41.8069567268,0.0
48.7602681587,220.734923124,41.8069567268,0.0
469.103614532,72.2034412152,41.8069567268,0.0
62.9942489694,412.77672908,41.8069567268,0.0
444.107133421,288.42998682,41.8069567268,0.0
265.834391109,297.907875739,41.8069567268,0.0
345.457924853,434.917336908,41.8069567268,0.0
445.095921356,421.046845635,41.8069567268,0.0
399.78582721,148.671176912,41.8069567268,0.0
139.15457112,340.307681882,41.8069567268,0.0
@ 170 10 0.0940354648039 0.230408968073
157.316168133,406.07777556,38.9009797771,0.0
213.41372339,166.705915835,38.9009797771,0.0
235.343335678,374.684673788,38.9009797771,0.0
384.033030111,147.112547792,38.9009797771,0.0
198.142837336,40.5548491755,38.9009797771,0.0
92.2642372854,315.054297845,38.9009797771,0.0
328.860680616,344.139585354,38.9009797771,0.0
317.59519893,263.651382859,38.9009797771,0.0
466.006939194,310.934958533,38.9009797771,0.0
74.8079255376,405.621321331,38.9009797771,0.0
467.024399645,80.1616510786,38.9009797771,0.0
@ 180 10 0.0940354648039 0.199491018974
253.36106717,409.030144169,38.3561336119,0.0
465.080173596,354.755849785,38.3561336119,0.0
314.866603054,107.834515153,38.3561336119,0.0
103.01741811,458.730279813,38.3561336119,0.0
326.934863153,373.390604972,38.3561336119,0.0
319.488077283,468.467196323,38.3561336119,0.0
162.398966799,359.669240358,38.3561336119,0.0
165.89927368,58.4135782932,38.3561336119,0.0
396.771588051,70.9178185438,38.3561336119,0.0
234.157702741,187.177955017,38.3561336119,0.0
310.918142378,233.00421552,38.3561336119,0.0
@ 190 10 0.0940354648039 0.193942019996
230.849000391,73.2909482017,38.9258989986,0.0
297.416563004,376.427254276,38.9258989986,0.0
65.9638154599,347.861827667,38.9258989986,0.0
427.449507311,351.082517679,38.9258989986,0.0
353.513647486,228.103800918,38.9258989986,0.0
458.559745689,239.179621961,38.9258989986,0.0
118.011926498,150.042491685,38.9258989986,0.0
171.17329857,469.163188196,38.9258989986,0.0
224.231606049,267.061584085,38.9258989986,0.0
455.6878933,130.490189566,38.9258989986,0.0
337.415103386,134.820739165,38.9258989986,0.0
@ 200 10 0.0940354648039 0.199746681076
270.092904542,340.097365244,46.0518491952,0.0
391.108948633,106.330526161,46.0518491952,0.0
282.235277632,221.286654768,46.0518491952,0.0
455.71558053,218.164969941,46.0518491952,0.0
143.733807248,73.7132493831,46.0518491952,0.0
358.912475155,304.840124388,46.0518491952,0.0
52.1653657148,259.417223073,46.0518491952,0.0
453.061819483,351.447922973,46.0518491952,0.0
73.0953111319,446.726652444,46.0518491952,0.0
249.064506976,100.471315366,46.0518491952,0.0
173.521308428,401.721772479,46.0518491952,0.0
@ 210 10 0.101847810272 0.279573766031
182.9338406,182.63138042,43.785819806,0.0
416.898285716,248.343744841,43.785819806,0.0
124.051163046,116.923877179,43.785819806,0.0
245.381769297,400.769250647,43.785819806,0.0
387.16629373,354.755632447,43.785819806,0.0
271.839336577,177.491650186,43.785819806,0.0
52.3662506828,204.222631013,43.785819806,0.0
455.689260766,167.800699209,43.785819806,0.0
280.487797711,309.57641541,43.785819806,0.0
219.197681463,89.5607179412,43.785819806,0.0
60.4048598116,415.56078292,43.785819806,0.0
@ 220 10 0.101847810272 0.252737240863
450.728271179,163.820284399,43.4856477273,0.0
61.8206052316,352.386656593,43.4856477273,0.0
317.362256005,280.77481211,43.4856477273,0.0
228.782345204,304.884105377,43.4856477273,0.0
414.366250482,259.99937967,43.4856477273,0.0
157.128138219,403.642004315,43.4856477273,0.0
338.800828432,166.063860041,43.4856477273,0.0
185.202691297,187.845650867,43.4856477273,0.0
186.248846584,80.0437953313,43.4856477273,0.0
285.652236444,467.780623485,43.4856477273,0.0
389.693079397,371.694702928,43.4856477273,0.0
@ 230 10 0.101847810272 0.249283857116
47.7146098003,226.74414016,44.7293497284,0.0
428.301663602,48.4402247952,44.7293497284,0.0
51.8684129752,356.519977126,44.7293497284,0.0
297.918229433,354.252410024,44.7293497284,0.0
228.408750253,55.2082527587,44.7293497284,0.0
164.362339198,293.014417142,44.7293497284,0.0
341.199797351,258.835445255,44.7293497284,0.0
175.413080398,421.396192635,44.7293497284,0.0
124.216691669,80.1147956063,44.7293497284,0.0
242.536339791,239.997779992,44.7293497284,0.0
406.87061701,147.726107598,44.7293497284,0.0
@ 240 10 0.101847810272 0.263746945097
241.475948893,326.113195544,40.6539006225,0.0
330.783766814,72.8606958697,40.6539006225,0.0
134.312441458,276.459549017,40.6539006225,0.0
447.987124009,450.585634178,40.6539006225,0.0
297.662456102,430.604121931,40.6539006225,0.0
408.648255258,334.62713329,40.6539006225,0.0
55.5528123334,372.712621487,40.6539006225,0.0
57.136045125,215.450411515,40.6539006225,0.0
101.247930804,135.74729411,40.6539006225,0.0
443.824457996,219.185646888,40.6539006225,0.0
188.577634097,55.9248314785,40.6539006225,0.0
@ 250 10 0.101847810272 0.217874654532
390.441779351,162.314774229,42.4702849881,0.0
259.810600246,447.823981351,42.4702849881,0.0
234.178136787,45.09443544,42.4702849881,0.0
147.443650676,88.9505100491,42.4702849881,0.0
258.676195425,177.997865801,42.4702849881,0.0
313.554099845,362.085142314,42.4702849881,0.0
110.37348127,210.312834795,42.4702849881,0.0
274.118726254,263.204333228,42.4702849881,0.0
391.498745684,75.647655266,42.4702849881,0.0
451.725572306,358.871868676,42.4702849881,0.0
414.356496731,443.642986685,42.4702849881,0.0
@ 260 10 0.101847810272 0.23777852
131.120274736,256.706323248,37.4549961244,0.0
303.51124365,251.527648203,37.4549961244,0.0
152.685025985,441.384642178,37.4549961244,0.0
243.863415406,436.243122143,37.4549961244,0.0
199.212001072,365.256608892,37.4549961244,0.0
55.2337999588,128.438575895,37.4549961244,0.0
317.180616047,325.753190526,37.4549961244,0.0
191.894870387,93.693447644,37.4549961244,0.0
106.723729528,68.3230995995,37.4549961244,0.0
434.952476978,170.523124277,37.4549961244,0.0
413.484087103,274.322690674,37.4549961244,0.0
@ 270 10 0.101847810272 0.184936137123
182.312136839,201.509952918,43.3016958054,0.0
130.704409326,72.2918463212,43.3016958054,0.0
196.578484214,453.445796758,43.3016958054,0.0
327.114318048,276.619234262,43.3016958054,0.0
456.425953396,369.548107638,43.3016958054,0.0
313.613864205,151.508551633,43.3016958054,0.0
100.448065998,417.554074817,43.3016958054,0.0
171.245730418,364.205328172,43.3016958054,0.0
425.651815593,248.45406876,43.3016958054,0.0
80.9608022687,179.511764598,43.3016958054,0.0
293.270347344,445.785080307,43.3016958054,0.0
@ 280 10 0.101847810272 0.247179288963
274.407427114,281.097672971,47.7535212384,0.0
56.4360110299,410.788853968,47.7535212384,0.0
54.5551232284,276.548507417,47.7535212384,0.0
172.475905972,292.741019358,47.7535212384,0.0
255.829538893,77.8512974446,47.7535212384,0.0
405.597972532,314.59699968,47.7535212384,0.0
332.222372725,200.136896181,47.7535212384,0.0
131.612148466,72.3205365149,47.7535212384,0.0
246.26754847,394.877185315,47.7535212384,0.0
412.635668403,80.295808135,47.7535212384,0.0
156.297031799,198.207779378,47.7535212384,0.0
@ 290 10 0.101847810272 0.300616677874
450.38632413,84.8996538511,36.9812836389,0.0
315.264362805,447.644661529,36.9812836389,0.0
138.574653324,399.499618712,36.9812836389,0.0
364.42949085,248.149907794,36.9812836389,0.0
226.167585393,438.894173364,36.9812836389,0.0
49.5285039497,467.474498976,36.9812836389,0.0
106.607171169,285.290219674,36.9812836389,0.0
200.966742327,104.314049415,36.9812836389,0.0
326.971377423,344.206002033,36.9812836389,0.0
245.103203831,330.733262237,36.9812836389,0.0
81.1993274891,208.289503372,36.9812836389,0.0
@ 300 10 0.101847810272 0.180287755666
249.05950983,267.047687069,43.7432822114,0.0
45.8799309029,292.478907835,43.7432822114,0.0
109.908004614,49.791014274,43.7432822114,0.0
440.462883959,51.1833124111,43.7432822114,0.0
379.540829135,161.63532637,43.7432822114,0.0
394.048609343,303.703451275,43.7432822114,0.0
105.521056462,432.602370583,43.7432822114,0.0
209.673586924,358.340461956,43.7432822114,0.0
240.94465107,444.186265737,43.7432822114,0.0
61.1931139994,178.294058205,43.7432822114,0.0
322.616063874,412.373728955,43.7432822114,0.0
@ 310 10 0.111075848937 0.252246414739
311.905242858,137.006051664,47.1076769195,0.0
448.396161424,134.450312813,47.1076769195,0.0
423.58838422,462.031143479,47.1076769195,0.0
275.604461744,453.318902495,47.1076769195,0.0
189.878715172,204.228279578,47.1076769195,0.0
393.635000584,326.952001853,47.1076769195,0.0
453.731640482,229.478415175,47.1076769195,0.0
51.7375624802,434.312579518,47.1076769195,0.0
98.6486032253,333.985391939,47.1076769195,0.0
371.511164705,57.5537932394,47.1076769195,0.0
96.761724791,62.8610632627,47.1076769195,0.0
@ 320 10 0.111075848937 0.292540261166
444.344433477,47.4769508618,43.6435853389,0.0
414.786857185,387.673665052,43.6435853389,0.0
146.399436375,114.012612458,43.6435853389,0.0
174.253797466,367.930550574,43.6435853389,0.0
307.18398186,160.998462221,43.6435853389,0.0
286.163505906,366.052955839,43.6435853389,0.0
315.631922734,62.9034960154,43.6435853389,0.0
58.1327576161,108.374113311,43.6435853389,0.0
466.428668544,246.453641716,43.6435853389,0.0
169.246622037,461.781298506,43.6435853389,0.0
333.994636767,244.405228859,43.6435853389,0.0
@ 330 10 0.111075848937 0.251097917446
55.1582631788,205.282864527,45.4672248461,0.0
272.980104305,58.7401410192,45.4672248461,0.0
462.040455316,92.0409871786,45.4672248461,0.0
400.898891274,377.551169828,45.4672248461,0.0
131.235938584,336.668978119,45.4672248461,0.0
179.071575902,142.01759806,45.4672248461,0.0
152.540682955,428.839989279,45.4672248461,0.0
56.9698399095,389.718127195,45.4672248461,0.0
370.359190367,221.279595595,45.4672248461,0.0
263.749629602,279.334407685,45.4672248461,0.0
305.801803731,430.092659611,45.4672248461,0.0
@ 340 10 0.111075848937 0.272520491534
149.955198794,327.173309341,36.3433552952,0.0
415.274289792,461.963827266,36.3433552952,0.0
341.828716913,439.262578205,36.3433552952,0.0
231.519397614,412.777420905,36.3433552952,0.0
313.604433481,150.972374325,36.3433552952,0.0
341.236955528,346.369411405,36.3433552952,0.0
237.079945162,248.737374146,36.3433552952,0.0
459.760557822,342.691556675,36.3433552952,0.0
381.561296882,211.379934433,36.3433552952,0.0
458.90846446,142.275027905,36.3433552952,0.0
91.1947630915,93.0615672647,36.3433552952,0.0
@ 350 10 0.111075848937 0.174121463464
258.013202051,193.072705581,49.2589256715,0.0
335.38787425,320.947148662,49.2589256715,0.0
73.0843095758,389.477637355,49.2589256715,0.0
214.455308694,347.756280162,49.2589256715,0.0
166.858763204,238.780047525,49.2589256715,0.0
67.3177844121,216.620961965,49.2589256715,0.0
292.074951433,78.4312138845,49.2589256715,0.0
355.056016088,453.1635778,49.2589256715,0.0
446.119657666,225.675025742,49.2589256715,0.0
83.3521049138,63.4291686303,49.2589256715,0.0
438.847659064,334.613148203,49.2589256715,0.0
@ 360 10 0.111075848937 0.319868991083
156.12862525,332.877812787,44.1504927572,0.0
52.9219827063,73.9519871284,44.1504927572,0.0
92.4874833063,403.277706052,44.1504927572,0.0
266.111329476,100.327712981,44.1504927572,0.0
443.044081785,299.700436625,44.1504927572,0.0
340.571549064,313.414643445,44.1504927572,0.0
445.884411977,399.162649754,44.1504927572,0.0
415.971952312,77.1351616394,44.1504927572,0.0
169.98559682,122.074691757,44.1504927572,0.0
147.872368286,215.025829276,44.1504927572,0.0
354.870587461,413.487652665,44.1504927572,0.0
@ 370 10 0.111075848937 0.256964647951
414.319278338,77.6603829011,42.2825050521,0.0
439.065494002,283.605471689,42.2825050521,0.0
387.694739204,386.724049282,42.2825050521,0.0
178.283819533,268.590013425,42.2825050521,0.0
118.231534312,417.507493772,42.2825050521,0.0
319.685770909,250.744293582,42.2825050521,0.0
204.386219653,160.041526465,42.2825050521,0.0
292.462536128,447.158209549,42.2825050521,0.0
70.0307694968,52.3990984335,42.2825050521,0.0
241.856739483,54.018776709,42.2825050521,0.0
414.978955121,198.918428852,42.2825050521,0.0
@ 380 10 0.111075848937 0.235680520117
75.6955793478,175.711591093,47.5401283815,0.0
164.737166759,378.920877179,47.5401283815,0.0
386.415194122,449.685427526,47.5401283815,0.0
306.280060098,227.285549157,47.5401283815,0.0
236.187150916,145.794469009,47.5401283815,0.0
456.741414105,152.239287376,47.5401283815,0.0
267.961804612,320.834070239,47.5401283815,0.0
52.7600824873,360.558330432,47.5401283815,0.0
417.121212261,257.86696414,47.5401283815,0.0
346.85906507,140.144590316,47.5401283815,0.0
62.9933808907,70.3166805123,47.5401283815,0.0
@ 390 10 0.111075848937 0.297935990881
75.2243358802,275.073773519,41.3946958006,0.0
444.346885175,140.533868143,41.3946958006,0.0
285.396683917,132.35358501,41.3946958006,0.0
101.465660206,423.575749559,41.3946958006,0.0
303.104685733,305.481084284,41.3946958006,0.0
201.372009363,263.008754645,41.3946958006,0.0
313.480051021,445.040068336,41.3946958006,0.0
180.949170941,74.6248174339,41.3946958006,0.0
364.312730233,237.853058245,41.3946958006,0.0
74.7270050541,171.440738608,41.3946958006,0.0
369.862019451,60.3233433282,41.3946958006,0.0
@ 400 10 0.111075848937 0.225887219649
328.339362476,165.641845657,43.085086868,0.0
382.873968527,344.647178056,43.085086868,0.0
226.985340165,229.463811908,43.085086868,0.0
106.36887016,399.037066535,43.085086868,0.0
179.809887296,448.580806439,43.085086868,0.0
432.775861119,114.755998345,43.085086868,0.0
78.4584271013,75.7081936447,43.085086868,0.0
220.014743249,140.622333971,43.085086868,0.0
131.323017023,157.652123665,43.085086868,0.0
57.958714204,249.690487523,43.085086868,0.0
258.358218711,384.067574764,43.085086868,0.0
@ 410 10 0.122142732507 0.244712534398
87.3169518347,431.63503032,47.2156877528,0.0
416.113002396,294.409530052,47.2156877528,0.0
134.494781599,122.508471891,47.2156877528,0.0
187.504718143,327.03381462,47.2156877528,0.0
241.690684043,221.321598777,47.2156877528,0.0
81.372764647,280.168913373,47.2156877528,0.0
435.724857207,166.898037032,47.2156877528,0.0
235.984094048,48.7269651096,47.2156877528,0.0
320.558063312,320.227048118,47.2156877528,0.0
334.089746543,192.790186237,47.2156877528,0.0
303.874000001,441.687122744,47.2156877528,0.0
@ 420 10 0.122142732507 0.293883300926
242.807162646,44.8859626689,39.7383328919,0.0
435.484416027,63.0682484579,39.7383328919,0.0
186.541659593,106.623122676,39.7383328919,0.0
266.934350209,295.066574652,39.7383328919,0.0
237.427138712,208.293378918,39.7383328919,0.0
199.547820119,454.73950192,39.7383328919,0.0
57.4744331401,235.094842049,39.7383328919,0.0
348.503398141,103.364872202,39.7383328919,0.0
332.267984451,434.03561563,39.7383328919,0.0
78.9150622062,400.997644923,39.7383328919,0.0
453.399839632,460.628316436,39.7383328919,0.0
@ 430 10 0.122142732507 0.208171636438
152.649641801,48.9908016899,43.3042306016,0.0
438.169927356,454.655837389,43.3042306016,0.0
304.353552644,168.153178881,43.3042306016,0.0
405.072905329,242.565919243,43.3042306016,0.0
388.446227892,349.768418697,43.3042306016,0.0
459.308138862,154.407361005,43.3042306016,0.0
55.6805197542,369.577743036,43.3042306016,0.0
109.847372216,297.612071692,43.3042306016,0.0
205.676440518,145.247043108,43.3042306016,0.0
218.102180019,390.027045327,43.3042306016,0.0
60.7562092526,64.0460249811,43.3042306016,0.0
@ 440 10 0.122142732507 0.247208228591
301.113374903,51.7199640044,47.8227272098,0.0
95.4038556543,61.252099175,47.8227272098,0.0
458.244294987,216.723616809,47.8227272098,0.0
373.315667816,287.763355598,47.8227272098,0.0
99.3456111352,346.721402726,47.8227272098,0.0
405.776517514,446.68584428,47.8227272098,0.0
142.694186061,145.127479433,47.8227272098,0.0
206.025973275,251.692993835,47.8227272098,0.0
282.690363088,148.084432095,47.8227272098,0.0
236.928279917,432.56952009,47.8227272098,0.0
56.5631740532,436.062396096,47.8227272098,0.0
@ 450 10 0.122142732507 0.301488636378
463.54705484,241.537867908,45.4239631869,0.0
290.218153784,48.7873405432,45.4239631869,0.0
64.126881506,133.182422837,45.4239631869,0.0
55.708837874,390.669502681,45.4239631869,0.0
357.500234469,272.272546808,45.4239631869,0.0
368.615829339,171.29075475,45.4239631869,0.0
145.853664357,64.5289980664,45.4239631869,0.0
407.797502315,89.2032742496,45.4239631869,0.0
353.098672068,371.137270849,45.4239631869,0.0
287.087596214,434.375810472,45.4239631869,0.0
189.095648842,202.138483514,45.4239631869,0.0
@ 460 10 0.122142732507 0.272002136619
98.7384470106,342.287863032,41.9200437058,0.0
460.619629344,191.652713445,41.9200437058,0.0
446.908228615,432.294899813,41.9200437058,0.0
445.501526879,88.0535638228,41.9200437058,0.0
97.6956830484,454.889158819,41.9200437058,0.0
299.980531091,325.321684372,41.9200437058,0.0
82.7728123836,193.692360577,41.9200437058,0.0
217.428986117,238.742607941,41.9200437058,0.0
170.931458981,156.477477823,41.9200437058,0.0
235.307317554,389.183171234,41.9200437058,0.0
350.905027542,122.149391848,41.9200437058,0.0
@ 470 10 0.122142732507 0.231657157227
271.607325825,160.012651057,47.6360371953,0.0
154.673201463,132.646751619,47.6360371953,0.0
338.476998788,240.423889641,47.6360371953,0.0
49.8756267196,54.5088259009,47.6360371953,0.0
361.558881191,63.2925293315,47.6360371953,0.0
261.966608824,390.29387919,47.6360371953,0.0
105.452318221,459.401414665,47.6360371953,0.0
58.2943258944,277.886863788,47.6360371953,0.0
362.957017329,385.710624325,47.6360371953,0.0
206.527068768,49.4525383247,47.6360371953,0.0
143.137025468,230.384510455,47.6360371953,0.0
@ 480 10 0.122142732507 0.299139332654
55.7810870378,265.600081877,40.0063326823,0.0
465.741893547,307.500798065,40.0063326823,0.0
184.757223014,388.166950068,40.0063326823,0.0
53.6857793373,434.260780055,40.0063326823,0.0
326.152413145,233.803192197,40.0063326823,0.0
362.334208043,117.882071688,40.0063326823,0.0
180.218443794,287.16819794,40.0063326823,0.0
208.008623426,469.21315098,40.0063326823,0.0
433.727492802,436.425536416,40.0063326823,0.0
342.343800042,387.628741802,40.0063326823,0.0
97.3885727954,86.5231171864,40.0063326823,0.0
@ 490 10 0.122142732507 0.21098897062
445.393646451,188.789372426,42.7951225634,0.0
340.364386626,444.648318514,42.7951225634,0.0
151.600296392,426.236749371,42.7951225634,0.0
115.868199635,181.120691742,42.7951225634,0.0
213.354876296,216.036347418,42.7951225634,0.0
252.357717879,360.066983875,42.7951225634,0.0
460.681785309,352.966177172,42.7951225634,0.0
179.460256706,79.0579873415,42.7951225634,0.0
306.927505322,216.741558956,42.7951225634,0.0
324.500909608,74.0192209852,42.7951225634,0.0
69.5343771122,389.131464194,42.7951225634,0.0
@ 500 10 0.122142732507 0.241429768583
351.970963396,470.093015989,41.1391761165,0.0
456.59506062,74.4133894997,41.1391761165,0.0
85.1523319828,206.736373406,41.1391761165,0.0
104.730440315,342.212222065,41.1391761165,0.0
317.757347996,113.016171535,41.1391761165,0.0
212.652224661,417.078374521,41.1391761165,0.0
410.875322729,235.811105619,41.1391761165,0.0
282.987912783,333.818148398,41.1391761165,0.0
274.2381583,221.448975478,41.1391761165,0.0
166.285627092,84.8456636081,41.1391761165,0.0
227.065606859,152.238691891,41.1391761165,0.0
@ 510 10 0.135658914729 0.223107129681
103.449266524,286.335348844,41.9231325337,0.0
68.4297055096,366.985536421,41.9231325337,0.0
212.611583692,182.755396056,41.9231325337,0.0
371.540998358,300.704626776,41.9231325337,0.0
186.933409629,436.378700141,41.9231325337,0.0
340.941864224,217.168424942,41.9231325337,0.0
284.798635023,412.387383058,41.9231325337,0.0
284.162848341,71.3180110419,41.9231325337,0.0
424.777749612,89.6659826203,41.9231325337,0.0
132.551235629,142.241221349,41.9231325337,0.0
245.605342115,266.482771607,41.9231325337,0.0
@ 520 10 0.135658914729 0.231691297241
415.34580325,442.24446355,42.5347751958,0.0
49.8863051674,351.245166865,42.5347751958,0.0
330.869367702,149.022851009,42.5347751958,0.0
468.802061058,197.467631111,42.5347751958,0.0
433.099227629,82.3849076236,42.5347751958,0.0
343.219074234,380.389290725,42.5347751958,0.0
349.86044812,268.921107432,42.5347751958,0.0
87.6370263846,226.864971552,42.5347751958,0.0
350.872354915,53.7826252998,42.5347751958,0.0
249.584788024,450.641834576,42.5347751958,0.0
221.144394602,277.830438295,42.5347751958,0.0
@ 530 10 0.135658914729 0.238501191327
234.362105819,87.1755867774,44.5784465941,0.0
337.431600766,52.7684407755,44.5784465941,0.0
281.797283851,171.240899859,44.5784465941,0.0
356.238467076,317.995873762,44.5784465941,0.0
218.314894758,339.370314969,44.5784465941,0.0
446.306845534,221.72654807,44.5784465941,0.0
115.586624468,427.557609581,44.5784465941,0.0
62.5426031477,65.991638221,44.5784465941,0.0
145.590364713,148.68860655,44.5784465941,0.0
394.366680339,445.929257675,44.5784465941,0.0
299.742615458,448.01516874,44.5784465941,0.0
@ 540 10 0.135658914729 0.261970344096
463.304455822,248.498410532,43.4159962055,0.0
129.830338609,197.691437817,43.4159962055,0.0
437.353034472,47.3280573758,43.4159962055,0.0
458.47489839,459.244956059,43.4159962055,0.0
278.425737831,467.278522966,43.4159962055,0.0
214.851385813,398.276425055,43.4159962055,0.0
370.775402492,356.4408464,43.4159962055,0.0
104.113490142,299.632397149,43.4159962055,0.0
220.860899576,88.2734689505,43.4159962055,0.0
223.156953032,244.873782598,43.4159962055,0.0
50.2406564358,449.808322241,43.4159962055,0.0
@ 550 10 0.135658914729 0.248485934322
307.045150618,449.884459634,43.8038223364,0.0
218.566412478,466.9628093,43.8038223364,0.0
456.568684751,216.961963331,43.8038223364,0.0
246.453374645,184.811598392,43.8038223364,0.0
212.661132882,377.708243776,43.8038223364,0.0
333.551630711,171.14571431,43.8038223364,0.0
337.123635495,351.277040178,43.8038223364,0.0
84.3799315717,373.599035707,43.8038223364,0.0
265.151089855,293.960241822,43.8038223364,0.0
150.036010731,286.53640373,43.8038223364,0.0
458.850807226,400.112845823,43.8038223364,0.0
@ 560 10 0.135658914729 0.252945109311
171.780930219,453.456001917,50.6997908916,0.0
132.349154828,291.019958378,50.6997908916,0.0
405.374843371,53.1499830606,50.6997908916,0.0
58.2672457508,53.8004755944,50.6997908916,0.0
256.198362544,396.773692969,50.6997908916,0.0
62.6085734253,155.371089315,50.6997908916,0.0
444.402495816,449.914914539,50.6997908916,0.0
396.57656729,264.315087185,50.6997908916,0.0
421.895185822,163.553264745,50.6997908916,0.0
234.077129668,260.176872217,50.6997908916,0.0
266.439490588,88.9704822774,50.6997908916,0.0
@ 570 10 0.135658914729 0.338855551639
172.742359897,124.730907226,44.2824801331,0.0
179.785135897,214.626083988,44.2824801331,0.0
183.374685456,325.732778062,44.2824801331,0.0
335.471849227,297.882994563,44.2824801331,0.0
89.1490300536,195.347026324,44.2824801331,0.0
265.579350699,192.213417567,44.2824801331,0.0
447.135793295,134.486931464,44.2824801331,0.0
110.991488393,464.974235657,44.2824801331,0.0
353.658260403,160.953307387,44.2824801331,0.0
78.3901118289,325.34073017,44.2824801331,0.0
272.805555012,67.2540607288,44.2824801331,0.0
@ 580 10 0.135658914729 0.258503330004
458.904711128,55.307729106,51.3810900901,0.0
182.954382982,278.680573553,51.3810900901,0.0
235.91937744,55.0364435391,51.3810900901,0.0
382.259811429,273.232214785,51.3810900901,0.0
338.824145436,138.78061373,51.3810900901,0.0
162.805683822,431.144180531,51.3810900901,0.0
445.029168834,188.513208093,51.3810900901,0.0
57.394872989,228.983205685,51.3810900901,0.0
63.4593873229,393.330923774,51.3810900901,0.0
254.218064664,369.620318143,51.3810900901,0.0
434.126091556,457.368828516,51.3810900901,0.0
@ 590 10 0.135658914729 0.348023761727
226.017760103,367.437894325,41.3503852574,0.0
416.014928481,434.833155882,41.3503852574,0.0
391.281210401,329.532177486,41.3503852574,0.0
195.283250879,284.722499242,41.3503852574,0.0
304.233480474,334.929719516,41.3503852574,0.0
246.533021084,208.614279549,41.3503852574,0.0
414.919104979,70.6080276514,41.3503852574,0.0
47.9564655935,69.5490434876,41.3503852574,0.0
51.5403187048,414.088455285,41.3503852574,0.0
133.431288379,214.433295409,41.3503852574,0.0
170.339647555,121.093541259,41.3503852574,0.0
@ 600 10 0.135658914729 0.225403880994
248.380258792,413.257443127,47.6746434486,0.0
394.819250684,73.3224588085,47.6746434486,0.0
449.939473359,431.271617681,47.6746434486,0.0
94.7091633829,301.810720227,47.6746434486,0.0
307.627065148,262.275012519,47.6746434486,0.0
162.294425596,187.434372125,47.6746434486,0.0
312.431117865,158.994209436,47.6746434486,0.0
110.339088879,97.5087464603,47.6746434486,0.0
386.411579728,354.552675647,47.6746434486,0.0
223.085155552,91.2902599153,47.6746434486,0.0
51.603145415,412.794356902,47.6746434486,0.0
@ 610 10 0.152538679451 0.299624399392
419.446994239,170.134227824,42.3673476094,0.0
198.810125322,379.337417876,42.3673476094,0.0
288.996957717,336.878060457,42.3673476094,0.0
461.82216895,47.3980270926,42.3673476094,0.0
373.887175182,462.455616073,42.3673476094,0.0
43.7413477418,211.357649686,42.3673476094,0.0
287.102528283,463.724771477,42.3673476094,0.0
51.4230870155,451.016397077,42.3673476094,0.0
352.949679339,44.7652199627,42.3673476094,0.0
285.307797846,243.849893941,42.3673476094,0.0
142.03644902,300.342427287,42.3673476094,0.0
@ 620 10 0.152538679451 0.236627285185
265.020384426,359.420198075,46.0659599727,0.0
364.161044184,108.250242448,46.0659599727,0.0
106.399583987,446.82149612,46.0659599727,0.0
228.079313883,108.78070441,46.0659599727,0.0
154.935168413,229.739455679,46.0659599727,0.0
347.121229626,402.930169641,46.0659599727,0.0
460.178111543,369.351874645,46.0659599727,0.0
334.331747546,231.120336795,46.0659599727,0.0
224.946056599,463.339660702,46.0659599727,0.0
445.570332242,187.26758672,46.0659599727,0.0
448.972458484,70.7600983234,46.0659599727,0.0
@ 630 10 0.152538679451 0.279745121043
229.50325529,149.97377638,44.7772124577,0.0
135.15711315,213.327120775,44.7772124577,0.0
221.275318876,50.1223963164,44.7772124577,0.0
93.5217513262,59.0758997833,44.7772124577,0.0
115.711313027,348.784057583,44.7772124577,0.0
246.884430339,417.89159123,44.7772124577,0.0
385.154598504,306.236973159,44.7772124577,0.0
460.075146956,168.818233113,44.7772124577,0.0
398.447493667,429.655847894,44.7772124577,0.0
334.67193306,166.017515825,44.7772124577,0.0
405.141788185,53.0522289543,44.7772124577,0.0
@ 640 10 0.152538679451 0.264311692972
424.798953823,342.15711937,54.4331450622,0.0
371.675295861,60.0309231001,54.4331450622,0.0
172.142637171,327.232703287,54.4331450622,0.0
328.684599743,263.828346031,54.4331450622,0.0
333.622350251,442.345716869,54.4331450622,0.0
97.5034983088,73.7742197763,54.4331450622,0.0
450.614048926,200.606511014,54.4331450622,0.0
290.989814821,137.35666415,54.4331450622,0.0
97.1527805081,185.647352366,54.4331450622,0.0
213.439539467,453.972855384,54.4331450622,0.0
82.1178584986,403.973139733,54.4331450622,0.0
@ 650 10 0.152538679451 0.390597199234
329.963120343,463.47959099,48.3467154014,0.0
113.454405206,131.474162175,48.3467154014,0.0
111.507768905,301.398702472,48.3467154014,0.0
377.852980198,216.385956406,48.3467154014,0.0
230.121526637,228.005981118,48.3467154014,0.0
304.457746995,60.3387759295,48.3467154014,0.0
193.823896279,66.6380481906,48.3467154014,0.0
428.184202584,130.224217337,48.3467154014,0.0
176.136202622,446.094227896,48.3467154014,0.0
48.7601819936,455.714188891,48.3467154014,0.0
387.381647557,382.391276549,48.3467154014,0.0
@ 660 10 0.152538679451 0.308131584609
160.677593758,270.94755015,51.7233830752,0.0
440.039171546,171.255756525,51.7233830752,0.0
312.359771392,307.63773654,51.7233830752,0.0
110.032323438,89.3824121985,51.7233830752,0.0
364.013625946,75.4672210549,51.7233830752,0.0
223.187939926,67.9946985269,51.7233830752,0.0
57.227909979,415.249474478,51.7233830752,0.0
221.540644002,377.524326999,51.7233830752,0.0
61.5879837213,203.56562758,51.7233830752,0.0
432.878444572,319.674335767,51.7233830752,0.0
444.16257273,425.364446763,51.7233830752,0.0
@ 670 10 0.152538679451 0.35267616953
405.099765179,49.9066575285,42.3236403635,0.0
255.057942465,193.612493318,42.3236403635,0.0
95.0967128027,443.016800286,42.3236403635,0.0
208.836744495,67.243852572,42.3236403635,0.0
266.426569347,290.422134336,42.3236403635,0.0
440.214459858,432.517429638,42.3236403635,0.0
380.916325332,155.207394612,42.3236403635,0.0
394.602340673,302.836665232,42.3236403635,0.0
142.32544176,127.988134279,42.3236403635,0.0
468.40568329,139.979108917,42.3236403635,0.0
183.71522488,413.756290653,42.3236403635,0.0
@ 680 10 0.152538679451 0.236139315425
384.943768867,91.2898412108,47.0486510101,0.0
274.670475808,359.418480228,47.0486510101,0.0
464.092458117,307.38541576,47.0486510101,0.0
261.243834401,81.1273984405,47.0486510101,0.0
179.732728002,183.868600769,47.0486510101,0.0
315.30627552,450.496187423,47.0486510101,0.0
423.581690198,457.738971152,47.0486510101,0.0
47.8714883758,216.187592851,47.0486510101,0.0
108.042606396,396.942718583,47.0486510101,0.0
306.892815098,202.659650136,47.0486510101,0.0
113.334817456,101.742845987,47.0486510101,0.0
@ 690 10 0.152538679451 0.291807614683
365.686796971,429.364786419,49.4652860979,0.0
310.644678279,257.928969199,49.4652860979,0.0
123.716843271,406.713965793,49.4652860979,0.0
406.840832988,335.428565052,49.4652860979,0.0
445.658962413,116.795862412,49.4652860979,0.0
173.512692578,95.7940281392,49.4652860979,0.0
400.90858866,215.558808082,49.4652860979,0.0
129.706315395,245.299172862,49.4652860979,0.0
363.304913659,50.4616287056,49.4652860979,0.0
275.291254237,127.628060899,49.4652860979,0.0
281.837023989,363.581239667,49.4652860979,0.0
@ 700 10 0.152538679451 0.322554659306
437.134946407,321.308901235,44.7156220682,0.0
46.9301493828,449.898398987,44.7156220682,0.0
415.981391571,203.358763536,44.7156220682,0.0
332.056019064,150.363326705,44.7156220682,0.0
293.957478911,327.959619542,44.7156220682,0.0
179.702834218,369.158649127,44.7156220682,0.0
111.772607363,249.848529517,44.7156220682,0.0
426.751329216,86.0893410696,44.7156220682,0.0
214.675588536,89.5708715842,44.7156220682,0.0
210.526591817,231.653212191,44.7156220682,0.0
259.657174425,443.92250958,44.7156220682,0.0
@ 710 10 0.174216027875 0.263585079438
387.365412695,216.219410453,47.4644361475,0.0
406.014782534,448.815582735,47.4644361475,0.0
152.098357405,445.714768944,47.4644361475,0.0
186.255738354,55.3870749039,47.4644361475,0.0
138.751457452,290.161377496,47.4644361475,0.0
265.914674655,287.782152089,47.4644361475,0.0
57.4146633629,357.341481185,47.4644361475,0.0
451.303974172,327.254613012,47.4644361475,0.0
279.870636081,385.430797643,47.4644361475,0.0
259.21747397,187.646600556,47.4644361475,0.0
328.610147808,69.2444549345,47.4644361475,0.0
@ 720 10 0.174216027875 0.296988013306
454.382637913,48.0848631888,44.9444104811,0.0
192.816545663,128.676750762,44.9444104811,0.0
58.2746779296,196.987682102,44.9444104811,0.0
331.704159461,143.378332551,44.9444104811,0.0
111.061476788,331.584299861,44.9444104811,0.0
193.863909216,462.090202085,44.9444104811,0.0
304.711834037,405.428694862,44.9444104811,0.0
269.025939363,72.7899000124,44.9444104811,0.0
240.311544603,217.883493056,44.9444104811,0.0
148.345412644,211.766205484,44.9444104811,0.0
402.366508567,402.899099067,44.9444104811,0.0
@ 730 10 0.174216027875 0.266289256887
361.195475609,310.4437526,48.8525398898,0.0
188.386180071,155.543545816,48.8525398898,0.0
274.835688287,99.5422285276,48.8525398898,0.0
148.682218354,332.644685904,48.8525398898,0.0
71.5799347723,235.911067446,48.8525398898,0.0
326.977891163,450.116163674,48.8525398898,0.0
225.441973179,445.47540526,48.8525398898,0.0
103.06017003,454.761715158,48.8525398898,0.0
458.495864179,233.622450245,48.8525398898,0.0
374.740809612,84.0108209008,48.8525398898,0.0
52.6410124028,115.456207682,48.8525398898,0.0
@ 740 10 0.174216027875 0.314612928386
232.016526784,59.0337251898,53.9716336945,0.0
64.2714330192,285.826917472,53.9716336945,0.0
407.903753868,433.291404933,53.9716336945,0.0
196.427596553,321.200662914,53.9716336945,0.0
432.728442053,318.40078936,53.9716336945,0.0
316.45609323,293.833989704,53.9716336945,0.0
148.815765468,182.419576966,53.9716336945,0.0
388.81918042,79.8766121896,53.9716336945,0.0
56.8145912367,443.660562498,53.9716336945,0.0
435.837278042,180.638728044,53.9716336945,0.0
245.103497566,419.694370306,53.9716336945,0.0
@ 750 10 0.174216027875 0.384001921342
71.719319645,62.6689829673,49.4935874296,0.0
184.018891556,70.2903244793,49.4935874296,0.0
80.0076686691,445.276343969,49.4935874296,0.0
444.397755605,55.4116701697,49.4935874296,0.0
274.595310145,181.126652639,49.4935874296,0.0
132.148095219,350.579386406,49.4935874296,0.0
327.031056761,51.8448771498,49.4935874296,0.0
371.992131917,396.435959328,49.4935874296,0.0
155.597093512,168.254662108,49.4935874296,0.0
404.592790191,193.514270439,49.4935874296,0.0
262.642949929,319.805954611,49.4935874296,0.0
@ 760 10 0.174216027875 0.322923861169
111.64095205,441.017663009,45.2099471549,0.0
339.736213312,49.4064705419,45.2099471549,0.0
269.448300834,318.952646639,45.2099471549,0.0
108.007993939,138.193859838,45.2099471549,0.0
159.727934735,296.887013759,45.2099471549,0.0
167.804723645,69.0418560633,45.2099471549,0.0
235.39112664,231.766673148,45.2099471549,0.0
375.323131752,463.264958692,45.2099471549,0.0
370.222956156,192.624822703,45.2099471549,0.0
259.895996005,458.527673875,45.2099471549,0.0
443.750171293,255.598095931,45.2099471549,0.0
@ 770 10 0.174216027875 0.269445086182
312.995926162,459.779656332,48.1033303579,0.0
336.048681985,216.824317409,48.1033303579,0.0
49.1962700763,144.566890483,48.1033303579,0.0
178.62697619,292.394414458,48.1033303579,0.0
272.559712622,315.412162271,48.1033303579,0.0
54.5565172909,321.825697915,48.1033303579,0.0
286.906388422,92.6427921351,48.1033303579,0.0
230.504939912,409.923535996,48.1033303579,0.0
451.112751999,126.750670408,48.1033303579,0.0
224.836284252,200.464897154,48.1033303579,0.0
73.7840599915,450.460559377,48.1033303579,0.0
@ 780 10 0.174216027875 0.305037026846
56.2821908326,62.0937415089,51.735908798,0.0
254.840971973,63.6351461347,51.735908798,0.0
319.308068332,434.510798214,51.735908798,0.0
429.904925444,322.510508754,51.735908798,0.0
404.822345363,115.37994171,51.735908798,0.0
78.6984184274,444.490683727,51.735908798,0.0
179.823888516,197.423702216,51.735908798,0.0
187.523145425,351.081459547,51.735908798,0.0
457.929460806,449.444478999,51.735908798,0.0
60.6427401553,175.919988617,51.735908798,0.0
329.920800257,240.027898918,51.735908798,0.0
@ 790 10 0.174216027875 0.352847003631
129.174863235,158.24404639,47.3169961437,0.0
182.387402071,447.151627669,47.3169961437,0.0
410.581030608,347.63492958,47.3169961437,0.0
369.168114352,134.553982822,47.3169961437,0.0
225.9794896,85.6744940444,47.3169961437,0.0
300.3560807,385.029713394,47.3169961437,0.0
78.1854743686,277.376488788,47.3169961437,0.0
457.230805032,263.3707723,47.3169961437,0.0
301.787803242,275.031463246,47.3169961437,0.0
197.028610128,283.897231578,47.3169961437,0.0
235.112239585,187.888072358,47.3169961437,0.0
@ 800 10 0.174216027875 0.295145795949
374.479406672,144.525530947,48.849238158,0.0
228.715665601,341.997758816,48.849238158,0.0
459.844335585,422.259691555,48.849238158,0.0
173.461864109,445.862493833,48.849238158,0.0
118.528256192,153.570486244,48.849238158,0.0
254.870665975,192.682385179,48.849238158,0.0
367.145376861,319.02117198,48.849238158,0.0
60.9508298741,269.447839562,48.849238158,0.0
461.902397409,289.011586285,48.849238158,0.0
51.3133269142,62.847280257,48.849238158,0.0
62.7957242346,402.593065724,48.849238158,0.0
@ 810 10 0.203075137801 0.314570403171
365.787434535,77.734429609,48.865389297,0.0
460.817839474,256.453211932,48.865389297,0.0
339.444126271,451.830081279,48.865389297,0.0
447.296934452,138.493963328,48.865389297,0.0
229.534546335,180.820633719,48.865389297,0.0
203.104907995,429.846308343,48.865389297,0.0
130.200702892,102.738062603,48.865389297,0.0
90.8824796018,340.202324903,48.865389297,0.0
442.253386295,417.608092691,48.865389297,0.0
206.590401506,314.116728633,48.865389297,0.0
340.22425052,332.823191466,48.865389297,0.0
@ 820 10 0.203075137801 0.314778451869
305.484015627,293.668716881,47.9460556842,0.0
414.80599971,431.660772776,47.9460556842,0.0
118.119625278,205.972354134,47.9460556842,0.0
49.7260845289,330.640912346,47.9460556842,0.0
267.383810759,53.3521215264,47.9460556842,0.0
200.694908826,268.685799809,47.9460556842,0.0
164.658519932,82.5075282312,47.9460556842,0.0
244.434872275,159.781337641,47.9460556842,0.0
427.767705004,224.683837752,47.9460556842,0.0
252.328022245,428.679263184,47.9460556842,0.0
444.659590278,328.88139025,47.9460556842,0.0
@ 830 10 0.203075137801 0.303045639905
199.190586616,202.466558863,54.4809648868,0.0
173.51481673,329.328017302,54.4809648868,0.0
335.298530741,190.596873432,54.4809648868,0.0
76.9696603249,210.71687935,54.4809648868,0.0
143.773959793,73.1330028905,54.4809648868,0.0
423.322192842,67.6072777102,54.4809648868,0.0
60.0785836972,374.207578623,54.4809648868,0.0
230.3944935,430.913858069,54.4809648868,0.0
303.0517357,84.3237222321,54.4809648868,0.0
445.391165871,300.488019899,54.4809648868,0.0
341.65866654,376.81625836,54.4809648868,0.0
@ 840 10 0.203075137801 0.391283784366
407.770165513,339.262742584,52.7402289799,0.0
311.947822218,184.4573908,52.7402289799,0.0
94.1265069992,70.8526790439,52.7402289799,0.0
351.502310899,450.6524612,52.7402289799,0.0
89.7901716843,435.529025356,52.7402289799,0.0
52.9207306622,176.379424082,52.7402289799,0.0
444.724471433,227.522016462,52.7402289799,0.0
190.258408893,380.034227267,52.7402289799,0.0
159.277415284,178.958631676,52.7402289799,0.0
106.737043641,281.329790969,52.7402289799,0.0
251.123214656,66.0406009261,52.7402289799,0.0
@ 850 10 0.203075137801 0.366679213462
76.1319314322,87.241165607,51.8471942218,0.0
330.807955509,88.1914559954,51.8471942218,0.0
178.208981448,63.8619014551,51.8471942218,0.0
447.791867141,95.9329649559,51.8471942218,0.0
66.9858438653,403.610893361,51.8471942218,0.0
53.0336117794,296.469970725,51.8471942218,0.0
457.261418744,384.868574972,51.8471942218,0.0
164.441661812,185.469958995,51.8471942218,0.0
323.99958961,348.854195342,51.8471942218,0.0
380.752386664,205.070078542,51.8471942218,0.0
230.384543043,455.057720783,51.8471942218,0.0
@ 860 10 0.203075137801 0.354366604278
131.213988594,368.146088472,48.8030976245,0.0
394.993303001,275.579954142,48.8030976245,0.0
222.879448469,81.2270140692,48.8030976245,0.0
442.405965926,422.141026803,48.8030976245,0.0
280.784786116,333.558579539,48.8030976245,0.0
192.540261408,243.865068738,48.8030976245,0.0
204.756566463,438.959566866,48.8030976245,0.0
92.8394905984,74.987688206,48.8030976245,0.0
324.416523364,441.058369646,48.8030976245,0.0
59.9048734184,189.957366918,48.8030976245,0.0
452.860513006,144.012195833,48.8030976245,0.0
@ 870 10 0.203075137801 0.313976429059
365.629050492,144.538809267,52.8713440346,0.0
97.7204110466,312.616120257,52.8713440346,0.0
193.623703465,106.851641181,52.8713440346,0.0
62.4117164135,114.178513897,52.8713440346,0.0
261.25192694,332.309107521,52.8713440346,0.0
153.789343324,214.712561101,52.8713440346,0.0
265.050522152,187.903452272,52.8713440346,0.0
54.94346298,452.001580118,52.8713440346,0.0
155.824185854,413.619690909,52.8713440346,0.0
458.563097141,250.703465797,52.8713440346,0.0
372.137202155,315.271233778,52.8713440346,0.0
@ 880 10 0.203075137801 0.368504648326
243.296426536,163.345259641,49.66262425,0.0
52.0694482732,76.314843683,49.66262425,0.0
53.587563126,266.46121035,49.66262425,0.0
330.393716187,63.7245904249,49.66262425,0.0
264.130647646,461.322723558,49.66262425,0.0
430.061238079,294.802249436,49.66262425,0.0
129.697439153,374.760211082,49.66262425,0.0
137.470850693,186.673817412,49.66262425,0.0
374.040803783,210.30638762,49.66262425,0.0
301.574173335,296.888972301,49.66262425,0.0
389.04652506,433.31263782,49.66262425,0.0
@ 890 10 0.203075137801 0.325133409521
273.622699098,226.140485654,47.4236963654,0.0
427.358190871,49.3580519043,47.4236963654,0.0
105.314530524,84.376050429,47.4236963654,0.0
57.8946354628,186.903134381,47.4236963654,0.0
379.275860405,302.09544537,47.4236963654,0.0
443.521471089,447.527786103,47.4236963654,0.0
92.490794402,410.600601564,47.4236963654,0.0
186.865904964,457.194765022,47.4236963654,0.0
273.879491223,52.6900457865,47.4236963654,0.0
453.790207475,230.251780246,47.4236963654,0.0
315.793721756,399.374159299,47.4236963654,0.0
@ 900 10 0.203075137801 0.296478409257
151.317026455,285.811020142,45.6461202667,0.0
463.536396083,398.738702872,45.6461202667,0.0
355.855955708,418.471808007,45.6461202667,0.0
462.277398495,273.630700311,45.6461202667,0.0
302.843619343,74.6768026616,45.6461202667,0.0
54.8544590808,343.346778711,45.6461202667,0.0
75.8491750435,195.184854155,45.6461202667,0.0
275.992973136,249.676951685,45.6461202667,0.0
152.249759084,454.899096102,45.6461202667,0.0
268.829636105,356.166257315,45.6461202667,0.0
394.337520652,120.738824962,45.6461202667,0.0
@ 910 10 0.243393602225 0.274669229632
415.931307533,414.129701963,49.4033234837,0.0
213.650188664,154.563568134,49.4033234837,0.0
208.204323679,378.035446955,49.4033234837,0.0
313.967902999,72.1117087004,49.4033234837,0.0
293.874214004,462.002657566,49.4033234837,0.0
294.412340107,282.736441905,49.4033234837,0.0
64.40838364,434.864068659,49.4033234837,0.0
404.772181423,266.328415595,49.4033234837,0.0
117.28117787,191.919974227,49.4033234837,0.0
400.42554517,128.670377652,49.4033234837,0.0
178.589552889,54.573927793,49.4033234837,0.0
@ 920 10 0.243393602225 0.321747070245
84.0621545333,61.6930055309,56.3825768769,0.0
452.294391767,115.52122867,56.3825768769,0.0
71.0111902909,232.067210095,56.3825768769,0.0
338.121558391,63.8318923269,56.3825768769,0.0
138.668887,381.07960507,56.3825768769,0.0
333.989172919,190.310571815,56.3825768769,0.0
224.537094646,252.550210213,56.3825768769,0.0
206.981528631,98.8387504628,56.3825768769,0.0
379.69877271,388.055475584,56.3825768769,0.0
249.577923746,427.907599024,56.3825768769,0.0
417.353143615,266.566655758,56.3825768769,0.0
@ 930 10 0.243393602225 0.419075344345
169.290269718,52.525387781,49.0880640955,0.0
247.641501515,328.885283679,49.0880640955,0.0
120.680981197,180.160934553,49.0880640955,0.0
304.485421136,73.5381840141,49.0880640955,0.0
425.106149961,72.4935451508,49.0880640955,0.0
374.008332956,178.539683678,49.0880640955,0.0
273.516083467,455.380263663,49.0880640955,0.0
60.3955657749,374.034002153,49.0880640955,0.0
220.371684913,203.520435237,49.0880640955,0.0
69.5769061352,72.8531237094,49.0880640955,0.0
332.38020532,267.927430509,49.0880640955,0.0
@ 940 10 0.243393602225 0.317653817578
199.746410842,192.920429187,46.2483816085,0.0
459.706311106,62.4833318678,46.2483816085,0.0
193.32501708,438.432928293,46.2483816085,0.0
143.97738542,98.4318733572,46.2483816085,0.0
445.667162009,396.979606657,46.2483816085,0.0
58.48696275,158.87191841,46.2483816085,0.0
358.272275466,207.661534036,46.2483816085,0.0
394.614971339,294.07073978,46.2483816085,0.0
187.08241768,314.00023352,46.2483816085,0.0
348.094134998,76.6235692469,46.2483816085,0.0
448.336355619,160.052148688,46.2483816085,0.0
@ 950 10 0.243393602225 0.281965094549
160.589741009,427.068491365,47.6034111903,0.0
308.785806503,197.043598212,47.6034111903,0.0
148.941068568,303.751947629,47.6034111903,0.0
55.1898189323,374.548186038,47.6034111903,0.0
280.139498675,412.306979989,47.6034111903,0.0
293.206415077,61.9230196876,47.6034111903,0.0
248.373100847,314.855894631,47.6034111903,0.0
406.339453569,404.264211364,47.6034111903,0.0
392.964708574,278.608413847,47.6034111903,0.0
437.648087384,55.3174712364,47.6034111903,0.0
91.6189097228,224.825786034,47.6034111903,0.0
@ 960 10 0.243393602225 0.298729710875
224.227060564,220.003853352,52.3831657318,0.0
188.035388486,89.0881512029,52.3831657318,0.0
75.2000638136,64.2332168156,52.3831657318,0.0
411.455892995,411.24957936,52.3831657318,0.0
403.376483677,230.32148436,52.3831657318,0.0
179.501075426,399.272525637,52.3831657318,0.0
298.414225696,360.645810845,52.3831657318,0.0
306.584059355,112.847490697,52.3831657318,0.0
83.7229736164,202.523919293,52.3831657318,0.0
449.622387438,111.260482578,52.3831657318,0.0
66.5160503596,413.261718273,52.3831657318,0.0
@ 970 10 0.243393602225 0.361731018562
54.2621487207,68.0589696049,52.7280100038,0.0
176.73372525,290.446249594,52.7280100038,0.0
429.296571048,252.879517375,52.7280100038,0.0
53.503818695,388.00664921,52.7280100038,0.0
194.695569642,56.4560303881,52.7280100038,0.0
80.3611239305,176.298077712,52.7280100038,0.0
441.511749058,59.9102405665,52.7280100038,0.0
285.000138781,175.481205208,52.7280100038,0.0
318.921281672,64.4853206947,52.7280100038,0.0
404.776431966,421.359959193,52.7280100038,0.0
165.193859716,422.450278942,52.7280100038,0.0
@ 980 10 0.243393602225 0.366509326998
317.624459718,101.836274423,49.0742707027,0.0
131.204035206,450.31724684,49.0742707027,0.0
81.1743703736,120.031041961,49.0742707027,0.0
195.739599976,125.862975696,49.0742707027,0.0
202.879586339,337.927528598,49.0742707027,0.0
445.856054306,149.717262954,49.0742707027,0.0
84.4931092107,309.546246805,49.0742707027,0.0
286.350764854,283.355651733,49.0742707027,0.0
241.429154023,452.045622309,49.0742707027,0.0
337.590396204,404.879227658,49.0742707027,0.0
427.745085549,328.173258058,49.0742707027,0.0
@ 990 10 0.243393602225 0.317475325785
403.923851005,81.1675718397,48.2304549688,0.0
93.8011187242,262.113068962,48.2304549688,0.0
296.054450655,138.898318916,48.2304549688,0.0
183.381220902,109.504637962,48.2304549688,0.0
49.0162288501,139.636932381,48.2304549688,0.0
460.801326718,368.700400215,48.2304549688,0.0
89.6556001607,363.033912756,48.2304549688,0.0
120.966237948,462.523614404,48.2304549688,0.0
328.503585553,357.780143595,48.2304549688,0.0
224.650090199,347.998152733,48.2304549688,0.0
349.384341783,237.812803966,48.2304549688,0.0
@ 1000 10 0.243393602225 0.306651424552
69.7149379053,248.952402233,56.1623088297,0.0
59.0795809641,379.649592003,56.1623088297,0.0
182.172426584,451.949437278,56.1623088297,0.0
415.017515033,267.416729848,56.1623088297,0.0
166.601218225,57.7878874924,56.1623088297,0.0
60.4761705105,106.346651668,56.1623088297,0.0
347.369032412,163.084745118,56.1623088297,0.0
161.042980995,174.699395175,56.1623088297,0.0
292.066865694,423.280043976,56.1623088297,0.0
283.42344564,292.613525689,56.1623088297,0.0
453.660839606,61.6587476542,56.1623088297,0.0
@ 1010 10 0.303687635575 0.415807363255
291.808299327,191.08097622,52.3458300886,0.0
452.356272187,73.2070481728,52.3458300886,0.0
60.5320007149,111.102635801,52.3458300886,0.0
342.409298663,290.945336678,52.3458300886,0.0
71.2733362243,259.665485609,52.3458300886,0.0
429.778806535,358.785959358,52.3458300886,0.0
52.6723698197,391.161471442,52.3458300886,0.0
403.883593299,201.738656845,52.3458300886,0.0
226.718569778,108.889599854,52.3458300886,0.0
267.250143334,411.202953494,52.3458300886,0.0
187.322227954,274.07074455,52.3458300886,0.0
@ 1020 10 0.303687635575 0.361215561082
415.051861261,68.7870721166,48.3626684306,0.0
70.7534576613,299.842825232,48.3626684306,0.0
92.4063122159,99.274512593,48.3626684306,0.0
265.132674333,233.739404611,48.3626684306,0.0
166.277300912,338.615220995,48.3626684306,0.0
374.974529207,173.413917995,48.3626684306,0.0
408.16043759,376.870834327,48.3626684306,0.0
56.6660072246,444.910374812,48.3626684306,0.0
381.798339916,273.475453707,48.3626684306,0.0
153.515733329,180.457248044,48.3626684306,0.0
238.352353999,458.862963047,48.3626684306,0.0
@ 1030 10 0.303687635575 0.308334967326
292.725864926,212.586251816,57.0711117718,0.0
205.569503873,106.250274514,57.0711117718,0.0
377.581497365,63.1280643882,57.0711117718,0.0
89.4633925322,294.710203513,57.0711117718,0.0
83.73829966,110.729547071,57.0711117718,0.0
453.290543626,156.383059809,57.0711117718,0.0
83.6936188929,411.711119432,57.0711117718,0.0
400.730996853,447.401970332,57.0711117718,0.0
449.485105752,275.170098628,57.0711117718,0.0
242.290753828,330.249556166,57.0711117718,0.0
276.523656702,451.061711557,57.0711117718,0.0
@ 1040 10 0.303687635575 0.429373201059
396.745406638,314.887965359,51.6249328553,0.0
281.43110036,220.984872898,51.6249328553,0.0
114.43736387,227.733661753,51.6249328553,0.0
54.8889825942,91.1812699505,51.6249328553,0.0
308.111572122,114.60917873,51.6249328553,0.0
416.49397972,85.7615554789,51.6249328553,0.0
231.089016418,447.367848135,51.6249328553,0.0
203.682452968,79.2292054242,51.6249328553,0.0
206.810236509,329.587235438,51.6249328553,0.0
53.1397387114,434.389331023,51.6249328553,0.0
77.7102709366,328.603020477,51.6249328553,0.0
@ 1050 10 0.303687635575 0.351334880527
103.989192609,65.4287409999,58.4878371312,0.0
236.918655768,328.648380016,58.4878371312,0.0
340.157117965,85.7382108596,58.4878371312,0.0
111.328706821,196.102843787,58.4878371312,0.0
78.7414394473,323.814636765,58.4878371312,0.0
58.6835587064,451.437478652,58.4878371312,0.0
233.235030728,179.393910115,58.4878371312,0.0
270.967206238,448.77050136,58.4878371312,0.0
372.109370118,252.965983596,58.4878371312,0.0
403.166877174,431.274308929,58.4878371312,0.0
442.004277821,153.77564042,58.4878371312,0.0
@ 1060 10 0.303687635575 0.450955192694
68.9510152976,292.918962389,50.6399920592,0.0
209.309404733,62.7811661801,50.6399920592,0.0
252.792111341,339.396100623,50.6399920592,0.0
414.578210798,244.976791516,50.6399920592,0.0
77.1034520746,79.173886999,50.6399920592,0.0
325.32843068,460.472433494,50.6399920592,0.0
290.440418142,186.424790111,50.6399920592,0.0
449.634481921,130.104860935,50.6399920592,0.0
70.0519607843,420.045799458,50.6399920592,0.0
448.190611505,403.656361883,50.6399920592,0.0
349.440634313,89.6776599809,50.6399920592,0.0
@ 1070 10 0.303687635575 0.33805668379
155.022384749,337.510063508,55.5027617032,0.0
74.1152062914,445.846381723,55.5027617032,0.0
338.903418946,60.0974748075,55.5027617032,0.0
259.835320201,430.746829551,55.5027617032,0.0
386.745989543,455.386551219,55.5027617032,0.0
257.530128737,293.015802889,55.5027617032,0.0
212.642170824,168.215059986,55.5027617032,0.0
99.3965811225,223.694533723,55.5027617032,0.0
328.94767662,206.170209177,55.5027617032,0.0
437.406505171,251.249788321,55.5027617032,0.0
451.711923257,107.431526277,55.5027617032,0.0
@ 1080 10 0.303687635575 0.406098565681
304.675765395,292.747820573,49.9211824015,0.0
78.8254811995,136.444982459,49.9211824015,0.0
459.215997638,294.646109509,49.9211824015,0.0
150.469626111,213.890183432,49.9211824015,0.0
429.273442032,54.3375509993,49.9211824015,0.0
247.639337325,175.755307905,49.9211824015,0.0
53.2058164105,275.854789599,49.9211824015,0.0
385.039868008,168.754513193,49.9211824015,0.0
174.925179407,417.959513436,49.9211824015,0.0
295.173642963,424.178026654,49.9211824015,0.0
421.959744439,438.847814879,49.9211824015,0.0
@ 1090 10 0.303687635575 0.328527701726
237.677325964,205.803979313,53.8763809239,0.0
294.518264092,447.385131521,53.8763809239,0.0
324.637257849,60.8464464978,53.8763809239,0.0
142.294884806,318.303988949,53.8763809239,0.0
67.7249579176,61.8029348986,53.8763809239,0.0
332.170944409,326.857912195,53.8763809239,0.0
364.578550407,221.770234892,53.8763809239,0.0
441.070834708,352.356884472,53.8763809239,0.0
211.351369524,57.152024964,53.8763809239,0.0
69.7415163569,206.759022818,53.8763809239,0.0
450.848888443,62.7465521114,53.8763809239,0.0
@ 1100 10 0.303687635575 0.382647692558
92.7025727307,88.939287405,51.5561155664,0.0
194.347863999,396.11115877,51.5561155664,0.0
453.601245785,171.75113351,51.5561155664,0.0
192.790975049,269.775559865,51.5561155664,0.0
53.3482884066,271.188309075,51.5561155664,0.0
203.931398912,53.0499498527,51.5561155664,0.0
342.367242266,235.930560965,51.5561155664,0.0
451.065249183,289.089707631,51.5561155664,0.0
193.984905879,165.846097655,51.5561155664,0.0
328.917843968,56.880001626,51.5561155664,0.0
282.354585431,456.505026431,51.5561155664,0.0
@ 1110 10 0.40369088812 0.350398828981
317.167544181,283.148802433,57.6072413743,0.0
433.593515384,239.390087617,57.6072413743,0.0
256.879981801,418.594671003,57.6072413743,0.0
179.604115121,61.0803078347,57.6072413743,0.0
286.635104533,171.529789739,57.6072413743,0.0
80.2355289604,259.69229327,57.6072413743,0.0
170.199545555,184.550384513,57.6072413743,0.0
76.4240703686,418.467610656,57.6072413743,0.0
421.401641939,377.10923247,57.6072413743,0.0
61.2739988703,68.063972189,57.6072413743,0.0
352.470314378,66.5028898316,57.6072413743,0.0
@ 1120 10 0.40369088812 0.437478210109
63.8046799666,76.7684119006,59.0323520418,0.0
268.945028339,284.100871088,59.0323520418,0.0
426.853984723,127.446117487,59.0323520418,0.0
287.663879952,445.134639807,59.0323520418,0.0
413.033776933,257.546698263,59.0323520418,0.0
412.263105155,386.385150608,59.0323520418,0.0
92.7559245413,448.850624232,59.0323520418,0.0
165.398109026,354.877031409,59.0323520418,0.0
206.471642156,114.630164666,59.0323520418,0.0
75.2381095005,204.847469393,59.0323520418,0.0
313.534033666,164.399456024,59.0323520418,0.0
@ 1130 10 0.40369088812 0.459390958756
442.838225076,313.241716815,55.8318582617,0.0
240.567863673,365.22253878,55.8318582617,0.0
390.121706997,423.577596095,55.8318582617,0.0
184.954720824,90.0306827872,55.8318582617,0.0
341.31943262,237.963414472,55.8318582617,0.0
60.2943915686,298.755430043,55.8318582617,0.0
164.267532378,453.308788802,55.8318582617,0.0
85.5816080738,144.105727284,55.8318582617,0.0
443.524715568,182.691077867,55.8318582617,0.0
340.189472713,77.7432692092,55.8318582617,0.0
197.622601155,260.240821092,55.8318582617,0.0
@ 1140 10 0.40369088812 0.410928662551
219.136533114,252.5401456,55.5802953162,0.0
333.8029248,325.302217168,55.5802953162,0.0
300.853533599,455.618308848,55.5802953162,0.0
106.700706744,444.005333952,55.5802953162,0.0
97.680330213,328.271231806,55.5802953162,0.0
397.227365402,204.426913512,55.5802953162,0.0
448.862656027,409.166433412,55.5802953162,0.0
227.077826825,367.908577629,55.5802953162,0.0
309.186088407,62.9703338938,55.5802953162,0.0
138.223292953,159.913468509,55.5802953162,0.0
449.574301535,98.1772300233,55.5802953162,0.0
@ 1150 10 0.40369088812 0.407233942739
103.504336569,391.323039035,54.7160263648,0.0
414.609316921,198.892731658,54.7160263648,0.0
220.388410384,435.588319019,54.7160263648,0.0
413.750269602,354.681841705,54.7160263648,0.0
334.730826548,63.0804295,54.7160263648,0.0
330.419891287,432.053283658,54.7160263648,0.0
299.329437054,172.641406098,54.7160263648,0.0
322.703897118,291.327141647,54.7160263648,0.0
112.389390333,185.476952681,54.7160263648,0.0
455.27429935,456.142792521,54.7160263648,0.0
76.0856176408,69.345181835,54.7160263648,0.0
@ 1160 10 0.40369088812 0.394667504254
416.079367562,235.978806756,57.6050050433,0.0
63.8574984199,151.425329469,57.6050050433,0.0
325.400360186,324.399667652,57.6050050433,0.0
333.624691781,454.338062361,57.6050050433,0.0
387.979874485,69.8270015518,57.6050050433,0.0
214.704115235,443.143274235,57.6050050433,0.0
159.282296371,58.9043308347,57.6050050433,0.0
253.481852862,145.585748587,57.6050050433,0.0
426.905834721,384.547426722,57.6050050433,0.0
162.36272055,242.183739122,57.6050050433,0.0
84.1985563287,423.846271763,57.6050050433,0.0
@ 1170 10 0.40369088812 0.437444244689
439.936556289,430.436803291,57.51075935,0.0
117.034163202,71.7788057943,57.51075935,0.0
199.293743089,429.373714958,57.51075935,0.0
242.783731997,113.001103213,57.51075935,0.0
382.449412653,244.306583706,57.51075935,0.0
265.886243675,268.060655996,57.51075935,0.0
69.3099799748,185.647360743,57.51075935,0.0
73.9432146895,385.233292216,57.51075935,0.0
329.297547847,379.308850775,57.51075935,0.0
147.414569707,289.681693109,57.51075935,0.0
420.865853238,81.9601000231,57.51075935,0.0
@ 1180 10 0.40369088812 0.436014038726
326.676736467,353.226862749,56.2899266982,0.0
418.62620562,279.261381712,56.2899266982,0.0
96.9553719453,364.202487453,56.2899266982,0.0
450.474847732,403.271577863,56.2899266982,0.0
370.765845613,164.243653883,56.2899266982,0.0
445.124821809,77.5187999926,56.2899266982,0.0
79.2277056387,107.003465302,56.2899266982,0.0
227.610592417,95.4074881738,56.2899266982,0.0
197.027238051,430.002132682,56.2899266982,0.0
130.374696625,238.450809387,56.2899266982,0.0
236.535280434,277.370653766,56.2899266982,0.0
@ 1190 10 0.40369088812 0.417699192127
231.657154595,297.806122885,58.2665746285,0.0
316.871263352,405.647684899,58.2665746285,0.0
435.092119866,68.259690592,58.2665746285,0.0
68.57119179,400.445805877,58.2665746285,0.0
307.289398381,78.1663534744,58.2665746285,0.0
318.87340789,201.653391726,58.2665746285,0.0
184.287414201,128.804930988,58.2665746285,0.0
92.0304171546,246.824120998,58.2665746285,0.0
431.374536228,347.056144034,58.2665746285,0.0
62.3693731999,106.397349072,58.2665746285,0.0
442.539268254,225.535857709,58.2665746285,0.0
@ 1200 10 0.40369088812 0.447549673051
447.946411717,244.491385814,58.1400000285,0.0
84.5827801966,268.290069103,58.1400000285,0.0
77.8922603124,92.1233880906,58.1400000285,0.0
411.70068855,356.900147158,58.1400000285,0.0
326.000602041,167.2323862,58.1400000285,0.0
201.46354237,73.2289170326,58.1400000285,0.0
58.1630216913,412.39308303,58.1400000285,0.0
254.748965199,320.442364747,58.1400000285,0.0
444.489774548,82.6067471125,58.1400000285,0.0
230.044760212,437.541787435,58.1400000285,0.0
182.963080889,189.449951633,58.1400000285,0.0
@ 1210 10 0.601891659501 0.445607328182
80.7081792788,256.066706907,58.288981109,0.0
183.692204419,315.333932339,58.288981109,0.0
298.440572349,428.604118117,58.288981109,0.0
449.939093621,444.535444163,58.288981109,0.0
332.034760503,135.114631252,58.288981109,0.0
447.694324334,104.898086162,58.288981109,0.0
239.61516959,63.0306385615,58.288981109,0.0
437.503602347,249.930482814,58.288981109,0.0
91.190917675,78.5287417987,58.288981109,0.0
166.51692782,176.937820467,58.288981109,0.0
313.804824439,267.689835377,58.288981109,0.0
@ 1220 10 0.601891659501 0.447893950752
203.2295107,65.5569670232,59.834106874,0.0
314.452835254,139.668373746,59.834106874,0.0
302.624003752,313.436465887,59.834106874,0.0
410.947654501,422.703248325,59.834106874,0.0
152.505823594,336.492377979,59.834106874,0.0
261.915574208,447.287917415,59.834106874,0.0
73.9676098466,197.626252342,59.834106874,0.0
447.000283541,81.1198641098,59.834106874,0.0
395.01386439,234.242784869,59.834106874,0.0
193.641796196,219.387171278,59.834106874,0.0
75.1361952804,61.9361018763,59.834106874,0.0
@ 1230 10 0.601891659501 0.471954242841
225.334398727,434.041890535,59.6244770575,0.0
317.20899229,258.996046098,59.6244770575,0.0
68.6402441113,344.907820655,59.6244770575,0.0
441.154825244,191.867022886,59.6244770575,0.0
429.6722426,60.8195171317,59.6244770575,0.0
97.4577011279,219.91916117,59.6244770575,0.0
195.814280002,298.840287517,59.6244770575,0.0
200.246636458,122.833804902,59.6244770575,0.0
423.343959406,450.99441572,59.6244770575,0.0
72.8964263704,59.7089030374,59.6244770575,0.0
308.192843094,69.848932729,59.6244770575,0.0
@ 1240 10 0.601891659501 0.468653036387
83.3423000077,89.5234752825,61.6270505104,0.0
322.762394726,324.996585867,61.6270505104,0.0
211.744711158,71.9866398653,61.6270505104,0.0
77.0698532522,302.787657488,61.6270505104,0.0
399.200552197,68.4939412919,61.6270505104,0.0
423.410514545,443.516743714,61.6270505104,0.0
296.928736678,449.282230225,61.6270505104,0.0
415.373722147,226.277799792,61.6270505104,0.0
282.761157386,201.984670737,61.6270505104,0.0
197.441646349,353.400955505,61.6270505104,0.0
155.714513342,198.29387233,61.6270505104,0.0
@ 1250 10 0.601891659501 0.500662466519
404.417804004,83.7076846559,57.7217904246,0.0
444.46899317,332.030640273,57.7217904246,0.0
291.511015344,369.194921729,57.7217904246,0.0
182.31021493,437.982444135,57.7217904246,0.0
65.5593639493,408.92219911,57.7217904246,0.0
162.576873076,273.977823346,57.7217904246,0.0
334.441467655,193.557744815,57.7217904246,0.0
85.2330888033,177.839319876,57.7217904246,0.0
393.800215763,450.708889358,57.7217904246,0.0
113.316687524,58.4246510028,57.7217904246,0.0
266.064258316,84.5908203804,57.7217904246,0.0
@ 1260 10 0.601891659501 0.439219745916
264.964790571,142.164189001,55.7489066957,0.0
428.675981994,182.537636009,55.7489066957,0.0
234.961290482,389.182145739,55.7489066957,0.0
75.8512937434,421.12771608,55.7489066957,0.0
135.24971703,292.655756917,55.7489066957,0.0
448.841267901,69.6734536183,55.7489066957,0.0
261.189165298,254.673995333,55.7489066957,0.0
360.108052538,387.077164748,55.7489066957,0.0
83.3526760401,192.374968086,55.7489066957,0.0
436.401850156,296.672899527,55.7489066957,0.0
157.424189689,87.0233312981,55.7489066957,0.0
@ 1270 10 0.601891659501 0.40970850421
85.7937564159,104.490131207,58.3540623645,0.0
238.038042179,323.692217537,58.3540623645,0.0
87.2465059238,260.053501793,58.3540623645,0.0
291.661040456,84.1988426221,58.3540623645,0.0
338.959409221,218.981494723,58.3540623645,0.0
197.657051806,446.942502968,58.3540623645,0.0
200.211821045,158.280696184,58.3540623645,0.0
442.647030061,129.050775936,58.3540623645,0.0
448.428129806,325.729459982,58.3540623645,0.0
63.3628136321,429.518066244,58.3540623645,0.0
353.478535637,409.770532618,58.3540623645,0.0
@ 1280 10 0.601891659501 0.448894681017
433.006926793,340.425510429,58.5432508231,0.0
288.881006544,83.711716792,58.5432508231,0.0
74.5325932943,321.545438647,58.5432508231,0.0
400.032547803,224.075812321,58.5432508231,0.0
168.922869231,71.4818482321,58.5432508231,0.0
288.488559085,307.89329566,58.5432508231,0.0
110.509534937,435.474081967,58.5432508231,0.0
440.426103012,98.7546752423,58.5432508231,0.0
266.405885357,451.450712893,58.5432508231,0.0
83.7755059643,197.808520693,58.5432508231,0.0
206.293832214,202.576610468,58.5432508231,0.0
@ 1290 10 0.601891659501 0.451810103087
360.984354421,64.3023631633,58.1655572457,0.0
62.6173412071,332.322351526,58.1655572457,0.0
64.5861645036,448.906192304,58.1655572457,0.0
221.629287846,407.373098417,58.1655572457,0.0
122.634924056,227.17691545,58.1655572457,0.0
283.454062157,270.042819192,58.1655572457,0.0
264.384570197,139.456140208,58.1655572457,0.0
126.450726564,62.5436594805,58.1655572457,0.0
356.541999064,401.959386363,58.1655572457,0.0
407.392116501,181.35005309,58.1655572457,0.0
452.337312728,321.7996361,58.1655572457,0.0
@ 1300 10 0.601891659501 0.445999174977
183.966492115,201.128536102,63.7877900016,0.0
64.2791891591,257.244389772,63.7877900016,0.0
127.688053948,446.295848157,63.7877900016,0.0
311.00764532,424.901131528,63.7877900016,0.0
314.598945501,212.664678016,63.7877900016,0.0
250.063709438,72.4336687105,63.7877900016,0.0
207.712505659,341.262446042,63.7877900016,0.0
90.9555372332,90.6533256523,63.7877900016,0.0
444.627809008,426.098808748,63.7877900016,0.0
387.886462349,104.680759397,63.7877900016,0.0
443.462602224,268.064469553,63.7877900016,0.0
@ 1310 10 1.18243243243 0.536385934156
211.308264289,420.227944372,65.0637027737,0.0
163.02958683,75.4508353103,65.0637027737,0.0
74.1202010898,172.346820392,65.0637027737,0.0
66.3420468359,438.252850632,65.0637027737,0.0
330.052580662,327.268038667,65.0637027737,0.0
263.268416007,215.224635993,65.0637027737,0.0
134.43117014,303.691296315,65.0637027737,0.0
445.319730926,91.2410586018,65.0637027737,0.0
431.229801043,445.726737845,65.0637027737,0.0
432.932149121,230.916507097,65.0637027737,0.0
301.842562465,73.707539331,65.0637027737,0.0
@ 1320 10 1.18243243243 0.558058618627
334.748068834,320.107911289,65.3284383347,0.0
111.658821349,211.185615028,65.3284383347,0.0
431.105073181,414.684952118,65.3284383347,0.0
284.974889694,444.007430001,65.3284383347,0.0
274.646323868,201.384761375,65.3284383347,0.0
214.800263917,82.8462388015,65.3284383347,0.0
198.659545247,318.010398693,65.3284383347,0.0
151.755692718,444.249957441,65.3284383347,0.0
443.525044399,233.227698534,65.3284383347,0.0
401.739811817,96.6465698793,65.3284383347,0.0
72.1047810908,81.0620179872,65.3284383347,0.0
@ 1330 10 1.18243243243 0.562609190396
420.776554642,431.231489654,64.0810192096,0.0
66.4669704909,226.136483243,64.0810192096,0.0
226.6233512,444.989107425,64.0810192096,0.0
165.695370357,308.010609747,64.0810192096,0.0
415.898658041,262.54669795,64.0810192096,0.0
73.3173877358,89.2496632873,64.0810192096,0.0
295.818905526,314.011686964,64.0810192096,0.0
84.0720041939,423.355315112,64.0810192096,0.0
218.224193338,76.086313614,64.0810192096,0.0
419.633212824,70.9153603292,64.0810192096,0.0
297.131114773,179.937981084,64.0810192096,0.0
@ 1340 10 1.18243243243 0.541328746439
127.721899021,444.722679724,63.2050673149,0.0
181.033231094,240.387983758,63.2050673149,0.0
315.038669479,438.508719483,63.2050673149,0.0
311.391500468,143.325600639,63.2050673149,0.0
424.401878882,78.8530528142,63.2050673149,0.0
75.4345009052,315.315310475,63.2050673149,0.0
448.42573317,429.400972372,63.2050673149,0.0
312.814023285,300.73700287,63.2050673149,0.0
199.319021487,64.3209485746,63.2050673149,0.0
419.87581393,214.910193078,63.2050673149,0.0
66.7580073864,103.752878931,63.2050673149,0.0
@ 1350 10 1.18243243243 0.526630569894
129.357722435,382.840093178,60.8825366134,0.0
258.857807136,443.418523901,60.8825366134,0.0
320.297983188,281.655735615,60.8825366134,0.0
313.789590912,124.919444496,60.8825366134,0.0
196.999974408,67.7891882885,60.8825366134,0.0
69.9979181705,86.6658951836,60.8825366134,0.0
440.905381126,235.431489428,60.8825366134,0.0
413.288082521,445.788168802,60.8825366134,0.0
62.1084948469,272.168523766,60.8825366134,0.0
428.953143283,78.9020123318,60.8825366134,0.0
161.769739218,197.525788731,60.8825366134,0.0
@ 1360 10 1.18243243243 0.488638572103
102.06368407,222.98856416,63.7817139273,0.0
178.164842516,346.157881611,63.7817139273,0.0
304.219427787,295.455233006,63.7817139273,0.0
66.8730015838,416.02551124,63.7817139273,0.0
436.440998534,229.777288719,63.7817139273,0.0
218.612698497,69.5255230809,63.7817139273,0.0
430.595942035,446.855608865,63.7817139273,0.0
256.120752492,447.589863507,63.7817139273,0.0
313.023077691,155.531912215,63.7817139273,0.0
429.338026171,77.9194675219,63.7817139273,0.0
84.3103370786,85.5321429817,63.7817139273,0.0
@ 1370 10 1.18243243243 0.536283752672
73.1681853896,227.392234009,68.2306114623,0.0
310.168548988,245.448231604,68.2306114623,0.0
407.962296446,431.451996283,68.2306114623,0.0
99.6640744108,443.104643215,68.2306114623,0.0
443.534674695,286.255629455,68.2306114623,0.0
200.914940282,158.025882685,68.2306114623,0.0
268.222401028,429.001939261,68.2306114623,0.0
171.030125152,326.058275966,68.2306114623,0.0
439.671982511,147.475281602,68.2306114623,0.0
318.746100593,70.7729744323,68.2306114623,0.0
76.2346465139,89.8925938639,68.2306114623,0.0
@ 1380 10 1.18243243243 0.613706602605
72.9158547451,382.217685816,60.5994486838,0.0
195.068893645,153.053383995,60.5994486838,0.0
434.560960394,137.128692629,60.5994486838,0.0
194.280273272,428.598872274,60.5994486838,0.0
300.996795458,218.558738205,60.5994486838,0.0
88.3297220808,217.20900345,60.5994486838,0.0
341.925856211,441.428201572,60.5994486838,0.0
190.563035225,302.012025224,60.5994486838,0.0
431.606166654,358.583928099,60.5994486838,0.0
320.175862662,69.2935667311,60.5994486838,0.0
60.656615662,73.6726095253,60.5994486838,0.0
@ 1390 10 1.18243243243 0.484105052459
411.15308875,429.782169985,64.2656790323,0.0
162.733682187,117.904426417,64.2656790323,0.0
234.445443542,441.560485844,64.2656790323,0.0
84.4185028164,434.793914892,64.2656790323,0.0
180.451691195,315.840800716,64.2656790323,0.0
294.33125417,70.9520833856,64.2656790323,0.0
319.708248589,325.653569485,64.2656790323,0.0
432.848661923,69.4721095739,64.2656790323,0.0
432.73733981,206.79748931,64.2656790323,0.0
262.484537014,208.802489994,64.2656790323,0.0
64.8433797804,230.638585603,64.2656790323,0.0
@ 1400 10 1.18243243243 0.544453094317
431.545920701,434.283285594,72.4220094734,0.0
120.722781689,78.1289519997,72.4220094734,0.0
275.673539625,439.336061028,72.4220094734,0.0
72.6594550975,437.445004815,72.4220094734,0.0
175.149685254,333.996757339,72.4220094734,0.0
293.90136342,73.6144453367,72.4220094734,0.0
316.015850259,299.825550723,72.4220094734,0.0
438.921955325,72.453537804,72.4220094734,0.0
438.335202402,222.023377796,72.4220094734,0.0
213.155537191,194.153886159,72.4220094734,0.0
72.6122497789,229.863695363,72.4220094734,0.0
@ 1410 10 33.3333333333 0.691422345225
435.013975123,438.434154939,72.4620645276,0.0
79.9158829262,80.3672834044,72.4620645276,0.0
284.074650971,439.339037313,72.4620645276,0.0
74.2941236985,439.495451563,72.4620645276,0.0
177.914103343,337.486001769,72.4620645276,0.0
294.056147391,73.088546361,72.4620645276,0.0
317.451736386,297.831772407,72.4620645276,0.0
439.12963841,72.7964733219,72.4620645276,0.0
439.325045807,217.929325808,72.4620645276,0.0
210.819152024,192.482152935,72.4620645276,0.0
72.5734481268,237.334255761,72.4620645276,0.0
@ 1420 10 33.3333333333 0.692187378355
437.466928387,435.626098686,72.6781006777,0.0
108.584575079,75.2643973202,72.6781006777,0.0
277.940286663,439.28625269,72.6781006777,0.0
73.1426510606,437.789388707,72.6781006777,0.0
175.804625964,334.700413121,72.6781006777,0.0
293.582920213,72.7487473126,72.6781006777,0.0
317.193945731,297.619972951,72.6781006777,0.0
439.12983423,72.7912765389,72.6781006777,0.0
439.272821807,218.261036453,72.6781006777,0.0
213.761134972,194.300162531,72.6781006777,0.0
73.0551990067,231.671040139,72.6781006777,0.0
@ 1430 10 33.3333333333 0.696320862835
428.53284837,408.866499606,72.304036596,0.0
91.7130890646,88.6553498047,72.304036596,0.0
279.37828387,439.573608472,72.304036596,0.0
72.7624574795,438.484575717,72.304036596,0.0
176.820305764,336.979188043,72.304036596,0.0
292.282705903,73.2412379088,72.304036596,0.0
317.736688189,300.106215118,72.304036596,0.0
436.900575069,74.9660415311,72.304036596,0.0
439.158023771,221.363294183,72.304036596,0.0
214.425930712,196.8737279,72.304036596,0.0
72.3139114076,234.291171699,72.304036596,0.0
@ 1440 10 33.3333333333 0.689171575119
430.828006413,431.256774132,72.56026452,0.0
116.393918717,75.6622390225,72.56026452,0.0
283.531519298,439.324370481,72.56026452,0.0
72.6610915836,439.423668538,72.56026452,0.0
176.024164147,336.362872963,72.56026452,0.0
292.19149841,72.790876166,72.56026452,0.0
317.44241432,297.886856318,72.56026452,0.0
438.402692887,72.714629368,72.56026452,0.0
439.121762601,218.131076831,72.56026452,0.0
213.416925723,195.075965493,72.56026452,0.0
72.7472840914,231.011565683,72.56026452,0.0
@ 1450 10 33.3333333333 0.694064742845
432.391450174,408.208578687,72.4840744393,0.0
127.657860323,77.6761611909,72.4840744393,0.0
278.491350358,438.753117221,72.4840744393,0.0
72.6248835892,438.43965925,72.4840744393,0.0
174.910236216,334.583352064,72.4840744393,0.0
293.852392644,72.9264854619,72.4840744393,0.0
316.716878195,298.669652178,72.4840744393,0.0
439.269146756,72.6883249309,72.4840744393,0.0
437.631875981,218.418729832,72.4840744393,0.0
214.262111572,194.253832508,72.4840744393,0.0
73.3229238483,228.343319894,72.4840744393,0.0
@ 1460 10 33.3333333333 0.692607937636
439.242069247,425.591708597,72.5212190771,0.0
80.1391819183,85.1074941386,72.5212190771,0.0
281.663092644,439.401267931,72.5212190771,0.0
73.1799619678,439.40769096,72.5212190771,0.0
177.089355515,337.935979841,72.5212190771,0.0
293.472905355,73.5943779443,72.5212190771,0.0
316.748312559,297.841184365,72.5212190771,0.0
438.705015764,72.9519976895,72.5212190771,0.0
439.372034403,220.254968056,72.5212190771,0.0
212.539208013,195.428002603,72.5212190771,0.0
72.568185189,236.560680444,72.5212190771,0.0
@ 1470 10 33.3333333333 0.693317976717
438.736489738,439.499070475,72.4802992513,0.0
77.0601357675,75.3367011253,72.4802992513,0.0
281.520980021,438.7278075,72.4802992513,0.0
72.544188443,438.32673469,72.4802992513,0.0
176.762343067,335.984438108,72.4802992513,0.0
292.897162153,73.1721462269,72.4802992513,0.0
316.931795147,298.078207159,72.4802992513,0.0
439.065467341,74.1216178498,72.4802992513,0.0
439.048546775,219.181357945,72.4802992513,0.0
213.569012855,194.974086969,72.4802992513,0.0
72.6517270133,229.142684577,72.4802992513,0.0
@ 1480 10 33.3333333333 0.692535793316
433.785850767,400.783817307,72.296344365,0.0
93.9065337344,83.6541015333,72.296344365,0.0
284.670461964,439.661230925,72.296344365,0.0
72.669295698,439.216982491,72.296344365,0.0
177.73932197,338.450193118,72.296344365,0.0
291.868851624,72.8276349488,72.296344365,0.0
316.873509704,298.570780871,72.296344365,0.0
436.668795797,74.6891497458,72.296344365,0.0
438.917743622,220.559480263,72.296344365,0.0
212.010694397,196.056069261,72.296344365,0.0
72.5008209545,236.212309196,72.296344365,0.0
@ 1490 10 33.3333333333 0.689024944717
427.801747742,403.176455012,72.5424522885,0.0
114.7090487,86.7955328772,72.5424522885,0.0
274.837804308,439.447164068,72.5424522885,0.0
72.8858762667,438.862259729,72.5424522885,0.0
173.496013915,333.756310197,72.5424522885,0.0
293.373541246,72.6861425995,72.5424522885,0.0
317.187022863,298.337543293,72.5424522885,0.0
438.693616517,73.5463839681,72.5424522885,0.0
438.965033234,218.967392275,72.5424522885,0.0
213.874476315,194.349393678,72.5424522885,0.0
72.7055157144,228.92298579,72.5424522885,0.0
@ 1500 10 33.3333333333 0.693724024007
