10 12 0.0873362445415 0.200005323333 0.0331438180119 115.058188872 3 0.1 0.46877 0.420608108108 188.490383015 50 0.323832807259
20 12 0.0873362445415 0.260708548447 0.0305340864349 55.7507053437 3 0.1 0.42729 0.351046698873 144.602393073 50 0.323832807259
30 12 0.0873362445415 0.205078130051 0.029377985358 49.3429725584 3 0.1 0.38105 0.34262295082 183.82789033 50 0.323832807259
40 12 0.0873362445415 0.209879878965 0.0331012384416 39.5474182863 3 0.1 0.38934 0.410299003322 179.62217334 50 0.323832807259
50 12 0.0873362445415 0.210900754972 0.0319027336942 47.7864302575 3 0.1 0.45202 0.353896103896 178.752702925 50 0.323832807259
60 12 0.0873362445415 0.209311020865 0.0397117395116 39.5643706172 3 0.1 0.40559 0.354632587859 180.110344138 50 0.323832807259
70 12 0.0873362445415 0.277442417937 0.0562441499943 52.4603284245 3 0.1 0.35966 0.390015600624 135.880736191 50 0.345499429274
80 12 0.0873362445415 0.27093793464 0.034330478699 39.4249907457 3 0.1 0.39963 0.419601837672 139.142863291 50 0.345499429274
90 12 0.0873362445415 0.228885523451 0.0262378893372 51.9170521487 3 0.1 0.44015 0.413145539906 164.707140197 50 0.345499429274
100 12 0.0873362445415 0.225315437013 0.0307535955929 40.0788036704 3 0.1 0.44027 0.417061611374 167.316898033 50 0.345499429274
110 12 0.0940354648039 0.202678353287 0.0348662165662 47.0966525125 3 0.1 0.42267 0.351822503962 186.004471561 0 0.345499429274
120 12 0.0940354648039 0.205824069272 0.0411557177027 37.6903010184 3 0.1 0.39887 0.41204437401 183.161668765 0 0.345499429274
130 12 0.0940354648039 0.218156206474 0.0206608384171 51.0924895532 3 0.1 0.42473 0.387358184765 172.807735381 0 0.345499429274
140 12 0.0940354648039 0.184672274818 0.0420242576459 69.0306896588 3 0.1 0.37448 0.410852713178 204.140443048 0 0.345499429274
150 12 0.0940354648039 0.272414964822 0.027963038402 38.7694385447 3 0.1 0.38676 0.324632952692 138.388432605 0 0.345499429274
160 12 0.0940354648039 0.318735016704 0.039522277077 28.9007783569 3 0.1 0.40838 0.337620578778 118.277183316 0 0.350683822851
170 12 0.0940354648039 0.253438087058 0.0340419547974 36.5890753784 3 0.1 0.41335 0.424148606811 148.750649271 0 0.350683822851
180 12 0.0940354648039 0.271028633884 0.0447838436649 38.4670991739 3 0.1 0.37145 0.364341085271 139.096299383 0 0.350683822851
190 12 0.0940354648039 0.267108244537 0.0256777620995 46.2002274528 3 0.1 0.40501 0.390476190476 141.137837454 0 0.350683822851
200 12 0.0940354648039 0.169598249034 0.0421607743185 50.421343615 3 0.1 0.39513 0.484567901235 222.284606207 0 0.350683822851
210 12 0.101847810272 0.307727587645 0.0502228528696 42.6690635434 3 0.1 0.4161 0.439178515008 122.507963256 0 0.384280166812
220 12 0.101847810272 0.280977069685 0.0373708996744 45.3708275805 3 0.1 0.35042 0.373355263158 134.171375772 0 0.384280166812
230 12 0.101847810272 0.24772427064 0.0349811325092 49.106062538 3 0.1 0.39265 0.389240506329 152.181616693 0 0.384280166812
240 12 0.101847810272 0.189432427235 0.0350024458963 49.0382797409 3 0.1 0.45206 0.44952681388 199.010700281 0 0.384280166812
250 12 0.101847810272 0.24662820163 0.030148685629 21.4467602379 3 0.1 0.40992 0.415064102564 152.857944675 0 0.384280166812
260 12 0.101847810272 0.234076415354 0.0383483275983 34.7640639008 3 0.1 0.39534 0.416260162602 161.054585286 0 0.384280166812
270 12 0.101847810272 0.39252120104 0.0611766143135 19.7296269987 3 0.1 0.38719 0.328282828283 96.0434236421 0 0.39252120104
280 12 0.101847810272 0.22506189867 0.0332511500076 27.9003999299 3 0.1 0.43924 0.361739130435 167.505385064 0 0.39252120104
290 12 0.101847810272 0.280219375015 0.0211983269398 27.7558739037 3 0.1 0.39839 0.42768273717 134.534166304 0 0.39252120104
300 12 0.101847810272 0.266995951965 0.0364036422718 37.2449593867 3 0.1 0.40821 0.35667752443 141.197196896 0 0.39252120104
310 12 0.111075848937 0.265969243931 0.0305013122227 41.5667317862 3 0.1 0.44478 0.438095238095 141.742253513 0 0.399636670015
320 12 0.111075848937 0.253908403975 0.0324525856608 47.3099625878 3 0.1 0.38205 0.420032310178 148.475117049 0 0.399636670015
330 12 0.111075848937 0.268156053745 0.0257514727049 31.1710336262 3 0.1 0.45711 0.396666666667 140.586346918 0 0.399636670015
340 12 0.111075848937 0.298542896012 0.042979925495 34.5978877219 3 0.1 0.37603 0.375415282392 126.276928721 0 0.399636670015
350 12 0.111075848937 0.230879749753 0.0340919741942 27.3519053459 3 0.1 0.41862 0.41065830721 163.284480515 0 0.399636670015
360 12 0.111075848937 0.275913073334 0.0459462490013 41.9972047522 3 0.1 0.38897 0.359550561798 136.633902643 0 0.399636670015
370 12 0.111075848937 0.28111447369 0.0445174967459 26.6635322752 3 0.1 0.39568 0.366612111293 134.105795071 0 0.399636670015
380 12 0.111075848937 0.279520362085 0.0385391506289 41.7152141356 3 0.1 0.44263 0.438871473354 134.870603768 0 0.399636670015
390 12 0.111075848937 0.285699204803 0.0431693907929 31.1239687771 3 0.1 0.44446 0.42987804878 131.953744939 0 0.399636670015
400 12 0.111075848937 0.251025115455 0.0548683488669 38.4727427274 3 0.1 0.3793 0.388455538222 150.18051055 0 0.399636670015
410 12 0.122142732507 0.233015618847 0.0406944149148 38.1346858174 3 0.1 0.39571 0.404220779221 161.787781379 0 0.399636670015
420 12 0.122142732507 0.288070869423 0.027771893837 34.7879428416 3 0.1 0.42512 0.423263327948 130.867380223 0 0.399636670015
430 12 0.122142732507 0.296957480852 0.0334708508565 21.9371793603 3 0.1 0.37677 0.331168831169 126.951103881 0 0.399636670015
440 12 0.122142732507 0.291228707631 0.0379497519711 20.6266501676 3 0.1 0.46845 0.451968503937 129.448364849 0 0.399636670015
450 12 0.122142732507 0.289518457009 0.0416181663401 29.9590546868 3 0.1 0.41866 0.392857142857 130.213045446 0 0.399636670015
460 12 0.122142732507 0.286351976987 0.0311320384968 39.0659105567 3 0.1 0.37309 0.410094637224 131.652941239 0 0.399636670015
470 12 0.122142732507 0.271589090516 0.0315261012818 22.0652562175 3 0.1 0.3809 0.330670926518 138.809257502 0 0.399636670015
480 12 0.122142732507 0.260313138556 0.047725746519 43.6817356021 3 0.1 0.40887 0.383307573416 144.822040905 0 0.400816668574
490 12 0.122142732507 0.267597812674 0.0239318103182 29.3431606139 3 0.1 0.42588 0.45 140.879626867 0 0.400816668574
500 12 0.122142732507 0.303493721994 0.0406836252044 43.1548988643 3 0.1 0.37714 0.408194233687 124.217001104 0 0.400816668574
510 12 0.135658914729 0.280089568196 0.0221233372508 36.4058906295 3 0.1 0.40786 0.340836012862 134.596515832 0 0.400816668574
520 12 0.135658914729 0.239275869616 0.0423901078071 45.1043251928 3 0.1 0.39431 0.397781299525 157.554876138 0 0.400816668574
530 12 0.135658914729 0.290372937522 0.0449410673361 37.5431515626 3 0.1 0.42664 0.47465437788 129.829867486 0 0.400816668574
540 12 0.135658914729 0.24111458983 0.0556995759896 38.7489229122 3 0.1 0.3989 0.440438871473 156.353375491 0 0.400816668574
550 12 0.135658914729 0.312413134468 0.0417386391535 37.5007715642 3 0.1 0.43491 0.413043478261 120.67059877 0 0.400816668574
560 12 0.135658914729 0.285717236255 0.0198101240828 37.3759386756 3 0.1 0.38959 0.345483359746 131.945417414 0 0.400816668574
570 12 0.135658914729 0.402415907561 0.0658219171336 18.3568953943 3 0.1 0.42748 0.384863123994 93.6818830759 0 0.402415907561
580 12 0.135658914729 0.205727632207 0.052649015876 52.5305606509 3 0.1 0.40737 0.4265625 183.24752779 0 0.402415907561
590 12 0.135658914729 0.246546556627 0.0365107626027 46.0866173767 3 0.1 0.35461 0.38198757764 152.908564272 0 0.402415907561
600 12 0.135658914729 0.330661326011 0.0408427987334 18.0601363527 3 0.1 0.41294 0.44126984127 114.01115593 0 0.402415907561
610 12 0.152538679451 0.295079066833 0.0483535850591 40.9937208764 3 0.1 0.36994 0.348874598071 127.759249088 0 0.435162051138
620 12 0.152538679451 0.274308141149 0.0377313033363 33.0474945906 3 0.1 0.43295 0.443573667712 137.433325318 0 0.435162051138
630 12 0.152538679451 0.297436267639 0.0335764981944 28.7179623709 3 0.1 0.3963 0.4109375 126.746749141 0 0.435162051138
640 12 0.152538679451 0.22445036632 0.0444888955592 36.1202254888 3 0.1 0.40234 0.328502415459 167.961766416 0 0.435162051138
650 12 0.152538679451 0.255462606191 0.0397282341413 36.6408875233 3 0.1 0.4121 0.411949685535 147.571813198 0 0.435162051138
660 12 0.152538679451 0.261627483857 0.0325479461108 31.2828449867 3 0.1 0.37496 0.38202247191 144.094494372 0 0.435162051138
670 12 0.152538679451 0.244875869855 0.0308446146375 42.6777499773 3 0.1 0.41879 0.418152350081 153.951796158 0 0.435162051138
680 12 0.152538679451 0.317583832918 0.0356974456377 39.6262266791 3 0.1 0.39286 0.419301164725 118.705916651 0 0.435162051138
690 12 0.152538679451 0.299730460549 0.0326464504332 21.5491884702 3 0.1 0.39884 0.346153846154 125.776605858 0 0.435162051138
700 12 0.152538679451 0.277839708255 0.041449702694 36.5142198157 3 0.1 0.44376 0.409698996656 135.686436747 0 0.435162051138
710 12 0.174216027875 0.315505208304 0.0459184018007 24.8718585405 3 0.1 0.41699 0.387358184765 119.487979938 10 0.435162051138
720 12 0.174216027875 0.242996041035 0.0523285716019 39.5817443638 3 0.1 0.34519 0.390322580645 155.142774505 10 0.435162051138
730 12 0.174216027875 0.265691217398 0.0417489305743 23.5299807672 3 0.1 0.40222 0.460093896714 141.890576471 10 0.435162051138
740 12 0.174216027875 0.302702425876 0.0355023175138 22.8684838636 3 0.1 0.3783 0.401898734177 124.541717467 10 0.435162051138
750 12 0.174216027875 0.296100502184 0.0319468471896 36.3813101829 3 0.1 0.40755 0.384 127.318527736 10 0.435162051138
760 12 0.174216027875 0.343445437542 0.0370413188779 25.5263458377 3 0.1 0.37568 0.418495297806 109.767304728 10 0.435162051138
770 12 0.174216027875 0.313427310248 0.0302478117367 17.7411203134 3 0.1 0.3967 0.377483443709 120.280137587 10 0.435162051138
780 12 0.174216027875 0.312477511325 0.0377530726333 39.374741465 3 0.1 0.40645 0.363349131122 120.645738121 10 0.435162051138
790 12 0.174216027875 0.325564448762 0.0499053105859 33.1780890002 3 0.1 0.43015 0.48064516129 115.79605864 10 0.435162051138
800 12 0.174216027875 0.272374199482 0.032508105894 42.4048666211 3 0.1 0.39676 0.447737909516 138.409144742 10 0.435162051138
810 12 0.203075137801 0.409782405925 0.0268498297083 26.1256459092 3 0.1 0.35632 0.383116883117 91.99780043 0 0.435162051138
820 12 0.203075137801 0.34240828776 0.0215491120351 23.8846524591 3 0.1 0.38071 0.392282958199 110.099788316 0 0.435162051138
830 12 0.203075137801 0.367855416422 0.0247479953451 42.0476539003 3 0.1 0.40678 0.40916271722 102.4834169 0 0.435162051138
840 12 0.203075137801 0.351583496092 0.0356470299868 39.7674134801 3 0.1 0.38399 0.3776 107.22653486 0 0.435162051138
850 12 0.203075137801 0.318329620638 0.0380698245638 32.0549684814 3 0.1 0.44038 0.472263868066 118.427810533 0 0.435162051138
860 12 0.203075137801 0.32867934097 0.0504594557246 21.3015561971 3 0.1 0.38937 0.416129032258 114.698660064 0 0.452183455435
870 12 0.203075137801 0.270951383886 0.0588624212341 36.3576831544 3 0.1 0.4432 0.427652733119 139.13595664 0 0.452183455435
880 12 0.203075137801 0.33484263362 0.0419146721871 29.6086933774 3 0.1 0.39918 0.358361774744 112.587455165 0 0.452183455435
890 12 0.203075137801 0.429760931305 0.0417556818633 23.0760593117 3 0.1 0.43222 0.393312101911 87.7210496672 0 0.452183455435
900 12 0.203075137801 0.313479060569 0.0234258284423 29.3806445615 3 0.1 0.41693 0.440570522979 120.260281282 0 0.452183455435
910 12 0.243393602225 0.352949217838 0.0367035829934 22.7821837797 3 0.1 0.38351 0.360655737705 106.811626417 0 0.452183455435
920 12 0.243393602225 0.372912171046 0.0383057870142 21.9757375066 3 0.1 0.4376 0.421383647799 101.093723743 0 0.452183455435
930 12 0.243393602225 0.33069291999 0.0219569454601 24.4760030913 3 0.1 0.40698 0.385620915033 114.00026345 0 0.452183455435
940 12 0.243393602225 0.368409989798 0.0291323144959 33.1150754124 3 0.1 0.3482 0.376623376623 102.329146994 0 0.452183455435
950 12 0.243393602225 0.345735065889 0.0275290915594 27.3978276368 3 0.1 0.36801 0.40303030303 109.040371427 0 0.452183455435
960 12 0.243393602225 0.333769556052 0.0319055960826 29.7326587036 3 0.1 0.45046 0.439669421488 112.949426682 0 0.452183455435
970 12 0.243393602225 0.419780613718 0.0448079718746 28.3527092616 3 0.1 0.41278 0.422628951747 89.8066246226 0 0.452183455435
980 12 0.243393602225 0.326812924338 0.0348869740574 30.1865755986 3 0.1 0.34221 0.315789473684 115.353699907 0 0.452183455435
990 12 0.243393602225 0.392383932642 0.0319142122953 34.698141221 3 0.1 0.39444 0.348949919225 96.077022691 0 0.452183455435
1000 12 0.243393602225 0.293682599495 0.0248109398245 45.5864457909 3 0.1 0.43671 0.451239669421 128.366747178 0 0.452183455435
1010 12 0.303687635575 0.337035313347 0.0389556608155 39.2001328268 3 0.1 0.38367 0.351443123939 111.85498524 0 0.452183455435
1020 12 0.303687635575 0.379924606637 0.0352053849095 13.9530886996 3 0.1 0.43927 0.401944894652 99.227792413 0 0.452183455435
1030 12 0.303687635575 0.370659200968 0.0364213640429 29.250573767 3 0.1 0.38486 0.332247557003 101.708199612 0 0.459799709442
1040 12 0.303687635575 0.391198805237 0.0374062193261 24.1218163914 3 0.1 0.43397 0.372093023256 96.3680857285 0 0.459799709442
1050 12 0.303687635575 0.351187587299 0.0325290383605 31.8983378696 3 0.1 0.4257 0.420289855072 107.347415921 0 0.459799709442
1060 12 0.303687635575 0.373064656351 0.0262555773792 31.1519320127 3 0.1 0.37436 0.378504672897 101.052403004 0 0.459799709442
1070 12 0.303687635575 0.384776472451 0.022827778956 29.8164329499 3 0.1 0.40646 0.422839506173 97.9765726316 0 0.459799709442
1080 12 0.303687635575 0.394786263232 0.0387774022574 30.008941717 3 0.1 0.38856 0.375816993464 95.492380336 0 0.459799709442
