100.815336712,105.406788371,39.631024256,0.0
104.455974434,453.089365427,39.631024256,0.0
222.144806226,316.763688694,39.631024256,0.0
357.088543715,137.289498019,39.631024256,0.0
201.035828846,143.67663776,39.631024256,0.0
398.134161699,52.007771494,39.631024256,0.0
185.57304286,419.118187225,39.631024256,0.0
376.300683704,302.623268198,39.631024256,0.0
382.99762149,446.308179399,39.631024256,0.0
292.743245822,279.730615537,39.631024256,0.0
278.044234681,467.672239758,39.631024256,0.0
118.36201072,325.570924323,39.631024256,0.0
@ 10 10 0.0873362445415 0.225871493462
337.005518266,83.2739704207,36.2738872035,0.0
394.79530823,430.827171783,36.2738872035,0.0
57.4758573678,362.532517868,36.2738872035,0.0
443.080939742,103.937346714,36.2738872035,0.0
221.331469613,359.808609834,36.2738872035,0.0
386.379294324,258.231423164,36.2738872035,0.0
300.099608503,217.10320709,36.2738872035,0.0
466.003900871,460.05244559,36.2738872035,0.0
409.690778033,345.161378752,36.2738872035,0.0
112.040353105,101.87991953,36.2738872035,0.0
251.715803926,62.8281091011,36.2738872035,0.0
146.761346386,409.740080953,36.2738872035,0.0
@ 20 10 0.0873362445415 0.189225223271
402.446300615,331.163459442,42.8191353271,0.0
275.977546304,338.795618255,42.8191353271,0.0
342.300901567,192.137505309,42.8191353271,0.0
280.970202841,442.231490738,42.8191353271,0.0
410.564267306,457.067557764,42.8191353271,0.0
112.782578357,134.519158893,42.8191353271,0.0
136.15945253,362.02511773,42.8191353271,0.0
263.410488841,80.1810701745,42.8191353271,0.0
61.5813344848,255.605344311,42.8191353271,0.0
71.4520845204,434.664308574,42.8191353271,0.0
184.957436385,185.442957118,42.8191353271,0.0
185.358083643,453.225770235,42.8191353271,0.0
@ 30 10 0.0873362445415 0.263673580173
258.415168258,248.532011665,46.6791387803,0.0
362.560729043,297.190323847,46.6791387803,0.0
194.742265989,98.0787102952,46.6791387803,0.0
176.259798771,431.121351933,46.6791387803,0.0
83.38609346,384.031924242,46.6791387803,0.0
440.751322169,49.7040396479,46.6791387803,0.0
132.380917108,198.751405762,46.6791387803,0.0
351.250965246,142.753759328,46.6791387803,0.0
443.388072858,390.449130284,46.6791387803,0.0
460.086556457,180.57301299,46.6791387803,0.0
48.7307738062,249.200201941,46.6791387803,0.0
291.406196161,383.453338928,46.6791387803,0.0
@ 40 10 0.0873362445415 0.313354906733
68.0613573107,75.2176172038,40.4430987937,0.0
457.190641256,422.101154549,40.4430987937,0.0
206.672248533,445.429760233,40.4430987937,0.0
43.0297899593,388.288011037,40.4430987937,0.0
459.118326019,325.217949993,40.4430987937,0.0
400.508041017,69.5114305531,40.4430987937,0.0
299.264561222,301.660480356,40.4430987937,0.0
150.49850938,303.292138754,40.4430987937,0.0
236.757546138,355.582416975,40.4430987937,0.0
346.480480926,143.778084322,40.4430987937,0.0
45.3148744667,245.722465495,40.4430987937,0.0
109.851197564,195.980870536,40.4430987937,0.0
@ 50 10 0.0873362445415 0.235222942569
84.0765213942,71.6798745336,41.3435099137,0.0
336.079671053,93.9190726699,41.3435099137,0.0
206.149340488,102.365237141,41.3435099137,0.0
324.572896408,231.149989565,41.3435099137,0.0
184.975905954,331.095360894,41.3435099137,0.0
249.863396074,185.956061602,41.3435099137,0.0
97.1671175,464.885754593,41.3435099137,0.0
430.228750186,142.018638858,41.3435099137,0.0
46.6000020899,154.175832154,41.3435099137,0.0
368.071153743,338.987025004,41.3435099137,0.0
128.836716299,239.93927429,41.3435099137,0.0
323.992164055,447.434534037,41.3435099137,0.0
@ 60 10 0.0873362445415 0.245813379551
403.989779117,101.213972108,41.3467690634,0.0
460.837438531,161.545344953,41.3467690634,0.0
98.544536262,87.295512552,41.3467690634,0.0
316.605425961,197.039288112,41.3467690634,0.0
171.188007928,247.615203526,41.3467690634,0.0
162.89423157,460.75338998,41.3467690634,0.0
129.412738888,344.166059786,41.3467690634,0.0
389.772627217,344.326819052,41.3467690634,0.0
58.7348083039,449.058481381,41.3467690634,0.0
355.064386345,434.436421421,41.3467690634,0.0
453.860237471,452.384446916,41.3467690634,0.0
170.007497391,132.646606979,41.3467690634,0.0
@ 70 10 0.0873362445415 0.245852136501
66.8367335054,395.088785405,44.9446612792,0.0
303.706100328,345.065967844,44.9446612792,0.0
244.046277461,433.818897825,44.9446612792,0.0
364.096106032,76.4138500135,44.9446612792,0.0
197.166487217,197.493438721,44.9446612792,0.0
460.207491115,373.760141636,44.9446612792,0.0
214.643614059,298.751169291,44.9446612792,0.0
50.8976475648,193.101585174,44.9446612792,0.0
114.845120197,316.193431962,44.9446612792,0.0
290.395728679,173.738909435,44.9446612792,0.0
118.428034959,56.5660300327,44.9446612792,0.0
236.85670279,67.4993700485,44.9446612792,0.0
@ 80 10 0.0873362445415 0.290500613217
435.875864068,243.302092865,32.1224592289,0.0
390.798660289,462.845172478,32.1224592289,0.0
260.610379571,464.263556313,32.1224592289,0.0
56.5533538198,86.4435547886,32.1224592289,0.0
118.027988853,66.6380326927,32.1224592289,0.0
439.088607713,406.913871533,32.1224592289,0.0
305.921985407,357.028036787,32.1224592289,0.0
150.558336269,399.398216149,32.1224592289,0.0
176.893423005,278.5126103,32.1224592289,0.0
282.585373911,244.529989278,32.1224592289,0.0
196.375737684,58.8422455181,32.1224592289,0.0
397.744915892,309.722849212,32.1224592289,0.0
@ 90 10 0.0873362445415 0.148391287545
243.684745217,235.825382553,39.7653391431,0.0
167.595330651,383.344459953,39.7653391431,0.0
163.185848857,214.419520397,39.7653391431,0.0
186.465300184,301.836888948,39.7653391431,0.0
461.067422988,408.688378736,39.7653391431,0.0
322.014526373,369.980694729,39.7653391431,0.0
343.526125831,127.055949785,39.7653391431,0.0
459.548245952,302.046432906,39.7653391431,0.0
381.066096401,265.638984458,39.7653391431,0.0
53.4115434896,456.201415184,39.7653391431,0.0
92.6820393616,77.341151966,39.7653391431,0.0
235.549269541,430.00438783,39.7653391431,0.0
@ 100 10 0.0873362445415 0.227405105795
189.388267556,308.362867519,40.3644075057,0.0
164.399296655,96.1137970812,40.3644075057,0.0
245.706985646,471.454227728,40.3644075057,0.0
361.854753705,442.973061828,40.3644075057,0.0
369.894343358,337.414504089,40.3644075057,0.0
110.563674511,258.258842612,40.3644075057,0.0
415.572840541,178.121196173,40.3644075057,0.0
63.8616336671,328.593630042,40.3644075057,0.0
301.899588709,203.341146308,40.3644075057,0.0
454.277758194,101.533487991,40.3644075057,0.0
151.860347488,435.434454932,40.3644075057,0.0
457.314277249,349.000125518,40.3644075057,0.0
@ 110 10 0.0940354648039 0.234308473146
338.52867413,74.744452099,43.1185256283,0.0
465.158808977,46.4573068315,43.1185256283,0.0
202.113845601,83.5963428593,43.1185256283,0.0
232.056580647,294.692360186,43.1185256283,0.0
320.056031715,241.418878378,43.1185256283,0.0
378.440845281,412.704260089,43.1185256283,0.0
94.6177036746,324.949407387,43.1185256283,0.0
53.7612782888,412.591213181,43.1185256283,0.0
147.048534883,215.718789792,43.1185256283,0.0
65.650472511,147.210234889,43.1185256283,0.0
402.425205312,312.802278289,43.1185256283,0.0
389.579094026,176.492378216,43.1185256283,0.0
@ 120 10 0.0940354648039 0.267373668454
440.866433437,342.093090883,39.1380122457,0.0
272.35499595,134.688121203,39.1380122457,0.0
144.409598108,429.124509188,39.1380122457,0.0
308.002619307,431.859478361,39.1380122457,0.0
381.295319492,66.1077703319,39.1380122457,0.0
72.9378572051,348.822227844,39.1380122457,0.0
381.130018801,397.999797468,39.1380122457,0.0
149.217670217,142.815094798,39.1380122457,0.0
358.229910614,310.616045502,39.1380122457,0.0
123.540034437,245.747140221,39.1380122457,0.0
255.4076431,307.937711975,39.1380122457,0.0
102.152364689,60.4859962897,39.1380122457,0.0
@ 130 10 0.0940354648039 0.220286741847
170.440316495,456.332222456,44.5885416423,0.0
402.290015697,95.8869595464,44.5885416423,0.0
318.56669603,354.102511086,44.5885416423,0.0
51.758283891,148.434203438,44.5885416423,0.0
113.50948439,243.764327352,44.5885416423,0.0
413.242657126,423.639562779,44.5885416423,0.0
287.478612798,100.794702137,44.5885416423,0.0
378.94164733,246.025074528,44.5885416423,0.0
461.47596743,187.619710054,44.5885416423,0.0
206.092277318,241.020447157,44.5885416423,0.0
208.06582923,356.87756224,44.5885416423,0.0
435.307704378,318.248047353,44.5885416423,0.0
@ 140 10 0.0940354648039 0.2859152803
56.8980063863,419.323561191,39.5061634393,0.0
299.648628416,457.397393933,39.5061634393,0.0
420.448933162,392.042453934,39.5061634393,0.0
252.619204229,188.850460814,39.5061634393,0.0
352.016426519,49.9308316018,39.5061634393,0.0
195.057863201,125.359921851,39.5061634393,0.0
86.1398946862,284.522793235,39.5061634393,0.0
425.67155437,177.977317243,39.5061634393,0.0
388.464631637,302.185673953,39.5061634393,0.0
238.711967423,377.263203946,39.5061634393,0.0
46.4096873165,127.952666803,39.5061634393,0.0
173.955280107,44.4776762865,39.5061634393,0.0
@ 150 10 0.0940354648039 0.224450481893
291.573679576,235.664342241,47.2915616906,0.0
443.854930921,58.3687003367,47.2915616906,0.0
287.907738177,390.114654778,47.2915616906,0.0
183.121830506,462.596849821,47.2915616906,0.0
307.267912689,124.527574394,47.2915616906,0.0
190.289658801,292.941405169,47.2915616906,0.0
95.3120964825,356.019358283,47.2915616906,0.0
445.435634873,457.499748019,47.2915616906,0.0
120.982178117,165.292628072,47.2915616906,0.0
60.1959980154,244.874156125,47.2915616906,0.0
442.041306213,338.340266719,47.2915616906,0.0
437.685397328,225.04982193,47.2915616906,0.0
@ 160 10 0.0940354648039 0.321631178118
224.102335138,73.5793092365,39.0653649936,0.0
58.7790248711,141.032737582,39.0653649936,0.0
285.664948138,378.950214133,39.0653649936,0.0
348.905072399,231.263223713,39.0653649936,0.0
373.662704339,65.5714334696,39.0653649936,0.0
442.700147801,191.991571549,39.0653649936,0.0
145.067572424,147.621859694,39.0653649936,0.0
444.559463852,386.928810728,39.0653649936,0.0
51.9145034332,364.770130184,39.0653649936,0.0
73.0426655435,456.145901768,39.0653649936,0.0
320.717716299,137.338692046,39.0653649936,0.0
381.836945021,458.400103262,39.0653649936,0.0
@ 170 10 0.0940354648039 0.219469716499
368.705597992,80.1409870325,33.7131579306,0.0
465.530366782,410.276608084,33.7131579306,0.0
245.95071698,114.284892656,33.7131579306,0.0
301.390625841,256.2968717,33.7131579306,0.0
393.473857349,378.699746978,33.7131579306,0.0
96.9696828211,92.6599975117,33.7131579306,0.0
57.9361339121,288.629610135,33.7131579306,0.0
450.941943972,109.644974941,33.7131579306,0.0
366.127170298,207.805448025,33.7131579306,0.0
171.12629321,63.6952270535,33.7131579306,0.0
386.463452078,286.82534526,33.7131579306,0.0
165.29842934,262.597980422,33.7131579306,0.0
@ 180 10 0.0940354648039 0.16345179716
365.693277346,234.186945794,40.8360706226,0.0
451.215261008,440.372242384,40.8360706226,0.0
449.766841514,278.62684361,40.8360706226,0.0
369.387619162,135.059773342,40.8360706226,0.0
167.394475239,282.233276928,40.8360706226,0.0
372.959636701,379.553931091,40.8360706226,0.0
208.02559722,87.8422128916,40.8360706226,0.0
215.670509137,429.141986078,40.8360706226,0.0
267.12441386,178.573076997,40.8360706226,0.0
270.742958255,269.214368543,40.8360706226,0.0
463.655739291,169.074226337,40.8360706226,0.0
300.084666432,61.6793777637,40.8360706226,0.0
@ 190 10 0.0940354648039 0.239816313365
468.544566958,143.296340189,37.3048743901,0.0
84.192106458,339.191223125,37.3048743901,0.0
260.146183912,216.37757478,37.3048743901,0.0
112.270796316,83.5869959254,37.3048743901,0.0
375.672429049,408.598054813,37.3048743901,0.0
207.309912937,433.847110162,37.3048743901,0.0
405.408815612,328.657113618,37.3048743901,0.0
320.537098972,350.132739385,37.3048743901,0.0
70.0243014135,251.126088567,37.3048743901,0.0
368.856616448,187.34381677,37.3048743901,0.0
462.863364451,454.641765156,37.3048743901,0.0
304.837078544,96.0514786372,37.3048743901,0.0
@ 200 10 0.0940354648039 0.200134515406
323.722766529,136.259437151,46.1156927423,0.0
62.4688220157,386.238882853,46.1156927423,0.0
427.408053134,138.735478111,46.1156927423,0.0
362.456392256,290.883246984,46.1156927423,0.0
384.830617566,55.7708530828,46.1156927423,0.0
415.038450553,392.26736367,46.1156927423,0.0
192.358745683,312.300200861,46.1156927423,0.0
155.174382594,182.97498458,46.1156927423,0.0
292.252479449,457.097435544,46.1156927423,0.0
277.775934771,253.136680774,46.1156927423,0.0
159.530523115,435.601826528,46.1156927423,0.0
72.2933698961,113.495688704,46.1156927423,0.0
@ 210 10 0.101847810272 0.305835787927
55.5711427071,226.923156237,41.272459025,0.0
49.3829051736,399.733164451,41.272459025,0.0
422.215533091,433.904789248,41.272459025,0.0
323.811781914,327.492843419,41.272459025,0.0
129.359340274,460.702950608,41.272459025,0.0
134.263467893,72.3341462374,41.272459025,0.0
204.321997135,373.995077802,41.272459025,0.0
456.320197885,170.335237574,41.272459025,0.0
213.344124543,195.805418659,41.272459025,0.0
45.549424164,140.280382724,41.272459025,0.0
448.139692117,354.547291362,41.272459025,0.0
300.012718507,459.832897405,41.272459025,0.0
@ 220 10 0.101847810272 0.244969220375
470.857119152,435.008130829,39.610716416,0.0
162.078736198,371.535445024,39.610716416,0.0
67.9342722462,304.57874206,39.610716416,0.0
104.331969839,454.625603017,39.610716416,0.0
279.883091121,379.715072932,39.610716416,0.0
333.772323253,183.150455514,39.610716416,0.0
186.813292249,150.033375139,39.610716416,0.0
125.788843273,73.7194041329,39.610716416,0.0
178.15662035,269.185471114,39.610716416,0.0
373.08752763,83.3594171309,39.610716416,0.0
414.604047869,267.850708437,39.610716416,0.0
47.2055011116,145.098083816,39.610716416,0.0
@ 230 10 0.101847810272 0.22564006937
265.363443127,270.99232593,38.0524580175,0.0
57.7252179039,197.180499439,38.0524580175,0.0
473.045078197,133.577801044,38.0524580175,0.0
70.1502881465,439.861127104,38.0524580175,0.0
341.579859065,399.70560061,38.0524580175,0.0
139.371899822,379.591124173,38.0524580175,0.0
468.875797303,385.117469008,38.0524580175,0.0
183.475137138,39.6949422533,38.0524580175,0.0
262.793789468,407.109247713,38.0524580175,0.0
42.8747692931,51.6076585995,38.0524580175,0.0
317.442559553,124.505802376,38.0524580175,0.0
443.765707082,255.715277488,38.0524580175,0.0
@ 240 10 0.101847810272 0.208236214851
64.0516162923,420.511795146,50.369546882,0.0
358.246983106,443.428434006,50.369546882,0.0
188.240483867,153.445171353,50.369546882,0.0
321.83128132,130.456721205,50.369546882,0.0
419.884316873,79.799425853,50.369546882,0.0
126.83879198,61.9754124709,50.369546882,0.0
300.100035697,356.544941119,50.369546882,0.0
458.20098045,177.088341971,50.369546882,0.0
250.099332254,460.941840274,50.369546882,0.0
425.438557277,304.553893542,50.369546882,0.0
109.17887378,296.564603031,50.369546882,0.0
283.335848517,248.484509028,50.369546882,0.0
@ 250 10 0.101847810272 0.364860558006
166.312873912,202.386397384,38.1830865227,0.0
472.089095333,118.686541229,38.1830865227,0.0
354.762180974,416.933062311,38.1830865227,0.0
77.6142617305,151.105521902,38.1830865227,0.0
428.158344853,221.778307238,38.1830865227,0.0
426.124808811,461.273794779,38.1830865227,0.0
169.91946373,47.120175913,38.1830865227,0.0
44.0856004087,380.848344956,38.1830865227,0.0
276.91634789,151.442754592,38.1830865227,0.0
308.562812187,291.318573263,38.1830865227,0.0
197.017695795,371.604594846,38.1830865227,0.0
73.0868056182,281.786814432,38.1830865227,0.0
@ 260 10 0.101847810272 0.209668357552
249.927079481,72.8248204057,37.1121306147,0.0
260.408499539,470.055350421,37.1121306147,0.0
422.985464413,208.330446659,37.1121306147,0.0
289.223622421,391.723016445,37.1121306147,0.0
222.937301456,144.444870823,37.1121306147,0.0
321.343469966,174.285731052,37.1121306147,0.0
419.333932994,341.096635682,37.1121306147,0.0
55.3049829979,204.669745675,37.1121306147,0.0
376.778284471,124.299687063,37.1121306147,0.0
65.4280571676,69.6523852661,37.1121306147,0.0
173.680371603,460.793128467,37.1121306147,0.0
191.321599775,387.618587702,37.1121306147,0.0
@ 270 10 0.101847810272 0.198071780685
65.1018258159,154.570710161,37.8678178281,0.0
154.620775969,428.848944701,37.8678178281,0.0
266.415031431,443.281232662,37.8678178281,0.0
125.510192388,245.095360045,37.8678178281,0.0
135.047711791,327.570484509,37.8678178281,0.0
174.367084709,137.420035569,37.8678178281,0.0
389.25766762,410.291590036,37.8678178281,0.0
282.389770731,141.575394252,37.8678178281,0.0
41.6590640673,311.713450777,37.8678178281,0.0
363.376334458,243.40067063,37.8678178281,0.0
232.78533381,214.518848793,37.8678178281,0.0
298.812154326,372.669613781,37.8678178281,0.0
@ 280 10 0.101847810272 0.206220287653
340.967595048,249.486643904,38.7521000548,0.0
427.132553387,61.6162442223,38.7521000548,0.0
182.282089477,325.320029353,38.7521000548,0.0
116.283697662,433.368961703,38.7521000548,0.0
218.903852308,152.638899036,38.7521000548,0.0
431.064006815,204.179279083,38.7521000548,0.0
349.422126479,467.59221682,38.7521000548,0.0
147.322197972,205.176289471,38.7521000548,0.0
303.485720825,357.223851159,38.7521000548,0.0
53.0134689819,233.637734107,38.7521000548,0.0
399.652291508,362.233410355,38.7521000548,0.0
241.111740188,461.670215079,38.7521000548,0.0
@ 290 10 0.101847810272 0.215963976532
361.388506283,465.158102696,40.7091381576,0.0
356.649577771,54.1773843677,40.7091381576,0.0
269.928096275,431.463011105,40.7091381576,0.0
116.889515965,266.687916554,40.7091381576,0.0
148.097860623,443.345474134,40.7091381576,0.0
453.128124178,441.041821619,40.7091381576,0.0
96.8567600086,158.999729189,40.7091381576,0.0
381.204163744,144.184081496,40.7091381576,0.0
303.45507707,219.348130024,40.7091381576,0.0
460.311872754,226.311696919,40.7091381576,0.0
144.890699854,87.6673982496,40.7091381576,0.0
372.331110138,354.058500611,40.7091381576,0.0
@ 300 10 0.101847810272 0.238327768281
433.475710729,277.270400448,37.4941420327,0.0
379.234478671,333.390857514,37.4941420327,0.0
375.845050462,214.976844216,37.4941420327,0.0
393.958474578,108.77124126,37.4941420327,0.0
257.481021487,39.4993794055,37.4941420327,0.0
173.11460405,174.330704207,37.4941420327,0.0
96.6054517514,71.2920603742,37.4941420327,0.0
248.823085861,411.056344791,37.4941420327,0.0
316.641149199,86.4667435299,37.4941420327,0.0
472.186303331,106.121067066,37.4941420327,0.0
140.360936577,304.185823216,37.4941420327,0.0
464.146851648,386.160336855,37.4941420327,0.0
@ 310 10 0.111075848937 0.202170446569
352.679546469,197.092827558,38.1441388738,0.0
59.2961529896,411.636437801,38.1441388738,0.0
378.928171944,119.871937029,38.1441388738,0.0
168.713833082,145.591959652,38.1441388738,0.0
319.806800554,426.351094987,38.1441388738,0.0
436.83556775,393.451028427,38.1441388738,0.0
55.2977780943,212.161680142,38.1441388738,0.0
121.115207258,345.742613989,38.1441388738,0.0
113.113882708,41.557142874,38.1441388738,0.0
276.427875919,295.003930713,38.1441388738,0.0
361.400272953,315.929315519,38.1441388738,0.0
300.496156347,71.1584030009,38.1441388738,0.0
@ 320 10 0.111075848937 0.20924084236
420.950660653,371.135535054,40.7633037396,0.0
160.93735432,41.1446983427,40.7633037396,0.0
363.69978512,224.28112443,40.7633037396,0.0
297.046549579,311.42192205,40.7633037396,0.0
57.92096151,412.535749515,40.7633037396,0.0
59.2929679741,249.749889408,40.7633037396,0.0
332.69357441,100.386266499,40.7633037396,0.0
73.8487966258,56.2735783018,40.7633037396,0.0
136.454391398,173.813236466,40.7633037396,0.0
280.906132349,228.019003633,40.7633037396,0.0
167.673602059,350.683528019,40.7633037396,0.0
455.840026646,258.85258855,40.7633037396,0.0
@ 330 10 0.111075848937 0.238962404679
57.7235089116,149.190493593,41.7247728491,0.0
97.7453690258,245.74942156,41.7247728491,0.0
280.39874997,126.590862684,41.7247728491,0.0
311.230592823,455.652620124,41.7247728491,0.0
464.661481907,395.306640189,41.7247728491,0.0
337.222155364,263.912810593,41.7247728491,0.0
376.242657,390.33738182,41.7247728491,0.0
131.778638594,354.011794825,41.7247728491,0.0
170.686394947,448.115027733,41.7247728491,0.0
150.428083232,73.4093476173,41.7247728491,0.0
403.898510165,202.414998595,41.7247728491,0.0
440.969865053,93.2122654895,41.7247728491,0.0
@ 340 10 0.111075848937 0.250367983829
465.889783368,193.706252063,44.8622715067,0.0
405.321137111,440.095693807,44.8622715067,0.0
180.679052322,313.480042956,44.8622715067,0.0
234.321677383,231.507977867,44.8622715067,0.0
123.773459623,464.824969382,44.8622715067,0.0
352.67020528,183.641486339,44.8622715067,0.0
141.221642923,200.508732194,44.8622715067,0.0
277.117169834,78.6289646143,44.8622715067,0.0
440.186603086,100.372456574,44.8622715067,0.0
288.836442426,374.9643654,44.8622715067,0.0
425.484243919,308.37397619,44.8622715067,0.0
73.3295435762,79.552225154,44.8622715067,0.0
@ 350 10 0.111075848937 0.289436533909
64.3562662413,58.75960874,42.8657099248,0.0
387.946282072,237.810949159,42.8657099248,0.0
340.294483096,46.2567708906,42.8657099248,0.0
136.885938163,285.962511493,42.8657099248,0.0
151.036807683,387.486895781,42.8657099248,0.0
343.393662264,325.989308322,42.8657099248,0.0
201.121946861,465.600742552,42.8657099248,0.0
235.282454265,287.445508805,42.8657099248,0.0
49.0411300198,412.420449203,42.8657099248,0.0
281.372013162,145.786974529,42.8657099248,0.0
385.141426745,128.904114906,42.8657099248,0.0
367.867209235,413.846117592,42.8657099248,0.0
@ 360 10 0.111075848937 0.264247490393
140.620163659,145.861672692,40.7664597325,0.0
440.723603798,263.210354122,40.7664597325,0.0
400.664636315,446.07190061,40.7664597325,0.0
66.4312856966,206.743575352,40.7664597325,0.0
145.260406435,378.124240242,40.7664597325,0.0
332.630429649,53.5906925006,40.7664597325,0.0
227.972617425,137.231391843,40.7664597325,0.0
288.445699162,460.807477705,40.7664597325,0.0
451.345945128,121.389903377,40.7664597325,0.0
49.0499237827,289.836308559,40.7664597325,0.0
72.9854930954,91.1216708011,40.7664597325,0.0
214.493235855,296.585126906,40.7664597325,0.0
@ 370 10 0.111075848937 0.2389994082
91.9453658583,41.2911717951,38.8582214029,0.0
171.485650247,154.483714475,38.8582214029,0.0
285.795777933,61.1712752722,38.8582214029,0.0
183.929327016,245.886688696,38.8582214029,0.0
200.198242075,468.065652268,38.8582214029,0.0
320.709764421,361.339257309,38.8582214029,0.0
315.285905663,160.616179006,38.8582214029,0.0
460.236942384,139.722055721,38.8582214029,0.0
244.322364004,343.417525867,38.8582214029,0.0
391.544880564,209.515514836,38.8582214029,0.0
328.659850737,269.742891437,38.8582214029,0.0
422.679258897,386.477978539,38.8582214029,0.0
@ 380 10 0.111075848937 0.217148416546
64.317656178,162.934046568,46.8346501107,0.0
205.747967143,64.1166250121,46.8346501107,0.0
389.083916831,459.239175189,46.8346501107,0.0
435.657663639,335.254658382,46.8346501107,0.0
110.902436231,277.231868802,46.8346501107,0.0
380.413855225,89.00891101,46.8346501107,0.0
104.202317124,77.6469312509,46.8346501107,0.0
206.98332488,311.296514082,46.8346501107,0.0
373.06813992,261.243598139,46.8346501107,0.0
256.920505214,451.231723904,46.8346501107,0.0
316.151086447,362.620448013,46.8346501107,0.0
274.537311855,178.665749849,46.8346501107,0.0
@ 390 10 0.111075848937 0.315446265399
294.919432102,38.5420740108,35.5313027085,0.0
348.231779553,146.327777557,35.5313027085,0.0
469.608030136,232.703996885,35.5313027085,0.0
58.3359904641,50.587239426,35.5313027085,0.0
219.145843107,331.572057801,35.5313027085,0.0
264.76571086,221.85853125,35.5313027085,0.0
141.828849098,308.715059331,35.5313027085,0.0
45.3346436444,155.206326698,35.5313027085,0.0
228.94130682,112.935233041,35.5313027085,0.0
278.849382689,442.329355681,35.5313027085,0.0
158.702009038,73.2753810635,35.5313027085,0.0
165.558876858,216.801519669,35.5313027085,0.0
@ 400 10 0.111075848937 0.181557038975
188.646836411,48.1040368216,39.78763556,0.0
458.386074649,42.9588733678,39.78763556,0.0
103.492219689,451.17248683,39.78763556,0.0
358.573871145,96.3622843231,39.78763556,0.0
230.35953231,185.619772873,39.78763556,0.0
75.8619626835,77.4113592723,39.78763556,0.0
364.808792738,465.087487457,39.78763556,0.0
69.5419381186,162.802951071,39.78763556,0.0
190.827584611,460.181072109,39.78763556,0.0
316.167963069,307.414691967,39.78763556,0.0
195.33303132,369.566619634,39.78763556,0.0
124.644572518,316.079640122,39.78763556,0.0
@ 410 10 0.122142732507 0.227660189273
176.936949621,111.427605775,42.4172410237,0.0
289.426854777,281.37787041,42.4172410237,0.0
276.531866423,448.890394213,42.4172410237,0.0
186.90347759,407.40863014,42.4172410237,0.0
88.2977288236,253.615301155,42.4172410237,0.0
379.587067566,406.205261463,42.4172410237,0.0
92.3153292469,407.721397699,42.4172410237,0.0
465.519592599,61.9970061959,42.4172410237,0.0
446.248893833,272.586400993,42.4172410237,0.0
265.143328341,122.213747672,42.4172410237,0.0
194.082108352,246.299386108,42.4172410237,0.0
423.225570035,155.296119181,42.4172410237,0.0
@ 420 10 0.122142732507 0.258747203007
459.490806295,213.409504548,41.0607790989,0.0
86.9734526939,308.399513495,41.0607790989,0.0
155.74147617,245.231574273,41.0607790989,0.0
253.758860316,49.6254842544,41.0607790989,0.0
63.8029399183,79.7032184279,41.0607790989,0.0
289.138044915,187.64053047,41.0607790989,0.0
467.445465687,373.522596615,41.0607790989,0.0
436.061436595,76.3810828602,41.0607790989,0.0
245.715713206,362.494121593,41.0607790989,0.0
53.1987045393,402.614291296,41.0607790989,0.0
91.1907117334,191.954480463,41.0607790989,0.0
367.15104566,312.4494025,41.0607790989,0.0
@ 430 10 0.122142732507 0.242462847387
341.424843566,71.4915991778,43.0405761397,0.0
87.0232232122,214.495416731,43.0405761397,0.0
368.380411635,349.695242527,43.0405761397,0.0
162.044649212,89.4799288304,43.0405761397,0.0
65.9760088025,338.07953354,43.0405761397,0.0
461.609092054,454.764799985,43.0405761397,0.0
293.84021075,267.586914868,43.0405761397,0.0
244.906472454,358.191425899,43.0405761397,0.0
198.444165268,439.054828695,43.0405761397,0.0
331.094067339,177.557649859,43.0405761397,0.0
71.0385439984,121.448636697,43.0405761397,0.0
54.3345114221,452.383287089,43.0405761397,0.0
@ 440 10 0.122142732507 0.266407828287
451.700004586,378.980613328,50.5050374824,0.0
396.538879029,160.708019877,50.5050374824,0.0
336.472438302,279.183068515,50.5050374824,0.0
281.056288206,401.520079699,50.5050374824,0.0
438.992778156,257.407333238,50.5050374824,0.0
204.524140875,306.127499431,50.5050374824,0.0
132.832876775,417.338804849,50.5050374824,0.0
261.770896784,138.10010594,50.5050374824,0.0
322.448237757,52.5405548296,50.5050374824,0.0
114.128912904,238.536635037,50.5050374824,0.0
452.599973779,63.0674726518,50.5050374824,0.0
59.9690618391,109.619464866,50.5050374824,0.0
@ 450 10 0.122142732507 0.366826097413
428.299457288,398.279766759,46.4991971134,0.0
319.536805894,249.34950222,46.4991971134,0.0
429.445093314,248.647182442,46.4991971134,0.0
240.427160389,67.3217336452,46.4991971134,0.0
65.2045038585,381.04958084,46.4991971134,0.0
365.047436476,162.226206884,46.4991971134,0.0
455.443685528,90.4739880582,46.4991971134,0.0
310.43595709,375.171208483,46.4991971134,0.0
207.617828266,449.123842437,46.4991971134,0.0
128.044122542,71.2200204072,46.4991971134,0.0
186.94553575,274.058717911,46.4991971134,0.0
75.0677281558,232.468932333,46.4991971134,0.0
@ 460 10 0.122142732507 0.310943682946
449.825422415,376.648026109,39.5983059274,0.0
373.690781579,213.087740047,39.5983059274,0.0
304.172829575,461.191011706,39.5983059274,0.0
433.991254549,102.060082239,39.5983059274,0.0
154.329543598,424.986932895,39.5983059274,0.0
130.25374915,158.304786528,39.5983059274,0.0
235.712334769,298.486799507,39.5983059274,0.0
84.4787292547,324.915518274,39.5983059274,0.0
65.0780684056,236.815126366,39.5983059274,0.0
139.705433941,58.2592883644,39.5983059274,0.0
65.4587145029,443.038284415,39.5983059274,0.0
318.374562957,67.7331951317,39.5983059274,0.0
@ 470 10 0.122142732507 0.225498700313
231.174569516,281.891398382,39.2538841949,0.0
72.6628199881,160.41589567,39.2538841949,0.0
126.545159986,65.1092340109,39.2538841949,0.0
431.20597269,314.326799821,39.2538841949,0.0
197.780265255,433.536806223,39.2538841949,0.0
40.9320735291,235.881034412,39.2538841949,0.0
314.497519293,307.685544619,39.2538841949,0.0
62.7679339204,332.1951973,39.2538841949,0.0
471.185413341,164.391009062,39.2538841949,0.0
46.1491978595,41.8411851673,39.2538841949,0.0
379.131398653,225.522912207,39.2538841949,0.0
334.465042699,93.4635590182,39.2538841949,0.0
@ 480 10 0.122142732507 0.221593033986
110.495804106,107.327306762,47.411828873,0.0
202.904594084,329.730309481,47.411828873,0.0
292.988334029,71.4090911026,47.411828873,0.0
279.730885415,442.07586726,47.411828873,0.0
342.447055362,293.178963911,47.411828873,0.0
213.043866757,128.015411815,47.411828873,0.0
209.297397948,231.827058291,47.411828873,0.0
418.75370811,211.65978947,47.411828873,0.0
165.356637635,453.342939967,47.411828873,0.0
396.598646302,70.3184651252,47.411828873,0.0
108.69628428,287.003061105,47.411828873,0.0
305.251901644,195.863830774,47.411828873,0.0
@ 490 10 0.122142732507 0.323269138881
417.818464789,277.836550706,47.1168280433,0.0
57.0229546962,447.088001306,47.1168280433,0.0
58.1282168342,348.998258392,47.1168280433,0.0
134.375363745,255.304430115,47.1168280433,0.0
423.215180542,98.2875460246,47.1168280433,0.0
163.660331556,437.70588034,47.1168280433,0.0
367.049772519,374.885196644,47.1168280433,0.0
220.547489412,336.457995091,47.1168280433,0.0
282.662911642,450.216412689,47.1168280433,0.0
294.721688651,277.121806421,47.1168280433,0.0
218.740415957,133.098810237,47.1168280433,0.0
312.754257424,162.074118641,47.1168280433,0.0
@ 500 10 0.122142732507 0.319258832487
223.340857848,331.045172919,40.288788446,0.0
237.75430817,87.3312917685,40.288788446,0.0
63.4260320423,306.178469229,40.288788446,0.0
371.075037132,190.089305318,40.288788446,0.0
368.559965385,328.621608318,40.288788446,0.0
47.1596000487,214.3528153,40.288788446,0.0
155.589636763,263.439206837,40.288788446,0.0
371.545391314,446.6374733,40.288788446,0.0
181.405792706,454.853374026,40.288788446,0.0
46.7832512888,437.361273321,40.288788446,0.0
439.398938118,380.65925586,40.288788446,0.0
149.838204323,114.512085256,40.288788446,0.0
@ 510 10 0.135658914729 0.233431384106
221.215162923,446.271180393,42.497978474,0.0
438.784706131,329.896210344,42.497978474,0.0
48.8466694372,43.6455206679,42.497978474,0.0
272.179750879,137.721389419,42.497978474,0.0
302.597902432,361.004082826,42.497978474,0.0
378.05047546,156.291122599,42.497978474,0.0
98.8721110819,435.586258375,42.497978474,0.0
60.0611084607,328.57139846,42.497978474,0.0
133.956479308,245.362434259,42.497978474,0.0
321.916513282,65.3197286428,42.497978474,0.0
391.357931416,432.996840857,42.497978474,0.0
250.82133236,251.270744019,42.497978474,0.0
@ 520 10 0.135658914729 0.259733145073
90.3315460207,72.8423605066,47.9578359805,0.0
276.403868908,48.177387676,47.9578359805,0.0
409.003866142,51.6588255759,47.9578359805,0.0
294.523284872,375.962044883,47.9578359805,0.0
135.337223166,338.024132143,47.9578359805,0.0
325.386383439,199.691932533,47.9578359805,0.0
225.377111883,248.39172956,47.9578359805,0.0
85.7246837424,433.714051392,47.9578359805,0.0
412.196945549,298.326948704,47.9578359805,0.0
428.708485689,159.629621322,47.9578359805,0.0
123.46761178,221.929985448,47.9578359805,0.0
227.591865814,455.520189845,47.9578359805,0.0
@ 530 10 0.135658914729 0.330757717309
131.769787721,56.3831721068,41.9840830383,0.0
448.719025133,289.471136709,41.9840830383,0.0
199.60787566,174.250649185,41.9840830383,0.0
94.2404603461,464.687385233,41.9840830383,0.0
181.055719406,434.691691954,41.9840830383,0.0
237.594776554,76.0027967484,41.9840830383,0.0
383.111686996,365.534600174,41.9840830383,0.0
457.089559201,50.3875688949,41.9840830383,0.0
355.735616417,151.895759672,41.9840830383,0.0
286.810050703,353.600291387,41.9840830383,0.0
107.245117963,247.025465746,41.9840830383,0.0
287.345384306,257.834898537,41.9840830383,0.0
@ 540 10 0.135658914729 0.253489616648
321.98289303,364.037051158,46.1109505764,0.0
279.587331562,459.13787319,46.1109505764,0.0
219.811993949,333.398014075,46.1109505764,0.0
429.066928419,300.695286585,46.1109505764,0.0
231.012092957,238.188472963,46.1109505764,0.0
84.6382160658,139.356409839,46.1109505764,0.0
410.472934955,95.4423323682,46.1109505764,0.0
369.750316235,223.299521234,46.1109505764,0.0
183.392308734,461.884269363,46.1109505764,0.0
68.1614581958,441.80632325,46.1109505764,0.0
67.2771518192,285.134997815,46.1109505764,0.0
412.428006045,444.522173987,46.1109505764,0.0
@ 550 10 0.135658914729 0.305772891789
307.311260873,241.384536907,46.9558944739,0.0
51.4515058963,135.595194281,46.9558944739,0.0
78.7583827133,456.57789187,46.9558944739,0.0
385.125918129,151.136712631,46.9558944739,0.0
445.866060527,66.2015335107,46.9558944739,0.0
361.817311818,461.646948489,46.9558944739,0.0
227.895410657,422.62453595,46.9558944739,0.0
431.9423532,262.732701497,46.9558944739,0.0
173.376264477,70.14282422,46.9558944739,0.0
356.011827697,343.343390835,46.9558944739,0.0
100.608429101,293.769994504,46.9558944739,0.0
209.263133836,228.690363131,46.9558944739,0.0
@ 560 10 0.135658914729 0.317081618145
305.61716543,68.7073687197,45.5135192473,0.0
269.380349547,180.190209693,45.5135192473,0.0
101.378379499,97.9645583253,45.5135192473,0.0
50.2358877846,249.006286519,45.5135192473,0.0
369.608683275,155.593972635,45.5135192473,0.0
376.603274115,260.724048275,45.5135192473,0.0
462.714506024,162.895355226,45.5135192473,0.0
109.44328627,360.373278078,45.5135192473,0.0
368.886870846,369.754164227,45.5135192473,0.0
252.693964458,294.769960674,45.5135192473,0.0
219.883473244,395.732150144,45.5135192473,0.0
133.988077738,464.927584829,45.5135192473,0.0
@ 570 10 0.135658914729 0.297900797311
445.617727668,456.309833126,49.5766735054,0.0
448.972106711,199.433452218,49.5766735054,0.0
315.751970527,449.25391588,49.5766735054,0.0
423.752821857,65.9326274941,49.5766735054,0.0
83.6508978818,284.101694994,49.5766735054,0.0
185.982212352,445.395334864,49.5766735054,0.0
225.764969435,119.193305558,49.5766735054,0.0
181.610355316,211.693061385,49.5766735054,0.0
70.7023356066,114.1390069,49.5766735054,0.0
372.945925521,355.170644812,49.5766735054,0.0
97.4694038105,386.403685779,49.5766735054,0.0
248.568918148,338.498389551,49.5766735054,0.0
@ 580 10 0.135658914729 0.35346433234
376.208857138,78.0076928881,45.5022661968,0.0
223.579661794,107.144170437,45.5022661968,0.0
156.278186652,327.109799497,45.5022661968,0.0
336.33954585,278.539448539,45.5022661968,0.0
450.485675958,357.799460645,45.5022661968,0.0
240.914954993,443.628139825,45.5022661968,0.0
456.982392026,231.458215571,45.5022661968,0.0
52.365976116,65.9983910907,45.5022661968,0.0
89.0234517196,172.502728595,45.5022661968,0.0
356.789845878,416.439951526,45.5022661968,0.0
47.8009523922,332.111491455,45.5022661968,0.0
246.442085788,298.614979416,45.5022661968,0.0
@ 590 10 0.135658914729 0.297753505764
416.674125283,74.3851669964,38.5619713753,0.0
162.83055777,468.864642457,38.5619713753,0.0
302.691158915,127.336381244,38.5619713753,0.0
42.4612117177,420.120117942,38.5619713753,0.0
93.2157688183,200.749139427,38.5619713753,0.0
458.767804086,376.066915593,38.5619713753,0.0
438.635920072,277.549431746,38.5619713753,0.0
252.903272369,313.838128211,38.5619713753,0.0
234.588220866,55.1920256279,38.5619713753,0.0
149.620940977,143.179455015,38.5619713753,0.0
63.2013370187,279.560487424,38.5619713753,0.0
318.96111211,443.662933522,38.5619713753,0.0
@ 600 10 0.135658914729 0.213850015361
261.118032796,92.2567667896,47.6793553714,0.0
359.164748917,342.025649309,47.6793553714,0.0
250.293752235,195.336340359,47.6793553714,0.0
147.566782873,120.316364215,47.6793553714,0.0
382.38728631,58.0641417756,47.6793553714,0.0
450.632103627,156.929824612,47.6793553714,0.0
452.35755913,394.694357884,47.6793553714,0.0
162.000598232,233.412689738,47.6793553714,0.0
82.5992816025,423.703427534,47.6793553714,0.0
354.203808462,209.999223449,47.6793553714,0.0
49.7350568103,139.902152076,47.6793553714,0.0
345.130232633,443.461250417,47.6793553714,0.0
@ 610 10 0.152538679451 0.326927595345
458.965817238,429.00503436,46.7479520725,0.0
274.749047746,460.975009747,46.7479520725,0.0
332.130439641,144.556925989,46.7479520725,0.0
424.389221132,164.748632478,46.7479520725,0.0
408.868316886,49.5144021823,46.7479520725,0.0
154.500164829,320.182601375,46.7479520725,0.0
48.2110087709,442.661446212,46.7479520725,0.0
234.682374561,137.845623329,46.7479520725,0.0
77.3240929143,156.696807622,46.7479520725,0.0
169.364347801,422.521605717,46.7479520725,0.0
309.991906572,296.785105809,46.7479520725,0.0
286.072586421,54.199409996,46.7479520725,0.0
@ 620 10 0.152538679451 0.314279468631
352.618562613,51.9823164606,45.8782476122,0.0
451.723266861,369.422769206,45.8782476122,0.0
267.956042383,131.282115552,45.8782476122,0.0
124.075676715,439.515218453,45.8782476122,0.0
453.171877537,116.913409646,45.8782476122,0.0
428.22170293,243.583438527,45.8782476122,0.0
57.9086488828,325.391782473,45.8782476122,0.0
150.005554389,105.453387752,45.8782476122,0.0
275.529230928,416.284539501,45.8782476122,0.0
320.064276255,325.803004598,45.8782476122,0.0
175.190298992,201.261281812,45.8782476122,0.0
384.533699971,463.370353336,45.8782476122,0.0
@ 630 10 0.152538679451 0.30269445969
161.487535785,45.8098444853,40.839665877,0.0
262.755317738,391.368951844,40.839665877,0.0
405.569929141,414.96452851,40.839665877,0.0
296.914802825,272.319861527,40.839665877,0.0
313.14718651,45.3050250622,40.839665877,0.0
83.9870507605,74.2935796205,40.839665877,0.0
191.481390684,309.092915205,40.839665877,0.0
470.109337551,260.120862556,40.839665877,0.0
390.977730948,328.17780029,40.839665877,0.0
223.738100461,164.898460209,40.839665877,0.0
109.941902193,450.49485092,40.839665877,0.0
436.626274761,148.399435444,40.839665877,0.0
@ 640 10 0.152538679451 0.23985854263
172.568913438,437.805243024,46.2350310822,0.0
371.292960127,117.008028378,46.2350310822,0.0
377.455130008,291.945837388,46.2350310822,0.0
274.525436177,325.667985039,46.2350310822,0.0
462.087642754,74.7070368512,46.2350310822,0.0
145.405545581,341.337407213,46.2350310822,0.0
455.615009826,238.359037391,46.2350310822,0.0
378.502144278,445.118446129,46.2350310822,0.0
64.1980004459,78.3317924194,46.2350310822,0.0
157.432856751,88.789361836,46.2350310822,0.0
459.39739013,398.194246058,46.2350310822,0.0
72.9269934569,420.27108124,46.2350310822,0.0
@ 650 10 0.152538679451 0.307420721721
131.722284899,113.504359107,45.2733791335,0.0
228.290135342,463.192079593,45.2733791335,0.0
335.849475134,428.88640708,45.2733791335,0.0
54.498820533,48.5239097539,45.2733791335,0.0
419.580268123,74.8177704141,45.2733791335,0.0
404.286376732,364.777401206,45.2733791335,0.0
200.47846208,316.848697553,45.2733791335,0.0
109.485570372,371.144234263,45.2733791335,0.0
380.920668571,183.279316168,45.2733791335,0.0
73.2642381742,196.994511315,45.2733791335,0.0
299.08529826,247.829868031,45.2733791335,0.0
236.887798979,155.937109792,45.2733791335,0.0
@ 660 10 0.152538679451 0.294765500062
123.193585234,449.340268224,43.4138028977,0.0
110.887315293,126.87252363,43.4138028977,0.0
332.606386255,417.064218754,43.4138028977,0.0
460.93858766,60.2926288186,43.4138028977,0.0
235.947586169,406.761126716,43.4138028977,0.0
113.785784821,245.297066939,43.4138028977,0.0
455.093566324,294.734000005,43.4138028977,0.0
323.487069944,312.055201668,43.4138028977,0.0
217.120066945,286.280742851,43.4138028977,0.0
285.533649343,101.056195198,43.4138028977,0.0
367.610006867,133.474831509,43.4138028977,0.0
200.298958266,174.113154923,43.4138028977,0.0
@ 670 10 0.152538679451 0.271048176785
88.2297520837,413.279013873,46.2214434941,0.0
224.737312934,129.45591003,46.2214434941,0.0
170.779215436,262.942543018,46.2214434941,0.0
123.54965975,75.3394154488,46.2214434941,0.0
460.37121994,345.283637943,46.2214434941,0.0
431.98811062,198.842764676,46.2214434941,0.0
293.891645391,315.56808712,46.2214434941,0.0
437.059940015,450.751899262,46.2214434941,0.0
62.9355948853,206.867777115,46.2214434941,0.0
408.633246615,62.5835588961,46.2214434941,0.0
321.186303276,171.383460607,46.2214434941,0.0
88.9896641524,307.986293431,46.2214434941,0.0
@ 680 10 0.152538679451 0.307240058174
421.745336374,439.808923606,48.3817386925,0.0
388.895745534,64.1064392126,48.3817386925,0.0
61.2996336393,440.551408813,48.3817386925,0.0
295.370150366,415.855632875,48.3817386925,0.0
462.430646719,173.991601054,48.3817386925,0.0
325.948024027,212.914929968,48.3817386925,0.0
203.084119873,329.929916162,48.3817386925,0.0
298.382652265,106.441144297,48.3817386925,0.0
136.474217948,121.66785034,48.3817386925,0.0
49.7382966637,75.7306596838,48.3817386925,0.0
414.72972101,289.23364915,48.3817386925,0.0
67.2726311657,196.869975597,48.3817386925,0.0
@ 690 10 0.152538679451 0.336630740958
357.770266568,320.366326503,41.9932971943,0.0
301.817901839,124.522802131,41.9932971943,0.0
114.727345047,266.705123734,41.9932971943,0.0
269.375420619,307.027512674,41.9932971943,0.0
62.4984580177,144.109540427,41.9932971943,0.0
220.01990411,453.947407655,41.9932971943,0.0
369.871630362,224.131862473,41.9932971943,0.0
206.977000838,96.2879219547,41.9932971943,0.0
279.788865761,394.292896602,41.9932971943,0.0
49.1998148062,415.293703508,41.9932971943,0.0
437.788677131,279.265008343,41.9932971943,0.0
165.528416475,189.868777688,41.9932971943,0.0
@ 700 10 0.152538679451 0.253600894495
375.240616322,215.844501655,44.2232944961,0.0
444.403556551,46.8198218844,44.2232944961,0.0
363.635351039,124.126992029,44.2232944961,0.0
155.84925014,365.126339584,44.2232944961,0.0
59.9727536249,386.134954444,44.2232944961,0.0
348.690886211,419.040414758,44.2232944961,0.0
62.4225641832,235.107482101,44.2232944961,0.0
188.668429842,174.496432098,44.2232944961,0.0
264.417100793,246.052829887,44.2232944961,0.0
268.903844869,371.104832651,44.2232944961,0.0
268.034271952,127.609559349,44.2232944961,0.0
442.522225287,456.286410862,44.2232944961,0.0
@ 710 10 0.174216027875 0.281250314006
272.328055109,169.405354733,42.3230049275,0.0
295.051853211,426.508780286,42.3230049275,0.0
202.685019867,252.535078523,42.3230049275,0.0
215.649807459,77.1279975019,42.3230049275,0.0
290.640440644,255.936783711,42.3230049275,0.0
147.635777059,461.233989352,42.3230049275,0.0
429.165060791,321.967138375,42.3230049275,0.0
114.811039168,87.1319833238,42.3230049275,0.0
156.099477958,341.868113362,42.3230049275,0.0
410.580145787,443.579123252,42.3230049275,0.0
50.3392961433,198.90205926,42.3230049275,0.0
409.559036159,136.812242618,42.3230049275,0.0
@ 720 10 0.174216027875 0.257598790703
203.584357701,77.7370242293,50.4441545217,0.0
184.492462909,192.347471543,50.4441545217,0.0
344.964634023,447.87075152,50.4441545217,0.0
417.511025019,372.573660203,50.4441545217,0.0
312.99845242,98.8155279074,50.4441545217,0.0
302.641376129,310.049454019,50.4441545217,0.0
65.6165631046,450.592622753,50.4441545217,0.0
172.859046476,331.534715432,50.4441545217,0.0
76.077566787,95.2629121701,50.4441545217,0.0
72.1393604694,236.502869675,50.4441545217,0.0
224.576513292,447.60444087,50.4441545217,0.0
461.318669055,223.225182362,50.4441545217,0.0
@ 730 10 0.174216027875 0.365942225281
154.467869642,435.45160147,49.8650694326,0.0
174.414352374,288.725364193,49.8650694326,0.0
193.77757619,180.710890199,49.8650694326,0.0
62.6367098844,61.9109692749,49.8650694326,0.0
191.541692647,50.7610542887,49.8650694326,0.0
71.3310934666,237.89277259,49.8650694326,0.0
447.106198847,359.859319466,49.8650694326,0.0
79.159902433,339.931969895,49.8650694326,0.0
363.982018417,437.163726449,49.8650694326,0.0
300.957367761,65.2229948212,49.8650694326,0.0
345.147347993,255.644953503,49.8650694326,0.0
445.670867365,92.9642528804,49.8650694326,0.0
@ 740 10 0.174216027875 0.357588617453
342.401439322,366.091146068,50.0457015738,0.0
56.5087107626,406.001940862,50.0457015738,0.0
249.331393843,189.592573547,50.0457015738,0.0
180.098888386,376.957752565,50.0457015738,0.0
354.385266106,238.508203114,50.0457015738,0.0
461.206279265,89.7574446575,50.0457015738,0.0
445.884863719,192.170648149,50.0457015738,0.0
444.728643193,443.14340089,50.0457015738,0.0
268.765158643,438.372387778,50.0457015738,0.0
454.631338358,327.117497859,50.0457015738,0.0
350.925498748,117.905223108,50.0457015738,0.0
164.940808246,115.239060727,50.0457015738,0.0
@ 750 10 0.174216027875 0.360183980821
295.036420895,150.433547418,48.4104776089,0.0
70.956853927,319.017145718,48.4104776089,0.0
379.547412563,80.7027633262,48.4104776089,0.0
455.326954679,181.009166984,48.4104776089,0.0
155.486115696,110.061665897,48.4104776089,0.0
189.220392629,310.41982509,48.4104776089,0.0
259.424095636,380.176441452,48.4104776089,0.0
178.916466722,211.486922599,48.4104776089,0.0
73.065132297,439.766681679,48.4104776089,0.0
422.255670913,362.892783078,48.4104776089,0.0
389.555033081,455.760312558,48.4104776089,0.0
54.0255285263,208.654431278,48.4104776089,0.0
@ 760 10 0.174216027875 0.337030779332
200.785248195,292.236925539,45.5743595576,0.0
154.150966906,119.021680989,45.5743595576,0.0
90.4124864551,234.104206835,45.5743595576,0.0
310.331815431,445.927138115,45.5743595576,0.0
368.25679102,62.7755869254,45.5743595576,0.0
329.119638266,305.97777384,45.5743595576,0.0
306.556753204,162.94023396,45.5743595576,0.0
59.7852007602,51.2077768359,45.5743595576,0.0
424.977654549,319.030100628,45.5743595576,0.0
47.8790378491,406.737468278,45.5743595576,0.0
463.587400094,462.195224735,45.5743595576,0.0
262.539686525,73.4283033193,45.5743595576,0.0
@ 770 10 0.174216027875 0.298697768899
322.655464872,72.0947365308,47.3639693353,0.0
357.314007808,373.501490796,47.3639693353,0.0
387.109576684,249.619265689,47.3639693353,0.0
300.594473996,450.700828252,47.3639693353,0.0
459.353925243,49.7477967119,47.3639693353,0.0
47.643016675,215.862256151,47.3639693353,0.0
67.8356372173,436.811770427,47.3639693353,0.0
400.518149471,139.772615175,47.3639693353,0.0
111.255776,69.7540470827,47.3639693353,0.0
459.501515394,343.654602681,47.3639693353,0.0
272.58276497,160.452924552,47.3639693353,0.0
150.44076479,266.410955437,47.3639693353,0.0
@ 780 10 0.174216027875 0.322616824761
350.528386413,190.296402118,48.1868267377,0.0
116.630722702,252.834413136,48.1868267377,0.0
350.131853413,297.586307105,48.1868267377,0.0
183.55365432,170.032171001,48.1868267377,0.0
202.313462226,431.873111418,48.1868267377,0.0
454.494501653,404.935398279,48.1868267377,0.0
377.204969827,82.7984920843,48.1868267377,0.0
463.425513342,278.304225372,48.1868267377,0.0
277.01117687,58.7892928467,48.1868267377,0.0
53.9626777438,458.833774115,48.1868267377,0.0
348.752937803,435.982730989,48.1868267377,0.0
240.277517897,261.926587846,48.1868267377,0.0
@ 790 10 0.174216027875 0.333923885368
176.745959645,420.545763265,45.4443630338,0.0
60.761350617,443.589174873,45.4443630338,0.0
365.107695747,60.3224080807,45.4443630338,0.0
265.64065768,370.939169168,45.4443630338,0.0
127.065239369,339.736106825,45.4443630338,0.0
414.162041859,369.658309756,45.4443630338,0.0
204.255906202,124.140836143,45.4443630338,0.0
67.7700458195,136.308813862,45.4443630338,0.0
307.189911999,192.152047066,45.4443630338,0.0
426.329768995,134.137474853,45.4443630338,0.0
88.9567881609,46.0534695084,45.4443630338,0.0
453.349320079,228.76897704,45.4443630338,0.0
@ 800 10 0.174216027875 0.296996185244
347.91409043,455.032654857,54.0864129789,0.0
86.7208913962,173.756909564,54.0864129789,0.0
444.893206974,79.6648581106,54.0864129789,0.0
328.956136976,164.765573479,54.0864129789,0.0
212.394589575,211.10850547,54.0864129789,0.0
416.074805666,342.417019284,54.0864129789,0.0
256.802152123,63.2213756176,54.0864129789,0.0
131.42807847,54.6454041398,54.0864129789,0.0
446.883241932,198.449221111,54.0864129789,0.0
66.1649618772,351.677408667,54.0864129789,0.0
300.48234414,343.331169978,54.0864129789,0.0
224.59308869,448.335759003,54.0864129789,0.0
@ 810 10 0.203075137801 0.420694844382
194.997841406,279.777621081,47.4760959119,0.0
160.347818219,63.7782111759,47.4760959119,0.0
130.928644504,178.533724953,47.4760959119,0.0
318.990650734,320.536509258,47.4760959119,0.0
61.8047896626,319.748372517,47.4760959119,0.0
227.525258404,157.195079407,47.4760959119,0.0
456.855381475,256.678086698,47.4760959119,0.0
372.101693169,80.4786918387,47.4760959119,0.0
359.658601371,182.269312319,47.4760959119,0.0
304.647035645,431.889712911,47.4760959119,0.0
102.122764474,416.482914579,47.4760959119,0.0
412.512168817,341.872580393,47.4760959119,0.0
@ 820 10 0.203075137801 0.324146119648
329.265490548,73.2188528564,48.1893577554,0.0
219.363303419,287.676907024,48.1893577554,0.0
75.5019078838,395.5059332,48.1893577554,0.0
175.532570278,428.460936524,48.1893577554,0.0
199.388944154,67.6848451992,48.1893577554,0.0
278.036711514,370.921651371,48.1893577554,0.0
353.221380617,215.392034744,48.1893577554,0.0
428.683327775,280.593035627,48.1893577554,0.0
228.26100314,175.701861058,48.1893577554,0.0
112.56567782,282.044655091,48.1893577554,0.0
439.171931848,133.099686044,48.1893577554,0.0
78.109953725,74.9687156488,48.1893577554,0.0
@ 830 10 0.203075137801 0.333958965057
74.785797223,410.06846538,50.1409850743,0.0
237.910485965,226.846329794,50.1409850743,0.0
95.2069590679,92.9144415464,50.1409850743,0.0
116.456597326,208.005068199,50.1409850743,0.0
368.933595672,221.819420223,50.1409850743,0.0
201.653546433,130.818861212,50.1409850743,0.0
310.769387713,104.722735281,50.1409850743,0.0
404.923230502,420.387999733,50.1409850743,0.0
205.120283423,335.27811464,50.1409850743,0.0
458.146122646,106.133863793,50.1409850743,0.0
303.576807861,413.615325189,50.1409850743,0.0
343.26732213,319.448838161,50.1409850743,0.0
@ 840 10 0.203075137801 0.361556816468
96.249329533,285.264074714,47.4591041298,0.0
455.354190913,335.212743569,47.4591041298,0.0
268.035300989,71.7745588035,47.4591041298,0.0
180.037512924,142.022212672,47.4591041298,0.0
310.143078646,258.487149936,47.4591041298,0.0
459.622078713,227.841284865,47.4591041298,0.0
248.304456784,436.892063161,47.4591041298,0.0
86.5114486237,47.8055594822,47.4591041298,0.0
401.057885439,456.276265487,47.4591041298,0.0
123.946868853,381.544341564,47.4591041298,0.0
400.12489328,86.6475460677,47.4591041298,0.0
74.6694943085,176.603951831,47.4591041298,0.0
@ 850 10 0.203075137801 0.323914136184
454.343161644,304.742214937,49.096107772,0.0
156.923048442,206.958169819,49.096107772,0.0
332.767272737,317.880331253,49.096107772,0.0
419.86592959,445.024695085,49.096107772,0.0
98.0420139823,114.247855064,49.096107772,0.0
302.489359314,77.2678339248,49.096107772,0.0
417.037547685,63.9751057917,49.096107772,0.0
148.56543551,316.90737285,49.096107772,0.0
123.497898564,440.678722963,49.096107772,0.0
52.0500950402,356.075237567,49.096107772,0.0
289.112962377,415.792480671,49.096107772,0.0
198.582557939,66.6784888952,49.096107772,0.0
@ 860 10 0.203075137801 0.346645013445
65.5661676131,451.586117491,46.8330224597,0.0
435.194923884,281.10800587,46.8330224597,0.0
64.5099711879,98.2780768792,46.8330224597,0.0
294.458960869,139.387413843,46.8330224597,0.0
314.878363542,277.921253576,46.8330224597,0.0
171.773201794,304.183243591,46.8330224597,0.0
160.39920528,74.8963602099,46.8330224597,0.0
414.490318973,171.757790179,46.8330224597,0.0
393.372224461,461.179205648,46.8330224597,0.0
266.025771794,463.172115214,46.8330224597,0.0
100.976519437,189.932309013,46.8330224597,0.0
159.701476285,407.451986372,46.8330224597,0.0
@ 870 10 0.203075137801 0.315424340285
349.812078517,385.551495352,43.7148639807,0.0
47.1859706731,272.625860099,43.7148639807,0.0
467.777327469,162.382235513,43.7148639807,0.0
273.154732369,159.153672571,43.7148639807,0.0
146.96230979,76.8861428299,43.7148639807,0.0
217.619818732,405.989940346,43.7148639807,0.0
91.3929639687,422.234779714,43.7148639807,0.0
144.804668713,217.981967584,43.7148639807,0.0
445.630249627,67.7202031432,43.7148639807,0.0
354.765209235,211.349083745,43.7148639807,0.0
441.334631952,398.325325167,43.7148639807,0.0
284.882436123,467.719018163,43.7148639807,0.0
@ 880 10 0.203075137801 0.274820479348
173.768827313,75.0596897372,43.8000227585,0.0
316.774711634,210.722090679,43.8000227585,0.0
57.7411525445,62.5342458654,43.8000227585,0.0
395.268717413,86.4667758197,43.8000227585,0.0
424.693684725,405.565167736,43.8000227585,0.0
226.820328912,149.808706741,43.8000227585,0.0
335.564959278,436.170060131,43.8000227585,0.0
450.807232011,160.165991559,43.8000227585,0.0
266.184237591,62.3457313191,43.8000227585,0.0
268.007356962,310.977393958,43.8000227585,0.0
226.392824065,391.923022849,43.8000227585,0.0
45.9747033745,303.723491196,43.8000227585,0.0
@ 890 10 0.203075137801 0.275892250801
318.169510182,294.389440194,46.6009587548,0.0
424.664469798,221.846031516,46.6009587548,0.0
252.150918216,463.349499718,46.6009587548,0.0
210.786513359,232.031772156,46.6009587548,0.0
49.8929834658,287.688542063,46.6009587548,0.0
220.080012886,326.055333483,46.6009587548,0.0
462.411955675,403.354580338,46.6009587548,0.0
65.7933161523,385.452576691,46.6009587548,0.0
162.659642152,408.222014712,46.6009587548,0.0
180.938724304,98.7168481932,46.6009587548,0.0
379.203606706,131.114188711,46.6009587548,0.0
65.8360448539,99.0611611079,46.6009587548,0.0
@ 900 10 0.203075137801 0.312306147906
446.219932058,120.981716308,48.392549271,0.0
417.397670756,264.217714357,48.392549271,0.0
198.640134723,329.529078493,48.392549271,0.0
129.150642925,53.5192898438,48.392549271,0.0
173.012063558,215.188291247,48.392549271,0.0
58.4443520403,366.423306096,48.392549271,0.0
333.978342415,71.3304325881,48.392549271,0.0
280.722733721,393.098639409,48.392549271,0.0
103.845311644,455.809435839,48.392549271,0.0
327.20040083,215.913544283,48.392549271,0.0
50.9177974554,174.27235037,48.392549271,0.0
373.733295451,355.996532768,48.392549271,0.0
@ 910 10 0.243393602225 0.336781193576
451.00531715,335.245093709,51.9970899541,0.0
240.519781828,455.981660434,51.9970899541,0.0
65.4482680524,283.606806946,51.9970899541,0.0
405.387369959,119.075119668,51.9970899541,0.0
63.8181068972,165.748003637,51.9970899541,0.0
128.189447396,54.8248498243,51.9970899541,0.0
253.37566716,68.37749933,51.9970899541,0.0
272.828574622,195.211273354,51.9970899541,0.0
192.496081543,268.416569391,51.9970899541,0.0
340.547664581,324.93116494,51.9970899541,0.0
380.714327614,220.336160689,51.9970899541,0.0
399.714970097,442.638717305,51.9970899541,0.0
@ 920 10 0.243393602225 0.388820278967
396.890403553,451.348443607,48.7310666659,0.0
463.176396097,150.255933462,48.7310666659,0.0
52.9604484457,68.1926279833,48.7310666659,0.0
330.956970076,195.70711441,48.7310666659,0.0
381.269013031,342.36328582,48.7310666659,0.0
142.422330984,152.191194331,48.7310666659,0.0
303.433109246,418.855766032,48.7310666659,0.0
120.179528451,272.436575827,48.7310666659,0.0
269.495155749,53.1840126462,48.7310666659,0.0
367.965946764,64.8777953116,48.7310666659,0.0
84.706354928,459.670522132,48.7310666659,0.0
289.170387441,288.991079584,48.7310666659,0.0
@ 930 10 0.243393602225 0.34150940255
51.1987976384,144.58272801,49.5591954251,0.0
88.8095141679,439.001734498,49.5591954251,0.0
336.706440431,357.067875446,49.5591954251,0.0
98.6294471096,337.872263627,49.5591954251,0.0
425.294555389,53.4609073467,49.5591954251,0.0
281.612124818,196.430333513,49.5591954251,0.0
221.132173388,317.601131408,49.5591954251,0.0
415.982816861,219.999858946,49.5591954251,0.0
334.635667306,95.6401232435,49.5591954251,0.0
110.89854982,60.5122110281,49.5591954251,0.0
184.63665159,413.090838031,49.5591954251,0.0
461.892056149,450.482603803,49.5591954251,0.0
@ 940 10 0.243393602225 0.35321515108
148.557823937,156.935902341,45.8085022696,0.0
446.111098589,372.114631457,45.8085022696,0.0
256.086210056,151.318823935,45.8085022696,0.0
372.681708317,47.4789326106,45.8085022696,0.0
134.415695905,65.990840357,45.8085022696,0.0
442.666684246,188.533128902,45.8085022696,0.0
460.099823572,86.8541823754,45.8085022696,0.0
272.175978473,416.798295183,45.8085022696,0.0
157.478310401,435.05410668,45.8085022696,0.0
353.762283296,463.958910686,45.8085022696,0.0
106.703457817,298.687721118,45.8085022696,0.0
279.893691321,264.982844604,45.8085022696,0.0
@ 950 10 0.243393602225 0.30177483077
105.13015598,345.275063171,51.3797499688,0.0
384.762971651,345.65132158,51.3797499688,0.0
69.7423984981,448.238309674,51.3797499688,0.0
433.255348495,233.727880243,51.3797499688,0.0
75.8823103555,77.0739734338,51.3797499688,0.0
181.348397654,244.732295714,51.3797499688,0.0
319.351620785,450.895991497,51.3797499688,0.0
244.367459559,145.462277838,51.3797499688,0.0
196.452673801,452.876229732,51.3797499688,0.0
430.780791615,128.37291884,51.3797499688,0.0
63.4056878417,216.583577203,51.3797499688,0.0
268.064691109,337.620246011,51.3797499688,0.0
@ 960 10 0.243393602225 0.379642481079
335.086547564,57.0558683983,51.1839435417,0.0
78.664731817,71.2071159272,51.1839435417,0.0
443.01581209,205.095543423,51.1839435417,0.0
238.754246422,250.863951506,51.1839435417,0.0
452.111817281,447.945410204,51.1839435417,0.0
100.085014167,176.781009349,51.1839435417,0.0
206.072464925,374.431554544,51.1839435417,0.0
110.572672177,455.555545151,51.1839435417,0.0
312.920147865,453.390866354,51.1839435417,0.0
378.365052415,297.169991711,51.1839435417,0.0
64.7061278181,297.595392063,51.1839435417,0.0
213.83057311,97.5715518181,51.1839435417,0.0
@ 970 10 0.243393602225 0.37675438641
361.675857271,330.519111781,46.7035393026,0.0
221.857593857,359.127840157,46.7035393026,0.0
219.853778398,150.098729392,46.7035393026,0.0
57.5592745492,343.410398672,46.7035393026,0.0
308.305591644,85.786041148,46.7035393026,0.0
73.8979895511,460.450727256,46.7035393026,0.0
455.776940846,306.203334266,46.7035393026,0.0
196.552929816,55.0226669857,46.7035393026,0.0
277.891912515,257.654680151,46.7035393026,0.0
452.03449649,417.333041605,46.7035393026,0.0
125.983829153,134.100887055,46.7035393026,0.0
356.717730647,435.031592127,46.7035393026,0.0
@ 980 10 0.243393602225 0.313682591518
344.749179433,358.822856226,50.2396972027,0.0
278.236078607,116.465818301,50.2396972027,0.0
209.097442599,244.397875237,50.2396972027,0.0
332.895026249,220.21331291,50.2396972027,0.0
395.644356818,115.931683821,50.2396972027,0.0
195.860586457,372.114807585,50.2396972027,0.0
426.877902202,284.170112547,50.2396972027,0.0
148.601512986,141.782393344,50.2396972027,0.0
59.5579921555,359.233767854,50.2396972027,0.0
69.5420528517,61.4977099667,50.2396972027,0.0
456.73049473,439.656898752,50.2396972027,0.0
75.9377367626,239.452242843,50.2396972027,0.0
@ 990 10 0.243393602225 0.362981805394
220.469924889,107.936423347,50.0294304086,0.0
456.397345467,452.009839733,50.0294304086,0.0
316.315345649,373.83888845,50.0294304086,0.0
95.5570373923,81.2227113291,50.0294304086,0.0
216.693684913,326.345153802,50.0294304086,0.0
441.273131475,322.604459248,50.0294304086,0.0
221.650194863,432.457924268,50.0294304086,0.0
345.643502096,205.373901594,50.0294304086,0.0
423.270632435,113.720248749,50.0294304086,0.0
202.622772195,222.03609214,50.0294304086,0.0
88.2415677951,197.86191572,50.0294304086,0.0
78.5894029739,370.639529465,50.0294304086,0.0
@ 1000 10 0.243393602225 0.359949808449
437.586397033,187.55700435,50.516006732,0.0
333.938885547,112.584929538,50.516006732,0.0
219.797940602,122.672162458,50.516006732,0.0
317.901514062,460.962002899,50.516006732,0.0
82.3893598837,332.848825408,50.516006732,0.0
202.508505557,422.599955361,50.516006732,0.0
86.449045499,60.43688545,50.516006732,0.0
63.6973580599,212.394606772,50.516006732,0.0
460.152326354,325.702242367,50.516006732,0.0
344.879479621,355.645279047,50.516006732,0.0
298.998979247,209.057220076,50.516006732,0.0
447.545530684,431.837591462,50.516006732,0.0
@ 1010 10 0.303687635575 0.366985457516
70.6645708858,54.0229204844,48.065196619,0.0
456.397181567,170.599476661,48.065196619,0.0
462.596362723,309.289179245,48.065196619,0.0
50.1777897688,392.992198478,48.065196619,0.0
77.9561949398,264.80596176,48.065196619,0.0
155.178683445,450.536494397,48.065196619,0.0
176.18638069,344.841153758,48.065196619,0.0
264.931587239,264.095523963,48.065196619,0.0
313.284191471,115.79404465,48.065196619,0.0
188.211862175,121.655177059,48.065196619,0.0
410.307378571,412.090558496,48.065196619,0.0
386.94339582,246.650832543,48.065196619,0.0
@ 1020 10 0.303687635575 0.332240274083
165.563417314,269.366496082,48.190636446,0.0
328.72295137,315.579619223,48.190636446,0.0
374.923765496,65.9169055543,48.190636446,0.0
110.425696886,413.887802316,48.190636446,0.0
55.2734471563,205.975470918,48.190636446,0.0
233.337025926,94.8603904802,48.190636446,0.0
208.209529824,369.62314016,48.190636446,0.0
99.8870364319,67.786312602,48.190636446,0.0
443.161645775,143.972003681,48.190636446,0.0
52.7159729215,335.466696301,48.190636446,0.0
310.310367281,193.138834429,48.190636446,0.0
163.730894516,164.110080426,48.190636446,0.0
@ 1030 10 0.303687635575 0.333976688301
316.341255205,230.394133045,45.0736550509,0.0
378.102321263,438.814224563,45.0736550509,0.0
277.209139718,430.549454453,45.0736550509,0.0
80.7008841358,157.292435441,45.0736550509,0.0
190.622895055,187.448708462,45.0736550509,0.0
234.782629834,80.6265817854,45.0736550509,0.0
327.541914016,114.616551194,45.0736550509,0.0
130.911464059,410.564136427,45.0736550509,0.0
461.077578268,106.184216802,45.0736550509,0.0
52.8749142868,46.7404760368,45.0736550509,0.0
419.49696607,287.24939756,45.0736550509,0.0
303.048945361,341.475686903,45.0736550509,0.0
@ 1040 10 0.303687635575 0.292170513188
233.140321524,317.003117039,47.9799075111,0.0
340.64383653,341.219794168,47.9799075111,0.0
154.409201721,217.387842621,47.9799075111,0.0
75.3650786014,111.385610926,47.9799075111,0.0
439.293363914,209.48013404,47.9799075111,0.0
211.680087163,93.5416482049,47.9799075111,0.0
248.858841208,191.163614086,47.9799075111,0.0
309.450492775,70.2593054811,47.9799075111,0.0
80.762031838,393.49589928,47.9799075111,0.0
191.16110202,461.308198405,47.9799075111,0.0
411.119454524,70.9195319909,47.9799075111,0.0
75.0197702598,293.810865769,47.9799075111,0.0
@ 1050 10 0.303687635575 0.331062235176
288.902666512,451.722551831,54.7956388121,0.0
334.022710051,317.866253557,54.7956388121,0.0
213.679675603,245.322446099,54.7956388121,0.0
451.691879574,304.953851663,54.7956388121,0.0
67.2157403339,255.295787051,54.7956388121,0.0
167.699219541,389.476190758,54.7956388121,0.0
112.491797452,94.3200879582,54.7956388121,0.0
436.164214961,433.389132314,54.7956388121,0.0
222.842645424,69.3492243013,54.7956388121,0.0
436.911567325,162.868323348,54.7956388121,0.0
328.40744761,193.629231866,54.7956388121,0.0
375.398495925,64.5066040492,54.7956388121,0.0
@ 1060 10 0.303687635575 0.431800179598
244.578756053,171.370713632,45.4383006488,0.0
55.3500064644,103.527183576,45.4383006488,0.0
388.87689757,348.251293648,45.4383006488,0.0
405.034733177,66.18572066,45.4383006488,0.0
330.691425534,221.781955642,45.4383006488,0.0
175.057847647,334.478369986,45.4383006488,0.0
250.682730502,448.834120904,45.4383006488,0.0
269.312008971,70.3343719444,45.4383006488,0.0
435.098563088,181.882197485,45.4383006488,0.0
93.9227318924,457.718087445,45.4383006488,0.0
136.669297958,47.2544517465,45.4383006488,0.0
47.364268641,207.43809812,45.4383006488,0.0
@ 1070 10 0.303687635575 0.296916950548
257.461022621,411.584217644,47.0582435125,0.0
440.951924756,264.17725095,47.0582435125,0.0
56.8495563063,65.4228165479,47.0582435125,0.0
409.358589583,140.402426952,47.0582435125,0.0
396.451496253,350.041631879,47.0582435125,0.0
219.059738691,172.669585855,47.0582435125,0.0
148.9613477,289.525894206,47.0582435125,0.0
106.296037609,183.361973882,47.0582435125,0.0
61.3105716855,354.481988099,47.0582435125,0.0
246.288506328,308.128164859,47.0582435125,0.0
300.023301747,119.421273944,47.0582435125,0.0
163.975981439,433.972144252,47.0582435125,0.0
@ 1080 10 0.303687635575 0.318465400427
217.364646722,460.769684327,50.0082146447,0.0
114.77251068,298.800670439,50.0082146447,0.0
219.188440182,177.870204939,50.0082146447,0.0
372.270246684,250.781771356,50.0082146447,0.0
364.259753258,458.001216721,50.0082146447,0.0
74.9194473823,93.563224511,50.0082146447,0.0
258.595186967,69.5866646858,50.0082146447,0.0
324.846704739,365.755234931,50.0082146447,0.0
343.449838327,125.170062806,50.0082146447,0.0
461.49257009,337.527568468,50.0082146447,0.0
248.586725513,278.72492098,50.0082146447,0.0
432.997017255,169.928706883,50.0082146447,0.0
@ 1090 10 0.303687635575 0.359644588466
355.961088394,211.047648906,47.2829863599,0.0
396.097787142,409.86363477,47.2829863599,0.0
272.67426815,452.992015301,47.2829863599,0.0
455.807287467,70.5968436716,47.2829863599,0.0
54.1601326727,155.903088432,47.2829863599,0.0
165.313457617,175.825671192,47.2829863599,0.0
217.004788834,298.219009057,47.2829863599,0.0
415.004089624,311.446190618,47.2829863599,0.0
280.771519735,110.666570685,47.2829863599,0.0
162.797030877,432.846923565,47.2829863599,0.0
59.5825342945,322.638018591,47.2829863599,0.0
460.194538502,207.838994536,47.2829863599,0.0
@ 1100 10 0.303687635575 0.321514546585
388.966263663,204.652992647,54.5169709878,0.0
246.581200632,113.28605508,54.5169709878,0.0
84.9999885135,413.073430749,54.5169709878,0.0
432.474650926,442.645259079,54.5169709878,0.0
194.899955163,214.261202645,54.5169709878,0.0
181.910464273,348.808913651,54.5169709878,0.0
283.664382729,302.437524779,54.5169709878,0.0
396.971793313,94.2275686357,54.5169709878,0.0
66.0885717131,56.1387861711,54.5169709878,0.0
65.1940091543,298.455095432,54.5169709878,0.0
439.517230862,302.243214627,54.5169709878,0.0
320.428733503,437.254696675,54.5169709878,0.0
@ 1110 10 0.40369088812 0.427419435143
450.591540063,199.930155792,49.657440088,0.0
75.8815406917,226.031589994,49.657440088,0.0
135.58074433,334.364400404,49.657440088,0.0
424.151242161,301.847712176,49.657440088,0.0
71.5819727138,460.700050083,49.657440088,0.0
307.978714393,101.14533935,49.657440088,0.0
185.157564555,164.334374009,49.657440088,0.0
301.014615129,408.483263187,49.657440088,0.0
438.315359121,66.1272833195,49.657440088,0.0
281.1982312,246.515665053,49.657440088,0.0
176.010774447,439.477915369,49.657440088,0.0
436.80661158,404.721006555,49.657440088,0.0
@ 1120 10 0.40369088812 0.35461694539
95.9965679677,353.587913015,51.4985568575,0.0
392.925953919,268.641832718,51.4985568575,0.0
304.861932831,55.8503701925,51.4985568575,0.0
65.1510548781,451.958023288,51.4985568575,0.0
259.121652346,315.173491955,51.4985568575,0.0
81.8952336625,173.501166686,51.4985568575,0.0
459.57712134,366.736285562,51.4985568575,0.0
300.58245011,196.96748635,51.4985568575,0.0
242.086385607,447.122978066,51.4985568575,0.0
357.171735293,379.262476039,51.4985568575,0.0
427.503374901,71.7104182941,51.4985568575,0.0
134.983929069,80.1248865127,51.4985568575,0.0
@ 1130 10 0.40369088812 0.381400227657
307.11742553,363.537111539,54.490565518,0.0
189.510798166,316.25372896,54.490565518,0.0
334.827237598,54.9004118375,54.490565518,0.0
411.546588757,327.627375207,54.490565518,0.0
179.275543101,448.928030369,54.490565518,0.0
443.021488609,103.426846512,54.490565518,0.0
338.894657791,219.555306411,54.490565518,0.0
65.0691674604,443.412265196,54.490565518,0.0
436.052064943,434.340998344,54.490565518,0.0
453.207558736,223.76619629,54.490565518,0.0
64.3279462367,260.237566449,54.490565518,0.0
79.5896362229,90.6467013139,54.490565518,0.0
@ 1140 10 0.40369088812 0.427005491466
187.554322459,246.753681056,53.1502834531,0.0
338.442426057,61.5070219044,53.1502834531,0.0
423.502344313,218.518811686,53.1502834531,0.0
301.795615564,330.889805131,53.1502834531,0.0
295.864912797,451.409246685,53.1502834531,0.0
309.926457839,224.666645754,53.1502834531,0.0
191.564169996,418.208987556,53.1502834531,0.0
71.8552729717,288.896679935,53.1502834531,0.0
451.416631283,103.714349701,53.1502834531,0.0
429.167897209,398.830969766,53.1502834531,0.0
97.3591361048,149.699487441,53.1502834531,0.0
89.0061089215,448.99072163,53.1502834531,0.0
@ 1150 10 0.40369088812 0.406258068991
327.073690463,130.80569276,55.041113234,0.0
238.656595979,273.611329716,55.041113234,0.0
431.896118173,285.009681856,55.041113234,0.0
63.5977646826,88.046516119,55.041113234,0.0
430.044404858,413.401572219,55.041113234,0.0
225.563753686,440.484462507,55.041113234,0.0
443.455849735,172.365129768,55.041113234,0.0
56.3997832264,324.124914183,55.041113234,0.0
132.141803423,227.375764125,55.041113234,0.0
330.850297243,345.467237045,55.041113234,0.0
178.055680767,97.7492294943,55.041113234,0.0
101.277936313,446.493955459,55.041113234,0.0
@ 1160 10 0.40369088812 0.435677616667
433.996736067,437.994503704,52.4571882237,0.0
53.4180618043,367.726954241,52.4571882237,0.0
328.71825736,429.755821009,52.4571882237,0.0
445.058401769,82.4933565651,52.4571882237,0.0
199.156192785,62.278462173,52.4571882237,0.0
85.1650897614,106.222612347,52.4571882237,0.0
121.454639966,262.080307239,52.4571882237,0.0
312.970021207,298.137363742,52.4571882237,0.0
196.852883488,367.965306499,52.4571882237,0.0
218.163236056,218.215239349,52.4571882237,0.0
427.741496466,296.11578705,52.4571882237,0.0
279.872986567,129.609483985,52.4571882237,0.0
@ 1170 10 0.40369088812 0.395731704963
227.1625345,216.578119495,54.5730772018,0.0
304.820906419,451.393348509,54.5730772018,0.0
108.725097782,152.546726512,54.5730772018,0.0
451.014662765,445.167745108,54.5730772018,0.0
314.346592827,321.280067992,54.5730772018,0.0
442.021150057,326.186845225,54.5730772018,0.0
86.7322804397,288.676007107,54.5730772018,0.0
356.987856911,56.9482409662,54.5730772018,0.0
228.213937911,63.9287313718,54.5730772018,0.0
383.353077703,170.310320815,54.5730772018,0.0
194.316787885,326.099560694,54.5730772018,0.0
65.5157439587,429.266286652,54.5730772018,0.0
@ 1180 10 0.40369088812 0.428299646419
245.106638548,224.554807279,52.8390344202,0.0
186.40649999,134.648256179,52.8390344202,0.0
81.3297797984,447.737044617,52.8390344202,0.0
391.775798632,306.575735222,52.8390344202,0.0
297.497860202,431.997641968,52.8390344202,0.0
444.800892599,206.071025298,52.8390344202,0.0
417.390010462,452.195130583,52.8390344202,0.0
99.4571251849,225.266609934,52.8390344202,0.0
428.857025411,76.1997374333,52.8390344202,0.0
273.103226072,53.4148926647,52.8390344202,0.0
159.42949192,344.770136678,52.8390344202,0.0
339.822132728,151.502684914,52.8390344202,0.0
@ 1190 10 0.40369088812 0.401513891401
104.617496299,299.585570579,52.4765566109,0.0
226.734598068,343.329034884,52.4765566109,0.0
172.091390523,165.531377436,52.4765566109,0.0
79.0858395305,403.255947693,52.4765566109,0.0
276.666051932,237.479326977,52.4765566109,0.0
331.014274751,359.446966473,52.4765566109,0.0
429.138384581,318.300907627,52.4765566109,0.0
424.334741213,64.6973604254,52.4765566109,0.0
214.475137577,456.885683182,52.4765566109,0.0
385.936781812,188.751168771,52.4765566109,0.0
270.016187522,111.366788096,52.4765566109,0.0
426.770920216,456.993375429,52.4765566109,0.0
@ 1200 10 0.40369088812 0.396023985207
332.937831459,321.977268935,58.3907361619,0.0
63.4454265947,409.593863042,58.3907361619,0.0
174.922135412,199.10440028,58.3907361619,0.0
452.776394454,233.943604777,58.3907361619,0.0
101.320646684,91.1895369106,58.3907361619,0.0
80.2731100915,282.561526203,58.3907361619,0.0
445.902778905,354.319783373,58.3907361619,0.0
366.718579368,440.666536896,58.3907361619,0.0
431.107619189,103.10209197,58.3907361619,0.0
267.242840896,69.6778828957,58.3907361619,0.0
306.206713001,185.064256355,58.3907361619,0.0
213.009657979,430.489641468,58.3907361619,0.0
@ 1210 10 0.601891659501 0.490319009786
430.927895236,70.1316235096,58.9092736835,0.0
299.58506844,270.819477054,58.9092736835,0.0
329.878345641,144.605339775,58.9092736835,0.0
452.375222977,372.033203037,58.9092736835,0.0
419.941815594,255.384080926,58.9092736835,0.0
210.136490809,442.330536216,58.9092736835,0.0
64.9915105274,190.307467149,58.9092736835,0.0
320.401809365,390.46441431,58.9092736835,0.0
228.374522366,69.037710983,58.9092736835,0.0
59.3330391729,71.3531813361,58.9092736835,0.0
62.7478598347,414.850030326,58.9092736835,0.0
180.567900181,234.099141843,58.9092736835,0.0
@ 1220 10 0.601891659501 0.499066209978
218.379801313,434.515113012,60.9242563926,0.0
94.4691143688,62.7938195274,60.9242563926,0.0
205.607915355,194.191044818,60.9242563926,0.0
326.325340806,147.80323904,60.9242563926,0.0
441.090104301,260.482119023,60.9242563926,0.0
67.7105859583,447.745256847,60.9242563926,0.0
146.88848657,334.003204968,60.9242563926,0.0
428.532247996,73.0142420011,60.9242563926,0.0
227.025365483,73.128762326,60.9242563926,0.0
346.239240071,439.302825531,60.9242563926,0.0
319.43052647,313.837098751,60.9242563926,0.0
71.2834670322,204.390472641,60.9242563926,0.0
@ 1230 10 0.601891659501 0.53379107024
109.445621442,439.673869191,58.0371737327,0.0
193.909752201,329.080917177,58.0371737327,0.0
85.7285619127,267.018631803,58.0371737327,0.0
453.233050953,86.1083920496,58.0371737327,0.0
315.802375883,58.9876999946,58.0371737327,0.0
234.317481434,439.160762449,58.0371737327,0.0
88.4024353426,140.138323129,58.0371737327,0.0
208.105487988,179.899510252,58.0371737327,0.0
421.746440817,368.250477533,58.0371737327,0.0
443.788216255,254.220592368,58.0371737327,0.0
317.072842278,232.730612641,58.0371737327,0.0
185.077456741,65.9244458642,58.0371737327,0.0
@ 1240 10 0.601891659501 0.48439911429
89.6442073682,446.775921219,56.2954445654,0.0
448.347298425,291.926657693,56.2954445654,0.0
422.465794173,57.1798211465,56.2954445654,0.0
227.870785529,177.438239905,56.2954445654,0.0
246.191075066,56.4134898875,56.2954445654,0.0
338.892982515,137.207214898,56.2954445654,0.0
192.941908236,337.629323125,56.2954445654,0.0
73.4832184376,266.955874573,56.2954445654,0.0
304.649924636,274.607179299,56.2954445654,0.0
105.439778714,108.279300441,56.2954445654,0.0
349.863078385,421.560413212,56.2954445654,0.0
452.426459277,176.425687636,56.2954445654,0.0
@ 1250 10 0.601891659501 0.455761185563
193.494893122,363.959960883,58.9871140198,0.0
450.733741771,247.433818577,58.9871140198,0.0
65.980943576,326.942721931,58.9871140198,0.0
70.7865607406,164.703084273,58.9871140198,0.0
327.777397424,160.45544789,58.9871140198,0.0
298.633704988,424.077044485,58.9871140198,0.0
207.558254258,191.9043045,58.9871140198,0.0
159.229564577,78.0919880623,58.9871140198,0.0
450.91721568,64.3538660024,58.9871140198,0.0
303.297032916,281.743341914,58.9871140198,0.0
411.345532999,362.962945963,58.9871140198,0.0
109.689684914,451.031513108,58.9871140198,0.0
@ 1260 10 0.601891659501 0.500385973233
293.457156851,83.3755341728,60.9091608828,0.0
409.272969116,329.173496319,60.9091608828,0.0
450.217877502,447.18303415,60.9091608828,0.0
64.9331258926,64.3904861009,60.9091608828,0.0
368.63725569,203.649004071,60.9091608828,0.0
61.611378115,427.205063435,60.9091608828,0.0
93.9501330435,293.557223269,60.9091608828,0.0
156.994332155,157.715849529,60.9091608828,0.0
182.79028881,408.792413491,60.9091608828,0.0
254.376330672,264.989439894,60.9091608828,0.0
417.284682198,68.178293916,60.9091608828,0.0
322.965343358,438.147348407,60.9091608828,0.0
@ 1270 10 0.601891659501 0.533526582807
70.4333309623,74.5696486616,58.3238451084,0.0
72.5064255678,200.343680043,58.3238451084,0.0
404.413005726,63.9517716787,58.3238451084,0.0
391.400815809,441.711453676,58.3238451084,0.0
324.719065753,261.247007988,58.3238451084,0.0
259.352607576,64.3880485532,58.3238451084,0.0
175.783112757,308.654949562,58.3238451084,0.0
189.148856804,177.594118541,58.3238451084,0.0
90.2181105372,449.768419313,58.3238451084,0.0
256.097041164,427.027220652,58.3238451084,0.0
429.087866204,198.522322171,58.3238451084,0.0
426.731352166,323.895863436,58.3238451084,0.0
@ 1280 10 0.601891659501 0.489196257412
80.7343693931,58.824223711,56.6735854501,0.0
196.278433055,261.337044105,56.6735854501,0.0
422.599818688,120.374832903,56.6735854501,0.0
62.820602437,231.517841989,56.6735854501,0.0
213.074769443,129.450739573,56.6735854501,0.0
59.8840056684,433.201441458,56.6735854501,0.0
430.656438545,269.048021258,56.6735854501,0.0
318.819849274,191.553821428,56.6735854501,0.0
318.580508623,73.5230195277,56.6735854501,0.0
426.562166582,417.538185406,56.6735854501,0.0
183.315081969,439.209636476,56.6735854501,0.0
301.506256229,331.076474245,56.6735854501,0.0
@ 1290 10 0.601891659501 0.461904515859
241.111955414,155.533912167,56.9125626978,0.0
317.747914583,311.798997697,56.9125626978,0.0
388.879974562,157.655182536,56.9125626978,0.0
75.1931442845,203.725228555,56.9125626978,0.0
323.356383302,61.2066363547,56.9125626978,0.0
149.680680141,437.899396337,56.9125626978,0.0
287.588878831,436.808471149,56.9125626978,0.0
443.50162277,430.13799064,56.9125626978,0.0
201.234782814,277.446973499,56.9125626978,0.0
449.416021214,287.428141708,56.9125626978,0.0
74.7311840564,85.1551628154,56.9125626978,0.0
82.5061589026,317.406273814,56.9125626978,0.0
@ 1300 10 0.601891659501 0.465808182804
136.806212244,68.7210107632,64.9677560486,0.0
278.588354449,65.8745639769,64.9677560486,0.0
137.79421196,317.182843854,64.9677560486,0.0
287.306701544,322.928880081,64.9677560486,0.0
413.392945872,67.9106758194,64.9677560486,0.0
68.7029488442,198.126365751,64.9677560486,0.0
70.6490334129,437.6441123,64.9677560486,0.0
363.620051627,443.195125612,64.9677560486,0.0
352.267115043,191.179275676,64.9677560486,0.0
426.795377781,312.534268472,64.9677560486,0.0
220.342481444,193.21032,64.9677560486,0.0
218.295926941,440.914503795,64.9677560486,0.0
@ 1310 10 1.18243243243 0.606997026235
94.1405253297,71.5511985466,63.6191843089,0.0
162.659191582,186.069854473,63.6191843089,0.0
382.324862723,304.011218617,63.6191843089,0.0
293.910935188,419.764823726,63.6191843089,0.0
230.781829699,77.3877435273,63.6191843089,0.0
67.8043061478,296.589311692,63.6191843089,0.0
75.6274347046,428.492772086,63.6191843089,0.0
447.540757971,417.028814074,63.6191843089,0.0
448.273499119,178.994165197,63.6191843089,0.0
367.06092751,68.2069211057,63.6191843089,0.0
189.396895701,344.403799181,63.6191843089,0.0
290.165385324,211.477658878,63.6191843089,0.0
@ 1320 10 1.18243243243 0.582059018969
70.6317825032,293.972725749,60.1625632672,0.0
450.084362726,139.492369185,60.1625632672,0.0
181.270576853,61.1652952279,60.1625632672,0.0
288.028548713,282.590123768,60.1625632672,0.0
445.838681507,264.100640651,60.1625632672,0.0
277.358423919,450.568047892,60.1625632672,0.0
380.51987034,367.357799486,60.1625632672,0.0
167.925054491,197.212313912,60.1625632672,0.0
80.0553805598,433.839618855,60.1625632672,0.0
181.518449713,365.271342157,60.1625632672,0.0
280.744398152,139.186502784,60.1625632672,0.0
60.8833689089,88.189740793,60.1625632672,0.0
@ 1330 10 1.18243243243 0.520527277147
63.0770877717,349.14762593,61.7532317703,0.0
414.397839467,446.013400975,61.7532317703,0.0
156.034695593,447.413673064,61.7532317703,0.0
196.228823822,62.3587148644,61.7532317703,0.0
426.895605485,157.560617548,61.7532317703,0.0
196.26269779,195.295727797,61.7532317703,0.0
286.177129866,444.336698649,61.7532317703,0.0
315.841155559,94.5301946349,61.7532317703,0.0
242.417157856,319.769650508,61.7532317703,0.0
74.8803244134,219.422030557,61.7532317703,0.0
393.83396958,307.491670404,61.7532317703,0.0
74.4118827692,94.0843081526,61.7532317703,0.0
@ 1340 10 1.18243243243 0.548416119461
227.835820567,159.715152148,62.1099208783,0.0
433.877334293,330.499592537,62.1099208783,0.0
168.913377716,280.184009208,62.1099208783,0.0
64.7954828628,66.0180453898,62.1099208783,0.0
193.066073151,429.641413608,62.1099208783,0.0
67.54516036,418.926257594,62.1099208783,0.0
439.521863069,100.435426071,62.1099208783,0.0
310.240525054,62.8051584467,62.1099208783,0.0
291.585715707,316.931555395,62.1099208783,0.0
373.94892279,207.263351939,62.1099208783,0.0
371.518326846,439.768407716,62.1099208783,0.0
74.0125787382,197.453676278,62.1099208783,0.0
@ 1350 10 1.18243243243 0.55476976244
277.258666531,430.353640955,60.4013379004,0.0
426.808925374,224.882268933,60.4013379004,0.0
319.678205278,140.969582696,60.4013379004,0.0
217.78871924,75.4118628315,60.4013379004,0.0
71.0235266967,92.5306186027,60.4013379004,0.0
110.955264456,313.672193826,60.4013379004,0.0
449.397135866,75.3095963541,60.4013379004,0.0
368.011380754,334.313794488,60.4013379004,0.0
424.201787423,448.705065904,60.4013379004,0.0
108.7186784,440.354712511,60.4013379004,0.0
252.588923591,290.155429237,60.4013379004,0.0
162.187700422,193.814905375,60.4013379004,0.0
@ 1360 10 1.18243243243 0.524667238708
173.902066356,356.109887786,61.4099017406,0.0
312.120030343,312.796049822,61.4099017406,0.0
437.874798419,65.2257086519,61.4099017406,0.0
198.62996492,195.754406806,61.4099017406,0.0
65.9449609573,81.8222033193,61.4099017406,0.0
272.040294849,442.419770771,61.4099017406,0.0
322.330413883,139.750051228,61.4099017406,0.0
423.03531741,239.327298483,61.4099017406,0.0
441.098088016,383.179221432,61.4099017406,0.0
218.415511609,65.6803608334,61.4099017406,0.0
61.6898664765,231.031746279,61.4099017406,0.0
64.5385573111,429.548710878,61.4099017406,0.0
@ 1370 10 1.18243243243 0.54233500258
197.801436397,424.815373669,59.1588644363,0.0
437.277774651,369.476608344,59.1588644363,0.0
299.282566165,60.0682700719,59.1588644363,0.0
66.0304362395,315.699777634,59.1588644363,0.0
59.1719722624,196.487741467,59.1588644363,0.0
317.381500909,441.78760906,59.1588644363,0.0
145.962607093,68.1190941917,59.1588644363,0.0
446.381393283,69.4648213292,59.1588644363,0.0
406.810067522,193.546111276,59.1588644363,0.0
297.611214721,271.78858055,59.1588644363,0.0
205.2567932,191.502804874,59.1588644363,0.0
70.6925847777,441.612551896,59.1588644363,0.0
@ 1380 10 1.18243243243 0.503304122966
412.372802188,448.307822153,62.7183048919,0.0
222.544644711,117.722165511,62.7183048919,0.0
101.430967038,196.976654684,62.7183048919,0.0
333.14959805,349.304771565,62.7183048919,0.0
192.452006629,297.978978903,62.7183048919,0.0
446.635680539,264.119222781,62.7183048919,0.0
64.1190946644,318.888324421,62.7183048919,0.0
433.079907563,127.45592265,62.7183048919,0.0
84.2090646801,66.422177152,62.7183048919,0.0
323.123911514,213.499675624,62.7183048919,0.0
237.235641388,431.077155842,62.7183048919,0.0
90.2560742901,448.013279091,62.7183048919,0.0
@ 1390 10 1.18243243243 0.565691240593
170.364796818,161.628365882,59.4364608827,0.0
94.4650752663,257.559683255,59.4364608827,0.0
294.545839027,321.319274948,59.4364608827,0.0
384.229047943,441.123476372,59.4364608827,0.0
261.706377929,64.1897815945,59.4364608827,0.0
298.167216312,200.569372567,59.4364608827,0.0
387.062080027,65.0063752445,59.4364608827,0.0
443.790486891,172.464403164,59.4364608827,0.0
63.4881489093,397.5872126,59.4364608827,0.0
436.867286248,323.600059238,59.4364608827,0.0
80.7218300437,71.4760217683,59.4364608827,0.0
191.699089673,416.838856158,59.4364608827,0.0
@ 1400 10 1.18243243243 0.508038603148
165.24739093,198.538370619,69.3820972124,0.0
70.9514977608,302.193533941,69.3820972124,0.0
280.440078543,321.723673162,69.3820972124,0.0
349.876477492,442.007397472,69.3820972124,0.0
223.176011163,71.4624299837,69.3820972124,0.0
303.802825447,184.890165224,69.3820972124,0.0
385.741522516,69.8675537739,69.3820972124,0.0
442.275948606,197.188695595,69.3820972124,0.0
70.7816032438,441.682503918,69.3820972124,0.0
441.465896323,337.014208197,69.3820972124,0.0
71.7694550491,92.933642751,69.3820972124,0.0
210.466112568,441.938244703,69.3820972124,0.0
@ 1410 10 33.3333333333 0.692286202724
162.523165367,198.645807266,69.5171184021,0.0
69.5811116207,302.985368563,69.5171184021,0.0
280.448113261,321.244399025,69.5171184021,0.0
348.933348307,442.359987549,69.5171184021,0.0
219.909938338,69.5488390655,69.5171184021,0.0
304.022694041,183.739552821,69.5171184021,0.0
386.419166928,70.8442683509,69.5171184021,0.0
442.248611077,199.341605156,69.5171184021,0.0
70.355021131,442.049587756,69.5171184021,0.0
442.177024271,338.557272431,69.5171184021,0.0
70.8464020365,76.1751967263,69.5171184021,0.0
209.630995394,441.244354481,69.5171184021,0.0
@ 1420 10 33.3333333333 0.694983274806
163.202229905,198.505464233,69.5228931794,0.0
69.8711755887,302.329207211,69.5228931794,0.0
282.730051066,318.894683552,69.5228931794,0.0
348.003059885,442.427674212,69.5228931794,0.0
218.226814839,69.9229077924,69.5228931794,0.0
303.602990417,181.103988864,69.5228931794,0.0
387.152319643,69.5749162372,69.5228931794,0.0
442.110959224,197.963341226,69.5228931794,0.0
69.5518880484,441.631803837,69.5228931794,0.0
441.260942066,338.641393708,69.5228931794,0.0
74.8112914839,70.9321419683,69.5228931794,0.0
208.879858265,439.234545356,69.5228931794,0.0
@ 1430 10 33.3333333333 0.695098743928
164.450107128,200.994905824,69.4854522736,0.0
70.270281921,303.28298541,69.4854522736,0.0
279.960067891,320.668220394,69.4854522736,0.0
349.397194336,442.013592393,69.4854522736,0.0
220.532814148,71.2441157455,69.4854522736,0.0
304.262134932,183.771259535,69.4854522736,0.0
385.335342685,70.8813949261,69.4854522736,0.0
442.502123007,198.064424787,69.4854522736,0.0
69.9256047377,442.509561827,69.4854522736,0.0
441.217762415,337.449826955,69.4854522736,0.0
80.0756336631,72.1538966731,69.4854522736,0.0
209.715837051,441.619865699,69.4854522736,0.0
@ 1440 10 33.3333333333 0.694350267632
163.215156403,197.518225218,69.3446534565,0.0
71.0265557155,301.822163623,69.3446534565,0.0
280.595260446,320.776479327,69.3446534565,0.0
351.067913657,441.761164768,69.3446534565,0.0
220.477962057,70.1586656394,69.3446534565,0.0
302.395335463,183.163022466,69.3446534565,0.0
383.528658982,69.6355208025,69.3446534565,0.0
442.014213109,196.060839208,69.3446534565,0.0
69.4028320178,441.023881437,69.3446534565,0.0
441.990196726,336.917550067,69.3446534565,0.0
76.7311531124,84.0850126052,69.3446534565,0.0
210.755310377,441.363276738,69.3446534565,0.0
@ 1450 10 33.3333333333 0.691539185785
161.120444279,195.433581239,69.5770776632,0.0
70.5111794208,302.016578148,69.5770776632,0.0
279.990286238,321.112892164,69.5770776632,0.0
350.32871766,441.867754784,69.5770776632,0.0
222.428922915,69.8172278716,69.5770776632,0.0
302.904357733,183.465757467,69.5770776632,0.0
383.239163556,69.6719507082,69.5770776632,0.0
442.290255174,197.162583774,69.5770776632,0.0
69.6890112148,442.376690999,69.5770776632,0.0
441.798100272,336.561520153,69.5770776632,0.0
74.8411871611,70.1713580812,69.5770776632,0.0
209.293440939,441.391224985,69.5770776632,0.0
@ 1460 10 33.3333333333 0.696182652895
165.171361515,201.337758275,69.5202818486,0.0
69.6823997458,302.45405285,69.5202818486,0.0
279.258846833,320.681626209,69.5202818486,0.0
350.553854353,441.508701497,69.5202818486,0.0
213.775453757,69.6160469255,69.5202818486,0.0
303.288970631,183.715695379,69.5202818486,0.0
385.705105317,70.280162787,69.5202818486,0.0
441.945785683,197.67757365,69.5202818486,0.0
70.1319052798,441.648061967,69.5202818486,0.0
442.317162997,336.974924967,69.5202818486,0.0
73.8005253836,76.6126743388,69.5202818486,0.0
209.813058023,441.693672906,69.5202818486,0.0
@ 1470 10 33.3333333333 0.695046528074
163.072692894,200.046493628,69.4388945604,0.0
69.5026737184,302.935123273,69.4388945604,0.0
279.79780074,320.983521253,69.4388945604,0.0
350.755103111,441.850648011,69.4388945604,0.0
220.804056638,71.554125863,69.4388945604,0.0
303.186901439,184.041497781,69.4388945604,0.0
385.328956229,70.0975212473,69.4388945604,0.0
441.583988495,197.444628649,69.4388945604,0.0
71.4772441653,442.503669147,69.4388945604,0.0
442.291282285,336.851595287,69.4388945604,0.0
70.3675316267,82.5951211747,69.4388945604,0.0
211.095230851,442.250016048,69.4388945604,0.0
@ 1480 10 33.3333333333 0.693420100832
158.373009625,191.590807103,69.4169089001,0.0
73.2972408237,301.575570075,69.4169089001,0.0
279.374706201,322.447110023,69.4169089001,0.0
351.265625039,442.25298098,69.4169089001,0.0
224.821679315,69.6643058753,69.4169089001,0.0
302.560472944,185.107271664,69.4169089001,0.0
381.349866828,69.7127037715,69.4169089001,0.0
442.46473549,194.379585231,69.4169089001,0.0
70.2772912055,440.726701627,69.4169089001,0.0
441.916827822,335.620343997,69.4169089001,0.0
84.877729406,71.037301703,69.4169089001,0.0
209.179528696,442.583041584,69.4169089001,0.0
@ 1490 10 33.3333333333 0.692981070649
163.632969201,199.052277364,69.4214000074,0.0
70.442000469,302.883760422,69.4214000074,0.0
277.068430353,318.428242225,69.4214000074,0.0
348.22225691,441.472825993,69.4214000074,0.0
216.73938139,70.2127853495,69.4214000074,0.0
302.986169646,180.650304241,69.4214000074,0.0
387.648055459,69.5782036304,69.4214000074,0.0
441.42364052,199.529406749,69.4214000074,0.0
70.0711648086,442.166886622,69.4214000074,0.0
442.431335149,338.374377281,69.4214000074,0.0
69.8629442832,82.0924245805,69.4214000074,0.0
209.029408073,441.489643338,69.4214000074,0.0
@ 1500 10 33.3333333333 0.693070741972
