213.355290847,360.810399748,40.3157775637,0.0
234.071025312,455.289390364,40.3157775637,0.0
134.035598813,162.792094735,40.3157775637,0.0
329.121158532,40.8324057421,40.3157775637,0.0
354.572411958,158.744748626,40.3157775637,0.0
420.776387556,240.910798374,40.3157775637,0.0
378.8303596,378.581327422,40.3157775637,0.0
66.8830564744,53.3994532642,40.3157775637,0.0
237.867823125,221.7030104,40.3157775637,0.0
436.0694711,111.836022279,40.3157775637,0.0
297.202942349,318.166125956,40.3157775637,0.0
68.7043676527,218.333283781,40.3157775637,0.0
@ 10 10 0.0873362445415 0.233744236268
445.926231838,232.835219011,45.740581757,0.0
256.153573312,290.994294548,45.740581757,0.0
87.018069452,235.872919011,45.740581757,0.0
141.93858925,334.161808399,45.740581757,0.0
230.966535252,155.604678495,45.740581757,0.0
305.142935506,82.2961494167,45.740581757,0.0
340.668935039,376.413577193,45.740581757,0.0
165.479908783,82.3255760001,45.740581757,0.0
436.059397974,85.4776814826,45.740581757,0.0
445.880569419,423.040993476,45.740581757,0.0
76.8552395895,437.036671527,45.740581757,0.0
349.207423987,189.640274502,45.740581757,0.0
@ 20 10 0.0873362445415 0.300880607869
223.049118938,169.028910809,45.4124252327,0.0
138.602120297,231.32463539,45.4124252327,0.0
90.5148525876,107.843487134,45.4124252327,0.0
436.467707638,130.539034283,45.4124252327,0.0
462.940205449,303.076499578,45.4124252327,0.0
284.319564759,288.48099467,45.4124252327,0.0
371.796075027,241.341050934,45.4124252327,0.0
165.321207117,457.760473407,45.4124252327,0.0
300.603365133,109.106082592,45.4124252327,0.0
343.843667039,466.452576683,45.4124252327,0.0
127.530474507,339.6662852,45.4124252327,0.0
242.096939404,379.239926531,45.4124252327,0.0
@ 30 10 0.0873362445415 0.296578880595
332.684543675,317.653372502,41.6371493802,0.0
57.8651017515,274.818489885,41.6371493802,0.0
183.927908646,201.794765943,41.6371493802,0.0
149.489810722,120.655857566,41.6371493802,0.0
370.271465205,53.3955833331,41.6371493802,0.0
458.315052122,403.073381798,41.6371493802,0.0
270.743927788,90.4504892788,41.6371493802,0.0
121.709213304,371.387056638,41.6371493802,0.0
55.7750001386,43.3554044592,41.6371493802,0.0
233.557769448,294.429129942,41.6371493802,0.0
306.96582123,417.737649363,41.6371493802,0.0
75.9870208118,167.346715979,41.6371493802,0.0
@ 40 10 0.0873362445415 0.249317525104
307.389038727,54.8576753356,43.3808419017,0.0
71.4106887309,125.719336409,43.3808419017,0.0
224.217438501,326.665194173,43.3808419017,0.0
74.7241628829,391.931309924,43.3808419017,0.0
392.264938836,118.458644902,43.3808419017,0.0
428.241428904,230.719262341,43.3808419017,0.0
249.028434195,461.04719928,43.3808419017,0.0
431.896190873,343.170499741,43.3808419017,0.0
179.313354147,149.672550497,43.3808419017,0.0
321.310289319,263.058976345,43.3808419017,0.0
150.098576546,264.086038815,43.3808419017,0.0
48.3494277424,284.474092956,43.3808419017,0.0
@ 50 10 0.0873362445415 0.270636758029
56.5126561382,260.189865145,40.4370599138,0.0
311.666872272,239.991621212,40.4370599138,0.0
469.379182461,207.827433756,40.4370599138,0.0
138.197216005,308.496922707,40.4370599138,0.0
162.220160291,74.83318419,40.4370599138,0.0
360.773556969,433.530156066,40.4370599138,0.0
395.897923157,122.221576105,40.4370599138,0.0
56.6804904577,81.8176625205,40.4370599138,0.0
185.012881978,173.643308532,40.4370599138,0.0
133.573230454,393.723829686,40.4370599138,0.0
262.739816665,103.977844024,40.4370599138,0.0
445.196993854,286.029399253,40.4370599138,0.0
@ 60 10 0.0873362445415 0.235152701806
49.1299992379,219.621052027,39.8115503589,0.0
385.23346482,303.213352819,39.8115503589,0.0
454.03498025,69.2148643515,39.8115503589,0.0
83.7383054399,106.343327547,39.8115503589,0.0
400.67587981,154.987819251,39.8115503589,0.0
349.944445991,465.277777523,39.8115503589,0.0
144.312490706,167.769418763,39.8115503589,0.0
228.354490268,136.097208796,39.8115503589,0.0
58.6160202694,381.513872516,39.8115503589,0.0
270.028337335,219.440781435,39.8115503589,0.0
145.309899075,346.313170144,39.8115503589,0.0
299.401846943,356.038250058,39.8115503589,0.0
@ 70 10 0.0873362445415 0.227933946876
290.684774518,223.329449638,37.4953326141,0.0
52.8168695654,76.04605242,37.4953326141,0.0
384.78250422,269.656409981,37.4953326141,0.0
239.429700047,335.624248279,37.4953326141,0.0
173.996795298,469.018963459,37.4953326141,0.0
308.192324092,137.393994195,37.4953326141,0.0
160.222236335,68.7098162803,37.4953326141,0.0
83.8672776747,469.355943139,37.4953326141,0.0
166.934033004,190.3994114,37.4953326141,0.0
427.375341209,115.921710576,37.4953326141,0.0
436.040619406,460.607697356,37.4953326141,0.0
78.644626914,374.314027379,37.4953326141,0.0
@ 80 10 0.0873362445415 0.202183286131
292.256974353,368.029462109,40.5266260171,0.0
417.823943487,378.900973792,40.5266260171,0.0
309.23770686,469.308882134,40.5266260171,0.0
66.0290971047,389.189764445,40.5266260171,0.0
401.355914321,169.075057587,40.5266260171,0.0
312.311557574,264.884827216,40.5266260171,0.0
190.661160791,468.987810118,40.5266260171,0.0
98.2797700888,58.5671843376,40.5266260171,0.0
53.7737849052,165.777625426,40.5266260171,0.0
471.295004168,239.739755634,40.5266260171,0.0
366.356808282,61.4787660234,40.5266260171,0.0
168.525099366,177.442951996,40.5266260171,0.0
@ 90 10 0.0873362445415 0.236195558856
186.208223451,143.760830166,37.2018356179,0.0
318.326347252,100.215296374,37.2018356179,0.0
425.539649106,394.313412583,37.2018356179,0.0
349.498712307,217.26035631,37.2018356179,0.0
459.186583118,325.292850139,37.2018356179,0.0
220.557272763,244.13433804,37.2018356179,0.0
296.658697594,325.290312647,37.2018356179,0.0
329.971517647,420.963990449,37.2018356179,0.0
102.221642119,467.22792502,37.2018356179,0.0
440.909163029,80.5970845784,37.2018356179,0.0
86.46178641,306.21478943,37.2018356179,0.0
240.997504099,428.162013813,37.2018356179,0.0
@ 100 10 0.0873362445415 0.19903047011
137.730669971,82.9041105258,42.7665737109,0.0
117.812256848,448.214865294,42.7665737109,0.0
279.520690269,67.8187736693,42.7665737109,0.0
164.916637059,269.137977827,42.7665737109,0.0
248.883393203,175.868333026,42.7665737109,0.0
427.576031402,98.0883243493,42.7665737109,0.0
130.775055625,174.178651724,42.7665737109,0.0
466.250335811,368.408844217,42.7665737109,0.0
380.781148566,188.27824473,42.7665737109,0.0
225.998821875,384.830167215,42.7665737109,0.0
350.172413245,451.228598707,42.7665737109,0.0
46.1795568438,344.613765662,42.7665737109,0.0
@ 110 10 0.0940354648039 0.263026644956
323.708070208,69.5504713043,49.2936339493,0.0
406.276951325,308.345007365,49.2936339493,0.0
414.655378529,439.382848103,49.2936339493,0.0
314.823403708,255.904342263,49.2936339493,0.0
236.282707955,317.193199508,49.2936339493,0.0
50.7538902639,196.256695731,49.2936339493,0.0
52.0086203792,443.600217737,49.2936339493,0.0
432.526363258,83.3425925032,49.2936339493,0.0
104.135329394,300.436310649,49.2936339493,0.0
363.470527619,166.713677442,49.2936339493,0.0
210.374540021,87.8561714925,49.2936339493,0.0
280.737549792,458.077395729,49.2936339493,0.0
@ 120 10 0.0940354648039 0.349439907239
381.540230205,57.1101184004,37.143562334,0.0
106.400671691,431.081269896,37.143562334,0.0
324.253158426,125.532519616,37.143562334,0.0
172.883998487,70.6262561212,37.143562334,0.0
464.546438243,103.834550293,37.143562334,0.0
425.760099772,283.472559895,37.143562334,0.0
54.4162830827,219.159339783,37.143562334,0.0
349.018037918,196.715585558,37.143562334,0.0
265.681032515,463.017812452,37.143562334,0.0
250.048775144,246.653817016,37.143562334,0.0
341.155604562,314.551577664,37.143562334,0.0
260.185223862,322.299438265,37.143562334,0.0
@ 130 10 0.0940354648039 0.198407432286
311.795744277,214.036663992,39.9615978532,0.0
385.039737766,402.496305668,39.9615978532,0.0
51.9058543376,433.815626779,39.9615978532,0.0
101.517178975,243.531229951,39.9615978532,0.0
396.332582244,184.675624116,39.9615978532,0.0
224.584949274,206.338826725,39.9615978532,0.0
370.615311116,302.888886148,39.9615978532,0.0
144.084002684,428.404504022,39.9615978532,0.0
48.9962524173,43.2906303463,39.9615978532,0.0
299.466981476,390.268421118,39.9615978532,0.0
189.925697664,77.3338745683,39.9615978532,0.0
235.976302867,318.79518984,39.9615978532,0.0
@ 140 10 0.0940354648039 0.229655325117
200.415439693,56.2409712506,50.3558271019,0.0
443.182515974,248.868750666,50.3558271019,0.0
192.643959191,413.269434705,50.3558271019,0.0
97.3184764313,458.852215387,50.3558271019,0.0
340.72850837,100.593812833,50.3558271019,0.0
286.569774631,217.628384954,50.3558271019,0.0
153.211687759,211.184525807,50.3558271019,0.0
106.991366993,335.126681348,50.3558271019,0.0
75.8924281594,134.894595341,50.3558271019,0.0
451.704744545,420.500654436,50.3558271019,0.0
368.608814993,361.50015085,50.3558271019,0.0
299.185729261,438.38468999,50.3558271019,0.0
@ 150 10 0.0940354648039 0.364661821856
405.185255995,348.036843158,45.1564333451,0.0
209.604779527,50.5010463674,45.1564333451,0.0
226.85044222,289.765405661,45.1564333451,0.0
345.314660207,260.521128319,45.1564333451,0.0
213.617950114,156.024849691,45.1564333451,0.0
463.455572268,185.598733556,45.1564333451,0.0
322.40397201,48.7163598779,45.1564333451,0.0
354.490292786,457.929510472,45.1564333451,0.0
326.127725838,169.844962014,45.1564333451,0.0
450.309885039,46.7960860948,45.1564333451,0.0
57.0740826322,442.605121599,45.1564333451,0.0
57.4581120505,189.628806821,45.1564333451,0.0
@ 160 10 0.0940354648039 0.293244647737
172.106889547,384.65151747,44.3694693308,0.0
46.4923785894,215.607752386,44.3694693308,0.0
255.627255132,416.28588706,44.3694693308,0.0
166.755061719,268.182019668,44.3694693308,0.0
118.802790245,56.0617996331,44.3694693308,0.0
360.225795626,87.3577680115,44.3694693308,0.0
367.182531336,452.443270632,44.3694693308,0.0
458.543436788,158.926819298,44.3694693308,0.0
419.130753491,295.102767798,44.3694693308,0.0
250.007064374,316.131935624,44.3694693308,0.0
458.146137494,414.429262421,44.3694693308,0.0
260.863338434,68.0162301421,44.3694693308,0.0
@ 170 10 0.0940354648039 0.283112665672
451.723421089,75.2970663799,40.8393921966,0.0
287.74041638,123.000281756,40.8393921966,0.0
322.237028575,424.158107595,40.8393921966,0.0
372.461612554,302.223571505,40.8393921966,0.0
267.255263723,213.614749833,40.8393921966,0.0
192.059192619,272.779965016,40.8393921966,0.0
411.754743857,428.598390776,40.8393921966,0.0
155.953268211,142.964861704,40.8393921966,0.0
200.612444798,69.55564166,40.8393921966,0.0
471.113664049,349.078118625,40.8393921966,0.0
378.94810413,113.12011257,40.8393921966,0.0
42.2382745178,437.231770359,40.8393921966,0.0
@ 180 10 0.0940354648039 0.239855327895
162.113429956,255.393796165,44.057145439,0.0
275.951940681,434.753288713,44.057145439,0.0
108.563023736,406.493372198,44.057145439,0.0
466.801088333,267.492055886,44.057145439,0.0
121.839770899,87.6343506316,44.057145439,0.0
361.638039985,148.779970328,44.057145439,0.0
66.6837177512,238.277074619,44.057145439,0.0
285.311423978,244.009074828,44.057145439,0.0
343.972388476,347.574532863,44.057145439,0.0
393.337630973,63.1851865254,44.057145439,0.0
281.406605327,108.982777912,44.057145439,0.0
411.773760645,409.80745229,44.057145439,0.0
@ 190 10 0.0940354648039 0.279140941895
70.8425154417,69.5131577804,45.8171858485,0.0
414.926155621,150.365649465,45.8171858485,0.0
345.126201788,366.251684465,45.8171858485,0.0
149.777933875,223.777677924,45.8171858485,0.0
156.377981951,462.345858394,45.8171858485,0.0
414.548109496,439.936409935,45.8171858485,0.0
458.768944388,236.146129396,45.8171858485,0.0
288.361111958,172.164763954,45.8171858485,0.0
462.158262624,341.787158507,45.8171858485,0.0
250.002838429,393.898000126,45.8171858485,0.0
230.240994115,64.1386297989,45.8171858485,0.0
45.9925030599,412.850559784,45.8171858485,0.0
@ 200 10 0.0940354648039 0.30188925206
387.580276309,72.6520225733,37.8502645669,0.0
314.092699804,366.66323987,37.8502645669,0.0
62.5663087602,78.88823248,37.8502645669,0.0
206.662253896,431.096956999,37.8502645669,0.0
312.956512263,133.967793627,37.8502645669,0.0
67.3941616952,296.575087392,37.8502645669,0.0
156.330249655,356.840070291,37.8502645669,0.0
204.822146193,61.4398356044,37.8502645669,0.0
47.1046115365,459.415248328,37.8502645669,0.0
367.937589476,282.717762215,37.8502645669,0.0
417.213060896,447.942293878,37.8502645669,0.0
209.619380782,296.372484401,37.8502645669,0.0
@ 210 10 0.101847810272 0.206029149118
69.645812689,109.692987255,42.5904665955,0.0
48.1168294453,323.945069183,42.5904665955,0.0
332.564461586,259.646513602,42.5904665955,0.0
313.814517293,47.7155952733,42.5904665955,0.0
177.591328881,403.316342015,42.5904665955,0.0
152.395860361,247.804979733,42.5904665955,0.0
383.637144028,119.963099467,42.5904665955,0.0
248.364932678,160.102168003,42.5904665955,0.0
189.346831497,63.0043163977,42.5904665955,0.0
242.620473997,295.087860631,42.5904665955,0.0
319.6555935,468.02869581,42.5904665955,0.0
419.090988897,375.203347935,42.5904665955,0.0
@ 220 10 0.101847810272 0.260864886924
349.753353047,244.994693072,42.4703781363,0.0
365.836361782,362.57723254,42.4703781363,0.0
196.101034781,125.454539758,42.4703781363,0.0
243.034248659,206.355763927,42.4703781363,0.0
452.695245055,346.681535481,42.4703781363,0.0
265.471317358,294.330134543,42.4703781363,0.0
411.743271587,173.623343589,42.4703781363,0.0
117.500255948,447.616947554,42.4703781363,0.0
314.496398489,132.263663274,42.4703781363,0.0
332.840152937,464.374829731,42.4703781363,0.0
79.9051907747,261.872316942,42.4703781363,0.0
123.784751176,336.249290253,42.4703781363,0.0
@ 230 10 0.101847810272 0.259395886931
227.787848923,114.993707245,40.9089188488,0.0
451.447582868,174.414543441,40.9089188488,0.0
352.601086613,431.187801519,40.9089188488,0.0
259.848690609,298.427122879,40.9089188488,0.0
104.615740254,47.6172845894,40.9089188488,0.0
269.632038902,436.078906443,40.9089188488,0.0
111.561124609,313.515861503,40.9089188488,0.0
258.954402913,210.652708674,40.9089188488,0.0
54.1834625174,430.128917675,40.9089188488,0.0
109.948412914,215.788701578,40.9089188488,0.0
454.70772896,314.006816721,40.9089188488,0.0
416.8321298,57.388693724,40.9089188488,0.0
@ 240 10 0.101847810272 0.240672702116
438.124025368,199.37107196,42.0740872885,0.0
97.1328644197,317.910606519,42.0740872885,0.0
439.869769471,422.378291321,42.0740872885,0.0
332.014360743,140.595391769,42.0740872885,0.0
225.902665758,427.283599751,42.0740872885,0.0
357.995151937,243.58799847,42.0740872885,0.0
94.203786424,159.626814295,42.0740872885,0.0
255.762866987,306.922036824,42.0740872885,0.0
433.529205792,289.557627724,42.0740872885,0.0
251.311300499,173.391960365,42.0740872885,0.0
108.954113347,71.3977563034,42.0740872885,0.0
117.495935226,465.577495435,42.0740872885,0.0
@ 250 10 0.101847810272 0.254577628888
296.093485943,264.114709852,36.940692922,0.0
417.095740263,327.421655866,36.940692922,0.0
219.256910574,121.708174317,36.940692922,0.0
395.733053437,38.0132343933,36.940692922,0.0
164.330023186,259.084705518,36.940692922,0.0
244.389138291,349.658157483,36.940692922,0.0
313.965559198,417.136478996,36.940692922,0.0
443.972303088,457.792694543,36.940692922,0.0
169.094939511,372.605366477,36.940692922,0.0
67.7737989983,214.080687677,36.940692922,0.0
424.436507525,218.407009898,36.940692922,0.0
392.862840484,137.227101502,36.940692922,0.0
@ 260 10 0.101847810272 0.19624604138
152.963545909,374.19119587,42.5102519699,0.0
227.002609828,172.830117445,42.5102519699,0.0
312.088810734,189.476218441,42.5102519699,0.0
259.086381178,447.497213677,42.5102519699,0.0
348.991889543,362.191156075,42.5102519699,0.0
64.4237816638,412.445507296,42.5102519699,0.0
139.591151698,113.989391418,42.5102519699,0.0
51.4715900116,307.354336282,42.5102519699,0.0
440.422243745,428.715319223,42.5102519699,0.0
269.007750625,84.4803956761,42.5102519699,0.0
399.292779314,165.05515744,42.5102519699,0.0
452.491793659,92.225764172,42.5102519699,0.0
@ 270 10 0.101847810272 0.259883189576
58.4095250996,126.755137163,41.6710408625,0.0
353.990369125,232.964014201,41.6710408625,0.0
458.392335551,100.267270201,41.6710408625,0.0
417.535970897,364.251652558,41.6710408625,0.0
277.904736044,135.464018919,41.6710408625,0.0
330.474834812,44.5159623185,41.6710408625,0.0
41.9847044119,396.813925572,41.6710408625,0.0
118.910839314,247.876373898,41.6710408625,0.0
218.600152141,282.368067203,41.6710408625,0.0
290.899990169,323.895470214,41.6710408625,0.0
176.463022981,361.737461698,41.6710408625,0.0
166.764698677,65.3498526748,41.6710408625,0.0
@ 280 10 0.101847810272 0.249723565361
134.480569699,70.6546748159,40.6022673402,0.0
299.030691656,85.6462732644,40.6022673402,0.0
348.917068306,440.389430263,40.6022673402,0.0
376.155463073,263.478396485,40.6022673402,0.0
306.852702074,211.602964076,40.6022673402,0.0
465.273979997,302.226092069,40.6022673402,0.0
139.550025849,416.699690134,40.6022673402,0.0
59.6237188477,168.341444681,40.6022673402,0.0
198.391965174,132.403530352,40.6022673402,0.0
452.44693802,206.689803987,40.6022673402,0.0
230.130138195,465.157013382,40.6022673402,0.0
403.971533768,374.493033102,40.6022673402,0.0
@ 290 10 0.101847810272 0.237078080771
234.243331973,406.639148726,43.1938529319,0.0
227.051963326,307.409102827,43.1938529319,0.0
447.014172696,360.70538097,43.1938529319,0.0
462.328560725,236.895386126,43.1938529319,0.0
61.8436405543,242.76689279,43.1938529319,0.0
399.384302256,454.700281968,43.1938529319,0.0
237.936896216,168.435922409,43.1938529319,0.0
58.9397806729,107.310894738,43.1938529319,0.0
308.777124211,254.267525043,43.1938529319,0.0
49.4049474397,351.189005423,43.1938529319,0.0
347.961426915,148.079519588,43.1938529319,0.0
157.901848213,44.6125113244,43.1938529319,0.0
@ 300 10 0.101847810272 0.268308678628
458.701884319,234.580924233,41.5425542627,0.0
424.468048841,341.319404245,41.5425542627,0.0
251.437744868,468.316821884,41.5425542627,0.0
139.052500542,279.338900309,41.5425542627,0.0
97.574663715,396.38459116,41.5425542627,0.0
165.205136878,171.113076184,41.5425542627,0.0
151.320728334,44.0216362573,41.5425542627,0.0
340.744781025,360.41084996,41.5425542627,0.0
279.288312387,229.522022684,41.5425542627,0.0
326.155203465,101.096687042,41.5425542627,0.0
401.341548359,170.251030572,41.5425542627,0.0
417.246954088,88.4718882642,41.5425542627,0.0
@ 310 10 0.111075848937 0.248185966842
147.396944272,232.319273751,37.2931287009,0.0
252.972491721,221.879269357,37.2931287009,0.0
268.463678223,394.175777459,37.2931287009,0.0
373.220516822,217.000708754,37.2931287009,0.0
203.526977433,442.785057849,37.2931287009,0.0
51.901901906,370.451256277,37.2931287009,0.0
196.744439036,130.711360911,37.2931287009,0.0
111.877656869,137.7916301,37.2931287009,0.0
182.97555888,53.7943993878,37.2931287009,0.0
350.978279413,67.6591116788,37.2931287009,0.0
232.326484532,321.286147572,37.2931287009,0.0
126.588547606,382.288932925,37.2931287009,0.0
@ 320 10 0.111075848937 0.200008507865
152.288981923,251.328693578,35.2040156419,0.0
57.1378488015,223.403440068,35.2040156419,0.0
408.447778495,174.665555587,35.2040156419,0.0
220.69718809,217.306061583,35.2040156419,0.0
217.501372257,439.39784149,35.2040156419,0.0
138.870297289,435.153658618,35.2040156419,0.0
334.923072856,96.2103288473,35.2040156419,0.0
443.713938238,461.376585809,35.2040156419,0.0
451.822370379,389.599778741,35.2040156419,0.0
275.779965465,139.819338979,35.2040156419,0.0
54.1771906265,355.577218291,35.2040156419,0.0
299.667422492,386.977168242,35.2040156419,0.0
@ 330 10 0.111075848937 0.178227715553
253.845929647,252.929143374,41.638667502,0.0
263.473343077,401.587438018,41.638667502,0.0
390.065337051,64.1330876265,41.638667502,0.0
209.470296658,44.7177447728,41.638667502,0.0
363.577272108,441.787425272,41.638667502,0.0
73.4921226468,411.287789728,41.638667502,0.0
81.2366400351,165.859377926,41.638667502,0.0
173.744511344,189.901924201,41.638667502,0.0
459.088167192,418.457263267,41.638667502,0.0
440.688095016,139.386751611,41.638667502,0.0
338.745713695,147.085510115,41.638667502,0.0
177.593218216,424.840945443,41.638667502,0.0
@ 340 10 0.111075848937 0.249335706044
294.558936229,288.325105,41.952396483,0.0
142.413336257,421.477078362,41.952396483,0.0
188.864177603,174.29094596,41.952396483,0.0
358.851270093,417.869499218,41.952396483,0.0
254.867443337,89.7620505575,41.952396483,0.0
50.0532533552,222.255551874,41.952396483,0.0
375.218207143,177.367764578,41.952396483,0.0
469.205591963,115.437772078,41.952396483,0.0
115.019561758,330.134636692,41.952396483,0.0
459.401739207,219.018304012,41.952396483,0.0
374.993828774,331.919168033,41.952396483,0.0
280.336832255,449.893475856,41.952396483,0.0
@ 350 10 0.111075848937 0.253107129711
395.731472835,290.026396004,39.3753613146,0.0
214.974965796,452.065180561,39.3753613146,0.0
53.1377371816,315.30152015,39.3753613146,0.0
416.52386868,400.348670786,39.3753613146,0.0
318.729186332,231.903694488,39.3753613146,0.0
189.827406176,178.631978968,39.3753613146,0.0
65.3666874563,464.367343663,39.3753613146,0.0
43.3008536651,95.7083499246,39.3753613146,0.0
282.671064966,379.59161876,39.3753613146,0.0
216.02971268,48.1894372768,39.3753613146,0.0
101.43228232,162.930853477,39.3753613146,0.0
407.139330058,172.177234877,39.3753613146,0.0
@ 360 10 0.111075848937 0.222966662902
206.092541433,73.2596112714,44.809626952,0.0
56.2724605473,350.723930631,44.809626952,0.0
103.423175835,88.2524972565,44.809626952,0.0
369.549129111,199.120075351,44.809626952,0.0
152.002724505,361.754546618,44.809626952,0.0
317.130693858,54.9199104521,44.809626952,0.0
320.586038283,303.520966448,44.809626952,0.0
466.659011522,209.897105413,44.809626952,0.0
60.6864057753,458.944237773,44.809626952,0.0
428.744418353,51.4707737751,44.809626952,0.0
204.029348007,229.934479372,44.809626952,0.0
368.583098815,460.051119763,44.809626952,0.0
@ 370 10 0.111075848937 0.288757641973
274.777798883,59.0144963192,36.8301415871,0.0
314.218604927,238.53010423,36.8301415871,0.0
369.909380159,112.055299394,36.8301415871,0.0
442.744239949,135.130519952,36.8301415871,0.0
136.810584016,66.9330812625,36.8301415871,0.0
205.552155928,398.474499404,36.8301415871,0.0
46.1092299792,96.0006311924,36.8301415871,0.0
462.061602125,37.2840801912,36.8301415871,0.0
76.0426439325,191.759234405,36.8301415871,0.0
169.027387359,182.672308929,36.8301415871,0.0
267.572887416,347.405213778,36.8301415871,0.0
156.471390372,460.103926955,36.8301415871,0.0
@ 380 10 0.111075848937 0.19507319936
271.855719331,453.294571842,47.2821252118,0.0
409.785499533,462.297892347,47.2821252118,0.0
430.086297646,93.1858422752,47.2821252118,0.0
310.571513631,120.514702802,47.2821252118,0.0
173.081582276,281.69764964,47.2821252118,0.0
357.819676331,369.328856709,47.2821252118,0.0
86.7613683438,93.3059277616,47.2821252118,0.0
450.391241133,209.091703287,47.2821252118,0.0
192.685044828,374.335788008,47.2821252118,0.0
68.452531514,370.227510375,47.2821252118,0.0
185.865607691,88.9134600419,47.2821252118,0.0
365.276683433,268.709420201,47.2821252118,0.0
@ 390 10 0.111075848937 0.321502835434
58.8754599732,285.370580894,35.6949950252,0.0
41.7472490176,366.431576659,35.6949950252,0.0
297.524638693,95.7434101866,35.6949950252,0.0
227.546447129,70.8200734526,35.6949950252,0.0
239.825356296,160.426681139,35.6949950252,0.0
412.305578808,333.250278227,35.6949950252,0.0
448.169524373,150.538148852,35.6949950252,0.0
256.06892194,392.029629921,35.6949950252,0.0
210.23065052,269.895068469,35.6949950252,0.0
163.528497988,426.496854039,35.6949950252,0.0
56.7370028859,93.1592875102,35.6949950252,0.0
73.8930059564,214.380837266,35.6949950252,0.0
@ 400 10 0.111075848937 0.183233754925
322.42516577,405.982745224,43.2023862058,0.0
405.539627473,467.16815561,43.2023862058,0.0
223.929330363,431.879901715,43.2023862058,0.0
139.466704408,316.995428714,43.2023862058,0.0
357.084923242,61.5497203839,43.2023862058,0.0
62.5742793892,364.787903416,43.2023862058,0.0
268.555684615,47.2353395816,43.2023862058,0.0
87.7749929518,204.606705052,43.2023862058,0.0
342.416559275,260.877374895,43.2023862058,0.0
193.42812982,189.545154602,43.2023862058,0.0
462.673176488,93.301451978,43.2023862058,0.0
375.759441709,170.088108215,43.2023862058,0.0
@ 410 10 0.122142732507 0.268414701938
387.588430964,296.411427237,42.0216743028,0.0
213.905558792,392.276439104,42.0216743028,0.0
454.478214848,58.9476476836,42.0216743028,0.0
364.592332719,103.284233203,42.0216743028,0.0
461.622248401,228.100973698,42.0216743028,0.0
259.61389322,123.01202207,42.0216743028,0.0
85.9164556461,253.020789163,42.0216743028,0.0
200.73689841,201.733061772,42.0216743028,0.0
176.25787603,62.6979001124,42.0216743028,0.0
379.929898887,192.578706549,42.0216743028,0.0
346.883053637,372.373466409,42.0216743028,0.0
56.6681539821,106.998756081,42.0216743028,0.0
@ 420 10 0.122142732507 0.253943753575
276.277029628,356.954706916,44.9173332693,0.0
82.2896362309,60.8968967495,44.9173332693,0.0
71.3736618363,180.332884314,44.9173332693,0.0
147.658461086,447.544580493,44.9173332693,0.0
444.190055974,131.798370672,44.9173332693,0.0
235.228653023,67.8069609281,44.9173332693,0.0
79.7549668646,362.036764169,44.9173332693,0.0
236.721484444,462.961662787,44.9173332693,0.0
431.681519223,375.838445149,44.9173332693,0.0
168.699666139,167.627803154,44.9173332693,0.0
361.12454649,94.351391832,44.9173332693,0.0
258.090236774,243.344679503,44.9173332693,0.0
@ 430 10 0.122142732507 0.290147450467
351.947277916,237.550568129,46.7443386683,0.0
257.684604274,402.185484571,46.7443386683,0.0
414.520920397,430.976984514,46.7443386683,0.0
89.2483233917,435.380059433,46.7443386683,0.0
457.661676766,159.178672768,46.7443386683,0.0
350.614961388,136.315143617,46.7443386683,0.0
463.33725822,302.516484974,46.7443386683,0.0
201.230605607,237.375998524,46.7443386683,0.0
160.927717471,356.007190113,46.7443386683,0.0
65.1036965824,306.063847731,46.7443386683,0.0
343.69274696,344.02274223,46.7443386683,0.0
98.9889155541,215.745593543,46.7443386683,0.0
@ 440 10 0.122142732507 0.31423088576
154.583857581,170.565130767,38.6608885291,0.0
144.066420552,84.9543404994,38.6608885291,0.0
419.649339677,147.228005464,38.6608885291,0.0
196.19885353,402.081845454,38.6608885291,0.0
419.180035028,404.941281987,38.6608885291,0.0
333.734047956,56.8832406555,38.6608885291,0.0
69.6883206601,186.178668694,38.6608885291,0.0
306.882407938,333.991691505,38.6608885291,0.0
54.6734259859,337.572397519,38.6608885291,0.0
241.254642519,81.5802530613,38.6608885291,0.0
414.664122005,323.438290418,38.6608885291,0.0
42.8233756906,442.535141428,38.6608885291,0.0
@ 450 10 0.122142732507 0.214948536259
201.323005864,70.0608509974,42.1078918907,0.0
275.216955374,453.562639976,42.1078918907,0.0
377.146307008,296.676521654,42.1078918907,0.0
70.8330644453,157.535818835,42.1078918907,0.0
258.171380717,280.820849248,42.1078918907,0.0
81.0687867901,51.4581490429,42.1078918907,0.0
251.262061709,155.022718703,42.1078918907,0.0
465.731072206,412.005463832,42.1078918907,0.0
444.212006095,139.368764274,42.1078918907,0.0
241.596874623,368.598951236,42.1078918907,0.0
144.202525608,417.777785833,42.1078918907,0.0
46.2283485229,447.260054045,42.1078918907,0.0
@ 460 10 0.122142732507 0.254986876158
251.008501719,73.0699856517,42.401922711,0.0
388.165414902,313.134554081,42.401922711,0.0
201.923909862,355.837802471,42.401922711,0.0
102.924079936,77.6195213329,42.401922711,0.0
103.350917529,357.893413244,42.401922711,0.0
335.807134312,152.342355649,42.401922711,0.0
299.730294669,375.703215481,42.401922711,0.0
426.168837045,116.74182583,42.401922711,0.0
64.7869730763,169.940588844,42.401922711,0.0
68.8900198196,465.744481741,42.401922711,0.0
152.153390508,192.871244287,42.401922711,0.0
87.0872845807,264.909420914,42.401922711,0.0
@ 470 10 0.122142732507 0.258560351869
166.419020891,329.842854568,45.1949869095,0.0
100.067868664,166.752826483,45.1949869095,0.0
88.2349433707,462.707287675,45.1949869095,0.0
69.2690744161,342.503642033,45.1949869095,0.0
463.934437547,207.075172729,45.1949869095,0.0
413.495003841,345.578690467,45.1949869095,0.0
309.179599984,405.385514283,45.1949869095,0.0
274.001661632,311.829282515,45.1949869095,0.0
203.110400539,209.078003778,45.1949869095,0.0
351.024081717,161.342784126,45.1949869095,0.0
339.181167731,60.933179865,45.1949869095,0.0
218.573383063,425.646355387,45.1949869095,0.0
@ 480 10 0.122142732507 0.293745593086
50.2540145188,413.460724557,41.0771914139,0.0
103.347934554,263.15150447,41.0771914139,0.0
205.848710378,390.391364182,41.0771914139,0.0
285.797237539,46.2925584171,41.0771914139,0.0
352.334877209,357.19116408,41.0771914139,0.0
449.988499611,404.847213102,41.0771914139,0.0
315.691326437,454.175507626,41.0771914139,0.0
203.800529229,101.370742634,41.0771914139,0.0
190.00315112,224.238280191,41.0771914139,0.0
452.769574812,174.101274887,41.0771914139,0.0
65.8899159713,154.042006503,41.0771914139,0.0
390.101145315,244.873542737,41.0771914139,0.0
@ 490 10 0.122142732507 0.242656714722
267.728510443,251.177528744,46.42970735,0.0
341.386380019,68.3517132065,46.42970735,0.0
80.4313358073,253.032547763,46.42970735,0.0
163.822309172,312.454686142,46.42970735,0.0
58.0903232616,428.54315231,46.42970735,0.0
333.726859797,339.213149171,46.42970735,0.0
455.04928586,72.898052914,46.42970735,0.0
423.232633251,302.322159852,46.42970735,0.0
244.779443467,440.558629057,46.42970735,0.0
359.134978131,206.568803249,46.42970735,0.0
282.384355609,145.877713246,46.42970735,0.0
105.640218827,130.525821698,46.42970735,0.0
@ 500 10 0.122142732507 0.310015010671
269.190709743,380.795334511,40.4929054333,0.0
213.564643489,301.391779099,40.4929054333,0.0
191.623369313,443.809195458,40.4929054333,0.0
91.356433316,134.611055413,40.4929054333,0.0
320.739061108,112.099114596,40.4929054333,0.0
469.213510198,351.815351138,40.4929054333,0.0
268.477297731,227.452614172,40.4929054333,0.0
430.55968296,464.072201993,40.4929054333,0.0
113.367689898,290.225747004,40.4929054333,0.0
44.1348104363,54.1518988259,40.4929054333,0.0
360.281656339,241.018083195,40.4929054333,0.0
218.82669671,145.513464514,40.4929054333,0.0
@ 510 10 0.135658914729 0.235802664634
416.013508627,325.286649993,39.2130010089,0.0
53.6340837665,98.1836976976,39.2130010089,0.0
205.71883161,198.208143657,39.2130010089,0.0
235.526105998,292.565862722,39.2130010089,0.0
341.01324696,156.143757538,39.2130010089,0.0
308.570210909,243.722967512,39.2130010089,0.0
426.211809824,463.215150351,39.2130010089,0.0
286.410094495,51.0103598361,39.2130010089,0.0
186.370991987,381.05979016,39.2130010089,0.0
101.013785105,455.058010058,39.2130010089,0.0
96.2677457161,308.18770216,39.2130010089,0.0
379.814725777,398.261255721,39.2130010089,0.0
@ 520 10 0.135658914729 0.221131693067
394.74695347,270.730873609,44.110600786,0.0
460.557265186,351.394812225,44.110600786,0.0
359.744068742,382.483420293,44.110600786,0.0
232.589179912,243.120437392,44.110600786,0.0
93.8107484362,316.58341151,44.110600786,0.0
64.9622143086,450.99289921,44.110600786,0.0
75.6798258022,80.270186351,44.110600786,0.0
427.465872905,157.137232214,44.110600786,0.0
322.648404608,193.676810979,44.110600786,0.0
179.301548064,422.053290993,44.110600786,0.0
79.1990023145,218.128751553,44.110600786,0.0
301.961339317,87.4552529795,44.110600786,0.0
@ 530 10 0.135658914729 0.279818726534
166.186613556,431.708435889,46.6740607182,0.0
112.280892215,49.1797226608,46.6740607182,0.0
72.3090742787,265.472192008,46.6740607182,0.0
301.576408397,232.414652686,46.6740607182,0.0
302.443945287,437.983317027,46.6740607182,0.0
63.4571994436,395.841041843,46.6740607182,0.0
183.795789939,152.600102481,46.6740607182,0.0
437.983754303,451.007154104,46.6740607182,0.0
331.484979386,143.88206543,46.6740607182,0.0
455.929072082,315.609661498,46.6740607182,0.0
239.017479684,329.67639537,46.6740607182,0.0
426.653630333,77.3768135896,46.6740607182,0.0
@ 540 10 0.135658914729 0.313286732847
213.573069668,117.582796061,43.5483091679,0.0
62.9990238286,66.7545737523,43.5483091679,0.0
46.4048020915,434.433376195,43.5483091679,0.0
390.645280931,260.794353631,43.5483091679,0.0
167.283915841,339.142278075,43.5483091679,0.0
238.969460408,461.737369308,43.5483091679,0.0
171.41001481,231.045988913,43.5483091679,0.0
354.876417627,174.93692031,43.5483091679,0.0
444.978301576,75.9000135241,43.5483091679,0.0
73.1384652767,276.636059803,43.5483091679,0.0
61.2874819858,174.188263184,43.5483091679,0.0
460.805011836,384.785171502,43.5483091679,0.0
@ 550 10 0.135658914729 0.272730321825
411.101107727,312.363562692,44.8256756595,0.0
70.446315957,63.7736661121,44.8256756595,0.0
390.907775649,197.830025646,44.8256756595,0.0
80.2457733428,418.847378694,44.8256756595,0.0
306.392702362,159.346488113,44.8256756595,0.0
68.9497089556,310.261385707,44.8256756595,0.0
70.2776951034,178.592196062,44.8256756595,0.0
163.687088512,49.6736821551,44.8256756595,0.0
274.092729746,303.411764514,44.8256756595,0.0
159.507119426,279.892632109,44.8256756595,0.0
314.576557081,398.799617198,44.8256756595,0.0
400.11768405,62.3665622505,44.8256756595,0.0
@ 560 10 0.135658914729 0.28896451791
175.701778415,325.484861423,49.7164842919,0.0
300.59016947,346.115356448,49.7164842919,0.0
215.269479195,233.135509455,49.7164842919,0.0
94.4537119348,177.714678935,49.7164842919,0.0
344.177990346,94.6199601439,49.7164842919,0.0
443.800729303,57.9491866276,49.7164842919,0.0
215.117646623,130.472135445,49.7164842919,0.0
161.894048338,460.82256509,49.7164842919,0.0
359.518833353,440.950568753,49.7164842919,0.0
61.2445749843,276.927827423,49.7164842919,0.0
345.806954949,246.881212529,49.7164842919,0.0
437.287683234,332.379104565,49.7164842919,0.0
@ 570 10 0.135658914729 0.355460747374
227.030781484,454.696929207,43.0896887661,0.0
466.172357196,213.514933096,43.0896887661,0.0
331.408741907,60.0495490195,43.0896887661,0.0
89.2095094057,361.69513572,43.0896887661,0.0
152.756631025,252.764275652,43.0896887661,0.0
156.198712728,112.871308403,43.0896887661,0.0
72.2091672389,202.419918,43.0896887661,0.0
365.394429321,389.812057344,43.0896887661,0.0
297.852133403,323.898609704,43.0896887661,0.0
66.1118727968,83.5966499768,43.0896887661,0.0
337.017362976,204.285852757,43.0896887661,0.0
54.2000766276,441.841694659,43.0896887661,0.0
@ 580 10 0.135658914729 0.267016159041
232.755749076,311.620841221,45.4555160076,0.0
451.382264671,366.748936046,45.4555160076,0.0
456.879315567,458.001612983,45.4555160076,0.0
55.3619093538,459.467549485,45.4555160076,0.0
126.85901975,122.682237741,45.4555160076,0.0
219.432511206,434.282848294,45.4555160076,0.0
69.7170633059,328.330119271,45.4555160076,0.0
138.80537554,214.715524976,45.4555160076,0.0
333.09663366,98.7744797975,45.4555160076,0.0
349.725877475,462.300265794,45.4555160076,0.0
225.53570213,70.7819918024,45.4555160076,0.0
334.178499094,365.810211224,45.4555160076,0.0
@ 590 10 0.135658914729 0.297141980978
464.734225938,71.0172355093,45.0784228337,0.0
451.894271644,376.004124472,45.0784228337,0.0
255.040081189,215.851835411,45.0784228337,0.0
166.05373414,253.236125942,45.0784228337,0.0
152.62786525,459.020099974,45.0784228337,0.0
347.236757242,231.010864394,45.0784228337,0.0
319.562051488,76.131197024,45.0784228337,0.0
83.4272733015,158.944217393,45.0784228337,0.0
61.227133211,407.293263717,45.0784228337,0.0
358.150062547,429.261179052,45.0784228337,0.0
69.7387354154,251.69884368,45.0784228337,0.0
204.921631828,87.9611927603,45.0784228337,0.0
@ 600 10 0.135658914729 0.292232326645
298.842563173,295.422053069,45.0362507514,0.0
313.717843671,440.738089919,45.0362507514,0.0
222.712376678,167.493327,45.0362507514,0.0
75.8784556106,207.15266804,45.0362507514,0.0
223.683066077,409.542565728,45.0362507514,0.0
157.67040879,283.553367067,45.0362507514,0.0
426.865589947,271.976509637,45.0362507514,0.0
367.242142717,362.628168012,45.0362507514,0.0
56.9991604526,115.340414625,45.0362507514,0.0
96.1041290366,453.606427882,45.0362507514,0.0
356.306079424,184.571925462,45.0362507514,0.0
456.556720194,60.7613094909,45.0362507514,0.0
@ 610 10 0.152538679451 0.291685799938
222.754454224,225.440742881,48.931738628,0.0
271.82989316,112.096162537,48.931738628,0.0
177.982299518,67.178497881,48.931738628,0.0
205.496117351,375.506609526,48.931738628,0.0
347.769461879,433.709664531,48.931738628,0.0
110.948692508,342.537968375,48.931738628,0.0
138.159925778,453.395124692,48.931738628,0.0
461.476451647,177.771542668,48.931738628,0.0
132.268723858,170.146036214,48.931738628,0.0
443.062857531,365.0067341,48.931738628,0.0
348.488896536,230.393572003,48.931738628,0.0
65.9684666435,91.314383081,48.931738628,0.0
@ 620 10 0.152538679451 0.344327829104
57.7465413395,193.075713937,48.0508116516,0.0
173.810085329,390.507778415,48.0508116516,0.0
263.03216977,165.063059828,48.0508116516,0.0
367.574211826,458.073315869,48.0508116516,0.0
315.439932097,329.661017791,48.0508116516,0.0
50.8151794667,412.025511238,48.0508116516,0.0
95.5392432334,290.515593465,48.0508116516,0.0
355.81321978,100.06338145,48.0508116516,0.0
192.277923827,238.559035497,48.0508116516,0.0
430.169366779,196.798200461,48.0508116516,0.0
100.871808964,84.4795932453,48.0508116516,0.0
413.821493926,311.020625832,48.0508116516,0.0
@ 630 10 0.152538679451 0.332041437889
141.117792818,151.084713393,38.7282448948,0.0
461.114136798,454.595571617,38.7282448948,0.0
351.062432942,130.702815359,38.7282448948,0.0
258.605994161,96.0642625161,38.7282448948,0.0
137.060824909,282.251750649,38.7282448948,0.0
321.823751904,406.14519195,38.7282448948,0.0
213.471793607,207.794295999,38.7282448948,0.0
187.148927392,348.175446772,38.7282448948,0.0
395.402088355,199.211426382,38.7282448948,0.0
158.681560702,49.4144056628,38.7282448948,0.0
457.173961895,295.586901984,38.7282448948,0.0
58.7967538157,57.7454576521,38.7282448948,0.0
@ 640 10 0.152538679451 0.215698170576
253.887533044,269.335592274,44.7371361511,0.0
112.182206332,457.731376253,44.7371361511,0.0
353.487284817,71.4404502592,44.7371361511,0.0
418.704493192,433.178946783,44.7371361511,0.0
294.118015413,160.585842312,44.7371361511,0.0
354.457504272,306.734010053,44.7371361511,0.0
234.486185339,422.297159224,44.7371361511,0.0
430.411266837,255.186086488,44.7371361511,0.0
51.9892280438,49.1684236378,44.7371361511,0.0
106.876221821,252.909524429,44.7371361511,0.0
111.739082743,146.826502499,44.7371361511,0.0
218.642505999,89.602100543,44.7371361511,0.0
@ 650 10 0.152538679451 0.287824121988
353.700984908,426.295330929,44.5545926951,0.0
117.550395026,234.693793631,44.5545926951,0.0
133.558782484,445.096348953,44.5545926951,0.0
60.5432988399,322.598968332,44.5545926951,0.0
357.588765099,86.3158981212,44.5545926951,0.0
327.626855411,208.956133268,44.5545926951,0.0
228.903282302,57.8465284566,44.5545926951,0.0
453.060252608,364.328732459,44.5545926951,0.0
226.960826487,278.356545409,44.5545926951,0.0
221.818486368,159.443826925,44.5545926951,0.0
225.837847728,422.753300837,44.5545926951,0.0
467.268947438,67.8452822808,44.5545926951,0.0
@ 660 10 0.152538679451 0.285480064112
429.189471997,331.03744424,44.8607507717,0.0
218.668231321,444.766267689,44.8607507717,0.0
115.91407723,71.8621121552,44.8607507717,0.0
357.736970244,183.462643875,44.8607507717,0.0
238.576777299,56.3813701485,44.8607507717,0.0
89.6644165666,195.777296041,44.8607507717,0.0
446.603341475,144.562981357,44.8607507717,0.0
333.984813751,426.461825973,44.8607507717,0.0
204.985611753,204.860491901,44.8607507717,0.0
307.517883244,286.025727967,44.8607507717,0.0
108.538664254,339.744701335,44.8607507717,0.0
392.198220792,72.0141814228,44.8607507717,0.0
@ 670 10 0.152538679451 0.289416911684
447.642679735,250.033885212,43.707388224,0.0
256.326313717,444.25748864,43.707388224,0.0
408.073596253,377.666850891,43.707388224,0.0
228.101829982,237.408046716,43.707388224,0.0
257.085484424,336.851030375,43.707388224,0.0
45.580488315,453.021174862,43.707388224,0.0
104.386596441,369.547533721,43.707388224,0.0
129.708429244,212.01634549,43.707388224,0.0
369.084524428,201.839905059,43.707388224,0.0
228.432785145,83.453300203,43.707388224,0.0
99.8292993542,90.1655144345,43.707388224,0.0
155.118200758,295.680555588,43.707388224,0.0
@ 680 10 0.152538679451 0.274726492306
113.338651713,190.702556368,48.3000850095,0.0
446.395298844,454.284307984,48.3000850095,0.0
95.0235594495,63.1129996924,48.3000850095,0.0
58.7641355871,430.044849533,48.3000850095,0.0
281.384914967,305.81424153,48.3000850095,0.0
427.242538323,302.708901298,48.3000850095,0.0
162.052841236,451.062157837,48.3000850095,0.0
204.710886451,66.2737859003,48.3000850095,0.0
125.122063208,343.780024268,48.3000850095,0.0
436.248536138,95.4274137795,48.3000850095,0.0
291.335844235,459.511649934,48.3000850095,0.0
320.943433127,75.5567598932,48.3000850095,0.0
@ 690 10 0.152538679451 0.335495438855
215.189150914,456.246850641,46.795458187,0.0
105.335300492,253.125115334,46.795458187,0.0
280.868004959,119.966127094,46.795458187,0.0
285.918957089,280.101421581,46.795458187,0.0
89.9354981365,129.213841769,46.795458187,0.0
446.710661307,139.932529691,46.795458187,0.0
398.118880356,51.9644724315,46.795458187,0.0
300.909377664,390.956881153,46.795458187,0.0
459.787065581,455.14068086,46.795458187,0.0
426.778340353,320.429185963,46.795458187,0.0
184.829497375,333.14306529,46.795458187,0.0
170.961157567,60.1208988388,46.795458187,0.0
@ 700 10 0.152538679451 0.314918546148
411.12288431,291.264772612,44.3597673815,0.0
388.331616689,128.580960908,44.3597673815,0.0
71.0795465928,71.8673356909,44.3597673815,0.0
48.8216656586,294.78800319,44.3597673815,0.0
152.281623788,193.776359912,44.3597673815,0.0
68.4394158534,418.423479386,44.3597673815,0.0
302.935655348,287.687296103,44.3597673815,0.0
168.019866546,334.035320949,44.3597673815,0.0
466.86503168,179.013611276,44.3597673815,0.0
317.209633096,415.728801696,44.3597673815,0.0
319.016544831,47.847814848,44.3597673815,0.0
56.1292526798,202.172577475,44.3597673815,0.0
@ 710 10 0.174216027875 0.282988866833
407.286814863,102.873496913,42.2516166498,0.0
365.201945573,318.07504549,42.2516166498,0.0
160.553849899,90.4150834452,42.2516166498,0.0
443.93653019,397.068966311,42.2516166498,0.0
106.013414963,439.474724,42.2516166498,0.0
240.485975708,317.923794983,42.2516166498,0.0
262.660253095,221.298667742,42.2516166498,0.0
322.909571282,426.244127011,42.2516166498,0.0
124.766718259,193.067770408,42.2516166498,0.0
267.951709781,101.478361718,42.2516166498,0.0
198.857815786,423.322739471,42.2516166498,0.0
404.685797278,240.897824013,42.2516166498,0.0
@ 720 10 0.174216027875 0.256730514702
351.137006831,391.817081728,43.1240584679,0.0
448.479117631,367.813106319,43.1240584679,0.0
353.810167825,135.074633912,43.1240584679,0.0
44.8050429961,270.527392155,43.1240584679,0.0
68.2736286886,440.635958653,43.1240584679,0.0
146.077282053,212.88635027,43.1240584679,0.0
244.319176427,308.840101036,43.1240584679,0.0
312.049433363,255.26484059,43.1240584679,0.0
53.0975500833,179.411873272,43.1240584679,0.0
204.084443205,44.6570556002,43.1240584679,0.0
116.479679095,355.019455828,43.1240584679,0.0
214.617373347,392.904350809,43.1240584679,0.0
@ 730 10 0.174216027875 0.267442290027
266.31266729,164.729810637,48.7304313212,0.0
402.754500221,167.547124173,48.7304313212,0.0
330.040457072,246.670253687,48.7304313212,0.0
258.232070358,414.382325326,48.7304313212,0.0
148.825801869,69.4681434692,48.7304313212,0.0
166.04275029,374.800533328,48.7304313212,0.0
284.642217692,59.8214241776,48.7304313212,0.0
85.0476181172,242.996470239,48.7304313212,0.0
49.7914205105,148.40506098,48.7304313212,0.0
53.5350122609,372.010796977,48.7304313212,0.0
204.970288102,263.306567179,48.7304313212,0.0
444.411590844,448.870305722,48.7304313212,0.0
@ 740 10 0.174216027875 0.341500497562
145.122546811,283.273929643,43.9952524803,0.0
344.179595752,231.763525452,43.9952524803,0.0
52.6362234791,302.816664493,43.9952524803,0.0
239.378335778,206.660866058,43.9952524803,0.0
142.073679889,99.6460346444,43.9952524803,0.0
126.218184658,462.502893629,43.9952524803,0.0
447.10947186,320.946336016,43.9952524803,0.0
301.884183813,83.912047506,43.9952524803,0.0
265.608037403,426.792261088,43.9952524803,0.0
372.276741793,406.467208925,43.9952524803,0.0
52.4496324682,46.872904687,43.9952524803,0.0
430.783112581,121.69408775,43.9952524803,0.0
@ 750 10 0.174216027875 0.278357199641
264.162044542,275.189572885,44.7250485685,0.0
175.395232438,457.555384441,44.7250485685,0.0
437.667312718,46.6346689031,44.7250485685,0.0
272.154131626,430.299213559,44.7250485685,0.0
66.6558871121,437.603211106,44.7250485685,0.0
373.216621276,413.789322585,44.7250485685,0.0
131.856450854,260.550732711,44.7250485685,0.0
70.9324527857,330.943910898,44.7250485685,0.0
224.655858056,178.353856517,44.7250485685,0.0
377.315914291,230.77210415,44.7250485685,0.0
347.825781078,141.204794629,44.7250485685,0.0
61.606759276,124.530639016,44.7250485685,0.0
@ 760 10 0.174216027875 0.287668607883
284.650041035,206.533572867,48.7609635455,0.0
107.061664716,302.327131839,48.7609635455,0.0
417.933709182,399.030443912,48.7609635455,0.0
359.3892572,317.591463834,48.7609635455,0.0
178.817382131,233.666118065,48.7609635455,0.0
408.452868998,178.617307056,48.7609635455,0.0
223.565961404,368.823204471,48.7609635455,0.0
134.573255918,439.596777285,48.7609635455,0.0
442.284490833,49.2411175663,48.7609635455,0.0
70.4981817956,67.7510367039,48.7609635455,0.0
239.667340807,110.851362857,48.7609635455,0.0
102.867348176,169.663245473,48.7609635455,0.0
@ 770 10 0.174216027875 0.341928568317
242.579557785,291.645716195,49.4189623044,0.0
186.707942575,420.958869209,49.4189623044,0.0
282.412192479,159.40454137,49.4189623044,0.0
76.0170818714,433.168267156,49.4189623044,0.0
138.640730371,215.302483471,49.4189623044,0.0
78.2427221693,58.2161686484,49.4189623044,0.0
461.127800486,394.045422045,49.4189623044,0.0
246.48628696,52.8495941373,49.4189623044,0.0
388.319319586,51.2972453774,49.4189623044,0.0
457.281312179,171.800785733,49.4189623044,0.0
308.467280818,440.541955381,49.4189623044,0.0
92.058803585,316.595270504,49.4189623044,0.0
@ 780 10 0.174216027875 0.351219057974
194.891137461,404.347554977,50.4899246764,0.0
66.3641716045,114.641099761,50.4899246764,0.0
408.712751082,274.331890283,50.4899246764,0.0
253.120698335,307.098352966,50.4899246764,0.0
274.781380126,195.264267821,50.4899246764,0.0
324.234114164,56.7763039484,50.4899246764,0.0
446.474123955,445.356863114,50.4899246764,0.0
224.220196765,77.5469489195,50.4899246764,0.0
143.129633693,259.577947183,50.4899246764,0.0
423.940172795,83.9644841575,50.4899246764,0.0
307.349067519,457.292621867,50.4899246764,0.0
51.4743603026,428.359513216,50.4899246764,0.0
@ 790 10 0.174216027875 0.366606596845
408.497707401,45.4086369049,39.4629338524,0.0
202.112972129,139.102358977,39.4629338524,0.0
42.3867474998,325.086988122,39.4629338524,0.0
135.199170993,276.440933511,39.4629338524,0.0
351.966262359,447.573480757,39.4629338524,0.0
88.5138281765,152.493433332,39.4629338524,0.0
209.848536752,409.49841064,39.4629338524,0.0
66.9707777627,433.108554446,39.4629338524,0.0
461.230777073,343.528929709,39.4629338524,0.0
259.659426287,215.06639498,39.4629338524,0.0
138.461432512,55.7552880642,39.4629338524,0.0
318.97022017,139.24146473,39.4629338524,0.0
@ 800 10 0.174216027875 0.223959541136
407.922564571,219.28988996,43.2424695685,0.0
145.818566842,245.771910174,43.2424695685,0.0
284.063127414,359.205920588,43.2424695685,0.0
457.729023823,112.491938345,43.2424695685,0.0
345.155064403,287.812384898,43.2424695685,0.0
390.603574144,462.883806057,43.2424695685,0.0
221.465065865,59.5180006323,43.2424695685,0.0
51.127402174,69.4921090881,43.2424695685,0.0
416.210448731,374.141593167,43.2424695685,0.0
189.642761427,363.009425371,43.2424695685,0.0
314.281757234,74.8080915875,43.2424695685,0.0
255.755667844,193.452009619,43.2424695685,0.0
@ 810 10 0.203075137801 0.268913005661
256.033378507,321.508029187,46.7447479118,0.0
326.878426756,247.671506144,46.7447479118,0.0
410.660970804,202.479372294,46.7447479118,0.0
417.954916527,417.975076795,46.7447479118,0.0
309.526200936,58.7623746102,46.7447479118,0.0
156.144666855,274.621359326,46.7447479118,0.0
174.699183509,87.384203981,46.7447479118,0.0
80.0700183528,56.7935535767,46.7447479118,0.0
237.213075692,419.56031706,46.7447479118,0.0
62.0303255068,218.421036444,46.7447479118,0.0
109.984024835,436.293982478,46.7447479118,0.0
59.9240649501,315.424897487,46.7447479118,0.0
@ 820 10 0.203075137801 0.314236387923
85.1802779323,428.641313642,44.0495399624,0.0
443.346764624,85.7888421878,44.0495399624,0.0
209.21319722,354.23239433,44.0495399624,0.0
70.6975830564,322.019752699,44.0495399624,0.0
155.456218513,46.5205543118,44.0495399624,0.0
426.646106263,329.783690426,44.0495399624,0.0
358.707997803,441.731899307,44.0495399624,0.0
414.187594814,203.115080962,44.0495399624,0.0
308.858458031,53.1191800323,44.0495399624,0.0
272.958664171,288.771644498,44.0495399624,0.0
265.927750979,439.427168101,44.0495399624,0.0
93.8938771134,114.835315929,44.0495399624,0.0
@ 830 10 0.203075137801 0.279044575386
423.068786247,228.221356378,48.1631364574,0.0
54.2565081151,454.82246664,48.1631364574,0.0
327.97668812,51.857312655,48.1631364574,0.0
276.827199559,220.351650711,48.1631364574,0.0
116.281711057,328.946351933,48.1631364574,0.0
48.6634007045,160.256301452,48.1631364574,0.0
429.302906503,397.130579346,48.1631364574,0.0
220.390177741,448.587027369,48.1631364574,0.0
455.169192379,79.9861557072,48.1631364574,0.0
361.28649745,312.006087972,48.1631364574,0.0
135.351030068,54.026369487,48.1631364574,0.0
215.226441755,319.661181114,48.1631364574,0.0
@ 840 10 0.203075137801 0.333595629436
54.4051090981,347.683538579,50.1450031278,0.0
307.135272593,268.740638181,50.1450031278,0.0
455.606032133,164.396404647,50.1450031278,0.0
411.86230542,331.707802158,50.1450031278,0.0
216.377718139,147.803455066,50.1450031278,0.0
319.582861565,137.145775639,50.1450031278,0.0
177.927149906,344.765694908,50.1450031278,0.0
112.964622985,145.078243354,50.1450031278,0.0
205.8738686,443.546689762,50.1450031278,0.0
319.637249209,393.569915092,50.1450031278,0.0
61.0319529878,57.54754581,50.1450031278,0.0
426.640135671,56.5021306392,50.1450031278,0.0
@ 850 10 0.203075137801 0.361614765582
404.675704905,199.452159281,52.9906594942,0.0
57.2530497524,319.146341566,52.9906594942,0.0
290.937149138,67.9599269079,52.9906594942,0.0
442.167968162,338.259558378,52.9906594942,0.0
182.650340838,99.5750526899,52.9906594942,0.0
89.635893783,457.929560311,52.9906594942,0.0
147.742855804,238.273105023,52.9906594942,0.0
454.714530491,85.071958704,52.9906594942,0.0
76.5171254393,143.055371353,52.9906594942,0.0
386.578388027,440.474607531,52.9906594942,0.0
223.277570389,430.940907099,52.9906594942,0.0
226.575943795,317.536972359,52.9906594942,0.0
@ 860 10 0.203075137801 0.403821538509
363.298039304,264.938967411,48.41014275,0.0
369.340162654,381.080672606,48.41014275,0.0
75.8159593237,247.528918917,48.41014275,0.0
302.773286781,453.040465259,48.41014275,0.0
60.6055975708,434.298393473,48.41014275,0.0
426.728058389,159.187190138,48.41014275,0.0
447.76131378,451.191433467,48.41014275,0.0
112.235748354,129.119789882,48.41014275,0.0
333.926859395,86.7422426827,48.41014275,0.0
134.302326518,352.280090768,48.41014275,0.0
187.145732157,224.491636013,48.41014275,0.0
207.084615675,55.0877342444,48.41014275,0.0
@ 870 10 0.203075137801 0.337026116814
457.467343409,225.926367016,46.8227507856,0.0
339.529790944,222.286434892,46.8227507856,0.0
344.165439496,332.621715408,46.8227507856,0.0
102.998519225,275.761850798,46.8227507856,0.0
156.272844516,354.460384574,46.8227507856,0.0
55.8407114614,406.937704817,46.8227507856,0.0
365.61838968,451.451349592,46.8227507856,0.0
112.68482746,120.261004895,46.8227507856,0.0
227.507326666,428.731287648,46.8227507856,0.0
330.799802625,84.8463686109,46.8227507856,0.0
437.309532011,103.679568111,46.8227507856,0.0
215.709084119,96.1940354295,46.8227507856,0.0
@ 880 10 0.203075137801 0.315285994282
312.014384314,444.177695417,49.9878065781,0.0
168.104914231,109.581701575,49.9878065781,0.0
179.775008113,216.304956117,49.9878065781,0.0
410.359735367,309.727473822,49.9878065781,0.0
65.3822982866,299.431845686,49.9878065781,0.0
67.6952215377,455.573726232,49.9878065781,0.0
57.4329178217,175.572329285,49.9878065781,0.0
444.161677607,104.724421982,49.9878065781,0.0
412.361254797,437.105204805,49.9878065781,0.0
198.543385987,372.641837546,49.9878065781,0.0
304.175957283,173.75238747,49.9878065781,0.0
280.991485941,64.2310828001,49.9878065781,0.0
@ 890 10 0.203075137801 0.359351110559
327.31462213,237.069505223,48.3437197809,0.0
58.7310809716,199.352846302,48.3437197809,0.0
321.129460081,66.8497673426,48.3437197809,0.0
149.080591847,253.837582311,48.3437197809,0.0
455.252550085,244.233451589,48.3437197809,0.0
70.1998698713,61.8030682142,48.3437197809,0.0
257.408949025,338.44278159,48.3437197809,0.0
293.4453862,453.594573797,48.3437197809,0.0
426.954097366,354.853230383,48.3437197809,0.0
91.0284901057,391.148291402,48.3437197809,0.0
179.84097886,66.929037674,48.3437197809,0.0
424.9210461,82.5390976609,48.3437197809,0.0
@ 900 10 0.203075137801 0.336101892421
241.986387982,131.306361738,46.8142722378,0.0
167.587405046,311.089001565,46.8142722378,0.0
200.071085356,215.559839116,46.8142722378,0.0
99.2519275966,232.240723215,46.8142722378,0.0
143.608198842,111.357444532,46.8142722378,0.0
372.314371653,141.578792416,46.8142722378,0.0
203.816598885,450.029288924,46.8142722378,0.0
411.248967944,421.057976266,46.8142722378,0.0
299.034653044,415.464211941,46.8142722378,0.0
116.898732435,410.438528671,46.8142722378,0.0
294.229259288,228.870847258,46.8142722378,0.0
403.678963405,293.055524386,46.8142722378,0.0
@ 910 10 0.243393602225 0.315171822206
297.966342404,458.592082474,52.1135881852,0.0
427.549875566,332.04613011,52.1135881852,0.0
268.202556708,82.5714364953,52.1135881852,0.0
450.429005672,72.1418242863,52.1135881852,0.0
69.2086818922,289.459005606,52.1135881852,0.0
445.351741554,209.608339984,52.1135881852,0.0
208.160522443,405.0425188,52.1135881852,0.0
55.5526301907,449.641155396,52.1135881852,0.0
55.2417767523,113.84548919,52.1135881852,0.0
422.509959913,446.7101003,52.1135881852,0.0
167.401483661,155.921655471,52.1135881852,0.0
320.562589088,271.33340933,52.1135881852,0.0
@ 920 10 0.243393602225 0.390564515733
48.9330113667,174.783369137,48.0710584656,0.0
320.720453448,295.249168954,48.0710584656,0.0
446.468055357,347.360447471,48.0710584656,0.0
51.431164311,69.2568126832,48.0710584656,0.0
188.463028807,319.665869498,48.0710584656,0.0
446.858780383,459.163319751,48.0710584656,0.0
359.264850015,197.762345794,48.0710584656,0.0
435.926110067,52.4068178793,48.0710584656,0.0
72.6324585538,357.125924164,48.0710584656,0.0
334.077507073,450.205697598,48.0710584656,0.0
171.167085197,448.242710823,48.0710584656,0.0
283.270438855,77.5445638028,48.0710584656,0.0
@ 930 10 0.243393602225 0.332321316516
411.232369677,191.580318887,45.3746628879,0.0
71.5543151259,190.753975254,45.3746628879,0.0
195.561231298,99.6649824833,45.3746628879,0.0
279.619163544,326.19830128,45.3746628879,0.0
194.030183577,252.55517891,45.3746628879,0.0
353.214953545,47.9200699025,45.3746628879,0.0
91.8976452987,86.4556689519,45.3746628879,0.0
80.1372328897,353.154419472,45.3746628879,0.0
394.154684425,414.763790537,45.3746628879,0.0
306.535926778,138.749017348,45.3746628879,0.0
288.658408892,428.075160359,45.3746628879,0.0
190.324491633,441.443700627,45.3746628879,0.0
@ 940 10 0.243393602225 0.29608585
254.828048841,336.856702754,48.6796864114,0.0
169.185276345,149.088288029,48.6796864114,0.0
380.547696775,280.361712316,48.6796864114,0.0
441.542387647,56.7256724009,48.6796864114,0.0
408.108995517,451.463084167,48.6796864114,0.0
202.319837995,462.083075969,48.6796864114,0.0
307.229602697,431.436086047,48.6796864114,0.0
292.498831797,76.1241391338,48.6796864114,0.0
86.826226221,267.214164041,48.6796864114,0.0
392.81367251,176.426827059,48.6796864114,0.0
75.8862408874,76.3549245932,48.6796864114,0.0
65.0094493241,366.354130057,48.6796864114,0.0
@ 950 10 0.243393602225 0.340789632151
127.490031231,370.560205591,50.986852531,0.0
442.096058205,169.315872443,50.986852531,0.0
321.133587894,77.0709687604,50.986852531,0.0
288.208495964,381.415901158,50.986852531,0.0
177.838925302,90.2360018785,50.986852531,0.0
201.937253348,444.677451436,50.986852531,0.0
310.520020801,181.189891736,50.986852531,0.0
402.825750715,360.51454523,50.986852531,0.0
169.861279415,208.226757,50.986852531,0.0
460.756941379,56.8230366231,50.986852531,0.0
74.2420317862,257.13689468,50.986852531,0.0
63.113045564,69.4270915425,50.986852531,0.0
@ 960 10 0.243393602225 0.373858480656
78.5371890073,461.875877648,48.5432051877,0.0
69.2554553458,361.687302103,48.5432051877,0.0
457.089800985,309.354713526,48.5432051877,0.0
340.251387915,87.4224344474,48.5432051877,0.0
160.42333773,284.505200617,48.5432051877,0.0
157.062239506,49.8506115175,48.5432051877,0.0
205.697211533,171.605910106,48.5432051877,0.0
344.57619378,203.300233236,48.5432051877,0.0
96.3358491512,196.064407306,48.5432051877,0.0
291.001640294,443.728999819,48.5432051877,0.0
181.779262575,421.555188856,48.5432051877,0.0
446.632419923,132.547681967,48.5432051877,0.0
@ 970 10 0.243393602225 0.338881395332
454.396472104,59.5579879009,52.6957368734,0.0
457.07880077,173.479814419,52.6957368734,0.0
228.099714771,211.247494861,52.6957368734,0.0
179.358591662,440.896211193,52.6957368734,0.0
286.54741039,416.992088166,52.6957368734,0.0
317.190328394,305.762937163,52.6957368734,0.0
336.040858043,163.026041809,52.6957368734,0.0
209.733901682,336.53954561,52.6957368734,0.0
235.872019193,69.8951879194,52.6957368734,0.0
58.1765211912,66.1059463012,52.6957368734,0.0
80.4429991029,394.086947839,52.6957368734,0.0
424.000765841,441.564768294,52.6957368734,0.0
@ 980 10 0.243393602225 0.399339062185
381.982034686,57.5651295552,52.4302606064,0.0
125.593756543,60.6934799408,52.4302606064,0.0
66.3916429477,311.576107906,52.4302606064,0.0
123.724911512,417.100124701,52.4302606064,0.0
165.001116533,272.066114507,52.4302606064,0.0
340.91297232,240.574804584,52.4302606064,0.0
79.8974311802,165.334759791,52.4302606064,0.0
458.597548705,144.436692788,52.4302606064,0.0
243.471584207,368.51953089,52.4302606064,0.0
246.134155334,102.15028896,52.4302606064,0.0
455.640181987,262.102266496,52.4302606064,0.0
365.862152466,408.78566472,52.4302606064,0.0
@ 990 10 0.243393602225 0.395325530814
308.79659352,444.884286939,52.1205559292,0.0
329.80871104,174.924954782,52.1205559292,0.0
291.872136784,56.2502372114,52.1205559292,0.0
189.994227795,290.031805756,52.1205559292,0.0
427.628294627,60.788022225,52.1205559292,0.0
80.9239648802,188.875081251,52.1205559292,0.0
191.395512142,396.873194108,52.1205559292,0.0
161.373115121,90.9234713568,52.1205559292,0.0
383.399629238,269.033648902,52.1205559292,0.0
424.858112041,420.932129799,52.1205559292,0.0
216.493201739,188.687535581,52.1205559292,0.0
59.1635765914,411.71319446,52.1205559292,0.0
@ 1000 10 0.243393602225 0.390668962024
372.230508389,355.003731311,50.9662013972,0.0
82.8949416831,116.005095997,50.9662013972,0.0
295.191619979,252.937161517,50.9662013972,0.0
53.5961161651,415.639965304,50.9662013972,0.0
201.095494004,93.4433961188,50.9662013972,0.0
452.600310241,446.511334103,50.9662013972,0.0
298.500164481,430.167349202,50.9662013972,0.0
397.704376797,226.127150847,50.9662013972,0.0
177.621277274,218.498234046,50.9662013972,0.0
324.835843105,72.1020659055,50.9662013972,0.0
169.940913763,342.009391948,50.9662013972,0.0
69.2332507456,240.724133822,50.9662013972,0.0
@ 1010 10 0.303687635575 0.373555695228
359.370524206,185.983974134,53.6066801792,0.0
321.955042618,353.631545302,53.6066801792,0.0
455.031801913,124.611613399,53.6066801792,0.0
259.140264368,230.806118384,53.6066801792,0.0
58.1839253541,88.865241119,53.6066801792,0.0
100.769699363,437.611231072,53.6066801792,0.0
163.069605076,56.0606409416,53.6066801792,0.0
435.356139509,278.212595065,53.6066801792,0.0
147.22900147,167.057578134,53.6066801792,0.0
341.097138744,67.2378323317,53.6066801792,0.0
198.095834208,375.810891172,53.6066801792,0.0
55.0100995811,241.662802,53.6066801792,0.0
@ 1020 10 0.303687635575 0.413265027785
343.522271523,346.683812758,49.6589389011,0.0
132.570878342,273.081238376,49.6589389011,0.0
241.637540633,326.341015683,49.6589389011,0.0
139.767889001,119.615764109,49.6589389011,0.0
340.617297962,86.4390418237,49.6589389011,0.0
443.918884104,363.857993886,49.6589389011,0.0
298.137525835,195.382478734,49.6589389011,0.0
54.5472251277,200.926586572,49.6589389011,0.0
105.154873565,384.400460741,49.6589389011,0.0
52.7397166927,54.4746425236,49.6589389011,0.0
409.85507548,226.614680794,49.6589389011,0.0
401.683214291,462.169616538,49.6589389011,0.0
@ 1030 10 0.303687635575 0.354638352556
455.642190191,230.461202722,51.2257434914,0.0
148.795876257,444.113576216,51.2257434914,0.0
151.268263799,63.1040018452,51.2257434914,0.0
318.82664487,104.219397891,51.2257434914,0.0
82.2893317225,267.84989277,51.2257434914,0.0
65.7866532045,127.257670296,51.2257434914,0.0
434.580534558,120.099483828,51.2257434914,0.0
259.642776776,460.421700463,51.2257434914,0.0
211.157605057,304.05900814,51.2257434914,0.0
423.072296025,409.150818911,51.2257434914,0.0
321.519435403,244.588893244,51.2257434914,0.0
195.269944324,201.608792319,51.2257434914,0.0
@ 1040 10 0.303687635575 0.37736999919
60.615943448,173.512534864,51.3931616575,0.0
337.31629429,459.784166307,51.3931616575,0.0
84.6567065175,376.428078102,51.3931616575,0.0
223.992661978,285.233762455,51.3931616575,0.0
176.274205276,443.210773356,51.3931616575,0.0
447.594064051,72.7775254731,51.3931616575,0.0
123.189179426,51.7282683264,51.3931616575,0.0
430.328392358,188.713270407,51.3931616575,0.0
315.515540839,159.517271321,51.3931616575,0.0
436.425290689,294.69717271,51.3931616575,0.0
259.336219178,67.2361523668,51.3931616575,0.0
168.446076343,173.93070253,51.3931616575,0.0
@ 1050 10 0.303687635575 0.379840703582
336.175950069,318.006777599,53.8616985114,0.0
296.127333962,450.703339005,53.8616985114,0.0
439.856963351,188.367413259,53.8616985114,0.0
60.1555437643,451.950265527,53.8616985114,0.0
194.566380521,263.995561925,53.8616985114,0.0
99.3925581363,154.224226375,53.8616985114,0.0
450.30822315,70.1447574986,53.8616985114,0.0
201.983280532,87.1747237439,53.8616985114,0.0
329.591502569,139.527247216,53.8616985114,0.0
446.932456443,329.612483661,53.8616985114,0.0
66.1112942818,332.687658184,53.8616985114,0.0
169.895386073,444.537224112,53.8616985114,0.0
@ 1060 10 0.303687635575 0.417206358956
423.387720202,67.163437516,49.9921831038,0.0
328.005919146,152.952924072,49.9921831038,0.0
60.5775222567,410.887989375,49.9921831038,0.0
61.3540075782,278.659066286,49.9921831038,0.0
392.899085977,426.380625442,49.9921831038,0.0
232.8708404,62.8695809246,49.9921831038,0.0
150.193012861,209.158151874,49.9921831038,0.0
154.594274154,453.322988997,49.9921831038,0.0
412.81300745,285.540484763,49.9921831038,0.0
172.500308886,349.280222555,49.9921831038,0.0
119.119364439,79.874321256,49.9921831038,0.0
277.366591253,248.232194622,49.9921831038,0.0
@ 1070 10 0.303687635575 0.359414037034
349.126048314,407.11744463,47.6288956918,0.0
162.158038288,448.890592632,47.6288956918,0.0
437.493612486,447.977488725,47.6288956918,0.0
259.260096155,445.123904609,47.6288956918,0.0
397.282795645,149.770174073,47.6288956918,0.0
379.802468322,53.064274932,47.6288956918,0.0
247.713261425,80.4657444261,47.6288956918,0.0
66.8867891786,128.358980121,47.6288956918,0.0
178.357549385,221.771492637,47.6288956918,0.0
444.108106617,241.273717103,47.6288956918,0.0
204.13252339,328.061900484,47.6288956918,0.0
316.946797537,215.3170444,47.6288956918,0.0
@ 1080 10 0.303687635575 0.326235978092
193.798500401,401.524363521,46.1018863123,0.0
160.863517525,307.935142449,46.1018863123,0.0
432.193686257,82.2430803375,46.1018863123,0.0
248.147245748,255.800474134,46.1018863123,0.0
80.5897286857,172.59446076,46.1018863123,0.0
361.664232146,366.621348556,46.1018863123,0.0
60.3663759886,287.199949413,46.1018863123,0.0
177.689258815,52.2827304316,46.1018863123,0.0
284.864732462,141.819849519,46.1018863123,0.0
428.954633812,453.55391374,46.1018863123,0.0
88.1776405518,401.389199479,46.1018863123,0.0
394.030839403,243.318667715,46.1018863123,0.0
@ 1090 10 0.303687635575 0.305652688939
117.797660096,150.314922054,52.2851256222,0.0
439.32471608,220.329592058,52.2851256222,0.0
71.8554473397,350.788734822,52.2851256222,0.0
386.536818043,53.586854944,52.2851256222,0.0
298.556261852,116.884954484,52.2851256222,0.0
342.460135066,344.758910898,52.2851256222,0.0
119.577076837,454.908927964,52.2851256222,0.0
77.711803609,52.8425682674,52.2851256222,0.0
266.278216723,454.806673448,52.2851256222,0.0
459.121973179,344.589595986,52.2851256222,0.0
405.8211509,435.802210131,52.2851256222,0.0
225.632576358,293.165698352,52.2851256222,0.0
@ 1100 10 0.303687635575 0.393139916941
303.620739631,285.143604632,49.8753255655,0.0
83.4929373954,274.207650719,49.8753255655,0.0
322.721117146,414.969198018,49.8753255655,0.0
441.701757029,198.785941527,49.8753255655,0.0
68.2642683835,141.44874927,49.8753255655,0.0
461.048672166,413.347044743,49.8753255655,0.0
433.5807032,312.33686561,49.8753255655,0.0
67.3876666804,393.212301188,49.8753255655,0.0
405.171074355,65.8897669861,49.8753255655,0.0
155.66687207,61.7928272517,49.8753255655,0.0
230.981911804,190.47247194,49.8753255655,0.0
218.271658015,412.514304511,49.8753255655,0.0
@ 1110 10 0.40369088812 0.357735728591
181.074555528,121.178726404,55.7113352244,0.0
233.773646239,222.322328503,55.7113352244,0.0
334.697340376,398.423851409,55.7113352244,0.0
318.929148453,149.835497012,55.7113352244,0.0
404.572199604,69.0068851071,55.7113352244,0.0
122.753850079,295.294606825,55.7113352244,0.0
72.5549645512,62.0083111666,55.7113352244,0.0
354.776482982,278.562081249,55.7113352244,0.0
224.118614912,455.635466389,55.7113352244,0.0
228.333397719,343.930280004,55.7113352244,0.0
452.308608965,188.888894501,55.7113352244,0.0
449.560607239,427.229821711,55.7113352244,0.0
@ 1120 10 0.40369088812 0.446352492677
164.342869716,76.2815256127,53.8443369634,0.0
274.170117472,132.189589218,53.8443369634,0.0
57.2210881852,107.955439425,53.8443369634,0.0
67.577858409,322.212271701,53.8443369634,0.0
166.141472007,184.110327106,53.8443369634,0.0
177.175045873,330.795761579,53.8443369634,0.0
85.9551446033,436.874997631,53.8443369634,0.0
409.924956658,108.644949911,53.8443369634,0.0
273.296009122,240.649561061,53.8443369634,0.0
356.740237648,342.72772635,53.8443369634,0.0
434.162877092,224.568150652,53.8443369634,0.0
261.209266365,428.193527739,53.8443369634,0.0
@ 1130 10 0.40369088812 0.416937441301
326.463872951,153.295892055,53.4346794447,0.0
169.096807925,355.809702956,53.4346794447,0.0
60.9984467125,287.00252156,53.4346794447,0.0
445.039983465,114.216492694,53.4346794447,0.0
437.670928054,426.066710021,53.4346794447,0.0
201.116669055,89.7828121037,53.4346794447,0.0
303.652928818,302.487074899,53.4346794447,0.0
443.272349749,312.146914778,53.4346794447,0.0
72.8441801545,405.690565362,53.4346794447,0.0
278.4607455,434.723413379,53.4346794447,0.0
90.5318655974,97.5031678185,53.4346794447,0.0
201.099950453,214.149366599,53.4346794447,0.0
@ 1140 10 0.40369088812 0.410617303564
447.91148668,80.7166123367,57.1456118645,0.0
445.139169121,305.784539963,57.1456118645,0.0
196.101579853,353.655115621,57.1456118645,0.0
89.9476448397,271.846143973,57.1456118645,0.0
333.253995443,83.055175958,57.1456118645,0.0
326.102270691,442.536980871,57.1456118645,0.0
178.690574062,103.825335343,57.1456118645,0.0
63.1496651041,96.9408532855,57.1456118645,0.0
68.8211753693,438.497686232,57.1456118645,0.0
381.232895524,197.108945656,57.1456118645,0.0
314.292880053,314.610828224,57.1456118645,0.0
216.442233977,211.842150048,57.1456118645,0.0
@ 1150 10 0.40369088812 0.469630835137
61.8387419541,125.918421067,54.8839362024,0.0
427.844817771,169.82677274,54.8839362024,0.0
279.185809533,316.828916252,54.8839362024,0.0
454.822098732,452.961000998,54.8839362024,0.0
67.7354076436,422.624121899,54.8839362024,0.0
441.581015976,280.818695253,54.8839362024,0.0
335.539121718,438.628078362,54.8839362024,0.0
375.012334756,69.0478022363,54.8839362024,0.0
73.9627377968,263.534792813,54.8839362024,0.0
194.27644568,448.226411981,54.8839362024,0.0
159.378144918,339.439360593,54.8839362024,0.0
275.769897766,130.04929198,54.8839362024,0.0
@ 1160 10 0.40369088812 0.433192901665
279.752447342,53.7744808777,51.4961376985,0.0
51.539788234,83.8394762646,51.4961376985,0.0
390.410567933,89.7871708503,51.4961376985,0.0
325.524818669,191.11162741,51.4961376985,0.0
277.529271576,293.730981872,51.4961376985,0.0
106.43687749,448.665123484,51.4961376985,0.0
350.489468218,392.885973516,51.4961376985,0.0
449.375233254,250.462953669,51.4961376985,0.0
105.860407118,319.937746249,51.4961376985,0.0
78.3069506194,199.057935734,51.4961376985,0.0
221.504705163,457.641136669,51.4961376985,0.0
185.549484109,161.689253545,51.4961376985,0.0
@ 1170 10 0.40369088812 0.381364395735
194.859712582,246.062452966,53.4089801047,0.0
110.187211759,333.021186994,53.4089801047,0.0
322.643958637,53.7256631386,53.4089801047,0.0
213.789494326,368.002268043,53.4089801047,0.0
71.2246385225,208.576007104,53.4089801047,0.0
444.440838437,160.700706812,53.4089801047,0.0
453.615080046,383.47006827,53.4089801047,0.0
74.2745066731,82.8476278162,53.4089801047,0.0
122.682293155,443.265491696,53.4089801047,0.0
430.420990566,53.6980981524,53.4089801047,0.0
284.264204257,456.993265235,53.4089801047,0.0
219.544098899,115.843534158,53.4089801047,0.0
@ 1180 10 0.40369088812 0.410222426822
69.9104935857,346.514679902,50.7628073511,0.0
339.795165555,230.084184416,50.7628073511,0.0
419.207634667,318.812868625,50.7628073511,0.0
446.09729326,219.728255193,50.7628073511,0.0
453.645150389,77.8198187652,50.7628073511,0.0
212.495741018,139.013931451,50.7628073511,0.0
124.623401674,243.310638973,50.7628073511,0.0
175.483047345,406.598215987,50.7628073511,0.0
404.315686216,424.339421903,50.7628073511,0.0
214.194232294,305.382599823,50.7628073511,0.0
106.542477443,65.3485002199,50.7628073511,0.0
79.3069559839,453.228127124,50.7628073511,0.0
@ 1190 10 0.40369088812 0.370580099829
79.7273608811,201.864093042,55.7609245486,0.0
211.297124439,186.9653326,55.7609245486,0.0
119.35431452,440.125474425,55.7609245486,0.0
312.753286406,270.724315207,55.7609245486,0.0
264.931644541,437.12524673,55.7609245486,0.0
423.412172164,241.786889115,55.7609245486,0.0
448.833766358,387.701270981,55.7609245486,0.0
418.157649722,107.381177945,55.7609245486,0.0
58.2717174719,77.5076810553,55.7609245486,0.0
308.788134421,73.1790496296,55.7609245486,0.0
193.545115881,313.566781957,55.7609245486,0.0
181.953214501,74.8360711222,55.7609245486,0.0
@ 1200 10 0.40369088812 0.447147453679
279.884183328,207.245488116,58.8618408453,0.0
323.153670479,337.388718611,58.8618408453,0.0
446.520540475,310.047311577,58.8618408453,0.0
175.90066648,286.152323382,58.8618408453,0.0
323.665858982,73.9493229548,58.8618408453,0.0
203.76488189,59.3237926092,58.8618408453,0.0
438.417207046,116.154881639,58.8618408453,0.0
220.257646614,450.172784361,58.8618408453,0.0
59.6745238993,189.212462364,58.8618408453,0.0
109.047637838,404.121337493,58.8618408453,0.0
83.6794020694,73.3317540512,58.8618408453,0.0
428.931094836,446.796190655,58.8618408453,0.0
@ 1210 10 0.601891659501 0.498262852711
127.55320927,448.031507285,59.5443389903,0.0
186.19723832,145.844858292,59.5443389903,0.0
191.949664512,320.118590847,59.5443389903,0.0
290.415182873,61.1766765304,59.5443389903,0.0
444.873546566,184.917486552,59.5443389903,0.0
64.1916731637,340.874013564,59.5443389903,0.0
86.9005967463,223.592786226,59.5443389903,0.0
298.962420361,191.675909818,59.5443389903,0.0
420.345795371,60.7095569057,59.5443389903,0.0
320.093256551,309.035653702,59.5443389903,0.0
70.0528181203,82.8854194417,59.5443389903,0.0
387.487582653,440.268567191,59.5443389903,0.0
@ 1220 10 0.601891659501 0.509884472817
394.397429502,216.225812508,56.5091245661,0.0
71.6797688396,430.754208241,56.5091245661,0.0
186.23023596,349.514560934,56.5091245661,0.0
273.923470122,135.162535036,56.5091245661,0.0
455.362552424,446.09594006,56.5091245661,0.0
63.192243651,204.463977909,56.5091245661,0.0
205.050052099,230.202994122,56.5091245661,0.0
438.204503363,332.264224612,56.5091245661,0.0
368.934246249,72.9479819203,56.5091245661,0.0
308.306797572,334.271655382,56.5091245661,0.0
158.050538693,113.551902739,56.5091245661,0.0
330.218280392,452.481634775,56.5091245661,0.0
@ 1230 10 0.601891659501 0.459227607285
78.9379429681,159.086123993,54.9855066836,0.0
278.656117226,329.157809361,54.9855066836,0.0
59.4218352649,293.948313259,54.9855066836,0.0
87.1600661722,433.130948005,54.9855066836,0.0
322.576313908,210.574979845,54.9855066836,0.0
364.26144618,74.7250344262,54.9855066836,0.0
236.785878077,73.730383574,54.9855066836,0.0
350.688394557,447.119542787,54.9855066836,0.0
398.619819541,344.641421348,54.9855066836,0.0
240.286435227,433.766095959,54.9855066836,0.0
442.860813093,187.613117696,54.9855066836,0.0
162.391455873,245.978814762,54.9855066836,0.0
@ 1240 10 0.601891659501 0.434797754679
432.285511902,310.971594589,53.1220692288,0.0
162.250728412,372.690446502,53.1220692288,0.0
435.196743441,70.2211917133,53.1220692288,0.0
59.1305336612,181.818301082,53.1220692288,0.0
59.0286819733,291.255959425,53.1220692288,0.0
336.961392909,143.705485804,53.1220692288,0.0
240.888548786,89.7699653989,53.1220692288,0.0
434.624773902,431.07583665,53.1220692288,0.0
443.857704344,204.174842982,53.1220692288,0.0
264.261874927,440.113223013,53.1220692288,0.0
114.678836659,67.5800199925,53.1220692288,0.0
244.853171122,210.37165515,53.1220692288,0.0
@ 1250 10 0.601891659501 0.405826868508
261.724249664,78.9719595935,57.5648308261,0.0
187.074328537,319.682565693,57.5648308261,0.0
125.732121082,212.443780086,57.5648308261,0.0
223.36944199,435.303224401,57.5648308261,0.0
68.8067679629,317.004135236,57.5648308261,0.0
324.327816028,316.105266067,57.5648308261,0.0
443.73085944,254.067173623,57.5648308261,0.0
241.683442055,212.916898989,57.5648308261,0.0
385.665255007,98.9737011776,57.5648308261,0.0
349.32217588,438.309482981,57.5648308261,0.0
114.509784443,57.7257687552,57.5648308261,0.0
83.923513278,439.18544761,57.5648308261,0.0
@ 1260 10 0.601891659501 0.476546512177
438.994864168,261.525008006,56.1759282717,0.0
194.150570288,75.3721990857,56.1759282717,0.0
175.998452782,432.975644835,56.1759282717,0.0
455.113716997,148.427246381,56.1759282717,0.0
284.075315303,176.433570011,56.1759282717,0.0
453.82226442,449.688869646,56.1759282717,0.0
63.2936102785,443.834899141,56.1759282717,0.0
343.505378795,66.6264747821,56.1759282717,0.0
122.232852732,288.292867028,56.1759282717,0.0
260.808203672,317.794192456,56.1759282717,0.0
61.4530598959,99.295816238,56.1759282717,0.0
308.954535505,429.649554283,56.1759282717,0.0
@ 1270 10 0.601891659501 0.453828060539
304.488822975,376.497871464,56.2871598727,0.0
67.5439850187,306.321173245,56.2871598727,0.0
222.172578576,59.0734727519,56.2871598727,0.0
454.130644877,165.974243599,56.2871598727,0.0
336.865990537,91.5959174108,56.2871598727,0.0
362.953381431,251.466506769,56.2871598727,0.0
119.22338293,446.209008095,56.2871598727,0.0
257.071963136,196.712023218,56.2871598727,0.0
135.294301426,179.798828242,56.2871598727,0.0
61.7489346329,62.0894423568,56.2871598727,0.0
191.467736193,306.053401116,56.2871598727,0.0
415.023590618,408.172859696,56.2871598727,0.0
@ 1280 10 0.601891659501 0.455627051672
407.811226664,298.206588323,60.2121496143,0.0
216.89322206,447.543963186,60.2121496143,0.0
399.560743451,61.2249057264,60.2121496143,0.0
129.038866195,77.8432896532,60.2121496143,0.0
259.471590377,67.8265127716,60.2121496143,0.0
60.5017313106,442.499481031,60.2121496143,0.0
298.609451372,187.984167907,60.2121496143,0.0
69.3330547582,321.52061,60.2121496143,0.0
442.897193793,174.389630778,60.2121496143,0.0
322.932525706,387.593913495,60.2121496143,0.0
164.954990395,219.14015007,60.2121496143,0.0
443.354929374,451.630361728,60.2121496143,0.0
@ 1290 10 0.601891659501 0.521385674184
189.058440686,441.507851096,57.1852731948,0.0
341.239764222,214.918695554,57.1852731948,0.0
352.705469817,72.1168468879,57.1852731948,0.0
71.5098578088,433.516008406,57.1852731948,0.0
163.244956565,325.781643133,57.1852731948,0.0
454.739110262,412.564809568,57.1852731948,0.0
321.288874189,344.221966968,57.1852731948,0.0
209.558592646,156.734857779,57.1852731948,0.0
439.412187842,284.566531541,57.1852731948,0.0
450.599483798,163.612841031,57.1852731948,0.0
60.7011123535,227.217418837,57.1852731948,0.0
100.49028735,93.6145275916,57.1852731948,0.0
@ 1300 10 0.601891659501 0.470282946356
192.373015611,249.858284294,60.9880129677,0.0
214.804834923,85.6402589417,60.9880129677,0.0
83.5673237867,71.2052659921,60.9880129677,0.0
89.0015226104,415.500415232,60.9880129677,0.0
335.122605632,339.454932225,60.9880129677,0.0
231.021447884,405.312569001,60.9880129677,0.0
450.426394348,273.13550367,60.9880129677,0.0
322.19489476,216.960785258,60.9880129677,0.0
448.326724522,148.472832967,60.9880129677,0.0
338.251616561,70.3508743858,60.9880129677,0.0
397.486132397,446.512078057,60.9880129677,0.0
64.3889817441,279.751346501,60.9880129677,0.0
@ 1310 10 1.18243243243 0.534908867973
321.509135204,439.55107297,64.5027941289,0.0
197.040739408,368.005595122,64.5027941289,0.0
212.903943169,193.34430932,64.5027941289,0.0
69.0267254166,306.30446217,64.5027941289,0.0
432.350294407,66.1285193834,64.5027941289,0.0
426.535140914,364.452486377,64.5027941289,0.0
301.464015272,93.7907111065,64.5027941289,0.0
323.070521799,275.093689623,64.5027941289,0.0
156.583193714,73.1959118377,64.5027941289,0.0
78.7053295338,176.268437315,64.5027941289,0.0
441.30609494,216.51273476,64.5027941289,0.0
81.9159264666,436.992593871,64.5027941289,0.0
@ 1320 10 1.18243243243 0.598339791182
192.546334777,192.861944705,60.7836065831,0.0
285.160312673,323.732515569,60.7836065831,0.0
76.0661812749,91.9605897432,60.7836065831,0.0
441.300674037,395.008371006,60.7836065831,0.0
241.885048241,64.9068703431,60.7836065831,0.0
315.58687384,200.561183864,60.7836065831,0.0
67.1532739026,439.883079478,60.7836065831,0.0
443.397470915,222.99058926,60.7836065831,0.0
66.627784639,216.801139324,60.7836065831,0.0
150.028772282,323.061428745,60.7836065831,0.0
411.844180384,97.6757312481,60.7836065831,0.0
191.214340947,449.191928364,60.7836065831,0.0
@ 1330 10 1.18243243243 0.531329293776
68.3294073145,206.285124824,61.0986584806,0.0
359.377316472,315.643189663,61.0986584806,0.0
112.681969618,395.741566057,61.0986584806,0.0
430.317369231,191.549977275,61.0986584806,0.0
448.764021947,69.0333969712,61.0986584806,0.0
287.192092573,76.2736906902,61.0986584806,0.0
420.822509964,432.034861431,61.0986584806,0.0
298.685209231,200.485662119,61.0986584806,0.0
244.928695276,409.506171782,61.0986584806,0.0
173.970923551,131.918448945,61.0986584806,0.0
61.1763338099,71.8166054586,61.0986584806,0.0
200.450158504,294.775450629,61.0986584806,0.0
@ 1340 10 1.18243243243 0.53685151049
138.088725731,298.509430564,61.0554284904,0.0
359.567496877,444.585687642,61.0554284904,0.0
75.1888389536,425.296946507,61.0554284904,0.0
254.403228351,194.061606989,61.0554284904,0.0
295.440975981,316.111341063,61.0554284904,0.0
165.588352356,62.4336496245,61.0554284904,0.0
433.710605746,342.763680576,61.0554284904,0.0
432.707193334,72.7238979943,61.0554284904,0.0
201.891812495,414.217200413,61.0554284904,0.0
71.6822716658,140.765003184,61.0554284904,0.0
413.914864338,218.356373765,61.0554284904,0.0
310.141885138,72.6931536188,61.0554284904,0.0
@ 1350 10 1.18243243243 0.536092087101
107.823284075,435.845398759,60.8256721679,0.0
441.411879669,446.757751466,60.8256721679,0.0
83.999698255,84.2304353395,60.8256721679,0.0
288.989203336,433.369010972,60.8256721679,0.0
92.1141910141,304.255134935,60.8256721679,0.0
343.780333682,66.0302822033,60.8256721679,0.0
449.584345647,130.49455777,60.8256721679,0.0
214.145805215,62.3569984827,60.8256721679,0.0
221.495108216,297.264358162,60.8256721679,0.0
158.177810444,188.581494813,60.8256721679,0.0
296.249106074,188.429227322,60.8256721679,0.0
368.970499108,305.898060538,60.8256721679,0.0
@ 1360 10 1.18243243243 0.532064966194
342.392646347,159.748303472,59.2540670886,0.0
281.482013855,435.648806832,59.2540670886,0.0
84.2172877177,394.804259486,59.2540670886,0.0
171.501886187,311.923376893,59.2540670886,0.0
302.961958072,305.172559685,59.2540670886,0.0
417.733695537,62.5186554781,59.2540670886,0.0
426.137525898,323.552842086,59.2540670886,0.0
60.1239319325,236.624320699,59.2540670886,0.0
441.166161507,443.775599457,59.2540670886,0.0
78.9526556522,113.953281467,59.2540670886,0.0
225.748411751,65.8291166943,59.2540670886,0.0
211.697825257,189.382611679,59.2540670886,0.0
@ 1370 10 1.18243243243 0.504925331984
261.622288965,308.209368562,60.2035654615,0.0
327.784417972,450.062021261,60.2035654615,0.0
185.184800144,440.47946543,60.2035654615,0.0
81.5943286129,370.500218029,60.2035654615,0.0
450.485420599,417.825328989,60.2035654615,0.0
446.159148812,96.0640087754,60.2035654615,0.0
316.279578014,64.0414980728,60.2035654615,0.0
185.404814415,197.086750578,60.2035654615,0.0
447.691816047,236.999706304,60.2035654615,0.0
69.8573275219,235.967083728,60.2035654615,0.0
145.248319387,82.6187453778,60.2035654615,0.0
317.44673852,199.101951763,60.2035654615,0.0
@ 1380 10 1.18243243243 0.521237021952
74.8764468192,74.6827982953,63.039625891,0.0
138.654660526,447.509616374,63.039625891,0.0
317.781506661,174.573326115,63.039625891,0.0
66.1252992885,341.895275808,63.039625891,0.0
280.079642751,438.138954302,63.039625891,0.0
413.110449938,427.402720084,63.039625891,0.0
442.594730605,233.717084159,63.039625891,0.0
208.634445303,93.0999476347,63.039625891,0.0
216.953037884,260.462974651,63.039625891,0.0
70.5638750251,214.131817072,63.039625891,0.0
395.761394899,73.2537208558,63.039625891,0.0
335.266478155,322.114843181,63.039625891,0.0
@ 1390 10 1.18243243243 0.571502433889
304.774164522,213.97906323,60.9377453178,0.0
104.6671704,390.930412943,60.9377453178,0.0
224.736298813,309.105532721,60.9377453178,0.0
89.9828541392,61.4495420117,60.9377453178,0.0
386.156835549,332.856755217,60.9377453178,0.0
275.289057675,444.651551342,60.9377453178,0.0
443.352338131,445.289689368,60.9377453178,0.0
446.766933643,223.319438035,60.9377453178,0.0
65.9142255439,255.886774263,60.9377453178,0.0
265.33643101,66.5595083456,60.9377453178,0.0
427.305295512,72.686724961,60.9377453178,0.0
172.60194796,158.06024996,60.9377453178,0.0
@ 1400 10 1.18243243243 0.534027464257
288.451301993,194.696428916,70.8684416772,0.0
142.43058962,440.024516361,70.8684416772,0.0
218.254192195,318.678410216,70.8684416772,0.0
72.1596870613,71.3318684908,70.8684416772,0.0
364.801771576,316.843882237,70.8684416772,0.0
294.519650783,440.344056731,70.8684416772,0.0
436.650208326,439.900476218,70.8684416772,0.0
439.996668038,193.091911224,70.8684416772,0.0
70.9708052723,317.164779057,70.8684416772,0.0
214.874437711,71.5416144919,70.8684416772,0.0
365.600914829,70.9958741767,70.8684416772,0.0
145.1244679,195.467818977,70.8684416772,0.0
@ 1410 10 33.3333333333 0.722265043723
290.110256261,193.285844796,71.2419494831,0.0
147.338959991,440.708346902,71.2419494831,0.0
221.15946396,318.81429786,71.2419494831,0.0
72.4458374896,72.2263661882,71.2419494831,0.0
365.508284347,314.825155437,71.2419494831,0.0
295.180733624,440.565619371,71.2419494831,0.0
439.38913657,437.092419735,71.2419494831,0.0
440.538875559,192.895750091,71.2419494831,0.0
71.7500500649,317.77258507,71.2419494831,0.0
216.454072907,71.245162112,71.2419494831,0.0
364.770449491,71.73464193,71.2419494831,0.0
147.509048695,196.037056858,71.2419494831,0.0
@ 1420 10 33.3333333333 0.729898414314
293.312768047,194.73554792,71.1197493074,0.0
141.768742732,439.285581241,71.1197493074,0.0
219.948359135,317.477138102,71.1197493074,0.0
72.7494056839,73.4661361952,71.1197493074,0.0
367.768009466,316.769084248,71.1197493074,0.0
295.237513543,439.331413417,71.1197493074,0.0
438.332083448,440.296547524,71.1197493074,0.0
440.622328535,192.884078607,71.1197493074,0.0
71.179514692,313.998600669,71.1197493074,0.0
221.83259257,71.2521890702,71.1197493074,0.0
366.466083378,71.3920471134,71.1197493074,0.0
148.924638439,194.200476002,71.1197493074,0.0
@ 1430 10 33.3333333333 0.727396595685
293.693774198,193.744764685,71.3558078801,0.0
146.581817744,440.232713491,71.3558078801,0.0
221.001023365,317.046062393,71.3558078801,0.0
73.4055367935,71.5852908955,71.3558078801,0.0
365.40182523,317.215112597,71.3558078801,0.0
293.128810577,440.496819197,71.3558078801,0.0
439.055447994,440.543952702,71.3558078801,0.0
439.610598254,194.576874308,71.3558078801,0.0
71.3604234597,317.059280673,71.3558078801,0.0
219.157298067,71.7299544406,71.3558078801,0.0
367.421628162,71.4301184625,71.3558078801,0.0
146.631094141,194.974618129,71.3558078801,0.0
@ 1440 10 33.3333333333 0.732233315955
293.697421774,194.090932291,71.2161415742,0.0
147.999733482,439.746714577,71.2161415742,0.0
219.368522127,316.314590321,71.2161415742,0.0
71.3006705389,71.9786294658,71.2161415742,0.0
365.482037363,317.390110009,71.2161415742,0.0
290.963098037,440.391865465,71.2161415742,0.0
437.154144896,440.505101555,71.2161415742,0.0
440.092198865,195.923936273,71.2161415742,0.0
71.7115529169,316.069439051,71.2161415742,0.0
221.248978965,71.283620353,71.2161415742,0.0
370.148994266,71.6267988993,71.2161415742,0.0
147.447356009,193.260378658,71.2161415742,0.0
@ 1450 10 33.3333333333 0.729369688191
290.056612276,194.691002544,71.2945119856,0.0
145.045586183,440.545241548,71.2945119856,0.0
217.673446009,317.76416262,71.2945119856,0.0
72.423160988,71.7991193319,71.2945119856,0.0
364.573102434,318.154011748,71.2945119856,0.0
290.616952216,440.349388537,71.2945119856,0.0
439.88246137,440.512196456,71.2945119856,0.0
440.242896943,194.132626737,71.2945119856,0.0
71.5650118938,317.396329813,71.2945119856,0.0
217.988106514,71.6428403118,71.2945119856,0.0
364.661285397,71.7146290232,71.2945119856,0.0
145.12026911,194.51983677,71.2945119856,0.0
@ 1460 10 33.3333333333 0.730975853674
294.610675931,194.344073048,71.2245548481,0.0
146.403633294,439.986925522,71.2245548481,0.0
219.491819772,316.952497162,71.2245548481,0.0
73.0459272013,71.5159398133,71.2245548481,0.0
365.518027232,318.280221665,71.2245548481,0.0
291.966438187,440.543662581,71.2245548481,0.0
440.383858387,440.540344051,71.2245548481,0.0
439.477482235,194.110941137,71.2245548481,0.0
71.5041116315,318.668229373,71.2245548481,0.0
219.158103266,71.6740975332,71.2245548481,0.0
366.920367387,71.3966537929,71.2245548481,0.0
143.608478852,195.452228087,71.2245548481,0.0
@ 1470 10 33.3333333333 0.729542029722
289.601676902,194.827702694,70.9965876121,0.0
145.592381041,440.052035331,70.9965876121,0.0
220.097593756,318.679846898,70.9965876121,0.0
73.3202813963,71.1969977495,70.9965876121,0.0
366.229851612,315.722139411,70.9965876121,0.0
294.595965036,440.75446847,70.9965876121,0.0
437.122642652,440.270101173,70.9965876121,0.0
437.510907734,192.705577215,70.9965876121,0.0
71.3408948905,318.611978973,70.9965876121,0.0
215.955724464,72.2031807438,70.9965876121,0.0
360.610976636,71.2522518965,70.9965876121,0.0
145.271781101,197.117520589,70.9965876121,0.0
@ 1480 10 33.3333333333 0.724879437589
292.363044575,194.771843798,71.3042133561,0.0
145.122555504,440.56516019,71.3042133561,0.0
220.73721987,318.348900908,71.3042133561,0.0
73.5089172262,72.2070551883,71.3042133561,0.0
367.408107673,317.824891588,71.3042133561,0.0
294.864452501,440.688323199,71.3042133561,0.0
440.291379069,440.691917108,71.3042133561,0.0
439.482171587,194.747298869,71.3042133561,0.0
71.6809618375,317.647107111,71.3042133561,0.0
219.119295069,71.7929941005,71.3042133561,0.0
364.792459239,71.7390552374,71.3042133561,0.0
146.840439291,194.935728477,71.3042133561,0.0
@ 1490 10 33.3333333333 0.731174801667
294.543482042,193.672773781,71.2223609612,0.0
146.514402062,440.420101991,71.2223609612,0.0
220.816907458,317.954888795,71.2223609612,0.0
71.4125437888,73.299871714,71.2223609612,0.0
366.043219429,317.392892034,71.2223609612,0.0
293.920762392,440.517873609,71.2223609612,0.0
440.234205204,440.235286835,71.2223609612,0.0
440.294317886,195.250832301,71.2223609612,0.0
71.6199123421,319.048012993,71.2223609612,0.0
217.054249751,71.4957352659,71.2223609612,0.0
369.504628443,71.2899379956,71.2223609612,0.0
145.120066477,195.199140132,71.2223609612,0.0
@ 1500 10 33.3333333333 0.72949708713
