10 12 0.0873362445415 0.225871493462 0.0355202868327 112.744143825 1 0.1 0.4218 0.398682042834 166.904992844 60 0.365648366164
20 12 0.0873362445415 0.189225223271 0.0347026759724 38.1926767666 1 0.1 0.37066 0.357030015798 199.228619464 60 0.365648366164
30 12 0.0873362445415 0.263673580173 0.0232746097701 44.1928768651 1 0.1 0.38749 0.35303514377 142.976326924 60 0.365648366164
40 12 0.0873362445415 0.313354906733 0.0363846135697 29.1519567456 1 0.1 0.42313 0.417956656347 120.307929412 60 0.365648366164
50 12 0.0873362445415 0.235222942569 0.024766712223 31.0109289791 1 0.1 0.40652 0.436018957346 160.269570597 60 0.365648366164
60 12 0.0873362445415 0.245813379551 0.0377901091722 41.8727703592 1 0.1 0.35627 0.396255850234 153.364638121 60 0.365648366164
70 12 0.0873362445415 0.245852136501 0.043291431363 31.9167211935 1 0.1 0.39562 0.394126738794 153.340461208 60 0.365648366164
80 12 0.0873362445415 0.290500613217 0.0414408649125 42.6351925862 1 0.1 0.43777 0.478964401294 129.772806957 60 0.365648366164
90 12 0.0873362445415 0.148391287545 0.0349967981525 37.6911708953 1 0.1 0.41428 0.446676970634 254.05184242 60 0.365648366164
100 12 0.0873362445415 0.227405105795 0.0244749532573 43.6546566318 1 0.1 0.39103 0.367507886435 165.779391224 60 0.365648366164
110 12 0.0940354648039 0.234308473146 0.028171099117 47.7735722372 1 0.1 0.46002 0.477917981073 160.895077732 0 0.365648366164
120 12 0.0940354648039 0.267373668454 0.0376534638123 39.8632351519 1 0.1 0.40632 0.407936507937 140.997728826 0 0.365648366164
130 12 0.0940354648039 0.220286741847 0.0378150725716 41.3350052802 1 0.1 0.38916 0.352848101266 171.136400148 0 0.365648366164
140 12 0.0940354648039 0.2859152803 0.0436060803996 37.1544318093 1 0.1 0.41024 0.407523510972 131.854023193 0 0.365648366164
150 12 0.0940354648039 0.224450481893 0.0303600839788 41.7164647159 1 0.1 0.39507 0.428571428571 167.961679931 0 0.365648366164
160 12 0.0940354648039 0.321631178118 0.0388492780901 34.5847401324 1 0.1 0.40764 0.336990595611 117.21214411 0 0.365648366164
170 12 0.0940354648039 0.219469716499 0.0243664541322 32.8613067835 1 0.1 0.382 0.390909090909 171.773493862 0 0.365648366164
180 12 0.0940354648039 0.16345179716 0.0438971541337 78.0518458569 1 0.1 0.44177 0.48 230.64341081 0 0.365648366164
190 12 0.0940354648039 0.239816313365 0.0273855538055 34.6343307084 1 0.1 0.39906 0.410256410256 157.199814604 0 0.365648366164
200 12 0.0940354648039 0.200134515406 0.0358543922052 37.095811523 1 0.1 0.42667 0.383647798742 188.368707534 0 0.365648366164
210 12 0.101847810272 0.305835787927 0.0383259562305 26.8363729299 1 0.1 0.42301 0.432432432432 123.265757273 0 0.365648366164
220 12 0.101847810272 0.244969220375 0.0240989096688 52.7628964301 1 0.1 0.38898 0.412942989214 153.893129685 0 0.365648366164
230 12 0.101847810272 0.22564006937 0.0399727914566 51.7809761256 1 0.1 0.41435 0.360655737705 167.076176254 0 0.365648366164
240 12 0.101847810272 0.208236214851 0.0451453118663 49.5385519192 1 0.1 0.38713 0.381877022654 181.039979174 0 0.365648366164
250 12 0.101847810272 0.364860558006 0.052793187952 36.1221369485 1 0.1 0.41687 0.399375975039 103.324624087 0 0.365648366164
260 12 0.101847810272 0.209668357552 0.0314162872955 62.7376868571 1 0.1 0.40095 0.464968152866 179.80338302 0 0.365648366164
270 12 0.101847810272 0.198071780685 0.0317549567126 49.4176704106 1 0.1 0.3848 0.449768160742 190.330393707 0 0.365648366164
280 12 0.101847810272 0.206220287653 0.0367843735441 37.7462079827 1 0.1 0.40734 0.396468699839 182.80975373 0 0.365648366164
290 12 0.101847810272 0.215963976532 0.0492449885598 39.6133137762 1 0.1 0.38797 0.442649434572 174.561890392 0 0.365648366164
300 12 0.101847810272 0.238327768281 0.026656309681 41.0464842445 1 0.1 0.38326 0.393258426966 158.181651563 0 0.365648366164
310 12 0.111075848937 0.202170446569 0.044553060179 46.7449533663 1 0.1 0.39955 0.434231378764 186.471764987 0 0.365648366164
320 12 0.111075848937 0.20924084236 0.0449506429088 45.147047781 1 0.1 0.4319 0.4416 180.170752396 0 0.365648366164
330 12 0.111075848937 0.238962404679 0.0278220660605 38.4018204092 1 0.1 0.40425 0.412645590682 157.761552704 0 0.365648366164
340 12 0.111075848937 0.250367983829 0.0197968863922 43.4853627171 1 0.1 0.3726 0.351910828025 150.574683805 0 0.365648366164
350 12 0.111075848937 0.289436533909 0.0256724248218 48.3869807606 1 0.1 0.39055 0.343234323432 130.249901389 0 0.365648366164
360 12 0.111075848937 0.264247490393 0.0319651226834 45.8775712272 1 0.1 0.4253 0.417682926829 142.665801457 0 0.365648366164
370 12 0.111075848937 0.2389994082 0.0415918737909 43.3664152327 1 0.1 0.40976 0.391575663027 157.737126983 0 0.365648366164
380 12 0.111075848937 0.217148416546 0.0303589630149 48.8776224514 1 0.1 0.39778 0.473429951691 173.609739365 0 0.365648366164
390 12 0.111075848937 0.315446265399 0.0329556717251 26.8335942616 1 0.1 0.40244 0.422628951747 119.510306937 0 0.365648366164
400 12 0.111075848937 0.181557038975 0.0418638956213 45.749179124 1 0.1 0.36127 0.345514950166 207.64317491 0 0.365648366164
410 12 0.122142732507 0.227660189273 0.0201021506926 37.0218939129 1 0.1 0.39574 0.42429022082 165.593642526 0 0.365648366164
420 12 0.122142732507 0.258747203007 0.0408171184988 45.5244072548 1 0.1 0.39736 0.390476190476 145.698502484 0 0.365648366164
430 12 0.122142732507 0.242462847387 0.0267746702339 37.7369075039 1 0.1 0.41673 0.393939393939 155.483944886 0 0.365648366164
440 12 0.122142732507 0.266407828287 0.0296810173446 31.1739917229 1 0.1 0.4216 0.46996996997 141.508904759 0 0.365648366164
450 12 0.122142732507 0.366826097413 0.0406391568949 37.110321116 1 0.1 0.37408 0.440494590417 102.770986759 0 0.366826097413
460 12 0.122142732507 0.310943682946 0.0385133225388 36.1385422431 1 0.1 0.37885 0.355481727575 121.240861505 0 0.366826097413
470 12 0.122142732507 0.225498700313 0.0458005410287 27.1156872226 1 0.1 0.43702 0.416666666667 167.180919215 0 0.372707431876
480 12 0.122142732507 0.221593033986 0.030634185416 39.6024350219 1 0.1 0.42558 0.383606557377 170.127550139 0 0.372707431876
490 12 0.122142732507 0.323269138881 0.041242942042 29.1585924323 1 0.1 0.36447 0.392694063927 116.618246117 0 0.372707431876
500 12 0.122142732507 0.319258832487 0.0517586626517 26.0427656505 1 0.1 0.38076 0.39552238806 118.083123046 0 0.372707431876
510 12 0.135658914729 0.233431384106 0.0483778346659 36.5876544865 1 0.1 0.38317 0.384491114701 161.499620732 0 0.372707431876
520 12 0.135658914729 0.259733145073 0.03284166738 34.6267396485 1 0.1 0.4309 0.408950617284 145.145433746 0 0.372707431876
530 12 0.135658914729 0.330757717309 0.0315017997716 29.1441301314 1 0.1 0.38651 0.400326797386 113.97793015 0 0.372707431876
540 12 0.135658914729 0.253489616648 0.0384240021623 32.1762919643 1 0.1 0.43914 0.373250388802 148.72041111 0 0.372707431876
550 12 0.135658914729 0.305772891789 0.0470063890688 30.0861189573 1 0.1 0.42824 0.466019417476 123.291112497 0 0.372707431876
560 12 0.135658914729 0.317081618145 0.0485370517862 36.6145897612 1 0.1 0.38708 0.412337662338 118.893930908 0 0.372707431876
570 12 0.135658914729 0.297900797311 0.0430183128222 34.106157239 1 0.1 0.40162 0.354409317804 126.549107422 0 0.381444378131
580 12 0.135658914729 0.35346433234 0.0370330029857 34.430291775 1 0.1 0.37592 0.378164556962 106.655966531 0 0.381444378131
590 12 0.135658914729 0.297753505764 0.0310356504629 22.6288901646 1 0.1 0.39894 0.413740458015 126.611708242 0 0.381444378131
600 12 0.135658914729 0.213850015361 0.0336943457902 44.5076397685 1 0.1 0.45605 0.420560747664 176.287478569 0 0.381444378131
610 12 0.152538679451 0.326927595345 0.0417910229956 21.7652016839 1 0.1 0.34199 0.36393442623 115.31323919 0 0.392821975598
620 12 0.152538679451 0.314279468631 0.0395263226628 36.411815899 1 0.1 0.43234 0.456 119.954001972 0 0.392821975598
630 12 0.152538679451 0.30269445969 0.0425447668556 32.2929134895 1 0.1 0.36746 0.363782051282 124.544995104 0 0.392821975598
640 12 0.152538679451 0.23985854263 0.0519849326872 38.5191396353 1 0.1 0.40911 0.423895253682 157.172138155 0 0.404600154601
650 12 0.152538679451 0.307420721721 0.0382441212518 38.4400693082 1 0.1 0.36772 0.32428115016 122.630250131 0 0.404600154601
660 12 0.152538679451 0.294765500062 0.0450841449246 36.0420265528 1 0.1 0.39618 0.397708674304 127.89515731 0 0.404600154601
670 12 0.152538679451 0.271048176785 0.0334052243123 38.6238127786 1 0.1 0.43209 0.367313915858 139.086270371 0 0.404600154601
680 12 0.152538679451 0.307240058174 0.0268889400783 18.5754273751 1 0.1 0.37953 0.457413249211 122.702359269 0 0.404600154601
690 12 0.152538679451 0.336630740958 0.0273800969801 24.7880231038 1 0.1 0.43397 0.415241057543 111.98941574 0 0.404600154601
700 12 0.152538679451 0.253600894495 0.0416750205618 27.0926899796 1 0.1 0.4101 0.447452229299 148.655153898 0 0.404600154601
710 12 0.174216027875 0.281250314006 0.0366946440759 24.9507529255 1 0.1 0.44124 0.450915141431 134.041023681 0 0.428023224546
720 12 0.174216027875 0.257598790703 0.0354277815769 36.1708540759 1 0.1 0.36571 0.332781456954 146.348047276 0 0.428023224546
730 12 0.174216027875 0.365942225281 0.0449227113679 28.7372528471 1 0.1 0.39145 0.36292834891 103.019212858 0 0.446689311563
740 12 0.174216027875 0.357588617453 0.0452269054604 35.0190337857 1 0.1 0.43654 0.404494382022 105.425838967 0 0.446689311563
750 12 0.174216027875 0.360183980821 0.0554002000926 26.342273089 1 0.1 0.37948 0.392063492063 104.666176197 0 0.446689311563
760 12 0.174216027875 0.337030779332 0.0313496793257 26.6666722532 1 0.1 0.43232 0.380952380952 111.856490006 0 0.446689311563
770 12 0.174216027875 0.298697768899 0.0414476197384 31.2316934932 1 0.1 0.4236 0.477657935285 126.21145494 0 0.446689311563
780 12 0.174216027875 0.322616824761 0.0353867370182 41.6343980465 1 0.1 0.38511 0.446909667195 116.854042029 0 0.446689311563
790 12 0.174216027875 0.333923885368 0.0243534667191 40.7721634589 1 0.1 0.40593 0.406099518459 112.897224942 0 0.446689311563
800 12 0.174216027875 0.296996185244 0.0371176367137 39.565066576 1 0.1 0.36667 0.346215780998 126.934559678 0 0.446689311563
810 12 0.203075137801 0.420694844382 0.0494382647188 17.9251297402 1 0.1 0.33578 0.332185886403 89.6114618551 0 0.446689311563
820 12 0.203075137801 0.324146119648 0.0422722600785 22.4501401748 1 0.1 0.38189 0.400321543408 116.302734214 0 0.446689311563
830 12 0.203075137801 0.333958965057 0.0391195593378 30.0252361228 1 0.1 0.41731 0.396468699839 112.885366002 0 0.446689311563
840 12 0.203075137801 0.361556816468 0.0514070609544 29.1679705711 1 0.1 0.37098 0.390977443609 104.268757448 0 0.46740582856
850 12 0.203075137801 0.323914136184 0.0375586485252 36.9363271 1 0.1 0.43806 0.432389937107 116.386028853 0 0.46740582856
860 12 0.203075137801 0.346645013445 0.0477454482755 35.8292366602 1 0.1 0.39666 0.405023547881 108.75413907 0 0.46740582856
870 12 0.203075137801 0.315424340285 0.0300637956942 42.5409746324 1 0.1 0.42605 0.389067524116 119.518614086 0 0.46740582856
880 12 0.203075137801 0.274820479348 0.0300997878259 47.6242007497 1 0.1 0.42025 0.442724458204 137.177113181 0 0.46740582856
890 12 0.203075137801 0.275892250801 0.0408173973284 42.9935873817 1 0.1 0.33791 0.353037766831 136.644214872 0 0.46740582856
900 12 0.203075137801 0.312306147906 0.0384379653115 40.3941906922 1 0.1 0.41024 0.420545746388 120.711936838 0 0.46740582856
910 12 0.243393602225 0.336781193576 0.0369215587961 22.7769118593 1 0.1 0.38413 0.382875605816 111.939385925 0 0.46740582856
920 12 0.243393602225 0.388820278967 0.0390295499522 16.9707286851 1 0.1 0.4376 0.428104575163 96.9575972224 0 0.46740582856
930 12 0.243393602225 0.34150940255 0.0357425528207 28.6014450278 1 0.1 0.4205 0.424764890282 110.389581425 0 0.46740582856
940 12 0.243393602225 0.35321515108 0.0236834566356 34.9300344825 1 0.1 0.36047 0.343853820598 106.731208683 0 0.46740582856
950 12 0.243393602225 0.30177483077 0.033142394335 43.1117021013 1 0.1 0.38706 0.405042016807 124.924533646 0 0.46740582856
960 12 0.243393602225 0.379642481079 0.0521849500206 20.1780263977 1 0.1 0.42654 0.328407224959 99.3015320437 0 0.46740582856
970 12 0.243393602225 0.37675438641 0.0261957795645 34.2434135605 1 0.1 0.3725 0.408026755853 100.062750056 0 0.46740582856
980 12 0.243393602225 0.313682591518 0.0288200244368 36.8723980195 1 0.1 0.45262 0.395061728395 120.182251165 0 0.46740582856
990 12 0.243393602225 0.362981805394 0.0247014386074 28.2703721341 1 0.1 0.40527 0.37893081761 103.859420609 0 0.46740582856
1000 12 0.243393602225 0.359949808449 0.0255791243365 33.9628287181 1 0.1 0.35082 0.429467084639 104.734268821 0 0.46740582856
1010 12 0.303687635575 0.366985457516 0.0364892567369 33.956709467 1 0.1 0.37648 0.338898163606 102.726359391 0 0.46740582856
1020 12 0.303687635575 0.332240274083 0.0436350176936 25.8693857721 1 0.1 0.40419 0.33660130719 113.46932609 0 0.490489851274
1030 12 0.303687635575 0.333976688301 0.0340667820063 20.2382547378 1 0.1 0.41588 0.42768273717 112.879375479 0 0.490489851274
1040 12 0.303687635575 0.292170513188 0.0456451518802 25.6140723272 1 0.1 0.36602 0.418416801292 129.031090744 0 0.490489851274
1050 12 0.303687635575 0.331062235176 0.0487895950078 30.0482011271 1 0.1 0.39663 0.346456692913 113.873090901 0 0.490489851274
1060 12 0.303687635575 0.431800179598 0.0398563420194 29.1585126475 1 0.1 0.42091 0.360655737705 87.3067723942 0 0.490489851274
1070 12 0.303687635575 0.296916950548 0.0332732821944 45.6578087917 1 0.1 0.41464 0.435897435897 126.968433194 0 0.490489851274
1080 12 0.303687635575 0.318465400427 0.0394237029625 32.5134832178 1 0.1 0.36128 0.367816091954 118.377318068 0 0.490489851274
1090 12 0.303687635575 0.359644588466 0.02917997393 23.1525524491 1 0.1 0.39622 0.399673735726 104.823153772 0 0.490489851274
1100 12 0.303687635575 0.321514546585 0.0253482690918 26.1203767063 1 0.1 0.48609 0.5 117.254663593 0 0.490489851274
1110 12 0.40369088812 0.427419435143 0.0334636274183 19.2396954563 1 0.1 0.40625 0.330016583748 88.2016045606 0 0.490489851274
1120 12 0.40369088812 0.35461694539 0.0466071525804 22.1392003808 1 0.1 0.35194 0.3792 106.309302164 0 0.490489851274
1130 12 0.40369088812 0.381400227657 0.0389203065026 43.5205125259 1 0.1 0.39086 0.429921259843 98.8438843669 0 0.49825352678
1140 12 0.40369088812 0.427005491466 0.0278883595291 21.8487349227 1 0.1 0.41922 0.37519872814 88.2871081367 0 0.49825352678
1150 12 0.40369088812 0.406258068991 0.0377213586346 16.9733863032 1 0.1 0.38322 0.426984126984 92.7958922604 0 0.49825352678
1160 12 0.40369088812 0.435677616667 0.0315189556515 15.0100426362 1 0.1 0.45821 0.405360134003 86.5297609008 0 0.49825352678
1170 12 0.40369088812 0.395731704963 0.0296062012484 33.2888633485 1 0.1 0.42006 0.443894389439 95.2642397038 0 0.49825352678
1180 12 0.40369088812 0.428299646419 0.0269832067464 29.4095250585 1 0.1 0.37864 0.355987055016 88.0203388334 0 0.49825352678
1190 12 0.40369088812 0.401513891401 0.0411972428475 20.9898265778 1 0.1 0.39513 0.404388714734 93.8923429735 0 0.49825352678
1200 12 0.40369088812 0.396023985207 0.0311670367836 26.6056775901 1 0.1 0.41873 0.33110367893 95.1939311967 0 0.49825352678
1210 12 0.601891659501 0.490319009786 0.0267729639173 18.9131838557 1 0.1 0.35126 0.356783919598 76.8868415206 10 0.555653672641
1220 12 0.601891659501 0.499066209978 0.0248612486467 18.7018678637 1 0.1 0.36991 0.348684210526 75.5392355688 10 0.555653672641
1230 12 0.601891659501 0.53379107024 0.047237085586 18.2890264494 1 0.1 0.43172 0.428571428571 70.6251604829 10 0.555653672641
1240 12 0.601891659501 0.48439911429 0.0214802513255 12.9865323646 1 0.1 0.34793 0.360890302067 77.8264841694 10 0.555653672641
1250 12 0.601891659501 0.455761185563 0.0165351680761 19.5736831937 1 0.1 0.43102 0.395695364238 82.7167411227 10 0.555653672641
1260 12 0.601891659501 0.500385973233 0.0331187875306 17.8454823818 1 0.1 0.39178 0.45873015873 75.3400015521 10 0.555653672641
1270 12 0.601891659501 0.533526582807 0.047643286319 15.3734517565 1 0.1 0.37557 0.342809364548 70.6601717981 10 0.555653672641
1280 12 0.601891659501 0.489196257412 0.019293208899 20.566799812 1 0.1 0.44481 0.411764705882 77.0633042032 10 0.555653672641
1290 12 0.601891659501 0.461904515859 0.0363793049784 21.3052967785 1 0.1 0.38972 0.384493670886 81.6166084237 10 0.555653672641
1300 12 0.601891659501 0.465808182804 0.0407614714238 11.8324897302 1 0.1 0.43934 0.4224 80.932627188 10 0.555653672641
1310 12 1.18243243243 0.606997026235 0.0269883866198 8.92216428698 1 0.1 0.40204 0.3125 62.1075200876 30 0.606997026235
1320 12 1.18243243243 0.582059018969 0.0235408077593 6.26587394702 1 0.1 0.3554 0.363184079602 64.7684835582 30 0.617702966754
1330 12 1.18243243243 0.520527277147 0.0257768917132 24.5524822655 1 0.1 0.46316 0.397745571659 72.4247924271 30 0.617702966754
1340 12 1.18243243243 0.548416119461 0.0235619465095 11.9998931143 1 0.1 0.37726 0.408794788274 68.7417431074 30 0.617702966754
1350 12 1.18243243243 0.55476976244 0.0304382135164 12.5502449192 1 0.1 0.41917 0.385113268608 67.9544606653 30 0.623192140046
1360 12 1.18243243243 0.524667238708 0.0295367013419 13.1505471338 1 0.1 0.39518 0.413533834586 71.8533142889 30 0.623192140046
1370 12 1.18243243243 0.54233500258 0.0234375022179 9.03088445637 1 0.1 0.45067 0.398412698413 69.5125334354 30 0.623192140046
1380 12 1.18243243243 0.503304122966 0.0226357527386 6.29813152583 1 0.1 0.40579 0.444270015699 74.9031813565 30 0.623192140046
1390 12 1.18243243243 0.565691240593 0.0267735869746 13.1143553665 1 0.1 0.38575 0.4039408867 66.6425026494 30 0.623192140046
1400 12 1.18243243243 0.508038603148 0.0256541573858 18.8043802917 1 0.1 0.41806 0.395161290323 74.205148519 30 0.623192140046
1410 12 33.3333333333 0.692286202724 0.0555965254219 0.198888439863 1 0.1 0.71631 0.609507640068 54.4559170061 270 0.732803055192
1420 12 33.3333333333 0.694983274806 0.00142376705584 0.00550100179304 1 0.1 0.37365 0.311531841652 54.244585973 270 0.732803055192
1430 12 33.3333333333 0.695098743928 0.00158346707769 0.00131438330889 1 0.1 0.39297 0.281045751634 54.2355749155 270 0.732803055192
1440 12 33.3333333333 0.694350267632 0.00125134565598 0.001371565494 1 0.1 0.42392 0.378378378378 54.2940382648 270 0.732803055192
1450 12 33.3333333333 0.691539185785 0.00155626715122 0.00332276372595 1 0.1 0.4168 0.326194398682 54.514741572 270 0.732803055192
1460 12 33.3333333333 0.696182652895 0.0014712192173 0.00373716292375 1 0.1 0.35466 0.373590982287 54.1511338199 270 0.732803055192
1470 12 33.3333333333 0.695046528074 0.00107163775509 0.00308841944407 1 0.1 0.3174 0.352664576803 54.2396494008 270 0.732803055192
1480 12 33.3333333333 0.693420100832 0.00169597029246 0.00194595274116 1 0.1 0.42642 0.393241167435 54.3668693116 270 0.732803055192
1490 12 33.3333333333 0.692981070649 0.00126860668326 0.00889125705079 1 0.1 0.37704 0.480680061824 54.4013128161 270 0.732803055192
1500 12 33.3333333333 0.693070741972 0.00246090657201 0.0110034118233 1 0.1 0.47192 0.493769470405 54.3942742305 270 0.732803055192
