432.289787049,206.089614604,37.2928318094,0.0
449.392231059,450.525725523,37.2928318094,0.0
335.594672483,421.813990601,37.2928318094,0.0
59.6421921266,265.821165587,37.2928318094,0.0
82.731408869,39.3164563627,37.2928318094,0.0
440.120489266,76.6427431542,37.2928318094,0.0
174.742409466,442.812992328,37.2928318094,0.0
168.173097538,62.0994087744,37.2928318094,0.0
68.0045678454,138.143309842,37.2928318094,0.0
130.091910582,319.982911502,37.2928318094,0.0
386.60974953,298.933725194,37.2928318094,0.0
170.680686861,208.474440388,37.2928318094,0.0
@ 10 10 0.0873362445415 0.200005323333
434.535553491,325.607756781,42.5777022739,0.0
322.040810596,69.8384346512,42.5777022739,0.0
172.106754616,51.6755207462,42.5777022739,0.0
148.141404455,249.401524544,42.5777022739,0.0
437.927423941,431.241556642,42.5777022739,0.0
52.5407532341,154.502859578,42.5777022739,0.0
50.3194125517,429.795140667,42.5777022739,0.0
242.731058573,222.840506424,42.5777022739,0.0
461.542064176,147.004003439,42.5777022739,0.0
465.809299965,244.981190971,42.5777022739,0.0
166.283025055,420.628831805,42.5777022739,0.0
373.94054255,141.324347674,42.5777022739,0.0
@ 20 10 0.0873362445415 0.260708548447
126.610265291,238.074010515,37.7628061688,0.0
312.918650028,394.100773988,37.7628061688,0.0
171.39608699,104.689946638,37.7628061688,0.0
369.967737625,282.549629372,37.7628061688,0.0
183.578334466,466.928450182,37.7628061688,0.0
51.9289462239,145.226337737,37.7628061688,0.0
386.570545308,200.644172989,37.7628061688,0.0
247.627246396,82.9370643363,37.7628061688,0.0
108.904708633,43.2252327298,37.7628061688,0.0
68.311481177,420.163257484,37.7628061688,0.0
166.117124719,339.515627238,37.7628061688,0.0
331.630324948,129.622309042,37.7628061688,0.0
@ 30 10 0.0873362445415 0.205078130051
279.625712457,329.231842624,38.2023419425,0.0
327.86343146,233.646971528,38.2023419425,0.0
72.5039092689,386.150461878,38.2023419425,0.0
463.704513372,313.273076526,38.2023419425,0.0
278.946243425,80.094469968,38.2023419425,0.0
131.899771362,200.494043603,38.2023419425,0.0
449.527286056,204.754173293,38.2023419425,0.0
143.932624605,50.668778037,38.2023419425,0.0
69.1191123325,295.91099985,38.2023419425,0.0
424.210567572,434.720735106,38.2023419425,0.0
364.200569334,155.606118093,38.2023419425,0.0
213.513346545,399.608304576,38.2023419425,0.0
@ 40 10 0.0873362445415 0.209879878965
167.735152299,41.8609044825,38.2951391765,0.0
318.394929589,197.659710108,38.2951391765,0.0
403.359649217,100.317671897,38.2951391765,0.0
289.877515513,48.4205113763,38.2951391765,0.0
39.8828979553,408.801873545,38.2951391765,0.0
264.352383139,315.768560684,38.2951391765,0.0
401.17268211,239.139786373,38.2951391765,0.0
106.66767322,313.212649646,38.2951391765,0.0
81.6482386444,216.276953024,38.2951391765,0.0
102.078449735,460.839344807,38.2951391765,0.0
237.571900754,119.283673216,38.2951391765,0.0
174.707566273,168.82546155,38.2951391765,0.0
@ 50 10 0.0873362445415 0.210900754972
344.369554112,312.742672405,38.15053503,0.0
267.572891926,290.416461858,38.15053503,0.0
122.04038458,414.797637969,38.15053503,0.0
44.2701937833,236.55974473,38.15053503,0.0
260.788793938,446.454071208,38.15053503,0.0
471.481486884,248.945499881,38.15053503,0.0
439.956086293,418.112771818,38.15053503,0.0
43.0936168888,449.084136973,38.15053503,0.0
46.0435757438,316.727222947,38.15053503,0.0
160.611151639,225.291537652,38.15053503,0.0
121.692376825,295.724739889,38.15053503,0.0
328.945537493,72.6262659793,38.15053503,0.0
@ 60 10 0.0873362445415 0.209311020865
419.100057258,355.921142752,43.9229008898,0.0
458.923974147,442.647993048,43.9229008898,0.0
160.460850466,146.343407579,43.9229008898,0.0
296.883532358,300.911399774,43.9229008898,0.0
463.345173108,233.73884685,43.9229008898,0.0
97.5150004164,212.90719954,43.9229008898,0.0
303.504396392,55.3815118698,43.9229008898,0.0
418.331868173,79.8058147403,43.9229008898,0.0
98.3876874845,60.7673883561,43.9229008898,0.0
108.811787533,465.080340281,43.9229008898,0.0
362.100770693,156.639152629,43.9229008898,0.0
304.36393851,453.127992348,43.9229008898,0.0
@ 70 10 0.0873362445415 0.277442417937
85.745124187,452.542421531,43.4049732542,0.0
174.429911682,441.568564617,43.4049732542,0.0
434.389222563,59.4589829562,43.4049732542,0.0
304.820223625,66.5919176044,43.4049732542,0.0
240.948604236,382.391855056,43.4049732542,0.0
105.858054881,283.106858797,43.4049732542,0.0
110.841367598,133.208088187,43.4049732542,0.0
339.266259413,168.407467122,43.4049732542,0.0
365.113375228,311.25443802,43.4049732542,0.0
55.0132002948,64.2847604707,43.4049732542,0.0
444.131571942,267.769392032,43.4049732542,0.0
248.972331881,138.541540646,43.4049732542,0.0
@ 80 10 0.0873362445415 0.27093793464
469.394876406,430.219646241,39.8945662554,0.0
283.763043855,57.1789003646,39.8945662554,0.0
98.6858209965,415.178589949,39.8945662554,0.0
409.059578344,333.216585761,39.8945662554,0.0
162.671906729,152.042525456,39.8945662554,0.0
166.871691167,56.5131836314,39.8945662554,0.0
61.8159383354,227.782888979,39.8945662554,0.0
356.558431141,130.920110772,39.8945662554,0.0
449.581543196,49.1155010562,39.8945662554,0.0
151.967754217,266.743312058,39.8945662554,0.0
331.241189255,352.758823805,39.8945662554,0.0
285.026069884,435.460446287,39.8945662554,0.0
@ 90 10 0.0873362445415 0.228885523451
209.835370881,249.2556891,39.5822118408,0.0
433.739573113,284.509506608,39.5822118408,0.0
219.229983279,435.648029319,39.5822118408,0.0
436.338623687,160.051243919,39.5822118408,0.0
58.3369743424,229.25896885,39.5822118408,0.0
249.654863306,55.4546734039,39.5822118408,0.0
189.835380069,166.681769068,39.5822118408,0.0
382.845822274,386.735245279,39.5822118408,0.0
82.2663933095,335.716764329,39.5822118408,0.0
77.8281195232,426.438476482,39.5822118408,0.0
279.277892672,308.867967503,39.5822118408,0.0
429.99868331,48.3039832744,39.5822118408,0.0
@ 100 10 0.0873362445415 0.225315437013
471.586577881,467.632191308,37.5412101906,0.0
211.545992238,54.2637791979,37.5412101906,0.0
78.2418801703,236.25069597,37.5412101906,0.0
347.883833612,153.394887748,37.5412101906,0.0
157.15904847,246.326069898,37.5412101906,0.0
236.852799565,217.22772067,37.5412101906,0.0
278.427823444,366.384100157,37.5412101906,0.0
416.125581042,306.803589575,37.5412101906,0.0
352.616433987,439.240732134,37.5412101906,0.0
401.061925036,56.7390966582,37.5412101906,0.0
45.7465376675,320.61409367,37.5412101906,0.0
469.098161687,242.282604086,37.5412101906,0.0
@ 110 10 0.0940354648039 0.202678353287
159.689220065,457.790361831,37.8314219443,0.0
416.306396593,44.7969929434,37.8314219443,0.0
406.896195129,302.160891775,37.8314219443,0.0
341.293668174,413.683213356,37.8314219443,0.0
323.474370431,168.193043693,37.8314219443,0.0
262.370833763,118.546874214,37.8314219443,0.0
226.513974538,352.221458238,37.8314219443,0.0
305.528962233,329.960609287,37.8314219443,0.0
144.476328757,352.277303302,37.8314219443,0.0
272.330406411,457.991760663,37.8314219443,0.0
175.73526291,170.351038051,37.8314219443,0.0
469.351276667,246.351092005,37.8314219443,0.0
@ 120 10 0.0940354648039 0.205824069272
369.693630609,347.51626906,38.9482878958,0.0
294.009174195,426.246605905,38.9482878958,0.0
346.920060283,222.021971232,38.9482878958,0.0
79.0012900616,41.1223139398,38.9482878958,0.0
158.654561035,443.490645667,38.9482878958,0.0
61.3190024254,259.459918917,38.9482878958,0.0
68.0471802992,362.38456289,38.9482878958,0.0
374.669958543,443.436265699,38.9482878958,0.0
443.090977823,208.501684501,38.9482878958,0.0
470.561354623,368.406367163,38.9482878958,0.0
183.610623484,186.157628125,38.9482878958,0.0
143.861684377,84.4733735437,38.9482878958,0.0
@ 130 10 0.0940354648039 0.218156206474
404.158594167,115.561391523,35.8348370926,0.0
376.809243615,396.028975811,35.8348370926,0.0
50.0328672242,158.477304151,35.8348370926,0.0
203.223618739,447.058500236,35.8348370926,0.0
48.6413342607,289.43694558,35.8348370926,0.0
338.415703648,322.610176928,35.8348370926,0.0
336.349926447,237.731558084,35.8348370926,0.0
123.627233705,90.2357893048,35.8348370926,0.0
298.491019163,410.799430953,35.8348370926,0.0
252.663805764,46.838593079,35.8348370926,0.0
297.249773288,149.073959008,35.8348370926,0.0
100.090026861,412.733218715,35.8348370926,0.0
@ 140 10 0.0940354648039 0.184672274818
223.493562349,325.658792261,43.523124516,0.0
64.3227992051,129.568316946,43.523124516,0.0
441.90112464,351.739226108,43.523124516,0.0
123.759141488,227.618525472,43.523124516,0.0
114.08191374,422.927451463,43.523124516,0.0
293.092070506,227.625995894,43.523124516,0.0
127.821045413,54.3876651457,43.523124516,0.0
250.149480753,115.034706435,43.523124516,0.0
91.3759146745,317.927298858,43.523124516,0.0
439.566055966,92.583229946,43.523124516,0.0
421.306501539,460.375400792,43.523124516,0.0
341.373739661,345.646286845,43.523124516,0.0
@ 150 10 0.0940354648039 0.272414964822
452.210380884,422.961671021,47.0781593089,0.0
263.137081604,388.123614427,47.0781593089,0.0
67.6003470355,246.932411457,47.0781593089,0.0
417.5330537,258.558829959,47.0781593089,0.0
183.669162408,269.939594426,47.0781593089,0.0
240.801394048,48.5830429786,47.0781593089,0.0
156.57904795,399.060002017,47.0781593089,0.0
65.605372743,107.823536045,47.0781593089,0.0
58.5684756418,352.134235025,47.0781593089,0.0
271.532098465,188.701317275,47.0781593089,0.0
287.13290756,293.316021758,47.0781593089,0.0
423.155831282,115.308214449,47.0781593089,0.0
@ 160 10 0.0940354648039 0.318735016704
391.394696871,281.506265523,41.9798155409,0.0
191.536337275,333.310307423,41.9798155409,0.0
159.952700241,172.112928772,41.9798155409,0.0
170.857100275,44.1363883184,41.9798155409,0.0
89.9456981955,339.283416487,41.9798155409,0.0
405.691116063,66.3600365988,41.9798155409,0.0
291.431588708,141.81816587,41.9798155409,0.0
429.113893755,442.417431344,41.9798155409,0.0
78.7262570238,42.8438183279,41.9798155409,0.0
251.794595847,254.025309727,41.9798155409,0.0
60.9341962189,148.648925029,41.9798155409,0.0
274.563720334,353.081014121,41.9798155409,0.0
@ 170 10 0.0940354648039 0.253438087058
44.1513565761,263.597891242,43.4122377756,0.0
269.878127365,349.113892525,43.4122377756,0.0
415.206924545,374.995387551,43.4122377756,0.0
292.657072046,64.9987515493,43.4122377756,0.0
113.180980953,44.2910710446,43.4122377756,0.0
347.210367962,173.893682791,43.4122377756,0.0
449.924687621,57.6130294452,43.4122377756,0.0
205.074019879,50.4331409697,43.4122377756,0.0
339.921979318,288.502840205,43.4122377756,0.0
196.042116099,279.831271628,43.4122377756,0.0
66.6000057814,428.942156431,43.4122377756,0.0
76.2784711241,173.58195767,43.4122377756,0.0
@ 180 10 0.0940354648039 0.271028633884
455.410256877,183.060881508,43.0971182666,0.0
187.208316366,145.224934777,43.0971182666,0.0
137.854046568,303.650424892,43.0971182666,0.0
218.921623774,245.370233806,43.0971182666,0.0
285.45068692,118.256411541,43.0971182666,0.0
220.41969707,444.140054591,43.0971182666,0.0
63.9915186164,103.882005061,43.0971182666,0.0
206.018291912,54.5906662505,43.0971182666,0.0
70.8031581836,395.049209273,43.0971182666,0.0
272.904567152,324.570420375,43.0971182666,0.0
375.376789646,105.84253918,43.0971182666,0.0
377.492401399,341.518958045,43.0971182666,0.0
@ 190 10 0.0940354648039 0.267108244537
269.570249852,325.60748188,34.3411842078,0.0
70.2127982675,229.489914835,34.3411842078,0.0
129.615262127,404.879570894,34.3411842078,0.0
208.465673222,383.52940428,34.3411842078,0.0
237.478495544,136.612032026,34.3411842078,0.0
298.316005084,53.0362761153,34.3411842078,0.0
43.7814099679,60.8280921569,34.3411842078,0.0
119.752185797,294.663112997,34.3411842078,0.0
424.778391477,155.191906869,34.3411842078,0.0
34.5976021234,416.554234068,34.3411842078,0.0
322.023718074,459.254723862,34.3411842078,0.0
408.745529494,392.35377654,34.3411842078,0.0
@ 200 10 0.0940354648039 0.169598249034
349.194149005,165.175974234,46.2581011222,0.0
426.634072832,61.7220120309,46.2581011222,0.0
97.0646500931,221.403660761,46.2581011222,0.0
80.6702367401,67.9428168431,46.2581011222,0.0
463.437300113,436.593522216,46.2581011222,0.0
153.23303679,322.364177807,46.2581011222,0.0
437.447049871,307.258221433,46.2581011222,0.0
324.65274524,328.161315333,46.2581011222,0.0
154.922030623,433.991844371,46.2581011222,0.0
194.169774403,179.258459473,46.2581011222,0.0
359.728785563,442.685404514,46.2581011222,0.0
248.052349113,459.082252904,46.2581011222,0.0
@ 210 10 0.101847810272 0.307727587645
399.998973318,194.778283388,44.2018070527,0.0
100.076345182,320.219290035,44.2018070527,0.0
325.666540904,368.940024142,44.2018070527,0.0
408.185753887,406.738268397,44.2018070527,0.0
253.110058683,251.180692402,44.2018070527,0.0
74.7240554694,217.383077581,44.2018070527,0.0
134.387180559,62.723422738,44.2018070527,0.0
458.846656316,55.6702621464,44.2018070527,0.0
364.777671744,282.267111017,44.2018070527,0.0
199.767697291,336.055496564,44.2018070527,0.0
223.977527388,124.771734816,44.2018070527,0.0
57.2371646676,400.202025631,44.2018070527,0.0
@ 220 10 0.101847810272 0.280977069685
333.134042471,45.3650503787,41.503895816,0.0
349.167173654,155.803328766,41.503895816,0.0
124.278107505,465.277639444,41.503895816,0.0
98.9603873108,274.387224243,41.503895816,0.0
412.705397853,215.407002922,41.503895816,0.0
315.217152274,319.443733511,41.503895816,0.0
230.561283132,88.7804343206,41.503895816,0.0
164.600598558,378.672639988,41.503895816,0.0
388.701354114,430.024185495,41.503895816,0.0
149.33635144,53.1511905782,41.503895816,0.0
468.774116428,466.857195945,41.503895816,0.0
454.427826295,374.091819524,41.503895816,0.0
@ 230 10 0.101847810272 0.24772427064
367.773655793,79.0265384696,36.2937419477,0.0
468.381147307,91.9263136828,36.2937419477,0.0
254.363131407,165.487182672,36.2937419477,0.0
398.633450671,247.3372522,36.2937419477,0.0
181.94468986,84.6295211304,36.2937419477,0.0
316.798296812,327.028467321,36.2937419477,0.0
429.508003454,157.28495462,36.2937419477,0.0
116.997093677,123.261169853,36.2937419477,0.0
260.161566592,86.9964156998,36.2937419477,0.0
164.642655832,245.616525344,36.2937419477,0.0
279.293259128,474.741657276,36.2937419477,0.0
47.8836921133,326.297632535,36.2937419477,0.0
@ 240 10 0.101847810272 0.189432427235
265.326437717,141.602598136,41.4119759468,0.0
454.044896429,60.6277243286,41.4119759468,0.0
430.113679748,244.001751255,41.4119759468,0.0
364.440643965,305.808426218,41.4119759468,0.0
171.750917641,245.872838377,41.4119759468,0.0
79.0082381145,201.621347631,41.4119759468,0.0
456.036207952,375.462841891,41.4119759468,0.0
48.0563578765,372.156515425,41.4119759468,0.0
358.234053915,112.305682693,41.4119759468,0.0
444.327979137,145.87932469,41.4119759468,0.0
133.075807237,329.085182858,41.4119759468,0.0
160.909362575,456.462976515,41.4119759468,0.0
@ 250 10 0.101847810272 0.24662820163
379.03135811,90.2757541972,40.3444142132,0.0
246.479686179,364.133506622,40.3444142132,0.0
189.749312048,289.828028481,40.3444142132,0.0
371.640529279,250.728958712,40.3444142132,0.0
466.476305096,295.88363386,40.3444142132,0.0
66.6697209805,330.708002792,40.3444142132,0.0
443.797381968,206.563293043,40.3444142132,0.0
278.582468754,210.659071052,40.3444142132,0.0
370.239154775,332.522659645,40.3444142132,0.0
353.489085022,413.333807486,40.3444142132,0.0
272.63665154,103.943194988,40.3444142132,0.0
132.204007067,228.873115069,40.3444142132,0.0
@ 260 10 0.101847810272 0.234076415354
350.372375663,198.367344405,52.2439667688,0.0
446.278533379,261.571430725,52.2439667688,0.0
441.701702492,440.232686873,52.2439667688,0.0
343.878605208,69.7982186752,52.2439667688,0.0
58.849236774,95.7608648035,52.2439667688,0.0
65.0197236538,405.419784883,52.2439667688,0.0
383.90496395,352.364258097,52.2439667688,0.0
169.097561851,377.063999796,52.2439667688,0.0
55.8395269713,266.323469403,52.2439667688,0.0
278.512743904,326.110089387,52.2439667688,0.0
255.544879352,143.521891043,52.2439667688,0.0
272.060491317,451.275428178,52.2439667688,0.0
@ 270 10 0.101847810272 0.39252120104
337.536192998,463.270481214,39.5599354418,0.0
470.07373255,333.129205749,39.5599354418,0.0
312.728662229,285.376328234,39.5599354418,0.0
175.724520442,69.6512205743,39.5599354418,0.0
324.333322537,76.0522762634,39.5599354418,0.0
241.460073656,185.367469288,39.5599354418,0.0
272.013425161,403.702947366,39.5599354418,0.0
219.583014071,296.855530856,39.5599354418,0.0
94.1364915474,299.066437783,39.5599354418,0.0
66.2318877425,200.540638448,39.5599354418,0.0
150.039399917,361.779870938,39.5599354418,0.0
368.159667515,180.87660963,39.5599354418,0.0
@ 280 10 0.101847810272 0.22506189867
290.115531879,462.43512738,44.1421685868,0.0
433.705559627,116.782531185,44.1421685868,0.0
422.425592018,444.887974218,44.1421685868,0.0
118.984709178,211.535229361,44.1421685868,0.0
366.883496975,259.023277537,44.1421685868,0.0
65.4870429827,440.846226019,44.1421685868,0.0
323.794228114,353.666699165,44.1421685868,0.0
193.414998076,312.407508549,44.1421685868,0.0
217.221801535,208.930540624,44.1421685868,0.0
442.547448891,349.845704595,44.1421685868,0.0
275.998897328,47.9051157859,44.1421685868,0.0
78.8429770544,302.89662515,44.1421685868,0.0
@ 290 10 0.101847810272 0.280219375015
270.836885504,408.632067818,43.0880582786,0.0
155.697886925,85.301611887,43.0880582786,0.0
159.551550997,232.867979058,43.0880582786,0.0
164.465130446,454.072729987,43.0880582786,0.0
94.6491404732,364.651806363,43.0880582786,0.0
383.094821124,459.005393793,43.0880582786,0.0
64.2707940901,155.387409427,43.0880582786,0.0
285.241611839,308.432945564,43.0880582786,0.0
380.059861665,177.799533584,43.0880582786,0.0
370.777230522,56.131971025,43.0880582786,0.0
185.351157131,328.550912504,43.0880582786,0.0
275.943933849,138.686252718,43.0880582786,0.0
@ 300 10 0.101847810272 0.266995951965
287.299254783,222.023367962,43.0051329264,0.0
443.677304658,120.849247527,43.0051329264,0.0
444.129960566,221.829137945,43.0051329264,0.0
410.418928755,355.754356007,43.0051329264,0.0
59.7829344481,55.5638165611,43.0051329264,0.0
341.839536822,94.3471682048,43.0051329264,0.0
173.575240669,455.237370166,43.0051329264,0.0
432.049310456,447.282970949,43.0051329264,0.0
74.4010498701,298.729291451,43.0051329264,0.0
143.435907281,240.678395022,43.0051329264,0.0
232.157263756,147.433480411,43.0051329264,0.0
311.013638971,357.345356526,43.0051329264,0.0
@ 310 10 0.111075848937 0.265969243931
432.106553044,239.83381084,42.0187494404,0.0
200.62433313,64.3522222565,42.0187494404,0.0
253.86748888,265.312542244,42.0187494404,0.0
242.745429469,460.258449679,42.0187494404,0.0
253.556244678,370.455973335,42.0187494404,0.0
402.981911019,418.776573964,42.0187494404,0.0
341.870959444,207.575921298,42.0187494404,0.0
44.2754165158,92.4777254648,42.0187494404,0.0
231.536826587,178.760372261,42.0187494404,0.0
83.3510246062,299.612730982,42.0187494404,0.0
458.534416231,342.366771663,42.0187494404,0.0
387.145331616,59.2678550175,42.0187494404,0.0
@ 320 10 0.111075848937 0.253908403975
284.435417359,112.065132885,43.1815659746,0.0
315.892621569,235.419893155,43.1815659746,0.0
73.8357697604,325.877810979,43.1815659746,0.0
265.102697836,355.964955671,43.1815659746,0.0
420.706198591,75.1536649103,43.1815659746,0.0
448.646033609,453.9976205,43.1815659746,0.0
413.873071667,247.218536306,43.1815659746,0.0
164.744043247,291.356000446,43.1815659746,0.0
417.217231634,348.541355249,43.1815659746,0.0
152.61420479,431.319770737,43.1815659746,0.0
121.235009789,108.850841403,43.1815659746,0.0
56.4943572483,223.492963054,43.1815659746,0.0
@ 330 10 0.111075848937 0.268156053745
457.809960712,305.413831713,45.5625430185,0.0
148.485143958,181.568470295,45.5625430185,0.0
71.455379948,311.139406807,45.5625430185,0.0
247.131583349,73.7324933193,45.5625430185,0.0
279.882560337,209.534129352,45.5625430185,0.0
259.130604386,415.909348625,45.5625430185,0.0
201.507698608,278.527520985,45.5625430185,0.0
359.767169026,461.446576384,45.5625430185,0.0
59.6546061931,120.054451445,45.5625430185,0.0
444.60111372,203.952748407,45.5625430185,0.0
425.943089014,105.323829808,45.5625430185,0.0
329.118459824,327.502871211,45.5625430185,0.0
@ 340 10 0.111075848937 0.298542896012
440.739647005,223.353465885,40.0679853705,0.0
248.616781179,190.404756601,40.0679853705,0.0
300.88514871,341.537004891,40.0679853705,0.0
201.247342524,268.281997967,40.0679853705,0.0
44.3646259451,192.086426298,40.0679853705,0.0
101.669858463,445.845615497,40.0679853705,0.0
99.8195389484,283.685670129,40.0679853705,0.0
358.477018416,227.045636707,40.0679853705,0.0
469.649094029,52.6937930369,40.0679853705,0.0
471.835727181,328.493295699,40.0679853705,0.0
370.141798048,121.818357438,40.0679853705,0.0
190.869294331,86.3863382143,40.0679853705,0.0
@ 350 10 0.111075848937 0.230879749753
152.609933926,440.06746651,43.8016755962,0.0
254.284153863,179.503182328,43.8016755962,0.0
221.753499062,86.0593916724,43.8016755962,0.0
263.563663222,438.235223981,43.8016755962,0.0
424.460397638,460.113024645,43.8016755962,0.0
439.448893816,202.412146037,43.8016755962,0.0
58.9029886312,355.927905559,43.8016755962,0.0
348.702655815,174.344117277,43.8016755962,0.0
409.739885527,325.468151431,43.8016755962,0.0
90.1025924714,99.8610208063,43.8016755962,0.0
364.364129401,52.2667950638,43.8016755962,0.0
316.065168815,277.452629253,43.8016755962,0.0
@ 360 10 0.111075848937 0.275913073334
68.5429280759,334.262054048,44.2126135625,0.0
251.385543141,194.516357071,44.2126135625,0.0
460.164295293,241.379486421,44.2126135625,0.0
458.186721085,336.022370181,44.2126135625,0.0
327.983551958,362.409584049,44.2126135625,0.0
64.8022455556,237.327322641,44.2126135625,0.0
307.322535543,59.7037207158,44.2126135625,0.0
162.552222527,453.36414968,44.2126135625,0.0
304.131408514,467.594506622,44.2126135625,0.0
161.764751961,204.222736508,44.2126135625,0.0
404.242313164,103.00477671,44.2126135625,0.0
376.555756723,285.257777587,44.2126135625,0.0
@ 370 10 0.111075848937 0.28111447369
400.045262062,278.713459765,44.0870774402,0.0
344.571204701,413.5691362,44.0870774402,0.0
241.826173952,245.898307999,44.0870774402,0.0
375.496958316,145.684155586,44.0870774402,0.0
128.161931464,90.7521215431,44.0870774402,0.0
453.426709344,429.539803674,44.0870774402,0.0
301.448319152,86.9529039031,44.0870774402,0.0
206.71965668,131.896173098,44.0870774402,0.0
152.715052393,335.601377062,44.0870774402,0.0
215.846692761,422.445955762,44.0870774402,0.0
113.432486015,246.016922276,44.0870774402,0.0
68.6824634396,166.566730742,44.0870774402,0.0
@ 380 10 0.111075848937 0.279520362085
447.742249114,135.518424872,44.5716899507,0.0
228.740181787,74.7541971949,44.5716899507,0.0
172.148729145,160.895111046,44.5716899507,0.0
406.025609278,303.027892452,44.5716899507,0.0
352.736738241,438.813884111,44.5716899507,0.0
245.965504428,212.31940379,44.5716899507,0.0
197.790035987,359.908730317,44.5716899507,0.0
61.1093024576,180.500620964,44.5716899507,0.0
161.437966334,449.036088051,44.5716899507,0.0
315.074466446,333.078336121,44.5716899507,0.0
436.477083846,395.720007408,44.5716899507,0.0
69.6536784807,324.856496128,44.5716899507,0.0
@ 390 10 0.111075848937 0.285699204803
421.119826872,326.824313398,41.779493704,0.0
85.3640546503,362.835249423,41.779493704,0.0
234.187570441,197.850396047,41.779493704,0.0
53.19971982,79.4465080522,41.779493704,0.0
235.386195927,461.970804779,41.779493704,0.0
427.790139637,99.9709385207,41.779493704,0.0
114.730498679,141.241772027,41.779493704,0.0
190.651444333,375.673859,41.779493704,0.0
244.761815277,79.1757812788,41.779493704,0.0
269.051202709,328.618419005,41.779493704,0.0
318.098569799,234.98645056,41.779493704,0.0
410.996988685,441.044099734,41.779493704,0.0
@ 400 10 0.111075848937 0.251025115455
231.594020766,349.32510653,40.2528932215,0.0
170.042028978,418.358560038,40.2528932215,0.0
49.9415048331,47.8470188704,40.2528932215,0.0
79.0824923971,249.353146239,40.2528932215,0.0
331.447332727,223.907080865,40.2528932215,0.0
66.1292485207,338.315539577,40.2528932215,0.0
249.833898535,246.935547427,40.2528932215,0.0
465.904891288,451.661118196,40.2528932215,0.0
287.459232741,98.867171465,40.2528932215,0.0
189.444468472,87.8754141405,40.2528932215,0.0
431.205881995,47.4041238977,40.2528932215,0.0
147.391784026,195.354547584,40.2528932215,0.0
@ 410 10 0.122142732507 0.233015618847
415.509770298,435.839190925,44.7563082912,0.0
336.67508732,193.516055577,44.7563082912,0.0
144.924804074,52.5675266707,44.7563082912,0.0
394.692729201,48.0666455932,44.7563082912,0.0
123.981402566,154.00203699,44.7563082912,0.0
270.255276163,466.767816357,44.7563082912,0.0
465.878176747,132.17139977,44.7563082912,0.0
215.414086393,272.767526092,44.7563082912,0.0
64.8116264678,233.280887678,44.7563082912,0.0
457.406654109,232.200059007,44.7563082912,0.0
323.946912329,325.585030204,44.7563082912,0.0
68.6853299998,422.000884361,44.7563082912,0.0
@ 420 10 0.122142732507 0.288070869423
462.380084812,397.74049866,45.4414017942,0.0
173.989104956,397.709345043,45.4414017942,0.0
323.304679211,295.138713062,45.4414017942,0.0
362.137139369,418.176650113,45.4414017942,0.0
309.089055351,78.6226112778,45.4414017942,0.0
62.2884159393,327.010128841,45.4414017942,0.0
416.596936332,149.314913317,45.4414017942,0.0
241.267730334,236.602915682,45.4414017942,0.0
69.5303561836,187.264682902,45.4414017942,0.0
325.536847885,186.562956589,45.4414017942,0.0
447.249511905,293.254940452,45.4414017942,0.0
197.171095492,136.915921291,45.4414017942,0.0
@ 430 10 0.122142732507 0.296957480852
352.224490139,65.4177840659,45.0009494187,0.0
272.774457816,269.769385439,45.0009494187,0.0
250.821432302,360.58179473,45.0009494187,0.0
332.779456089,459.876272138,45.0009494187,0.0
97.6217547894,345.945503659,45.0009494187,0.0
212.779491945,165.128826901,45.0009494187,0.0
453.554717978,229.45712401,45.0009494187,0.0
120.290492222,120.72043049,45.0009494187,0.0
64.6522185525,195.961771973,45.0009494187,0.0
420.980746554,355.708576337,45.0009494187,0.0
223.638839521,458.383892464,45.0009494187,0.0
348.055420957,177.794021484,45.0009494187,0.0
@ 440 10 0.122142732507 0.291228707631
165.658009041,307.993071249,44.8686200423,0.0
387.944504005,455.937515127,44.8686200423,0.0
338.982692038,329.335037531,44.8686200423,0.0
341.506441299,203.913081216,44.8686200423,0.0
53.7263972404,133.805216836,44.8686200423,0.0
151.195830136,65.7138179089,44.8686200423,0.0
120.425262101,441.418273229,44.8686200423,0.0
309.4565099,108.01923125,44.8686200423,0.0
78.7168487242,330.238258836,44.8686200423,0.0
247.485536555,422.550418477,44.8686200423,0.0
437.256022214,79.8387669428,44.8686200423,0.0
449.104241965,236.578969106,44.8686200423,0.0
@ 450 10 0.122142732507 0.289518457009
257.705437712,292.69963343,44.6225801151,0.0
159.377362854,222.093049538,44.6225801151,0.0
416.746552044,343.031459181,44.6225801151,0.0
377.563690712,222.115386411,44.6225801151,0.0
401.883173007,444.651020572,44.6225801151,0.0
326.216223622,374.642518859,44.6225801151,0.0
386.700635001,81.5620028298,44.6225801151,0.0
49.7731465093,283.532496421,44.6225801151,0.0
58.8015997928,158.887159622,44.6225801151,0.0
160.842660128,319.591289533,44.6225801151,0.0
179.116719029,87.6199356131,44.6225801151,0.0
293.852216806,67.0686782302,44.6225801151,0.0
@ 460 10 0.122142732507 0.286351976987
43.7213514072,318.997992423,43.4571003994,0.0
359.065119298,464.229288732,43.4571003994,0.0
216.485973443,186.005433016,43.4571003994,0.0
443.756031473,431.179351299,43.4571003994,0.0
284.243843452,287.049172721,43.4571003994,0.0
408.822773206,307.748250659,43.4571003994,0.0
185.095435528,45.6510106054,43.4571003994,0.0
298.819771028,121.479031317,43.4571003994,0.0
94.8985116669,55.9061917821,43.4571003994,0.0
108.563400423,252.064638488,43.4571003994,0.0
104.11510004,164.665462572,43.4571003994,0.0
439.231309024,167.658010344,43.4571003994,0.0
@ 470 10 0.122142732507 0.271589090516
325.036138997,397.077985108,42.5454017738,0.0
324.591456648,150.457053809,42.5454017738,0.0
235.195015225,463.256428954,42.5454017738,0.0
140.549829322,274.789925524,42.5454017738,0.0
293.880796843,58.8453179085,42.5454017738,0.0
72.7194276023,209.343287592,42.5454017738,0.0
140.085858838,75.8625305488,42.5454017738,0.0
411.894949361,414.596710445,42.5454017738,0.0
223.485531723,248.412660114,42.5454017738,0.0
333.747516187,265.652898932,42.5454017738,0.0
122.212522307,457.473712158,42.5454017738,0.0
180.699644054,358.680836748,42.5454017738,0.0
@ 480 10 0.122142732507 0.260313138556
381.357110549,311.843708623,43.1365953651,0.0
293.478775599,354.484852109,43.1365953651,0.0
304.844321104,69.7328495984,43.1365953651,0.0
121.945437095,233.499017116,43.1365953651,0.0
427.985044343,112.282355286,43.1365953651,0.0
365.875817149,223.75577816,43.1365953651,0.0
198.012080844,184.869438335,43.1365953651,0.0
292.495158715,441.655893032,43.1365953651,0.0
45.2471374556,416.953378753,43.1365953651,0.0
146.7837261,367.479571645,43.1365953651,0.0
452.162830406,438.207650419,43.1365953651,0.0
132.209243838,65.2344283586,43.1365953651,0.0
@ 490 10 0.122142732507 0.267597812674
223.815868275,391.005601046,45.9387782542,0.0
404.235833184,160.996886669,45.9387782542,0.0
235.072381633,70.138271254,45.9387782542,0.0
236.611043581,178.795622304,45.9387782542,0.0
55.7940218506,363.202505172,45.9387782542,0.0
161.455134628,460.257331424,45.9387782542,0.0
112.569892524,255.179615085,45.9387782542,0.0
355.000241108,268.107836457,45.9387782542,0.0
410.425674711,436.362024859,45.9387782542,0.0
463.401888858,61.9799058566,45.9387782542,0.0
74.4630707436,78.9686967849,45.9387782542,0.0
347.946331353,59.2465202534,45.9387782542,0.0
@ 500 10 0.122142732507 0.303493721994
460.228846416,58.1700320358,44.1319433513,0.0
381.786229284,130.760914134,44.1319433513,0.0
465.987962715,208.021168761,44.1319433513,0.0
147.321344137,250.887272108,44.1319433513,0.0
384.362364101,262.143105577,44.1319433513,0.0
55.5516267704,312.552757591,44.1319433513,0.0
302.011758576,313.117446094,44.1319433513,0.0
162.836707238,108.245502148,44.1319433513,0.0
206.343346519,354.18896282,44.1319433513,0.0
466.950263012,364.712283627,44.1319433513,0.0
60.0043854571,164.25631159,44.1319433513,0.0
134.637541208,448.211923287,44.1319433513,0.0
@ 510 10 0.135658914729 0.280089568196
80.5786702904,67.0693164416,40.7900311211,0.0
155.692717074,219.212849373,40.7900311211,0.0
86.5630441272,265.335199064,40.7900311211,0.0
175.319760174,73.3288404533,40.7900311211,0.0
326.22841705,189.485397361,40.7900311211,0.0
269.954067873,307.393834169,40.7900311211,0.0
240.482655709,196.714997528,40.7900311211,0.0
104.696988485,346.487733033,40.7900311211,0.0
425.756454411,437.829743681,40.7900311211,0.0
148.177286617,442.497576466,40.7900311211,0.0
334.828637634,97.6215993585,40.7900311211,0.0
467.978407102,269.839350884,40.7900311211,0.0
@ 520 10 0.135658914729 0.239275869616
266.264506984,321.089905288,44.9347835522,0.0
458.114445005,120.183001597,44.9347835522,0.0
429.101493575,301.221604367,44.9347835522,0.0
144.583608072,302.928367175,44.9347835522,0.0
158.550713681,193.374229448,44.9347835522,0.0
51.1969834324,60.8534471667,44.9347835522,0.0
46.5654221512,266.786876941,44.9347835522,0.0
351.531410723,443.504906503,44.9347835522,0.0
77.4927867177,399.163475876,44.9347835522,0.0
227.271936468,453.581833547,44.9347835522,0.0
454.369068179,452.727606419,44.9347835522,0.0
335.379260897,251.181427282,44.9347835522,0.0
@ 530 10 0.135658914729 0.290372937522
355.439390175,424.057208067,40.9464570873,0.0
444.828221515,394.037327808,40.9464570873,0.0
97.5331653687,159.153243074,40.9464570873,0.0
376.94426911,91.485540674,40.9464570873,0.0
379.055146858,292.756247233,40.9464570873,0.0
50.6526412946,276.665151621,40.9464570873,0.0
288.741600243,190.991011329,40.9464570873,0.0
146.143385244,386.130235259,40.9464570873,0.0
274.979789283,387.318425664,40.9464570873,0.0
242.618594296,463.670065392,40.9464570873,0.0
174.503337891,305.634623614,40.9464570873,0.0
87.6435278802,47.9619827612,40.9464570873,0.0
@ 540 10 0.135658914729 0.24111458983
426.373958548,52.3246588352,46.608940105,0.0
90.3837010252,399.299022356,46.608940105,0.0
169.694315354,73.5320633791,46.608940105,0.0
270.546210419,330.13973741,46.608940105,0.0
102.199612373,299.090690088,46.608940105,0.0
192.94858151,432.456479104,46.608940105,0.0
241.301559758,152.738703161,46.608940105,0.0
446.271046508,375.277666299,46.608940105,0.0
321.71506831,82.1670442951,46.608940105,0.0
204.719226998,248.784142012,46.608940105,0.0
388.949289897,246.247097184,46.608940105,0.0
306.272133504,463.370750609,46.608940105,0.0
@ 550 10 0.135658914729 0.312413134468
144.456421277,215.777272164,44.5730964642,0.0
226.897324897,281.325511303,44.5730964642,0.0
225.071335146,421.667204796,44.5730964642,0.0
155.829750816,101.000227768,44.5730964642,0.0
327.693484098,54.5981117454,44.5730964642,0.0
418.628210588,294.558359755,44.5730964642,0.0
450.023044308,141.637529158,44.5730964642,0.0
466.67718514,48.8497897268,44.5730964642,0.0
126.282578013,441.833321011,44.5730964642,0.0
333.179219751,267.688084954,44.5730964642,0.0
453.517623685,451.822879617,44.5730964642,0.0
323.033117689,456.157352476,44.5730964642,0.0
@ 560 10 0.135658914729 0.285717236255
419.826392399,56.1578567261,52.898353569,0.0
95.9252655977,365.232315012,52.898353569,0.0
272.690170526,192.006900039,52.898353569,0.0
56.7098837654,135.383125816,52.898353569,0.0
197.461528679,313.049729617,52.898353569,0.0
298.380250918,427.901539103,52.898353569,0.0
141.988655402,59.5281000807,52.898353569,0.0
404.262960694,175.622006997,52.898353569,0.0
458.84161923,324.677227639,52.898353569,0.0
247.620544456,74.8939278282,52.898353569,0.0
452.295260712,452.794103726,52.898353569,0.0
190.399198172,426.372639098,52.898353569,0.0
@ 570 10 0.135658914729 0.402415907561
467.368226636,413.004072877,37.8225581152,0.0
292.170658732,310.662591862,37.8225581152,0.0
413.536579426,232.585898969,37.8225581152,0.0
340.63900128,195.952135469,37.8225581152,0.0
254.433179078,238.456884114,37.8225581152,0.0
427.997315246,332.849831492,37.8225581152,0.0
209.57910674,413.924735331,37.8225581152,0.0
107.726561112,301.267164551,37.8225581152,0.0
323.699402119,448.410938701,37.8225581152,0.0
308.136544041,77.3897858066,37.8225581152,0.0
57.0303448738,195.078525682,37.8225581152,0.0
211.947307199,116.499842422,37.8225581152,0.0
@ 580 10 0.135658914729 0.205727632207
81.1628192026,269.750904701,41.4051207682,0.0
376.251912101,316.065378382,41.4051207682,0.0
356.566298526,190.108119721,41.4051207682,0.0
76.49344394,446.258448279,41.4051207682,0.0
458.09378457,456.426327373,41.4051207682,0.0
456.281979613,272.777016317,41.4051207682,0.0
174.767931584,107.98269136,41.4051207682,0.0
279.778173815,125.121029426,41.4051207682,0.0
234.63848499,211.807082758,41.4051207682,0.0
47.8604043034,170.061652483,41.4051207682,0.0
466.57700118,93.5209161452,41.4051207682,0.0
294.286272359,361.377657766,41.4051207682,0.0
@ 590 10 0.135658914729 0.246546556627
383.436090224,66.4035147762,47.9508473985,0.0
243.101106572,460.544813216,47.9508473985,0.0
151.341846378,200.951776641,47.9508473985,0.0
77.7593379882,426.05078148,47.9508473985,0.0
422.5259021,208.402133417,47.9508473985,0.0
353.434458892,423.07415644,47.9508473985,0.0
180.621888716,85.738485487,47.9508473985,0.0
97.8986343018,321.710413977,47.9508473985,0.0
452.436622257,350.494874637,47.9508473985,0.0
56.131349442,84.4385295985,47.9508473985,0.0
274.185030156,116.103260774,47.9508473985,0.0
243.701353862,316.8903511,47.9508473985,0.0
@ 600 10 0.135658914729 0.330661326011
61.1959876099,50.9003518654,45.2974532769,0.0
461.511119465,329.276870389,45.2974532769,0.0
408.529953434,447.079284612,45.2974532769,0.0
346.912876443,181.838456229,45.2974532769,0.0
176.948423121,77.3798111094,45.2974532769,0.0
230.086912314,255.128779701,45.2974532769,0.0
91.7664912418,367.357355007,45.2974532769,0.0
238.327344339,149.766273274,45.2974532769,0.0
189.963039753,459.471776751,45.2974532769,0.0
422.177488547,49.9779513318,45.2974532769,0.0
116.520751089,218.212164817,45.2974532769,0.0
286.088924328,50.1926736615,45.2974532769,0.0
@ 610 10 0.152538679451 0.295079066833
208.071767099,133.822397408,43.6740969263,0.0
117.74681692,291.256870899,43.6740969263,0.0
198.914747567,455.018737472,43.6740969263,0.0
255.056946129,210.871160125,43.6740969263,0.0
110.093955509,386.419215274,43.6740969263,0.0
320.870771791,439.056414064,43.6740969263,0.0
115.110662615,97.9346742045,43.6740969263,0.0
458.299661371,229.546829668,43.6740969263,0.0
441.058160819,326.501660057,43.6740969263,0.0
305.426781162,49.0955366511,43.6740969263,0.0
428.530942763,110.532088822,43.6740969263,0.0
262.503791117,335.294345085,43.6740969263,0.0
@ 620 10 0.152538679451 0.274308141149
202.778552226,444.987316863,45.4780197978,0.0
137.234403031,257.080815345,45.4780197978,0.0
123.792376594,153.200629534,45.4780197978,0.0
300.957059648,259.554793682,45.4780197978,0.0
306.34991411,403.51994652,45.4780197978,0.0
375.58898396,128.967855731,45.4780197978,0.0
233.244737771,131.291700705,45.4780197978,0.0
48.0289827124,77.3937427264,45.4780197978,0.0
412.522810449,397.717900976,45.4780197978,0.0
202.226897011,353.584989576,45.4780197978,0.0
465.56637136,261.492983385,45.4780197978,0.0
74.8250451133,337.389698566,45.4780197978,0.0
@ 630 10 0.152538679451 0.297436267639
299.498738725,260.548987032,39.5061532681,0.0
105.118723774,216.102954714,39.5061532681,0.0
344.86581867,432.776935368,39.5061532681,0.0
189.392889395,301.98852481,39.5061532681,0.0
287.947912551,155.98498218,39.5061532681,0.0
217.150299683,221.748079591,39.5061532681,0.0
399.977347148,60.882207136,39.5061532681,0.0
57.2065485648,93.6906825764,39.5061532681,0.0
125.935977994,364.62367633,39.5061532681,0.0
51.3899412977,393.235935527,39.5061532681,0.0
67.6103450324,308.945112142,39.5061532681,0.0
378.121069168,314.312047626,39.5061532681,0.0
@ 640 10 0.152538679451 0.22445036632
46.1260248844,220.795848393,42.1471540173,0.0
116.701601086,166.914628234,42.1471540173,0.0
51.4207136693,67.2645276312,42.1471540173,0.0
66.1364467184,319.396299408,42.1471540173,0.0
442.503496908,315.883812214,42.1471540173,0.0
392.311203817,192.753756607,42.1471540173,0.0
431.417048806,60.2540005163,42.1471540173,0.0
370.240531673,405.93691006,42.1471540173,0.0
197.351537409,253.097002952,42.1471540173,0.0
282.816642572,129.705444012,42.1471540173,0.0
227.379136722,434.003101092,42.1471540173,0.0
284.79858246,216.082693927,42.1471540173,0.0
@ 650 10 0.152538679451 0.255462606191
108.750634688,353.476631202,42.6526743866,0.0
268.232390531,388.402576382,42.6526743866,0.0
55.7594427457,181.302596166,42.6526743866,0.0
195.882888027,280.732344756,42.6526743866,0.0
153.919822969,204.377739342,42.6526743866,0.0
291.524955216,45.1876858372,42.6526743866,0.0
381.75031323,237.278375094,42.6526743866,0.0
138.018935094,119.837016337,42.6526743866,0.0
344.024216301,322.592749781,42.6526743866,0.0
82.4648592776,468.296623147,42.6526743866,0.0
458.142618507,404.429047894,42.6526743866,0.0
390.434965534,96.1078716239,42.6526743866,0.0
@ 660 10 0.152538679451 0.261627483857
143.748856368,74.0700358952,41.2645944193,0.0
375.857363171,263.245365271,41.2645944193,0.0
323.844864388,328.937947778,41.2645944193,0.0
79.5163095752,140.792008778,41.2645944193,0.0
188.242068733,201.991360926,41.2645944193,0.0
274.28454631,125.901634203,41.2645944193,0.0
65.8108217874,248.587452259,41.2645944193,0.0
429.814840971,44.7497008116,41.2645944193,0.0
57.1652390074,346.441465446,41.2645944193,0.0
423.602953739,147.911218416,41.2645944193,0.0
470.271240926,335.994272854,41.2645944193,0.0
197.750187083,406.190454953,41.2645944193,0.0
@ 670 10 0.152538679451 0.244875869855
364.516730488,176.3519947,46.993065682,0.0
95.5180559688,361.610013962,46.993065682,0.0
123.920687517,164.753800155,46.993065682,0.0
372.561766659,393.73998706,46.993065682,0.0
270.945718764,429.485420963,46.993065682,0.0
463.602338667,110.658055621,46.993065682,0.0
296.268996383,76.2555502739,46.993065682,0.0
54.2506296099,90.1681512976,46.993065682,0.0
147.186735366,277.604395445,46.993065682,0.0
64.3350850119,455.467445046,46.993065682,0.0
265.753219564,242.562873721,46.993065682,0.0
447.344227116,280.081803142,46.993065682,0.0
@ 680 10 0.152538679451 0.317583832918
423.039778563,95.4463267228,45.6530739919,0.0
55.9901952795,212.611393107,45.6530739919,0.0
390.712350293,362.845181271,45.6530739919,0.0
150.289729287,420.924665661,45.6530739919,0.0
261.678189664,434.427772768,45.6530739919,0.0
147.511443101,152.648488628,45.6530739919,0.0
176.623818109,57.6464158851,45.6530739919,0.0
49.7110414587,422.572432951,45.6530739919,0.0
341.768346998,278.535516894,45.6530739919,0.0
102.481323138,305.342413836,45.6530739919,0.0
413.032732337,217.435988021,45.6530739919,0.0
396.020428806,455.824082018,45.6530739919,0.0
@ 690 10 0.152538679451 0.299730460549
208.924753738,149.514439755,43.9543378648,0.0
406.383191614,370.755043623,43.9543378648,0.0
383.537641495,200.017645644,43.9543378648,0.0
246.895116014,395.249861516,43.9543378648,0.0
331.468533033,437.546219512,43.9543378648,0.0
398.215384048,84.5190323556,43.9543378648,0.0
313.326485068,296.039304884,43.9543378648,0.0
294.29837813,57.7261275196,43.9543378648,0.0
101.744792232,127.519320934,43.9543378648,0.0
294.008565569,206.903933943,43.9543378648,0.0
103.258750193,333.294214401,43.9543378648,0.0
440.893988984,270.315475396,43.9543378648,0.0
@ 700 10 0.152538679451 0.277839708255
287.083042794,215.226329743,46.8390255649,0.0
123.891554328,439.59153238,46.8390255649,0.0
192.68885018,348.861568746,46.8390255649,0.0
396.506705048,456.085353191,46.8390255649,0.0
450.933517674,294.829127397,46.8390255649,0.0
81.0108461238,309.097049998,46.8390255649,0.0
379.489933865,71.346435162,46.8390255649,0.0
95.9468952705,134.767355289,46.8390255649,0.0
192.168517978,109.194872387,46.8390255649,0.0
280.262830872,56.4246199278,46.8390255649,0.0
434.871761055,168.076200722,46.8390255649,0.0
317.061001836,343.694166186,46.8390255649,0.0
@ 710 10 0.174216027875 0.315505208304
85.2570354036,452.14162112,41.1059021431,0.0
388.578481139,328.871210367,41.1059021431,0.0
321.631780397,382.734129149,41.1059021431,0.0
243.310206862,277.776106778,41.1059021431,0.0
100.935972536,184.473254538,41.1059021431,0.0
177.078560133,66.7934323369,41.1059021431,0.0
324.72541497,240.384715774,41.1059021431,0.0
52.5064891791,276.884612098,41.1059021431,0.0
238.488349527,158.372740298,41.1059021431,0.0
255.993735796,470.03304552,41.1059021431,0.0
467.885484642,430.015923027,41.1059021431,0.0
403.931606405,142.181630437,41.1059021431,0.0
@ 720 10 0.174216027875 0.242996041035
169.718565983,436.300403233,42.9826496984,0.0
49.1825744016,392.438037237,42.9826496984,0.0
468.034819995,432.553353106,42.9826496984,0.0
201.470938523,105.025989447,42.9826496984,0.0
339.409800718,204.159980659,42.9826496984,0.0
126.940295085,45.7734141502,42.9826496984,0.0
99.7404764442,297.906923909,42.9826496984,0.0
303.861120297,429.429752263,42.9826496984,0.0
283.444784585,275.236259653,42.9826496984,0.0
376.190160003,321.212916303,42.9826496984,0.0
201.946644555,313.624000738,42.9826496984,0.0
442.136870097,172.936323975,42.9826496984,0.0
@ 730 10 0.174216027875 0.265691217398
141.59623236,277.141199277,45.8788513104,0.0
389.835767745,296.719008648,45.8788513104,0.0
365.101615983,100.042538332,45.8788513104,0.0
176.046818297,154.733946969,45.8788513104,0.0
294.438419031,278.437847475,45.8788513104,0.0
189.056136996,399.411972476,45.8788513104,0.0
60.2529271814,225.725773829,45.8788513104,0.0
93.1801807929,434.486314195,45.8788513104,0.0
119.394371203,79.4010880373,45.8788513104,0.0
449.596302485,445.540564252,45.8788513104,0.0
312.687794859,436.441498322,45.8788513104,0.0
465.511396308,153.617491799,45.8788513104,0.0
@ 740 10 0.174216027875 0.302702425876
234.934235566,443.717690071,45.3757855854,0.0
90.7363336023,102.938561635,45.3757855854,0.0
290.395678961,355.849752139,45.3757855854,0.0
431.894992837,232.254863401,45.3757855854,0.0
258.039627506,232.736624302,45.3757855854,0.0
239.656505493,136.389193798,45.3757855854,0.0
433.271497585,125.687292843,45.3757855854,0.0
46.734091065,261.810752262,45.3757855854,0.0
444.182992515,339.022246091,45.3757855854,0.0
97.3048998097,412.2941997,45.3757855854,0.0
419.227330483,434.8052123,45.3757855854,0.0
348.060526668,269.387765619,45.3757855854,0.0
@ 750 10 0.174216027875 0.296100502184
277.69550031,75.7609769,48.8690009591,0.0
131.014254279,119.979544363,48.8690009591,0.0
395.176262895,322.563040075,48.8690009591,0.0
420.187827697,420.221435384,48.8690009591,0.0
255.391037202,331.013666646,48.8690009591,0.0
288.665185966,451.420998756,48.8690009591,0.0
271.508966994,179.596341922,48.8690009591,0.0
174.787871804,225.675255638,48.8690009591,0.0
399.85093796,192.731011497,48.8690009591,0.0
378.056037078,58.2865513394,48.8690009591,0.0
132.095842512,445.059838488,48.8690009591,0.0
76.6400645513,324.452439191,48.8690009591,0.0
@ 760 10 0.174216027875 0.343445437542
418.775896922,62.9673392934,46.6845312897,0.0
345.822490314,191.821429903,46.6845312897,0.0
138.923378258,431.731192345,46.6845312897,0.0
464.133131106,413.19060352,46.6845312897,0.0
298.563596375,339.853783104,46.6845312897,0.0
298.215667523,101.996898284,46.6845312897,0.0
191.638770603,146.85715765,46.6845312897,0.0
89.2339932738,90.1053486373,46.6845312897,0.0
464.605424149,174.592086247,46.6845312897,0.0
193.457373533,253.000058087,46.6845312897,0.0
340.012822494,442.505754508,46.6845312897,0.0
243.303025113,415.280269355,46.6845312897,0.0
@ 770 10 0.174216027875 0.313427310248
406.926517607,458.05564861,46.6137420519,0.0
286.302763257,171.281914348,46.6137420519,0.0
358.130035087,249.174354752,46.6137420519,0.0
68.3204856133,183.160819519,46.6137420519,0.0
442.514423637,67.0414639036,46.6137420519,0.0
81.7709515688,282.577202617,46.6137420519,0.0
285.09073083,70.4244378175,46.6137420519,0.0
299.902262248,402.27138299,46.6137420519,0.0
144.582066078,112.641395538,46.6137420519,0.0
60.0891344677,460.236738987,46.6137420519,0.0
181.611432966,280.088918786,46.6137420519,0.0
390.541005218,349.2887238,46.6137420519,0.0
@ 780 10 0.174216027875 0.312477511325
165.271475473,159.890184361,47.5798504014,0.0
435.65452045,428.352099186,47.5798504014,0.0
280.945718021,252.159448051,47.5798504014,0.0
420.891015531,56.0149286165,47.5798504014,0.0
341.131903917,347.502418029,47.5798504014,0.0
53.6868524947,50.634204371,47.5798504014,0.0
132.623590261,261.152479731,47.5798504014,0.0
335.672129114,112.2696368,47.5798504014,0.0
438.249328515,153.742370186,47.5798504014,0.0
82.531613908,369.205419941,47.5798504014,0.0
439.199792184,289.905380379,47.5798504014,0.0
153.895006621,456.497629661,47.5798504014,0.0
@ 790 10 0.174216027875 0.325564448762
167.6748056,439.022405283,43.5198679009,0.0
87.3501384522,325.29070746,43.5198679009,0.0
461.007997974,313.723995256,43.5198679009,0.0
229.253535031,48.3968263293,43.5198679009,0.0
294.127275631,292.804782466,43.5198679009,0.0
290.479029538,458.044080869,43.5198679009,0.0
280.601213172,163.978315437,43.5198679009,0.0
430.52525583,462.251216383,43.5198679009,0.0
420.987582104,141.164665323,43.5198679009,0.0
366.470346134,223.806025198,43.5198679009,0.0
82.4715262076,134.340985824,43.5198679009,0.0
174.50335445,264.831490595,43.5198679009,0.0
@ 800 10 0.174216027875 0.272374199482
274.010843147,225.500830536,53.3803281207,0.0
338.780858466,313.863598015,53.3803281207,0.0
96.5483662505,199.709518606,53.3803281207,0.0
233.531786458,351.054120142,53.3803281207,0.0
441.420771148,260.659766629,53.3803281207,0.0
327.180015177,54.7434191429,53.3803281207,0.0
450.809169015,88.9118262927,53.3803281207,0.0
454.579986559,374.845170943,53.3803281207,0.0
193.652577691,90.5330995238,53.3803281207,0.0
56.8221186165,319.961932159,53.3803281207,0.0
143.027809446,438.676725467,53.3803281207,0.0
62.1988499943,70.3903287893,53.3803281207,0.0
@ 810 10 0.203075137801 0.409782405925
63.7210779643,114.594490558,48.7951569205,0.0
169.456982967,211.518898977,48.7951569205,0.0
58.2648542422,232.818656641,48.7951569205,0.0
299.114671618,101.40708965,48.7951569205,0.0
198.399497391,321.570654033,48.7951569205,0.0
424.246026585,91.1950065735,48.7951569205,0.0
155.535159269,59.2626807373,48.7951569205,0.0
190.89617043,444.279869353,48.7951569205,0.0
458.547175052,294.296465401,48.7951569205,0.0
277.879724675,392.932641458,48.7951569205,0.0
52.983385956,427.67848967,48.7951569205,0.0
330.580656074,258.793006205,48.7951569205,0.0
@ 820 10 0.203075137801 0.34240828776
454.492739738,322.464509819,50.5758467546,0.0
281.801113944,443.441251552,50.5758467546,0.0
59.8753667353,54.5281524768,50.5758467546,0.0
405.025773756,445.489227932,50.5758467546,0.0
459.204977642,78.4652306777,50.5758467546,0.0
235.56866278,316.700038345,50.5758467546,0.0
146.981519298,446.509536508,50.5758467546,0.0
284.373730211,198.035003646,50.5758467546,0.0
92.3494841426,328.407758768,50.5758467546,0.0
208.366089662,127.47117368,50.5758467546,0.0
424.335396608,201.033731377,50.5758467546,0.0
324.76130787,74.1810923392,50.5758467546,0.0
@ 830 10 0.203075137801 0.367855416422
65.4478195847,197.986789314,49.4445951447,0.0
368.119395688,181.74002981,49.4445951447,0.0
229.005229744,247.495603204,49.4445951447,0.0
137.814722157,310.120818923,49.4445951447,0.0
162.961060819,415.61583521,49.4445951447,0.0
459.720544181,313.01249447,49.4445951447,0.0
267.850130472,135.567853378,49.4445951447,0.0
314.700550489,411.153747173,49.4445951447,0.0
162.32979585,148.58775827,49.4445951447,0.0
414.105305012,412.13623505,49.4445951447,0.0
62.0960174565,434.45067007,49.4445951447,0.0
436.385941595,89.3585368685,49.4445951447,0.0
@ 840 10 0.203075137801 0.351583496092
207.00228282,56.176527068,47.0482106493,0.0
309.331777478,443.92104052,47.0482106493,0.0
311.54118461,92.8955939235,47.0482106493,0.0
426.222218628,129.281343894,47.0482106493,0.0
294.903497802,192.569869407,47.0482106493,0.0
455.037652727,323.860201001,47.0482106493,0.0
105.008307125,463.417867921,47.0482106493,0.0
102.179243576,78.5744503297,47.0482106493,0.0
183.52389344,167.036296488,47.0482106493,0.0
295.349822411,328.861155211,47.0482106493,0.0
69.9558956893,210.806027912,47.0482106493,0.0
105.876488594,322.38584882,47.0482106493,0.0
@ 850 10 0.203075137801 0.318329620638
196.282388764,52.1830888632,47.806922637,0.0
216.247513637,458.691733547,47.806922637,0.0
351.210614719,122.195338835,47.806922637,0.0
67.6772547788,444.116578754,47.806922637,0.0
406.436656617,213.158963811,47.806922637,0.0
414.494120198,323.773934976,47.806922637,0.0
72.2237077283,89.5665708729,47.806922637,0.0
254.168348202,287.742471012,47.806922637,0.0
285.87433875,388.041958049,47.806922637,0.0
153.162461232,316.443471227,47.806922637,0.0
226.359591586,159.600831888,47.806922637,0.0
59.057179006,204.361393529,47.806922637,0.0
@ 860 10 0.203075137801 0.32867934097
309.98078535,241.74410025,43.4060505432,0.0
239.088851693,58.8509325415,43.4060505432,0.0
454.778073564,285.949994766,43.4060505432,0.0
264.552185371,465.274469024,43.4060505432,0.0
51.2320562357,357.754519727,43.4060505432,0.0
403.330734054,112.372662342,43.4060505432,0.0
431.566577118,397.818270048,43.4060505432,0.0
90.2536310455,157.454130409,43.4060505432,0.0
201.151844448,386.391006022,43.4060505432,0.0
294.332618208,360.918463901,43.4060505432,0.0
151.82180355,271.854375242,43.4060505432,0.0
228.060800655,186.529893987,43.4060505432,0.0
@ 870 10 0.203075137801 0.270951383886
239.896858576,135.7952419,48.2530711047,0.0
418.08560799,53.8814390292,48.2530711047,0.0
166.988408626,63.4793195239,48.2530711047,0.0
49.6565667652,56.5688897903,48.2530711047,0.0
316.206955426,225.036011589,48.2530711047,0.0
364.659662031,448.721277309,48.2530711047,0.0
227.456510879,458.681401012,48.2530711047,0.0
64.021305867,314.012040273,48.2530711047,0.0
112.610506197,146.00628943,48.2530711047,0.0
201.76152733,343.661201886,48.2530711047,0.0
192.668148481,220.991198958,48.2530711047,0.0
97.9503713136,441.180120029,48.2530711047,0.0
@ 880 10 0.203075137801 0.33484263362
258.667973009,61.144771092,54.6660949159,0.0
442.575423179,240.888957205,54.6660949159,0.0
218.264146264,455.025992225,54.6660949159,0.0
170.943303867,255.270889043,54.6660949159,0.0
281.561604316,228.898818947,54.6660949159,0.0
448.845282423,72.6440993069,54.6660949159,0.0
63.6617139634,232.759715588,54.6660949159,0.0
455.235579897,364.903395836,54.6660949159,0.0
105.227569707,455.742610431,54.6660949159,0.0
92.9205316147,340.86707728,54.6660949159,0.0
131.736602822,76.5555058001,54.6660949159,0.0
327.174704879,353.512396602,54.6660949159,0.0
@ 890 10 0.203075137801 0.429760931305
307.796456101,290.174962028,46.6883851972,0.0
196.39242489,442.43158619,46.6883851972,0.0
163.360703593,227.773171436,46.6883851972,0.0
46.7100184506,286.921993809,46.6883851972,0.0
456.451232831,229.310149649,46.6883851972,0.0
407.924927606,324.303498677,46.6883851972,0.0
343.405095602,133.760599533,46.6883851972,0.0
445.24760734,436.252793925,46.6883851972,0.0
216.80390816,78.7546663841,46.6883851972,0.0
119.96847878,130.788731123,46.6883851972,0.0
201.954024669,326.75267294,46.6883851972,0.0
53.8164059609,457.495228537,46.6883851972,0.0
@ 900 10 0.203075137801 0.313479060569
251.435146552,164.75315057,49.5405355246,0.0
69.1934328858,322.494572059,49.5405355246,0.0
104.620956094,176.512748316,49.5405355246,0.0
122.894812662,410.846685555,49.5405355246,0.0
429.966455916,429.460953869,49.5405355246,0.0
246.294630371,53.5338669343,49.5405355246,0.0
412.509687106,327.41310848,49.5405355246,0.0
287.973514351,349.785046802,49.5405355246,0.0
344.711529501,250.6722076,49.5405355246,0.0
189.209945614,303.778477509,49.5405355246,0.0
250.843548961,447.820519465,49.5405355246,0.0
458.812171245,114.194973496,49.5405355246,0.0
@ 910 10 0.243393602225 0.352949217838
352.913316967,73.9401469934,50.9222827514,0.0
244.816156071,437.284362002,50.9222827514,0.0
253.931194625,327.323161848,50.9222827514,0.0
159.259407355,60.1888749667,50.9222827514,0.0
366.449163542,450.018172372,50.9222827514,0.0
91.0273200599,266.327869327,50.9222827514,0.0
163.776311071,375.120444717,50.9222827514,0.0
442.299754839,346.840707511,50.9222827514,0.0
456.635172705,68.43949945,50.9222827514,0.0
52.0758687155,424.22984048,50.9222827514,0.0
396.918126229,251.153416023,50.9222827514,0.0
72.7967014261,159.393947244,50.9222827514,0.0
@ 920 10 0.243393602225 0.372912171046
323.303775749,60.51869011,47.953138144,0.0
294.426055894,455.919843071,47.953138144,0.0
182.21668468,270.629705617,47.953138144,0.0
84.7040798405,399.836776916,47.953138144,0.0
395.132601939,141.203720168,47.953138144,0.0
190.789608351,441.296021529,47.953138144,0.0
451.170254025,457.063201232,47.953138144,0.0
420.19342464,305.749091564,47.953138144,0.0
83.1034230055,269.091349015,47.953138144,0.0
289.024383982,358.10207816,47.953138144,0.0
189.731474234,109.085135794,47.953138144,0.0
100.199778239,60.1849590065,47.953138144,0.0
@ 930 10 0.243393602225 0.33069291999
285.604815323,170.127052567,50.6139560954,0.0
174.896669508,447.320152018,50.6139560954,0.0
422.890178752,60.4372843485,50.6139560954,0.0
308.133266271,51.2065037838,50.6139560954,0.0
93.7762085704,97.1786127385,50.6139560954,0.0
52.0518218359,417.003308661,50.6139560954,0.0
387.6289531,172.851110065,50.6139560954,0.0
138.486396916,302.005772393,50.6139560954,0.0
239.586812942,289.639627936,50.6139560954,0.0
460.436242768,290.171828596,50.6139560954,0.0
431.604194476,457.067471345,50.6139560954,0.0
305.260071524,459.316605494,50.6139560954,0.0
@ 940 10 0.243393602225 0.368409989798
55.0987402678,333.228863375,49.0316264754,0.0
161.457826685,161.495194752,49.0316264754,0.0
295.053445645,210.790691119,49.0316264754,0.0
426.289321309,83.3985340205,49.0316264754,0.0
251.589950418,453.477256505,49.0316264754,0.0
192.363255171,357.47196269,49.0316264754,0.0
360.086880209,435.027498241,49.0316264754,0.0
78.590240826,444.830342484,49.0316264754,0.0
49.147956946,87.7923131661,49.0316264754,0.0
293.521240065,337.899961227,49.0316264754,0.0
453.082571571,279.369714969,49.0316264754,0.0
202.758110361,63.6030030112,49.0316264754,0.0
@ 950 10 0.243393602225 0.345735065889
117.908056091,52.0295691971,48.1756902186,0.0
296.803585151,73.8466732406,48.1756902186,0.0
323.785145664,189.991284859,48.1756902186,0.0
329.850725624,421.668873345,48.1756902186,0.0
170.012387444,137.743443752,48.1756902186,0.0
253.86249107,313.017576225,48.1756902186,0.0
107.711381812,399.805339809,48.1756902186,0.0
55.7950178524,212.28254789,48.1756902186,0.0
203.035702073,462.313388327,48.1756902186,0.0
413.345652679,51.331752506,48.1756902186,0.0
443.186417717,158.955823755,48.1756902186,0.0
391.754867589,290.970700243,48.1756902186,0.0
@ 960 10 0.243393602225 0.333769556052
325.993677797,319.372218495,54.027612222,0.0
457.10016154,328.004346659,54.027612222,0.0
421.488309788,63.8142604858,54.027612222,0.0
312.271030584,171.023577511,54.027612222,0.0
381.61215569,418.50424462,54.027612222,0.0
233.925965919,257.19699434,54.027612222,0.0
232.917572842,444.147782101,54.027612222,0.0
108.832502505,325.625495995,54.027612222,0.0
456.659545547,197.841566314,54.027612222,0.0
189.078417964,126.280708682,54.027612222,0.0
91.3408600689,452.13386283,54.027612222,0.0
100.675801264,57.742848153,54.027612222,0.0
@ 970 10 0.243393602225 0.419780613718
149.893600368,51.7057197631,47.670992787,0.0
252.287344985,213.298285981,47.670992787,0.0
269.046886698,58.5754225961,47.670992787,0.0
330.861598718,271.196972003,47.670992787,0.0
189.78574354,446.712923237,47.670992787,0.0
166.957154937,317.52135722,47.670992787,0.0
363.771030024,94.7761929193,47.670992787,0.0
424.120985855,345.099029605,47.670992787,0.0
65.8319055053,339.083582186,47.670992787,0.0
313.95070789,439.521986313,47.670992787,0.0
116.238053022,215.333702733,47.670992787,0.0
57.3488543082,103.804261471,47.670992787,0.0
@ 980 10 0.243393602225 0.326812924338
146.576919349,458.463593669,52.2348308639,0.0
246.493857733,369.327283668,52.2348308639,0.0
438.142410725,450.464884992,52.2348308639,0.0
210.199533114,182.216216829,52.2348308639,0.0
338.09233462,126.481450469,52.2348308639,0.0
255.975616544,58.1966807359,52.2348308639,0.0
285.917703632,267.314514841,52.2348308639,0.0
73.2677205829,85.0909069755,52.2348308639,0.0
455.935237231,149.834392242,52.2348308639,0.0
322.929026283,443.146067061,52.2348308639,0.0
425.941655696,328.112654668,52.2348308639,0.0
83.2570324453,237.753262661,52.2348308639,0.0
@ 990 10 0.243393602225 0.392383932642
443.996068088,264.732872158,45.1901406288,0.0
350.972071534,332.685244273,45.1901406288,0.0
118.831749922,51.213702603,45.1901406288,0.0
48.6625810696,163.725002697,45.1901406288,0.0
182.818491552,230.990971201,45.1901406288,0.0
261.982022649,293.647351207,45.1901406288,0.0
390.663634973,87.5373971894,45.1901406288,0.0
416.074997739,422.179956478,45.1901406288,0.0
379.442953816,197.488169937,45.1901406288,0.0
269.923875351,113.776573391,45.1901406288,0.0
58.7935559831,443.582141605,45.1901406288,0.0
165.006109469,465.600567661,45.1901406288,0.0
@ 1000 10 0.243393602225 0.293682599495
441.775192768,119.116980302,48.4108032366,0.0
213.09095641,48.5631964963,48.4108032366,0.0
353.250591917,423.727331611,48.4108032366,0.0
147.528545959,370.749816719,48.4108032366,0.0
451.126299624,420.234597637,48.4108032366,0.0
255.266171696,284.152732112,48.4108032366,0.0
49.6894334456,459.923770295,48.4108032366,0.0
117.406637004,95.9495874709,48.4108032366,0.0
227.088670492,189.551210892,48.4108032366,0.0
339.023975571,79.8807605209,48.4108032366,0.0
223.569964626,430.74098024,48.4108032366,0.0
442.963321316,258.570036026,48.4108032366,0.0
@ 1010 10 0.303687635575 0.337035313347
435.368391274,86.9931923529,51.3988374647,0.0
274.141607977,111.461117533,51.3988374647,0.0
282.966332876,441.474146532,51.3988374647,0.0
176.075195029,437.198853998,51.3988374647,0.0
123.035729052,246.506440992,51.3988374647,0.0
85.4962416182,387.763642152,51.3988374647,0.0
414.578779803,431.349619555,51.3988374647,0.0
74.4791380041,142.974871716,51.3988374647,0.0
171.638669302,93.6512938767,51.3988374647,0.0
352.766263408,183.151152455,51.3988374647,0.0
377.099233547,324.867195047,51.3988374647,0.0
225.699676338,309.506980893,51.3988374647,0.0
@ 1020 10 0.303687635575 0.379924606637
377.910675715,196.487366271,50.7682247785,0.0
160.891974292,330.772620823,50.7682247785,0.0
256.338033019,143.070383419,50.7682247785,0.0
337.268246204,71.8754899431,50.7682247785,0.0
150.051980081,138.238313251,50.7682247785,0.0
108.200960231,430.630677136,50.7682247785,0.0
66.1604188338,266.955409009,50.7682247785,0.0
289.011565255,275.801583694,50.7682247785,0.0
450.653019541,334.068527602,50.7682247785,0.0
437.340566022,459.678878308,50.7682247785,0.0
250.446973938,442.983862366,50.7682247785,0.0
460.06373304,89.9701702994,50.7682247785,0.0
@ 1030 10 0.303687635575 0.370659200968
432.954675884,239.534600279,52.155888101,0.0
119.135778196,418.3988188,52.155888101,0.0
456.932400214,397.888551,52.155888101,0.0
301.768158462,443.495768354,52.155888101,0.0
130.916275468,178.280698182,52.155888101,0.0
54.3900342447,282.539492883,52.155888101,0.0
202.33751733,308.4117148,52.155888101,0.0
319.68748282,286.557503202,52.155888101,0.0
69.738803876,63.4853711775,52.155888101,0.0
240.604534385,63.8253191286,52.155888101,0.0
232.572810051,204.112089168,52.155888101,0.0
363.707904825,81.4783267127,52.155888101,0.0
@ 1040 10 0.303687635575 0.391198805237
77.2866785709,441.584088635,49.4167481834,0.0
101.674556427,197.158316195,49.4167481834,0.0
240.564682958,95.4877956632,49.4167481834,0.0
448.51791327,330.815503497,49.4167481834,0.0
286.083331139,389.686299844,49.4167481834,0.0
206.350366789,246.743149204,49.4167481834,0.0
339.242487327,53.7865555363,49.4167481834,0.0
295.005433331,190.173266788,49.4167481834,0.0
417.772265204,425.167038784,49.4167481834,0.0
449.065257195,136.258283626,49.4167481834,0.0
149.938596493,362.951611235,49.4167481834,0.0
407.712975164,237.774235676,49.4167481834,0.0
@ 1050 10 0.303687635575 0.351187587299
347.520561951,59.578196136,50.9326928517,0.0
198.523224119,89.3743926818,50.9326928517,0.0
304.746579377,335.987071948,50.9326928517,0.0
54.9653050384,296.383998071,50.9326928517,0.0
459.889152542,443.845565746,50.9326928517,0.0
183.360381666,325.882756783,50.9326928517,0.0
250.467497426,452.73279144,50.9326928517,0.0
430.920113443,329.015686604,50.9326928517,0.0
290.081303927,147.507253639,50.9326928517,0.0
89.2155326783,52.3615260755,50.9326928517,0.0
120.393221991,183.000779866,50.9326928517,0.0
396.446117541,176.667288244,50.9326928517,0.0
@ 1060 10 0.303687635575 0.373064656351
261.629815503,425.974754103,51.7259933236,0.0
185.70166564,214.467134068,51.7259933236,0.0
314.418543897,197.522907507,51.7259933236,0.0
433.605010789,424.284913353,51.7259933236,0.0
437.293902308,60.3348804848,51.7259933236,0.0
80.9645315428,118.603653722,51.7259933236,0.0
333.731514006,336.538644023,51.7259933236,0.0
191.581117796,68.0399838778,51.7259933236,0.0
79.8467809989,286.981170293,51.7259933236,0.0
215.034885169,331.988716476,51.7259933236,0.0
440.99477414,165.329719182,51.7259933236,0.0
331.494814388,81.6410681358,51.7259933236,0.0
@ 1070 10 0.303687635575 0.384776472451
174.50447041,70.7802832009,52.3944880766,0.0
308.321395492,424.185600332,52.3944880766,0.0
217.271593071,169.163629929,52.3944880766,0.0
458.123392437,457.767630873,52.3944880766,0.0
153.094820052,423.899851519,52.3944880766,0.0
53.6372948355,380.922386505,52.3944880766,0.0
54.2883835709,255.145062821,52.3944880766,0.0
391.515157742,354.511863439,52.3944880766,0.0
348.970123445,198.408656177,52.3944880766,0.0
442.488004182,246.937628009,52.3944880766,0.0
60.3433142028,83.0123686384,52.3944880766,0.0
388.77008805,100.927733795,52.3944880766,0.0
@ 1080 10 0.303687635575 0.394786263232
