10 12 0.0873362445415 0.218631958489 0.0326852864669 131.98810307 2 0.1 0.48212 0.408794788274 172.431698735 50 0.316196322547
20 12 0.0873362445415 0.253051987901 0.0462920475564 43.0511349821 2 0.1 0.39188 0.310664605873 148.977608564 50 0.324313788749
30 12 0.0873362445415 0.267214279798 0.0413223916798 44.7684326186 2 0.1 0.45157 0.354409317804 141.081831512 50 0.324313788749
40 12 0.0873362445415 0.306372514898 0.0349110204752 30.4329359417 2 0.1 0.3697 0.347039473684 123.049810824 50 0.324313788749
50 12 0.0873362445415 0.268537294661 0.0469459620188 50.4001135228 2 0.1 0.42712 0.398104265403 140.386757257 50 0.324313788749
60 12 0.0873362445415 0.224488622325 0.0623493043812 54.5502424285 2 0.1 0.39327 0.398791540785 167.933143379 50 0.405910543518
70 12 0.0873362445415 0.233093765773 0.0307737808944 53.6705060519 2 0.1 0.43239 0.471036585366 161.73354047 50 0.405910543518
80 12 0.0873362445415 0.266205527958 0.0446865394221 34.7417180657 2 0.1 0.39058 0.404444444444 141.616443089 50 0.405910543518
90 12 0.0873362445415 0.191222979174 0.0455116052915 58.4052770662 2 0.1 0.43726 0.406995230525 197.147226567 50 0.405910543518
100 12 0.0873362445415 0.230104152549 0.0447991974159 40.6987216038 2 0.1 0.41186 0.370247933884 163.834852967 50 0.405910543518
110 12 0.0940354648039 0.277013659768 0.0288848234431 31.0903742848 2 0.1 0.40696 0.364516129032 136.091050642 0 0.405910543518
120 12 0.0940354648039 0.217004252494 0.025498707268 49.3497012471 2 0.1 0.37518 0.365733113674 173.725074817 0 0.405910543518
130 12 0.0940354648039 0.322797593188 0.0386414391615 26.4121206085 2 0.1 0.42083 0.462992125984 116.788603123 0 0.405910543518
140 12 0.0940354648039 0.19522570024 0.0408916261584 54.378590325 2 0.1 0.37386 0.394136807818 193.105108362 0 0.405910543518
150 12 0.0940354648039 0.222531479027 0.0378385658725 32.7226704179 2 0.1 0.40631 0.402420574887 169.410099482 0 0.405910543518
160 12 0.0940354648039 0.237029576423 0.0531364488348 38.2879462305 2 0.1 0.37448 0.405705229794 159.047999701 0 0.405910543518
170 12 0.0940354648039 0.191779137353 0.0372744435842 65.3286751773 2 0.1 0.42108 0.403594771242 196.575500966 0 0.405910543518
180 12 0.0940354648039 0.298040686936 0.0391433123416 41.6713494927 2 0.1 0.40394 0.377633711507 126.489709803 0 0.405910543518
190 12 0.0940354648039 0.240189788191 0.0280785404587 28.8327069983 2 0.1 0.34848 0.386023294509 156.955382175 0 0.405910543518
200 12 0.0940354648039 0.247809247945 0.0296979193321 31.7269411767 2 0.1 0.40247 0.420382165605 152.129431459 0 0.405910543518
210 12 0.101847810272 0.259600478863 0.0239521107844 33.6183730059 2 0.1 0.35686 0.333333333333 145.219608859 0 0.405910543518
220 12 0.101847810272 0.219647935292 0.0325826079424 42.6614568693 2 0.1 0.40593 0.4032 171.634119619 0 0.405910543518
230 12 0.101847810272 0.302169979564 0.0291421845143 23.4947728987 2 0.1 0.37993 0.366883116883 124.761169374 0 0.405910543518
240 12 0.101847810272 0.233805296204 0.0631045971143 44.1023817026 2 0.1 0.42365 0.425665101721 161.241343169 0 0.405910543518
250 12 0.101847810272 0.249375920844 0.0353694524303 52.0181416895 2 0.1 0.38597 0.405448717949 151.173697414 0 0.405910543518
260 12 0.101847810272 0.129854662478 0.0681701294307 70.8459347169 2 0.1 0.42511 0.366929133858 290.3174925 0 0.405910543518
270 12 0.101847810272 0.281077567694 0.0339629436658 40.954730646 2 0.1 0.40509 0.387987012987 134.123403405 0 0.405910543518
280 12 0.101847810272 0.217039519025 0.040152286956 55.3959259881 2 0.1 0.35878 0.414826498423 173.696846406 0 0.405910543518
290 12 0.101847810272 0.206305040207 0.0417597835119 59.8088353862 2 0.1 0.40495 0.421746293245 182.734653318 0 0.405910543518
300 12 0.101847810272 0.289870018974 0.0274611763474 29.2180388274 2 0.1 0.36234 0.338632750397 130.055119648 0 0.405910543518
310 12 0.111075848937 0.303196956159 0.062640992811 37.4127644347 2 0.1 0.44073 0.441971383148 124.338583334 0 0.405910543518
320 12 0.111075848937 0.237046071024 0.0442701732795 30.820483324 2 0.1 0.36928 0.370662460568 159.036932514 0 0.405910543518
330 12 0.111075848937 0.256664742902 0.0298275701156 23.7556865525 2 0.1 0.42524 0.4304 146.880633365 0 0.405910543518
340 12 0.111075848937 0.255809327827 0.0209467228925 30.3780809109 2 0.1 0.40999 0.400313971743 147.371795705 0 0.405910543518
350 12 0.111075848937 0.317694655311 0.0465299407377 19.1182747672 2 0.1 0.39295 0.424437299035 118.664508105 0 0.405910543518
360 12 0.111075848937 0.188077315906 0.0396990812489 34.8218484632 2 0.1 0.41016 0.358490566038 200.444587474 0 0.405910543518
370 12 0.111075848937 0.251838863856 0.0372404000472 26.8579914908 2 0.1 0.36005 0.322950819672 149.695243311 0 0.405910543518
380 12 0.111075848937 0.260839626994 0.0455024011518 37.5880974661 2 0.1 0.40306 0.40325203252 144.529726693 0 0.405910543518
390 12 0.111075848937 0.220866711562 0.0305712727137 29.2035176395 2 0.1 0.3905 0.405990016639 170.687016316 0 0.405910543518
400 12 0.111075848937 0.30007924086 0.0331614209018 33.9146874173 2 0.1 0.39924 0.328333333333 125.630416459 0 0.405910543518
410 12 0.122142732507 0.257346231263 0.0465891464756 43.2830721841 2 0.1 0.42409 0.352657004831 146.491673164 0 0.405910543518
420 12 0.122142732507 0.226824142893 0.0311220857448 45.5189284758 2 0.1 0.4488 0.44 166.204000682 0 0.405910543518
430 12 0.122142732507 0.285876184324 0.022437923605 35.4656778949 2 0.1 0.3751 0.338607594937 131.872055342 0 0.405910543518
440 12 0.122142732507 0.260779878752 0.0400075674022 37.5902946947 2 0.1 0.43452 0.425806451613 144.562840432 0 0.405910543518
450 12 0.122142732507 0.241571111447 0.0476770620259 22.9188964807 2 0.1 0.38639 0.367549668874 156.057898539 0 0.405910543518
460 12 0.122142732507 0.328050214659 0.0517794187173 27.6089112225 2 0.1 0.41267 0.391304347826 114.918626221 0 0.416927290698
470 12 0.122142732507 0.231351790815 0.0505022313506 41.5588618939 2 0.1 0.41049 0.456112852665 162.951321307 0 0.416927290698
480 12 0.122142732507 0.251464948976 0.0480837800046 43.3331066815 2 0.1 0.37046 0.394409937888 149.917832102 0 0.416927290698
490 12 0.122142732507 0.332704160853 0.0429877516132 29.1044959051 2 0.1 0.40825 0.439324116743 113.311116709 0 0.416927290698
500 12 0.122142732507 0.263464945591 0.0235563868558 39.7895428962 2 0.1 0.36544 0.3864013267 143.089548082 0 0.416927290698
510 12 0.135658914729 0.290599271676 0.0342916013597 25.7780747106 2 0.1 0.36986 0.397763578275 129.728749087 0 0.416927290698
520 12 0.135658914729 0.314771086002 0.0338874209796 39.6749011343 2 0.1 0.40942 0.4265625 119.766654806 0 0.416927290698
530 12 0.135658914729 0.24490409513 0.0357626728302 50.4385931976 2 0.1 0.36417 0.413953488372 153.934053164 0 0.416927290698
540 12 0.135658914729 0.34567080344 0.0415255984791 24.1068185778 2 0.1 0.38831 0.355737704918 109.060642741 0 0.416927290698
550 12 0.135658914729 0.348337872893 0.041209474816 28.4356738838 2 0.1 0.44245 0.390599675851 108.225613502 0 0.416927290698
560 12 0.135658914729 0.305726484992 0.042066256767 36.6093530271 2 0.1 0.36639 0.379146919431 123.309827086 0 0.416927290698
570 12 0.135658914729 0.247228406732 0.0434883230517 43.8642692891 2 0.1 0.43656 0.431818181818 152.486846064 0 0.416927290698
580 12 0.135658914729 0.358291595196 0.040435339612 32.4798351099 2 0.1 0.40112 0.420245398773 105.218990636 0 0.416927290698
590 12 0.135658914729 0.227910730472 0.0302070988802 61.9299449517 2 0.1 0.37985 0.395569620253 165.411606211 0 0.416927290698
600 12 0.135658914729 0.323991490747 0.025184001235 26.2121188695 2 0.1 0.39578 0.424960505529 116.358241116 0 0.416927290698
610 12 0.152538679451 0.28250652165 0.0257502203149 30.5718015161 2 0.1 0.39927 0.397976391231 133.444990154 0 0.416927290698
620 12 0.152538679451 0.269838367721 0.0375713697577 38.0215068712 2 0.1 0.43657 0.42921686747 139.709857862 0 0.416927290698
630 12 0.152538679451 0.293927467894 0.044106807967 28.7661690215 2 0.1 0.39319 0.3934169279 128.259805966 0 0.416927290698
640 12 0.152538679451 0.255498710004 0.0428425517861 42.2764329863 2 0.1 0.4369 0.46455505279 147.550960235 0 0.416927290698
650 12 0.152538679451 0.325917524597 0.0446805329095 43.2117863265 2 0.1 0.39624 0.355140186916 115.670613437 0 0.416927290698
660 12 0.152538679451 0.339972087759 0.0416049218502 38.9734870428 2 0.1 0.42773 0.383986928105 110.888750452 0 0.416927290698
670 12 0.152538679451 0.357042068332 0.0487123397668 38.134100377 2 0.1 0.38184 0.417322834646 105.587221629 0 0.450031903291
680 12 0.152538679451 0.303133762495 0.0472947733798 38.7599051454 2 0.1 0.44259 0.451664025357 124.36450394 0 0.450031903291
690 12 0.152538679451 0.300626828448 0.0211659588054 37.6437640458 2 0.1 0.40341 0.449013157895 125.401582402 0 0.450031903291
700 12 0.152538679451 0.222150880307 0.0260834625797 41.9909442884 2 0.1 0.40309 0.430485762144 169.700340363 0 0.450031903291
710 12 0.174216027875 0.314907811488 0.0372918478587 32.9771664693 2 0.1 0.38737 0.379018612521 119.714654971 0 0.450031903291
720 12 0.174216027875 0.383245828104 0.0519882079022 33.0959941229 2 0.1 0.40653 0.408496732026 98.3678809668 0 0.450031903291
730 12 0.174216027875 0.327721764298 0.0396553329611 36.5046154786 2 0.1 0.36371 0.329489291598 115.033800336 0 0.450031903291
740 12 0.174216027875 0.288343993307 0.0315166296521 25.2312197223 2 0.1 0.41499 0.399038461538 130.743420619 0 0.450031903291
750 12 0.174216027875 0.240506484119 0.035501142248 51.9028155096 2 0.1 0.37605 0.411856474259 156.748705292 0 0.450031903291
760 12 0.174216027875 0.290620126765 0.0312245935851 42.4778123539 2 0.1 0.40507 0.410714285714 129.719439667 0 0.450031903291
770 12 0.174216027875 0.336175083723 0.0397178275059 21.6606906013 2 0.1 0.33494 0.294214876033 112.141208035 0 0.450031903291
780 12 0.174216027875 0.26009926672 0.0580089598541 46.1021894335 2 0.1 0.37347 0.345 144.941123731 0 0.473686241926
790 12 0.174216027875 0.347039897506 0.0474839407011 30.3874828229 2 0.1 0.42918 0.406940063091 108.630391695 0 0.473686241926
800 12 0.174216027875 0.261453895173 0.0299249557003 38.7236013531 2 0.1 0.40718 0.40487804878 144.19016391 0 0.473686241926
810 12 0.203075137801 0.303159761452 0.037272142454 47.4940587021 2 0.1 0.39339 0.36850921273 124.35383845 0 0.473686241926
820 12 0.203075137801 0.33101946271 0.0306200241955 32.8396068962 2 0.1 0.43339 0.434782608696 113.887804939 0 0.473686241926
830 12 0.203075137801 0.423030084675 0.0467723947618 22.5038705617 2 0.1 0.40197 0.390048154093 89.1167823891 0 0.473686241926
840 12 0.203075137801 0.335980544747 0.0311722614908 35.1148608322 2 0.1 0.35457 0.388157894737 112.206139877 0 0.473686241926
850 12 0.203075137801 0.320506856091 0.0372908141046 36.2022524564 2 0.1 0.41319 0.423263327948 117.623318452 0 0.473686241926
860 12 0.203075137801 0.355662555303 0.0285985563051 24.0673957642 2 0.1 0.35588 0.395833333333 105.996764174 0 0.473686241926
870 12 0.203075137801 0.279589106444 0.0380976686168 43.6878546244 2 0.1 0.38619 0.394136807818 134.837442272 0 0.473686241926
880 12 0.203075137801 0.389870680192 0.0398984695488 19.5348705767 2 0.1 0.45802 0.444444444444 96.6963711695 0 0.473686241926
890 12 0.203075137801 0.308285169333 0.0500358346824 28.3283571093 2 0.1 0.40195 0.403726708075 122.286388546 0 0.473686241926
900 12 0.203075137801 0.3079015615 0.0392235416009 33.9444649613 2 0.1 0.37366 0.398763523957 122.438742487 0 0.473686241926
910 12 0.243393602225 0.385678913211 0.019798624698 15.2494095607 2 0.1 0.39302 0.36231884058 97.7473196191 0 0.473686241926
920 12 0.243393602225 0.366271318434 0.0304381825673 22.1554652906 2 0.1 0.44168 0.430420711974 102.926650553 0 0.473686241926
930 12 0.243393602225 0.399139541444 0.044761831781 24.2580596836 2 0.1 0.3834 0.37784522003 94.4508776646 0 0.473686241926
940 12 0.243393602225 0.327570753206 0.0299157374746 29.3388205993 2 0.1 0.4205 0.431343283582 115.08683126 0 0.473686241926
950 12 0.243393602225 0.437503313084 0.0431899814503 21.5445882841 2 0.1 0.40348 0.370820668693 86.1686731794 0 0.473686241926
960 12 0.243393602225 0.258139833489 0.0432765185841 29.3007899396 2 0.1 0.40486 0.453834115806 146.041312146 0 0.473686241926
970 12 0.243393602225 0.375342477671 0.0272288290918 22.8764107777 2 0.1 0.33624 0.377633711507 100.439151555 0 0.473686241926
980 12 0.243393602225 0.314010437212 0.0564458075407 47.9530932142 2 0.1 0.35858 0.391517128874 120.056773701 0 0.473686241926
990 12 0.243393602225 0.324799920098 0.0311155599591 27.9629520411 2 0.1 0.43873 0.46686746988 116.068624612 0 0.473686241926
1000 12 0.243393602225 0.402465386812 0.0406139440942 24.754272963 2 0.1 0.40454 0.440758293839 93.6703657888 0 0.473686241926
1010 12 0.303687635575 0.367199418931 0.0239738550092 35.2072883785 2 0.1 0.35962 0.300970873786 102.666502332 10 0.476876095291
1020 12 0.303687635575 0.399518623221 0.0230430447084 13.7038492092 2 0.1 0.42956 0.370139968896 94.3612582965 10 0.476876095291
1030 12 0.303687635575 0.409166873036 0.0389917034499 29.1376249763 2 0.1 0.37754 0.38996763754 92.136197929 10 0.476876095291
1040 12 0.303687635575 0.388621546079 0.0228344913285 23.192819641 2 0.1 0.4246 0.406906906907 97.0071792991 10 0.476876095291
1050 12 0.303687635575 0.391148823508 0.0278197074582 29.5633898977 2 0.1 0.40313 0.431818181818 96.380399823 10 0.476876095291
1060 12 0.303687635575 0.373217339226 0.0353210486173 23.6989802279 2 0.1 0.40009 0.427230046948 101.011062557 10 0.476876095291
1070 12 0.303687635575 0.309388286633 0.0501441174081 26.850724123 2 0.1 0.35091 0.368421052632 121.850379051 10 0.476876095291
1080 12 0.303687635575 0.426910600554 0.0382765949694 17.0399350266 2 0.1 0.36876 0.369426751592 88.3067320209 10 0.476876095291
1090 12 0.303687635575 0.421375924697 0.0422854898921 26.2366162639 2 0.1 0.41741 0.459866220736 89.466620636 10 0.476876095291
1100 12 0.303687635575 0.347096562841 0.0176197690842 20.5457502355 2 0.1 0.3814 0.375415282392 108.612657214 10 0.476876095291
1110 12 0.40369088812 0.420618673222 0.0404191058316 25.6191309393 2 0.1 0.44815 0.402662229617 89.627689877 0 0.489867001858
1120 12 0.40369088812 0.400631806416 0.0322309910853 24.8336815336 2 0.1 0.36453 0.337328767123 94.099069011 0 0.501995568093
1130 12 0.40369088812 0.392155115623 0.0463456126659 28.0800873313 2 0.1 0.41994 0.390082644628 96.1330822885 0 0.501995568093
1140 12 0.40369088812 0.416401661148 0.0363464063662 26.50240896 2 0.1 0.37798 0.412225705329 90.5353736968 0 0.501995568093
1150 12 0.40369088812 0.474540083478 0.0254980462607 23.1497013008 2 0.1 0.40877 0.355481727575 79.4434049146 0 0.501995568093
1160 12 0.40369088812 0.447461295682 0.0500304600482 15.2639448902 2 0.1 0.35594 0.403755868545 84.2510410705 0 0.533603111206
1170 12 0.40369088812 0.356795866754 0.0391365956928 28.7898602962 2 0.1 0.42618 0.38808373591 105.660080491 0 0.533603111206
1180 12 0.40369088812 0.363544337524 0.0301572769945 21.6902769571 2 0.1 0.42592 0.443017656501 103.698713221 0 0.533603111206
1190 12 0.40369088812 0.35980852655 0.0426941368817 19.7483585217 2 0.1 0.36322 0.401305057096 104.775393628 0 0.533603111206
1200 12 0.40369088812 0.383774711551 0.0276160455959 35.215626427 2 0.1 0.38828 0.343137254902 98.2323192887 0 0.533603111206
1210 12 0.601891659501 0.494532654096 0.024496455854 26.6027245024 2 0.1 0.38057 0.387358184765 76.2317304788 20 0.539638461326
1220 12 0.601891659501 0.446383734695 0.0242431425451 21.815957206 2 0.1 0.40011 0.382306477093 84.4544213193 20 0.539638461326
1230 12 0.601891659501 0.462595861117 0.0265946469823 20.5985570399 2 0.1 0.36422 0.422222222222 81.4946331534 20 0.539638461326
1240 12 0.601891659501 0.422145457039 0.0268021800828 29.7417781321 2 0.1 0.43297 0.398104265403 89.303531215 20 0.539638461326
1250 12 0.601891659501 0.495451640337 0.020780983455 18.3684752108 2 0.1 0.3599 0.382308845577 76.0903323972 20 0.539638461326
1260 12 0.601891659501 0.491495968879 0.0443512822492 16.0942838707 2 0.1 0.42583 0.466565349544 76.702724716 20 0.539638461326
1270 12 0.601891659501 0.422216855841 0.034480540927 29.1936506213 2 0.1 0.41731 0.461077844311 89.2884295794 20 0.539638461326
1280 12 0.601891659501 0.479272954423 0.0202220899326 19.4395993796 2 0.1 0.34159 0.393026941363 78.658892917 20 0.539638461326
1290 12 0.601891659501 0.45173994078 0.0308890935114 21.2429447666 2 0.1 0.38842 0.42015503876 83.4530591538 20 0.539638461326
1300 12 0.601891659501 0.449851631559 0.0260345874341 30.1447191349 2 0.1 0.40496 0.378125 83.8033639432 20 0.539638461326
1310 12 1.18243243243 0.529430115086 0.0334075766491 17.4197244235 2 0.1 0.41293 0.349919743178 71.2069051717 30 0.612147565293
1320 12 1.18243243243 0.535001609542 0.0162849574655 10.7028224058 2 0.1 0.37261 0.409523809524 70.4653580992 30 0.612147565293
1330 12 1.18243243243 0.566305002419 0.0251359045506 13.5595446147 2 0.1 0.40832 0.369706840391 66.5702754505 30 0.612147565293
1340 12 1.18243243243 0.512114384794 0.0177892403002 8.05268839198 2 0.1 0.35475 0.413509060956 73.614569556 30 0.612147565293
1350 12 1.18243243243 0.559374931007 0.0161016754048 1.99664342907 2 0.1 0.35574 0.344992050874 67.3950116644 30 0.612147565293
1360 12 1.18243243243 0.545790175397 0.0236976641385 6.97569962066 2 0.1 0.43377 0.390625 69.0724782149 30 0.612147565293
1370 12 1.18243243243 0.510724344262 0.0172758692184 10.3627004345 2 0.1 0.42596 0.46875 73.8149266303 30 0.612147565293
1380 12 1.18243243243 0.535550508148 0.0158712350581 16.9029326932 2 0.1 0.40023 0.421647819063 70.3931364576 30 0.612147565293
1390 12 1.18243243243 0.497759627554 0.0224417709511 12.120059655 2 0.1 0.36383 0.430141287284 75.7375205082 30 0.612147565293
1400 12 1.18243243243 0.576080398 0.0285055305051 10.0063775035 2 0.1 0.38496 0.380872483221 65.4406574688 30 0.612147565293
1410 12 33.3333333333 0.706693526238 0.03318785772 0.0990440565185 2 0.1 0.67723 0.540727902946 53.3457271084 280 0.732664655725
1420 12 33.3333333333 0.726644317358 0.00915904899428 0.302919408264 2 0.1 0.46714 0.339160839161 51.8810635403 280 0.732664655725
1430 12 33.3333333333 0.729123547877 0.00175345092238 0.00176592578928 2 0.1 0.33948 0.313043478261 51.7046529491 280 0.732664655725
1440 12 33.3333333333 0.731839103482 0.00177358757678 0.00067929539481 2 0.1 0.36914 0.34974533107 51.5127981282 280 0.732664655725
1450 12 33.3333333333 0.728865582999 0.00124605306701 0.000807483203747 2 0.1 0.43658 0.375634517766 51.7229525983 280 0.732664655725
1460 12 33.3333333333 0.728487649573 0.00225887364682 0.000967726562115 2 0.1 0.3695 0.401263823065 51.7497860425 280 0.732664655725
1470 12 33.3333333333 0.729092054356 0.0020434602314 0.000601151777126 2 0.1 0.43016 0.387888707038 51.7068863592 280 0.732664655725
1480 12 33.3333333333 0.727066647597 0.0019375504361 0.00122257620087 2 0.1 0.29969 0.346092503987 51.8509274557 280 0.733284338132
1490 12 33.3333333333 0.72584923423 0.00107565339751 0.00181748451007 2 0.1 0.46421 0.482428115016 51.9378931907 280 0.733284338132
1500 12 33.3333333333 0.727686675299 0.00118107853066 0.00208252168371 2 0.1 0.42021 0.444264943457 51.8067477112 280 0.733284338132
