79.5021412365,332.875784239,38.9907337088,0.0
266.892835243,90.9869928694,38.9907337088,0.0
73.4658213749,424.360858183,38.9907337088,0.0
284.248834395,361.264596595,38.9907337088,0.0
361.594011616,339.068268903,38.9907337088,0.0
432.770928656,266.506553638,38.9907337088,0.0
177.737837096,66.3225985429,38.9907337088,0.0
428.225690391,379.755889269,38.9907337088,0.0
329.559116976,180.391438131,38.9907337088,0.0
470.348788071,462.027352492,38.9907337088,0.0
444.399582893,178.822811143,38.9907337088,0.0
224.282417121,302.063213985,38.9907337088,0.0
@ 10 10 0.0873362445415 0.218631958489
215.595115915,168.857830122,41.9478263686,0.0
131.575472133,296.610313976,41.9478263686,0.0
470.032240923,152.661661965,41.9478263686,0.0
375.423836067,167.669549859,41.9478263686,0.0
399.855141625,457.462694625,41.9478263686,0.0
363.165911548,358.078053433,41.9478263686,0.0
171.253307272,395.605585784,41.9478263686,0.0
441.293777129,250.728244724,41.9478263686,0.0
50.7302163567,366.931914276,41.9478263686,0.0
314.428156822,287.656352817,41.9478263686,0.0
138.064350078,53.0916981867,41.9478263686,0.0
393.212765507,43.7892080071,41.9478263686,0.0
@ 20 10 0.0873362445415 0.253051987901
115.096770597,352.371014621,43.1056716542,0.0
284.043520744,198.412723841,43.1056716542,0.0
47.3292505724,466.45903822,43.1056716542,0.0
204.051244017,270.211251424,43.1056716542,0.0
160.156005107,458.914342861,43.1056716542,0.0
261.243677259,453.818699221,43.1056716542,0.0
446.095284329,289.898205552,43.1056716542,0.0
90.8902432815,269.457250699,43.1056716542,0.0
314.402662564,294.119450212,43.1056716542,0.0
242.333845744,354.02054379,43.1056716542,0.0
354.072685044,382.153438459,43.1056716542,0.0
152.865045291,187.041528478,43.1056716542,0.0
@ 30 10 0.0873362445415 0.267214279798
459.380544501,62.5818810935,46.156140406,0.0
206.848450345,211.184812502,46.156140406,0.0
64.8817950689,404.905237893,46.156140406,0.0
452.896374211,195.586677466,46.156140406,0.0
420.969544283,370.91121056,46.156140406,0.0
103.114892466,160.379172537,46.156140406,0.0
165.242478129,348.704668574,46.156140406,0.0
353.418617848,252.102117671,46.156140406,0.0
175.924456727,74.7201076051,46.156140406,0.0
368.183635196,110.015548324,46.156140406,0.0
305.937069236,424.509833153,46.156140406,0.0
57.0257742459,245.035763972,46.156140406,0.0
@ 40 10 0.0873362445415 0.306372514898
53.6440724706,112.494930835,43.2122509665,0.0
209.267436569,409.091408652,43.2122509665,0.0
267.832340741,152.196473446,43.2122509665,0.0
163.120486647,326.985653028,43.2122509665,0.0
159.62162579,127.587971012,43.2122509665,0.0
424.983438804,89.8942092544,43.2122509665,0.0
234.333732129,257.18172035,43.2122509665,0.0
454.363196778,340.656096736,43.2122509665,0.0
299.305494944,358.575809196,43.2122509665,0.0
455.171415298,464.29289303,43.2122509665,0.0
73.1797265478,327.967969541,43.2122509665,0.0
450.836332676,199.707202854,43.2122509665,0.0
@ 50 10 0.0873362445415 0.268537294661
227.109027849,98.09370382,39.5095198993,0.0
452.761671978,275.124641028,39.5095198993,0.0
132.418919465,467.240595325,39.5095198993,0.0
338.128660486,363.460114858,39.5095198993,0.0
312.205716847,235.966666119,39.5095198993,0.0
75.0839509232,355.355440216,39.5095198993,0.0
468.114885892,182.870116176,39.5095198993,0.0
76.6163439949,140.079893354,39.5095198993,0.0
205.480790688,239.601933137,39.5095198993,0.0
218.047220284,398.560836751,39.5095198993,0.0
407.658402617,445.601992067,39.5095198993,0.0
295.547306367,445.45771422,39.5095198993,0.0
@ 60 10 0.0873362445415 0.224488622325
401.468428719,270.993999015,40.2596425034,0.0
207.321378555,448.639773017,40.2596425034,0.0
111.938536707,297.238312405,40.2596425034,0.0
357.570567797,47.3112604333,40.2596425034,0.0
352.649078785,463.933194726,40.2596425034,0.0
175.74771599,89.5710081526,40.2596425034,0.0
123.246844703,443.972438389,40.2596425034,0.0
40.5903350475,247.290426781,40.2596425034,0.0
210.464900033,183.853285336,40.2596425034,0.0
336.772222652,135.266798958,40.2596425034,0.0
92.0325545455,134.331875212,40.2596425034,0.0
459.55082058,99.9652433591,40.2596425034,0.0
@ 70 10 0.0873362445415 0.233093765773
140.795708635,57.7780448532,43.0242313191,0.0
185.354630013,398.263948285,43.0242313191,0.0
354.018976691,85.2340682264,43.0242313191,0.0
236.77110901,56.009170061,43.0242313191,0.0
61.8179879441,418.679585429,43.0242313191,0.0
277.225277995,166.225246679,43.0242313191,0.0
298.18790775,307.180473878,43.0242313191,0.0
417.35094752,362.499650781,43.0242313191,0.0
268.353383482,454.235668097,43.0242313191,0.0
421.16361489,244.095677484,43.0242313191,0.0
124.941009037,216.984343247,43.0242313191,0.0
448.884490711,455.318528554,43.0242313191,0.0
@ 80 10 0.0873362445415 0.266205527958
211.486496765,466.441561783,36.4648662577,0.0
183.801984998,329.229389235,36.4648662577,0.0
266.931208637,401.176904815,36.4648662577,0.0
400.651603994,131.410726001,36.4648662577,0.0
62.2000296596,471.217950767,36.4648662577,0.0
443.984113907,200.196941066,36.4648662577,0.0
350.181238879,370.586996293,36.4648662577,0.0
281.294761138,47.8792204274,36.4648662577,0.0
411.6042346,321.132269028,36.4648662577,0.0
101.648187473,390.806646672,36.4648662577,0.0
139.612648046,150.59739866,36.4648662577,0.0
94.500757181,46.411426537,36.4648662577,0.0
@ 90 10 0.0873362445415 0.191222979174
229.137093484,171.706804437,40.0006283147,0.0
358.859369842,180.026518129,40.0006283147,0.0
443.620035569,276.784026635,40.0006283147,0.0
421.79194934,41.3277520584,40.0006283147,0.0
280.517222221,326.696820711,40.0006283147,0.0
100.461830717,361.458941773,40.0006283147,0.0
418.049765004,372.283008253,40.0006283147,0.0
91.1037865676,266.41000074,40.0006283147,0.0
93.8664461912,467.412384585,40.0006283147,0.0
190.836253738,242.670591513,40.0006283147,0.0
282.201457385,459.88167301,40.0006283147,0.0
117.279250672,173.842496159,40.0006283147,0.0
@ 100 10 0.0873362445415 0.230104152549
426.800599371,163.810572505,43.8889486482,0.0
416.56497642,57.2914843088,43.8889486482,0.0
233.591393159,94.9159174093,43.8889486482,0.0
106.943564279,76.7448930445,43.8889486482,0.0
49.0447108791,311.989642403,43.8889486482,0.0
262.69676287,466.801910343,43.8889486482,0.0
323.303851973,230.959112248,43.8889486482,0.0
395.700264079,353.555320071,43.8889486482,0.0
100.927512619,452.197657411,43.8889486482,0.0
461.495532836,271.283494302,43.8889486482,0.0
304.031664227,361.012990501,43.8889486482,0.0
453.522752815,429.474645679,43.8889486482,0.0
@ 110 10 0.0940354648039 0.277013659768
452.5845947,435.377333536,38.8453203446,0.0
193.514848009,245.476832048,38.8453203446,0.0
120.469339673,121.329407508,38.8453203446,0.0
292.029213948,288.659702637,38.8453203446,0.0
367.270990465,222.431373455,38.8453203446,0.0
290.736280941,203.414638123,38.8453203446,0.0
407.420634623,137.260094285,38.8453203446,0.0
455.994902212,216.916403436,38.8453203446,0.0
220.372575981,45.6293486263,38.8453203446,0.0
223.531826959,405.650764843,38.8453203446,0.0
471.099013276,351.695247251,38.8453203446,0.0
305.013011268,83.8525412762,38.8453203446,0.0
@ 120 10 0.0940354648039 0.217004252494
459.364647859,52.5116464895,47.3772369496,0.0
341.479986899,203.805104111,47.3772369496,0.0
308.537399675,70.0691184922,47.3772369496,0.0
155.794588224,314.900416765,47.3772369496,0.0
448.782657289,256.192882989,47.3772369496,0.0
289.055843676,295.244203114,47.3772369496,0.0
161.934079013,195.181412561,47.3772369496,0.0
73.6189172603,97.7850383363,47.3772369496,0.0
293.073197256,463.380496919,47.3772369496,0.0
60.1428159427,264.590174877,47.3772369496,0.0
384.738308676,400.409049234,47.3772369496,0.0
256.313697964,155.046720548,47.3772369496,0.0
@ 130 10 0.0940354648039 0.322797593188
445.30637889,307.530966754,36.8445349834,0.0
167.873737688,126.222840341,36.8445349834,0.0
294.259196437,223.340006891,36.8445349834,0.0
403.702444389,231.965876101,36.8445349834,0.0
283.610437168,114.703540901,36.8445349834,0.0
115.462203739,242.09039597,36.8445349834,0.0
355.552956995,437.548339359,36.8445349834,0.0
201.620480169,460.859977949,36.8445349834,0.0
134.78178626,39.6204575784,36.8445349834,0.0
44.7128892434,347.84372616,36.8445349834,0.0
78.5922576312,165.253283142,36.8445349834,0.0
197.440025482,213.617338036,36.8445349834,0.0
@ 140 10 0.0940354648039 0.19522570024
249.681615561,169.118824514,39.3369163483,0.0
171.757655544,416.224372946,39.3369163483,0.0
258.588053392,471.294567636,39.3369163483,0.0
415.998121031,220.880380533,39.3369163483,0.0
349.331410274,94.41321436,39.3369163483,0.0
405.947825445,362.812720366,39.3369163483,0.0
353.14956104,302.539372521,39.3369163483,0.0
144.773293024,204.417964146,39.3369163483,0.0
204.905799469,283.625942712,39.3369163483,0.0
59.7183282149,427.339389249,39.3369163483,0.0
430.802962817,75.4707168087,39.3369163483,0.0
179.499498428,120.359077909,39.3369163483,0.0
@ 150 10 0.0940354648039 0.222531479027
457.14270328,220.481442709,40.5981136722,0.0
372.753138363,348.165502613,40.5981136722,0.0
77.7209853329,128.297247137,40.5981136722,0.0
193.247064046,53.180917009,40.5981136722,0.0
463.497297297,462.621166632,40.5981136722,0.0
440.969715894,84.9183054341,40.5981136722,0.0
361.194070291,460.216053318,40.5981136722,0.0
189.629523359,232.067714573,40.5981136722,0.0
185.907017343,457.498842426,40.5981136722,0.0
59.5890998615,314.614655403,40.5981136722,0.0
218.99401973,351.329469321,40.5981136722,0.0
76.9796182556,214.856629278,40.5981136722,0.0
@ 160 10 0.0940354648039 0.237029576423
82.9794296271,38.1465764559,36.5178554675,0.0
118.834551249,280.303407494,36.5178554675,0.0
38.2317577801,190.319209455,36.5178554675,0.0
56.661077156,321.068951125,36.5178554675,0.0
170.261494578,358.219004881,36.5178554675,0.0
261.819548306,367.66056654,36.5178554675,0.0
465.951959319,41.7801978063,36.5178554675,0.0
203.118206004,459.267978215,36.5178554675,0.0
414.646784902,417.833848982,36.5178554675,0.0
440.061453765,234.693876713,36.5178554675,0.0
376.498695933,271.563068303,36.5178554675,0.0
225.722612779,168.430677573,36.5178554675,0.0
@ 170 10 0.0940354648039 0.191779137353
286.501910458,212.588095227,45.5242042169,0.0
125.481373772,57.1678084522,45.5242042169,0.0
189.25315145,411.220379942,45.5242042169,0.0
395.028926159,96.1359064999,45.5242042169,0.0
206.973361149,104.448987976,45.5242042169,0.0
377.596732446,196.097324587,45.5242042169,0.0
321.535841136,322.181635904,45.5242042169,0.0
452.052952137,324.786463397,45.5242042169,0.0
85.614935861,279.854921415,45.5242042169,0.0
198.021086596,262.302437416,45.5242042169,0.0
59.3521548399,384.079599382,45.5242042169,0.0
289.337255881,461.536414044,45.5242042169,0.0
@ 180 10 0.0940354648039 0.298040686936
196.7276609,358.045869079,40.8678560147,0.0
61.0388897154,330.766567076,40.8678560147,0.0
462.160765373,160.799974091,40.8678560147,0.0
158.34232254,41.5633589576,40.8678560147,0.0
58.3931539277,470.378612758,40.8678560147,0.0
371.314994857,177.540898672,40.8678560147,0.0
408.953787798,373.836313448,40.8678560147,0.0
306.204015302,282.212180037,40.8678560147,0.0
140.182652178,292.194413736,40.8678560147,0.0
304.444872794,113.791232096,40.8678560147,0.0
171.862815166,201.624515312,40.8678560147,0.0
254.165249958,461.192100627,40.8678560147,0.0
@ 190 10 0.0940354648039 0.240189788191
287.855800424,256.731975347,41.5110137839,0.0
125.617877532,460.131523355,41.5110137839,0.0
398.957839027,58.1304834577,41.5110137839,0.0
86.6125869937,115.944455673,41.5110137839,0.0
191.760654311,70.1674352998,41.5110137839,0.0
461.339057803,142.540947351,41.5110137839,0.0
67.9175304643,266.565474165,41.5110137839,0.0
282.635701766,395.215699721,41.5110137839,0.0
397.458598031,247.407173374,41.5110137839,0.0
190.12857062,181.162575057,41.5110137839,0.0
375.78237448,338.094492804,41.5110137839,0.0
290.939877031,121.230203124,41.5110137839,0.0
@ 200 10 0.0940354648039 0.247809247945
134.864512875,462.126314987,42.4871235523,0.0
108.55412609,359.375107469,42.4871235523,0.0
250.73342303,245.435429484,42.4871235523,0.0
53.7664220418,424.646732874,42.4871235523,0.0
434.102349551,223.452195126,42.4871235523,0.0
280.325673911,120.52677905,42.4871235523,0.0
404.544697049,61.7636434637,42.4871235523,0.0
437.252170493,346.171634682,42.4871235523,0.0
158.039278107,118.398755418,42.4871235523,0.0
265.834284577,397.537088539,42.4871235523,0.0
185.534576699,300.741572125,42.4871235523,0.0
322.492745097,312.600170021,42.4871235523,0.0
@ 210 10 0.101847810272 0.259600478863
297.28134811,408.83997827,39.0812231481,0.0
300.937087975,78.052756111,39.0812231481,0.0
383.279889139,340.897725775,39.0812231481,0.0
219.402118037,89.8173035463,39.0812231481,0.0
117.723858008,229.190227356,39.0812231481,0.0
207.994176635,244.961632732,39.0812231481,0.0
448.71013251,81.9853509902,39.0812231481,0.0
60.7559976575,56.5184760741,39.0812231481,0.0
112.509506605,125.055558377,39.0812231481,0.0
459.369543528,217.238321372,39.0812231481,0.0
373.598001587,239.862903485,39.0812231481,0.0
221.611525713,323.557618924,39.0812231481,0.0
@ 220 10 0.101847810272 0.219647935292
446.574788048,464.592474512,45.8384836513,0.0
257.106970806,173.154023965,45.8384836513,0.0
268.68682378,68.2753731858,45.8384836513,0.0
346.430711983,380.961807826,45.8384836513,0.0
152.595032511,334.966135241,45.8384836513,0.0
462.786451302,230.011281005,45.8384836513,0.0
418.542105208,66.001234305,45.8384836513,0.0
58.5310830533,209.372899021,45.8384836513,0.0
261.320854734,279.56805361,45.8384836513,0.0
179.79561192,459.134433352,45.8384836513,0.0
343.864688105,239.192868284,45.8384836513,0.0
68.5107859334,81.5280884417,45.8384836513,0.0
@ 230 10 0.101847810272 0.302169979564
129.829913868,72.0418141219,40.3210429728,0.0
364.29162442,57.5439058565,40.3210429728,0.0
61.8297049496,279.074836633,40.3210429728,0.0
464.728902744,377.372972053,40.3210429728,0.0
333.77642602,263.807994932,40.3210429728,0.0
436.674797214,459.041964431,40.3210429728,0.0
192.177399634,460.883002821,40.3210429728,0.0
153.081842406,272.688520984,40.3210429728,0.0
252.297477567,386.000103797,40.3210429728,0.0
216.148381921,170.189276716,40.3210429728,0.0
129.282682875,170.82720659,40.3210429728,0.0
214.225781616,57.4256075441,40.3210429728,0.0
@ 240 10 0.101847810272 0.233805296204
158.582262529,131.427331856,41.6420252705,0.0
189.770632003,359.194803056,41.6420252705,0.0
361.800857052,469.167310324,41.6420252705,0.0
402.58097363,254.826874535,41.6420252705,0.0
86.6915254178,252.040772903,41.6420252705,0.0
233.346693375,68.8856024739,41.6420252705,0.0
410.447607226,61.4518487104,41.6420252705,0.0
145.893934466,445.468734044,41.6420252705,0.0
362.209958241,133.18653109,41.6420252705,0.0
371.753784473,354.388643693,41.6420252705,0.0
71.5267555468,406.297291445,41.6420252705,0.0
274.679858711,408.435449061,41.6420252705,0.0
@ 250 10 0.101847810272 0.249375920844
192.201275658,333.191311007,30.049230764,0.0
444.10415768,355.799181021,30.049230764,0.0
156.739144546,257.70005053,30.049230764,0.0
87.2549880552,363.366775672,30.049230764,0.0
301.928190943,474.731081315,30.049230764,0.0
185.353585179,51.3416948209,30.049230764,0.0
305.621600084,409.405487416,30.049230764,0.0
233.676228164,200.966185927,30.049230764,0.0
382.825393374,393.710451041,30.049230764,0.0
432.444021857,296.237405609,30.049230764,0.0
71.4978286598,452.767312073,30.049230764,0.0
305.846231533,114.21869438,30.049230764,0.0
@ 260 10 0.101847810272 0.129854662478
267.675144949,263.682820647,44.2097112501,0.0
358.472764531,448.76170828,44.2097112501,0.0
363.306403549,323.461849443,44.2097112501,0.0
460.019139757,56.6448171507,44.2097112501,0.0
342.663172883,163.936596194,44.2097112501,0.0
200.597931723,326.124885183,44.2097112501,0.0
463.04174004,235.022722052,44.2097112501,0.0
117.787884985,275.570429612,44.2097112501,0.0
237.653379088,97.7282475375,44.2097112501,0.0
180.032127851,189.224824105,44.2097112501,0.0
99.0452160306,121.494786191,44.2097112501,0.0
265.502982771,445.691282362,44.2097112501,0.0
@ 270 10 0.101847810272 0.281077567694
199.31180146,365.409627712,38.8484766976,0.0
174.058351371,40.4310211646,38.8484766976,0.0
422.418726428,61.209108282,38.8484766976,0.0
59.2448120389,312.535437876,38.8484766976,0.0
250.364548082,471.95877829,38.8484766976,0.0
340.003916277,302.590252836,38.8484766976,0.0
353.537991353,456.781072103,38.8484766976,0.0
344.701248708,43.1483528094,38.8484766976,0.0
324.476964819,218.478374148,38.8484766976,0.0
158.797994546,197.974108014,38.8484766976,0.0
145.7818728,429.00897303,38.8484766976,0.0
457.155715218,238.516938178,38.8484766976,0.0
@ 280 10 0.101847810272 0.217039519025
113.7403434,96.7211778626,37.8755984996,0.0
357.044009386,136.899757373,37.8755984996,0.0
358.237424769,364.772996532,37.8755984996,0.0
305.873624054,65.5174080043,37.8755984996,0.0
148.735762581,292.667209081,37.8755984996,0.0
456.96910103,353.596053207,37.8755984996,0.0
155.880305786,446.566593793,37.8755984996,0.0
79.9491481128,231.096655479,37.8755984996,0.0
387.397781721,466.461362633,37.8755984996,0.0
281.796488249,444.095987579,37.8755984996,0.0
472.596912355,250.470075183,37.8755984996,0.0
43.3686634349,424.964185306,37.8755984996,0.0
@ 290 10 0.101847810272 0.206305040207
80.4377553035,396.141717045,44.895853737,0.0
453.826428713,52.4522013444,44.895853737,0.0
436.169895326,154.291343302,44.895853737,0.0
389.033150012,436.849534091,44.895853737,0.0
176.912906006,209.846249342,44.895853737,0.0
402.769962227,315.603388696,44.895853737,0.0
273.075635367,176.482241691,44.895853737,0.0
99.4148016387,292.645052753,44.895853737,0.0
139.407431222,62.8683852693,44.895853737,0.0
283.536343942,413.447993048,44.895853737,0.0
465.939403126,244.40952057,44.895853737,0.0
296.540880556,315.927337049,44.895853737,0.0
@ 300 10 0.101847810272 0.289870018974
49.5928760292,338.074178005,45.91631256,0.0
312.892380877,87.8538491255,45.91631256,0.0
202.498766206,387.244447115,45.91631256,0.0
326.387274417,352.207993779,45.91631256,0.0
412.651697141,242.569657805,45.91631256,0.0
72.4457282493,458.727953383,45.91631256,0.0
446.370185932,444.116384179,45.91631256,0.0
436.880977744,108.11460915,45.91631256,0.0
418.830605107,339.394927829,45.91631256,0.0
237.824374426,255.740285505,45.91631256,0.0
76.6314750146,147.135740543,45.91631256,0.0
332.472857802,462.48349418,45.91631256,0.0
@ 310 10 0.111075848937 0.303196956159
98.0309980983,196.059859996,40.5995262344,0.0
442.673998787,222.158897204,40.5995262344,0.0
180.710222971,307.963028094,40.5995262344,0.0
184.590702941,400.154582522,40.5995262344,0.0
463.962320305,118.435366878,40.5995262344,0.0
308.845390075,178.314042696,40.5995262344,0.0
434.987742407,316.028738416,40.5995262344,0.0
296.702378972,403.532229284,40.5995262344,0.0
337.80113613,323.158963868,40.5995262344,0.0
148.914086414,70.247725101,40.5995262344,0.0
260.442151498,102.253265419,40.5995262344,0.0
395.712401415,64.8586647743,40.5995262344,0.0
@ 320 10 0.111075848937 0.237046071024
82.047798513,78.6110719971,42.2462040816,0.0
311.739408635,181.393003063,42.2462040816,0.0
276.530541715,396.632767747,42.2462040816,0.0
143.252805005,394.36430174,42.2462040816,0.0
371.17178045,114.037934165,42.2462040816,0.0
95.4057743064,240.385707996,42.2462040816,0.0
378.787981476,248.673242494,42.2462040816,0.0
278.281932073,280.747677403,42.2462040816,0.0
249.812329269,72.014092186,42.2462040816,0.0
334.679133748,465.276087186,42.2462040816,0.0
458.540024629,171.165084624,42.2462040816,0.0
466.509236454,320.996570143,42.2462040816,0.0
@ 330 10 0.111075848937 0.256664742902
266.476054633,100.556474955,42.1757460202,0.0
140.856003935,314.74395976,42.1757460202,0.0
392.701867408,236.165714034,42.1757460202,0.0
311.240892456,178.949552572,42.1757460202,0.0
59.1544894072,271.443687768,42.1757460202,0.0
83.1182294643,413.09885438,42.1757460202,0.0
438.261315459,83.7319659043,42.1757460202,0.0
411.097457583,395.925665297,42.1757460202,0.0
92.7892251498,153.912716519,42.1757460202,0.0
453.920172044,174.887993475,42.1757460202,0.0
203.030245909,222.130578655,42.1757460202,0.0
302.460422407,441.931216595,42.1757460202,0.0
@ 340 10 0.111075848937 0.255809327827
196.670816595,73.8788862321,47.001264194,0.0
363.616287284,373.339811667,47.001264194,0.0
78.7884125339,48.3105453133,47.001264194,0.0
431.781764355,100.133838926,47.001264194,0.0
421.871851008,288.72938497,47.001264194,0.0
77.6184724032,318.950862416,47.001264194,0.0
459.332542263,195.715252209,47.001264194,0.0
208.911804394,332.103273145,47.001264194,0.0
244.112536917,233.932842739,47.001264194,0.0
291.499118274,102.438611006,47.001264194,0.0
93.3661205201,222.379625149,47.001264194,0.0
449.514691267,459.961468996,47.001264194,0.0
@ 350 10 0.111075848937 0.317694655311
125.542906849,225.923331411,36.1636946954,0.0
379.054933307,67.953831533,36.1636946954,0.0
323.319727775,165.661845914,36.1636946954,0.0
472.009835669,87.9761850408,36.1636946954,0.0
234.417512483,275.487998451,36.1636946954,0.0
328.401685078,241.415408196,36.1636946954,0.0
366.505222573,321.868461715,36.1636946954,0.0
393.78932357,444.146490185,36.1636946954,0.0
122.739493507,345.44588788,36.1636946954,0.0
141.095730336,36.3649478172,36.1636946954,0.0
36.1777105237,102.362171136,36.1636946954,0.0
130.912630245,434.308726358,36.1636946954,0.0
@ 360 10 0.111075848937 0.188077315906
446.342409512,447.369264241,41.8471572281,0.0
426.095846785,56.7995906011,41.8471572281,0.0
357.702006314,304.137900334,41.8471572281,0.0
347.929380246,153.107070999,41.8471572281,0.0
288.25695762,232.936786557,41.8471572281,0.0
363.30447435,464.066123944,41.8471572281,0.0
268.756535348,317.433633018,41.8471572281,0.0
182.421924153,79.2479367578,41.8471572281,0.0
110.488462496,467.829016165,41.8471572281,0.0
108.791801117,245.213347221,41.8471572281,0.0
50.7542779602,337.398979266,41.8471572281,0.0
180.016298424,336.540329432,41.8471572281,0.0
@ 370 10 0.111075848937 0.251838863856
284.514588546,43.225600067,42.5884044968,0.0
361.943543818,106.29423336,42.5884044968,0.0
329.766853452,464.103941352,42.5884044968,0.0
453.981344109,464.177489186,42.5884044968,0.0
370.273986206,330.8421772,42.5884044968,0.0
96.4827318587,394.217145174,42.5884044968,0.0
163.714036368,262.7481631,42.5884044968,0.0
49.5480705074,198.175483403,42.5884044968,0.0
201.38018883,117.77085293,42.5884044968,0.0
286.771494386,380.567848167,42.5884044968,0.0
69.3147448639,56.2624661102,42.5884044968,0.0
455.364484029,220.60534385,42.5884044968,0.0
@ 380 10 0.111075848937 0.260839626994
229.651534048,167.089151288,39.1894995502,0.0
165.968831301,326.47233403,39.1894995502,0.0
355.53788786,470.7177339,39.1894995502,0.0
400.017406454,89.7998244243,39.1894995502,0.0
416.25738478,280.528621108,39.1894995502,0.0
87.0134588181,289.491521321,39.1894995502,0.0
238.048284449,42.9543880959,39.1894995502,0.0
60.1324743335,185.269657728,39.1894995502,0.0
78.3307816171,67.0744053015,39.1894995502,0.0
437.836139531,436.529911158,39.1894995502,0.0
260.957143073,410.209606515,39.1894995502,0.0
339.584485394,238.193074147,39.1894995502,0.0
@ 390 10 0.111075848937 0.220866711562
324.829852419,259.914070353,45.6796282898,0.0
57.3898724058,448.772824866,45.6796282898,0.0
191.119452125,50.9482520116,45.6796282898,0.0
454.693193759,166.363634224,45.6796282898,0.0
217.382226495,443.23656247,45.6796282898,0.0
411.985255945,298.872827925,45.6796282898,0.0
341.8501521,423.999058488,45.6796282898,0.0
46.7645105509,95.3245239527,45.6796282898,0.0
74.725589985,205.976126711,45.6796282898,0.0
287.219215645,98.5074287581,45.6796282898,0.0
182.929171377,178.242560454,45.6796282898,0.0
141.804570452,276.544719546,45.6796282898,0.0
@ 400 10 0.111075848937 0.30007924086
189.475125422,169.001846861,42.3022523151,0.0
437.127800714,350.719181058,42.3022523151,0.0
438.5048408,468.758251181,42.3022523151,0.0
351.628044496,465.312574422,42.3022523151,0.0
201.401154839,405.207430594,42.3022523151,0.0
426.214320873,261.625980122,42.3022523151,0.0
51.8935629864,51.7448684676,42.3022523151,0.0
106.235615237,207.748220174,42.3022523151,0.0
198.065824658,60.2372085701,42.3022523151,0.0
118.750150503,318.559608862,42.3022523151,0.0
361.844795881,195.183687474,42.3022523151,0.0
64.6203685422,416.771959516,42.3022523151,0.0
@ 410 10 0.122142732507 0.257346231263
258.481512084,418.094868271,39.7145114348,0.0
184.39258693,162.851127881,39.7145114348,0.0
449.663938745,468.478778505,39.7145114348,0.0
373.906010121,289.823259735,39.7145114348,0.0
61.0649729796,382.02711997,39.7145114348,0.0
471.325382596,195.195690422,39.7145114348,0.0
183.390428389,368.396283204,39.7145114348,0.0
241.080280675,54.0224559367,39.7145114348,0.0
456.79117275,318.712911186,39.7145114348,0.0
398.261159992,44.029729877,39.7145114348,0.0
59.6205129305,54.4333209047,39.7145114348,0.0
344.754902131,451.637486882,39.7145114348,0.0
@ 420 10 0.122142732507 0.226824142893
376.04971108,259.926927251,44.5854930256,0.0
85.1532813714,187.577103949,44.5854930256,0.0
362.544834065,368.8510614,44.5854930256,0.0
368.729723437,153.024865267,44.5854930256,0.0
223.416674647,306.194882509,44.5854930256,0.0
90.1275969519,385.510098426,44.5854930256,0.0
300.16486799,463.597286836,44.5854930256,0.0
411.929462492,460.515921241,44.5854930256,0.0
224.205443195,100.480321266,44.5854930256,0.0
448.607939346,112.75354142,44.5854930256,0.0
467.311648795,250.493579543,44.5854930256,0.0
224.833493276,410.661048707,44.5854930256,0.0
@ 430 10 0.122142732507 0.285876184324
397.733951384,441.962692149,42.5835265417,0.0
203.960694636,298.196264506,42.5835265417,0.0
73.0337213696,256.222310006,42.5835265417,0.0
64.4828343001,63.8101714799,42.5835265417,0.0
443.301155201,248.499696286,42.5835265417,0.0
350.89160329,201.824881239,42.5835265417,0.0
424.996144997,142.871590892,42.5835265417,0.0
257.290269616,49.4888278555,42.5835265417,0.0
254.283274694,194.930368172,42.5835265417,0.0
468.667717197,46.3716285356,42.5835265417,0.0
361.160043821,328.557502226,42.5835265417,0.0
466.3023832,333.429129049,42.5835265417,0.0
@ 440 10 0.122142732507 0.260779878752
423.840081796,242.077167314,40.9852023639,0.0
235.766712902,267.148804575,40.9852023639,0.0
58.4899479247,279.340530922,40.9852023639,0.0
138.738504711,305.448270665,40.9852023639,0.0
409.86546471,146.999831453,40.9852023639,0.0
171.44895612,169.636586826,40.9852023639,0.0
306.122557201,46.4751904712,40.9852023639,0.0
379.783286409,376.17873643,40.9852023639,0.0
340.147361273,245.39806023,40.9852023639,0.0
320.079736841,149.832783772,40.9852023639,0.0
332.613747023,447.587038824,40.9852023639,0.0
145.766272252,400.419083164,40.9852023639,0.0
@ 450 10 0.122142732507 0.241571111447
438.008072104,316.562382434,47.7611470202,0.0
313.136414168,115.349907188,47.7611470202,0.0
71.7333573576,457.263562366,47.7611470202,0.0
71.3257258617,147.807685813,47.7611470202,0.0
308.655240985,359.578061882,47.7611470202,0.0
302.204045257,457.373071948,47.7611470202,0.0
420.018953034,444.249015018,47.7611470202,0.0
231.065234487,187.095240509,47.7611470202,0.0
410.618135134,108.167782411,47.7611470202,0.0
178.987957783,445.948391839,47.7611470202,0.0
128.869599591,355.23950308,47.7611470202,0.0
154.830488509,94.0717108238,47.7611470202,0.0
@ 460 10 0.122142732507 0.328050214659
99.7785218671,237.146385,40.1089245971,0.0
437.39355964,316.485800569,40.1089245971,0.0
192.28508775,238.111789146,40.1089245971,0.0
225.436862164,60.4811958146,40.1089245971,0.0
214.220705313,458.224839936,40.1089245971,0.0
58.7836852041,437.443957057,40.1089245971,0.0
248.263581737,373.565342456,40.1089245971,0.0
147.062901411,346.692966323,40.1089245971,0.0
349.612712271,461.876802805,40.1089245971,0.0
310.574087806,127.471692348,40.1089245971,0.0
349.978761806,298.692264573,40.1089245971,0.0
442.519110197,157.273874132,40.1089245971,0.0
@ 470 10 0.122142732507 0.231351790815
345.160806463,208.080094004,41.8160796437,0.0
135.114728858,467.561150394,41.8160796437,0.0
166.496763583,355.27417513,41.8160796437,0.0
59.790884497,217.286861041,41.8160796437,0.0
61.6923654287,374.723986085,41.8160796437,0.0
436.863735505,222.074062539,41.8160796437,0.0
467.383281268,123.833902163,41.8160796437,0.0
325.072240389,315.373903346,41.8160796437,0.0
203.360233216,128.304413409,41.8160796437,0.0
116.450163204,50.5845133472,41.8160796437,0.0
234.781362098,469.846314212,41.8160796437,0.0
462.215897897,450.131064177,41.8160796437,0.0
@ 480 10 0.122142732507 0.251464948976
404.646699185,321.771379955,48.0987401613,0.0
91.0849167202,357.559153684,48.0987401613,0.0
216.957670856,413.377904067,48.0987401613,0.0
459.310070196,214.89178069,48.0987401613,0.0
69.6782245169,65.9232230523,48.0987401613,0.0
231.310464547,167.076691938,48.0987401613,0.0
393.392988767,443.954320056,48.0987401613,0.0
120.913120904,236.07338533,48.0987401613,0.0
283.060747921,84.303584493,48.0987401613,0.0
182.540666209,321.965086605,48.0987401613,0.0
387.046809519,72.4259342027,48.0987401613,0.0
305.021845979,297.858011666,48.0987401613,0.0
@ 490 10 0.122142732507 0.332704160853
47.6776431042,303.572588293,42.8021914219,0.0
70.6988882772,131.341615293,42.8021914219,0.0
443.565627539,212.084609592,42.8021914219,0.0
118.66027893,405.311909366,42.8021914219,0.0
337.017145058,173.571410709,42.8021914219,0.0
223.979832034,205.061205037,42.8021914219,0.0
447.837359361,98.6894532772,42.8021914219,0.0
157.491440088,64.640571483,42.8021914219,0.0
294.602427222,338.416793586,42.8021914219,0.0
234.199795166,422.520485734,42.8021914219,0.0
201.522497082,324.292419459,42.8021914219,0.0
463.322335222,413.488166745,42.8021914219,0.0
@ 500 10 0.122142732507 0.263464945591
227.106379012,51.0120516751,44.9522925792,0.0
420.48460181,297.303351124,44.9522925792,0.0
355.793998511,440.883819402,44.9522925792,0.0
338.773421792,236.927649061,44.9522925792,0.0
259.809521085,139.281554669,44.9522925792,0.0
148.196637849,198.384253035,44.9522925792,0.0
343.104452552,61.1235410303,44.9522925792,0.0
48.961937377,53.1337088536,44.9522925792,0.0
46.1735734874,317.131011054,44.9522925792,0.0
444.738846533,205.838339056,44.9522925792,0.0
211.356461603,350.537033581,44.9522925792,0.0
238.959920432,437.181371149,44.9522925792,0.0
@ 510 10 0.135658914729 0.290599271676
261.386441257,242.641457391,46.7845009519,0.0
48.475675843,236.260932742,46.7845009519,0.0
60.24434367,379.452800835,46.7845009519,0.0
226.837813019,456.847715649,46.7845009519,0.0
163.059625231,367.211379476,46.7845009519,0.0
264.818046192,362.078963073,46.7845009519,0.0
358.362101598,246.530796919,46.7845009519,0.0
361.047590012,427.45311531,46.7845009519,0.0
78.3065488558,136.683468972,46.7845009519,0.0
169.093320567,73.3627284623,46.7845009519,0.0
425.189822045,345.808201934,46.7845009519,0.0
353.848926014,49.6923674593,46.7845009519,0.0
@ 520 10 0.135658914729 0.314771086002
170.047993711,329.0133246,41.2669725037,0.0
43.882514688,223.135438845,41.2669725037,0.0
370.813881783,94.3222885943,41.2669725037,0.0
347.284400571,309.786668795,41.2669725037,0.0
227.725006816,269.600964018,41.2669725037,0.0
202.153413392,109.633990816,41.2669725037,0.0
103.692858322,470.143484826,41.2669725037,0.0
83.1318809865,87.0304017075,41.2669725037,0.0
296.674088109,437.271222395,41.2669725037,0.0
276.670863104,179.226768106,41.2669725037,0.0
140.648353402,230.407737052,41.2669725037,0.0
88.6195290402,343.05825457,41.2669725037,0.0
@ 530 10 0.135658914729 0.24490409513
204.534907325,413.421602537,49.0270694617,0.0
415.877573443,386.900348218,49.0270694617,0.0
337.063423848,137.018127136,49.0270694617,0.0
71.1515177278,196.857412367,49.0270694617,0.0
74.6440552361,459.372877736,49.0270694617,0.0
334.369896031,296.661573033,49.0270694617,0.0
302.870329919,423.885257764,49.0270694617,0.0
131.511313242,279.668436969,49.0270694617,0.0
236.766502301,190.826055983,49.0270694617,0.0
280.820751701,55.3631165747,49.0270694617,0.0
165.600291686,49.1756640771,49.0270694617,0.0
417.079766026,217.962323942,49.0270694617,0.0
@ 540 10 0.135658914729 0.34567080344
396.394471084,83.61569612,49.2158434991,0.0
135.428932679,450.040812197,49.2158434991,0.0
335.194860741,397.853087324,49.2158434991,0.0
414.775697209,208.216927766,49.2158434991,0.0
58.9887441006,266.117780622,49.2158434991,0.0
461.290207228,314.518168627,49.2158434991,0.0
275.175238028,129.686189213,49.2158434991,0.0
451.60690635,434.773931942,49.2158434991,0.0
203.697629969,230.619947528,49.2158434991,0.0
356.401259059,299.615436834,49.2158434991,0.0
56.4410712578,93.8124609001,49.2158434991,0.0
221.362110239,372.673975515,49.2158434991,0.0
@ 550 10 0.135658914729 0.348337872893
103.669258409,442.453531724,46.1074513409,0.0
187.483571795,52.8004791736,46.1074513409,0.0
115.172094204,307.878495,46.1074513409,0.0
407.599146045,283.462014395,46.1074513409,0.0
257.083572029,196.185693913,46.1074513409,0.0
204.386465323,425.926538494,46.1074513409,0.0
320.572630512,108.726580023,46.1074513409,0.0
152.032217914,186.614983123,46.1074513409,0.0
431.68998275,192.903371976,46.1074513409,0.0
398.325474806,464.959084561,46.1074513409,0.0
73.8882112597,54.926330489,46.1074513409,0.0
427.471597063,66.7601900584,46.1074513409,0.0
@ 560 10 0.135658914729 0.305726484992
306.229010353,437.050603232,41.4623363172,0.0
99.7510127329,273.374201301,41.4623363172,0.0
347.326745587,267.482010905,41.4623363172,0.0
304.966572551,153.548816826,41.4623363172,0.0
457.534446289,265.838393247,41.4623363172,0.0
174.738545205,175.097234528,41.4623363172,0.0
164.914939838,464.004751263,41.4623363172,0.0
419.568490354,109.30534741,41.4623363172,0.0
264.507968496,339.279959857,41.4623363172,0.0
193.172840628,45.4055238803,41.4623363172,0.0
104.562731819,386.137873682,41.4623363172,0.0
329.780872042,60.0352605596,41.4623363172,0.0
@ 570 10 0.135658914729 0.247228406732
286.598111573,195.305627551,49.9140598382,0.0
372.249961741,132.578225181,49.9140598382,0.0
58.6944676498,334.537349607,49.9140598382,0.0
194.446029888,244.401742762,49.9140598382,0.0
422.885773196,417.630005126,49.9140598382,0.0
449.819703091,305.662068721,49.9140598382,0.0
338.436421381,313.713894946,49.9140598382,0.0
83.438155591,461.549147857,49.9140598382,0.0
86.937021452,211.493506026,49.9140598382,0.0
253.120784007,370.272325429,49.9140598382,0.0
282.609439585,73.8212532243,49.9140598382,0.0
459.577102641,51.5300964788,49.9140598382,0.0
@ 580 10 0.135658914729 0.358291595196
88.9094657264,54.2869415294,39.8095227878,0.0
366.042764375,432.643064466,39.8095227878,0.0
397.971718999,186.298956816,39.8095227878,0.0
56.6166112761,218.932178071,39.8095227878,0.0
173.954496609,253.474167526,39.8095227878,0.0
470.147084645,44.5573902033,39.8095227878,0.0
274.419316067,50.0936505557,39.8095227878,0.0
363.038871639,103.288905672,39.8095227878,0.0
48.6378499272,131.305819396,39.8095227878,0.0
49.6006030626,354.593674181,39.8095227878,0.0
94.9681877218,446.287948307,39.8095227878,0.0
202.39548559,431.94287924,39.8095227878,0.0
@ 590 10 0.135658914729 0.227910730472
395.35689918,464.40336344,47.4647706918,0.0
425.364126511,362.784667222,47.4647706918,0.0
285.53746963,129.652345182,47.4647706918,0.0
90.6524424779,335.412340456,47.4647706918,0.0
369.241187438,255.049600376,47.4647706918,0.0
212.332632769,47.5563490155,47.4647706918,0.0
191.00491811,197.042152091,47.4647706918,0.0
53.1760834322,110.364673599,47.4647706918,0.0
389.754084064,154.338433373,47.4647706918,0.0
66.47116012,450.410581785,47.4647706918,0.0
277.12489094,384.219550498,47.4647706918,0.0
202.356303744,309.728442875,47.4647706918,0.0
@ 600 10 0.135658914729 0.323991490747
361.524664352,131.260725259,44.3219463788,0.0
344.37544242,233.495351059,44.3219463788,0.0
181.965716359,174.486565482,44.3219463788,0.0
176.849163366,270.821954678,44.3219463788,0.0
445.888016498,89.1644905774,44.3219463788,0.0
300.648464253,62.5218236674,44.3219463788,0.0
90.5608954481,172.445563127,44.3219463788,0.0
333.063369581,410.249586112,44.3219463788,0.0
49.8834249723,255.824595116,44.3219463788,0.0
210.080394137,68.9762745198,44.3219463788,0.0
406.154249708,322.215458298,44.3219463788,0.0
65.8296116244,407.172084756,44.3219463788,0.0
@ 610 10 0.152538679451 0.28250652165
157.553696674,135.71246106,43.316806947,0.0
213.401846553,51.4288781319,43.316806947,0.0
378.77633791,169.970054761,43.316806947,0.0
286.242573485,322.396804502,43.316806947,0.0
292.12801192,153.821819822,43.316806947,0.0
423.121374791,429.34682404,43.316806947,0.0
112.853225631,210.855463034,43.316806947,0.0
384.682818644,63.9039952676,43.316806947,0.0
388.656659062,290.174021,43.316806947,0.0
69.3208258605,349.089544822,43.316806947,0.0
83.3338616374,455.401903527,43.316806947,0.0
335.163994527,417.092913456,43.316806947,0.0
@ 620 10 0.152538679451 0.269838367721
61.7104729256,364.848258698,45.2089761535,0.0
56.2393141268,458.508139378,45.2089761535,0.0
362.40953139,452.211736582,45.2089761535,0.0
336.790759892,118.559801064,45.2089761535,0.0
305.992863641,312.623162212,45.2089761535,0.0
407.159049783,273.67568126,45.2089761535,0.0
119.662877421,74.1069520329,45.2089761535,0.0
216.854730712,181.166199715,45.2089761535,0.0
221.974025944,65.3661287354,45.2089761535,0.0
141.739077212,268.127805673,45.2089761535,0.0
207.581308335,377.523606674,45.2089761535,0.0
428.911540936,103.379412079,45.2089761535,0.0
@ 630 10 0.152538679451 0.293927467894
189.62268808,182.673727257,42.1501321816,0.0
373.596508337,460.654863631,42.1501321816,0.0
265.0214168,92.1469771189,42.1501321816,0.0
247.074562857,443.534555223,42.1501321816,0.0
426.147612074,160.459872023,42.1501321816,0.0
397.598440032,356.689306285,42.1501321816,0.0
344.692883941,57.1951661663,42.1501321816,0.0
184.708700472,333.835995629,42.1501321816,0.0
74.3464466103,418.029879915,42.1501321816,0.0
453.027274798,65.7994189338,42.1501321816,0.0
93.9736879884,305.663114039,42.1501321816,0.0
271.906899238,330.746028888,42.1501321816,0.0
@ 640 10 0.152538679451 0.255498710004
360.686407763,239.659933641,47.6056436709,0.0
365.80840942,91.125974717,47.6056436709,0.0
434.851484388,438.616845445,47.6056436709,0.0
71.7877583948,217.842906001,47.6056436709,0.0
102.211580244,308.426708484,47.6056436709,0.0
74.709129757,90.3030805607,47.6056436709,0.0
319.199364099,426.850170786,47.6056436709,0.0
108.575730232,421.05908242,47.6056436709,0.0
195.840054728,95.7417366446,47.6056436709,0.0
461.821400113,295.887003338,47.6056436709,0.0
442.849620381,152.014271206,47.6056436709,0.0
201.477399287,359.440955382,47.6056436709,0.0
@ 650 10 0.152538679451 0.325917524597
246.952282111,150.551248416,48.6212607757,0.0
265.428656586,315.256047998,48.6212607757,0.0
446.50117715,210.828232873,48.6212607757,0.0
58.1275756312,385.765014018,48.6212607757,0.0
431.930307983,67.7800540522,48.6212607757,0.0
440.170004882,336.559678589,48.6212607757,0.0
144.301664781,148.019890988,48.6212607757,0.0
86.7388659426,50.0700325174,48.6212607757,0.0
53.1806557321,215.626787066,48.6212607757,0.0
325.868787652,421.250244608,48.6212607757,0.0
147.693320433,427.509499429,48.6212607757,0.0
296.861825944,50.0741713292,48.6212607757,0.0
@ 660 10 0.152538679451 0.339972087759
327.427463408,387.663002715,49.8269472296,0.0
445.840381737,360.817708443,49.8269472296,0.0
459.477244092,113.29589711,49.8269472296,0.0
351.413208901,59.8788645,49.8269472296,0.0
93.3110012808,170.362236281,49.8269472296,0.0
50.0786440433,73.2202339072,49.8269472296,0.0
188.062719804,233.354858442,49.8269472296,0.0
292.802452824,153.542152065,49.8269472296,0.0
219.243371329,398.404076848,49.8269472296,0.0
179.34869763,92.0690009253,49.8269472296,0.0
418.122013053,230.571720127,49.8269472296,0.0
56.1407028669,309.20643543,49.8269472296,0.0
@ 670 10 0.152538679451 0.357042068332
429.369254645,165.800359418,45.9115272692,0.0
342.728529733,244.089294151,45.9115272692,0.0
462.398841644,302.541230316,45.9115272692,0.0
77.5317856231,207.04643597,45.9115272692,0.0
289.154767639,447.980409797,45.9115272692,0.0
405.930311741,383.473223577,45.9115272692,0.0
48.3545529152,411.932459032,45.9115272692,0.0
308.283329995,333.455070366,45.9115272692,0.0
393.478591916,60.2548441109,45.9115272692,0.0
185.249682713,279.633428751,45.9115272692,0.0
140.608798506,407.561977811,45.9115272692,0.0
247.283308781,179.123251177,45.9115272692,0.0
@ 680 10 0.152538679451 0.303133762495
253.984784006,465.939052937,45.7212876138,0.0
68.9535957425,119.248728602,45.7212876138,0.0
96.8545562967,445.838472818,45.7212876138,0.0
453.872669345,230.16513203,45.7212876138,0.0
398.106097819,152.817822325,45.7212876138,0.0
374.691473652,419.075899181,45.7212876138,0.0
227.846001867,64.8914022202,45.7212876138,0.0
52.3900896267,238.471959837,45.7212876138,0.0
238.46709263,160.085454236,45.7212876138,0.0
348.062306294,230.40298188,45.7212876138,0.0
85.631997319,336.343613001,45.7212876138,0.0
399.944893205,61.3132965773,45.7212876138,0.0
@ 690 10 0.152538679451 0.300626828448
463.801636628,176.446352056,39.3032627117,0.0
170.955789958,350.780145863,39.3032627117,0.0
106.756009038,461.188864533,39.3032627117,0.0
401.203522816,456.722323111,39.3032627117,0.0
252.498581199,341.891293421,39.3032627117,0.0
193.392876492,227.375152793,39.3032627117,0.0
336.241643724,221.961165896,39.3032627117,0.0
390.186417757,104.783065253,39.3032627117,0.0
202.296640266,48.2451658695,39.3032627117,0.0
84.4163430243,159.510182009,39.3032627117,0.0
311.385424577,432.474760554,39.3032627117,0.0
330.778068574,350.792856478,39.3032627117,0.0
@ 700 10 0.152538679451 0.222150880307
60.7344059166,332.633363337,46.7946606194,0.0
380.116556601,235.248439175,46.7946606194,0.0
103.510344607,98.3382548381,46.7946606194,0.0
269.693480826,227.259053556,46.7946606194,0.0
463.400185382,392.465396815,46.7946606194,0.0
463.446068338,298.822122208,46.7946606194,0.0
347.495217889,447.98108521,46.7946606194,0.0
150.729739308,374.968665644,46.7946606194,0.0
359.09415641,109.052082413,46.7946606194,0.0
122.633439837,200.369780414,46.7946606194,0.0
255.298042092,363.856903092,46.7946606194,0.0
453.298512727,105.713476351,46.7946606194,0.0
@ 710 10 0.174216027875 0.314907811488
315.228797136,109.467476952,51.6230075634,0.0
82.9019587628,99.2668797008,51.6230075634,0.0
319.639906739,449.610486988,51.6230075634,0.0
440.654301521,446.529144566,51.6230075634,0.0
301.296465707,340.72133138,51.6230075634,0.0
223.832771108,242.106914841,51.6230075634,0.0
208.10491255,439.814724561,51.6230075634,0.0
210.580956992,67.2205478297,51.6230075634,0.0
417.622563797,83.8112459999,51.6230075634,0.0
441.602458443,246.634258933,51.6230075634,0.0
60.3052745591,260.648583645,51.6230075634,0.0
89.7301120525,411.329130665,51.6230075634,0.0
@ 720 10 0.174216027875 0.383245828104
445.108931051,238.230467712,47.7372313301,0.0
244.136594981,344.243914869,47.7372313301,0.0
50.3497430743,53.9470898553,47.7372313301,0.0
209.48906635,152.559043922,47.7372313301,0.0
50.8471133911,289.754000103,47.7372313301,0.0
358.108213219,77.7762111872,47.7372313301,0.0
396.142947612,432.887464652,47.7372313301,0.0
266.978882409,48.7366334447,47.7372313301,0.0
129.499856114,456.909017501,47.7372313301,0.0
446.227031377,337.974280643,47.7372313301,0.0
350.096392998,206.893337521,47.7372313301,0.0
122.231846337,206.179563917,47.7372313301,0.0
@ 730 10 0.174216027875 0.327721764298
270.75010385,333.429501697,44.7775202949,0.0
381.707624052,437.2131288,44.7775202949,0.0
236.522120053,148.895074857,44.7775202949,0.0
463.283631891,315.804899009,44.7775202949,0.0
331.718483924,138.565212083,44.7775202949,0.0
452.192570075,62.5217819764,44.7775202949,0.0
361.451468581,329.979034092,44.7775202949,0.0
127.028841916,96.4795837471,44.7775202949,0.0
283.375838736,460.51818507,44.7775202949,0.0
159.086808141,453.201542473,44.7775202949,0.0
65.0692994025,440.714921602,44.7775202949,0.0
153.633579429,273.223770621,44.7775202949,0.0
@ 740 10 0.174216027875 0.288343993307
106.46464825,270.349791037,40.8947897578,0.0
399.053993122,399.375387712,40.8947897578,0.0
458.550623877,237.53081516,40.8947897578,0.0
83.6874238573,388.011368969,40.8947897578,0.0
165.834548907,439.022367573,40.8947897578,0.0
352.573975767,467.768878756,40.8947897578,0.0
348.924826999,79.8096438689,40.8947897578,0.0
338.882134746,296.640893312,40.8947897578,0.0
46.5610618242,54.68018979,40.8947897578,0.0
273.131064349,440.419989048,40.8947897578,0.0
109.749153803,113.420424523,40.8947897578,0.0
284.338428715,221.553493794,40.8947897578,0.0
@ 750 10 0.174216027875 0.240506484119
60.1118292235,230.368941967,44.9539055688,0.0
464.319076531,45.7919612209,44.9539055688,0.0
61.4831304106,72.1715808749,44.9539055688,0.0
436.710654906,464.496973389,44.9539055688,0.0
156.709598364,213.8131893,44.9539055688,0.0
370.509627942,344.051814742,44.9539055688,0.0
298.87158965,287.294474217,44.9539055688,0.0
112.522489621,448.206799481,44.9539055688,0.0
465.063485233,343.319500024,44.9539055688,0.0
386.173891743,233.847663116,44.9539055688,0.0
264.820791189,83.3763199144,44.9539055688,0.0
291.961025755,459.199904832,44.9539055688,0.0
@ 760 10 0.174216027875 0.290620126765
253.670938519,239.074707701,48.3489832847,0.0
330.117285655,310.024850695,48.3489832847,0.0
387.308881029,81.6988675798,48.3489832847,0.0
52.0870157975,415.271152139,48.3489832847,0.0
289.242262699,108.877102409,48.3489832847,0.0
302.458753857,426.125283343,48.3489832847,0.0
153.632407662,73.8879546452,48.3489832847,0.0
153.109397396,450.980865696,48.3489832847,0.0
449.968304075,262.625830646,48.3489832847,0.0
129.353300002,302.681411998,48.3489832847,0.0
375.377097353,191.42997084,48.3489832847,0.0
219.886008433,354.939050355,48.3489832847,0.0
@ 770 10 0.174216027875 0.336175083723
182.184569468,413.361609836,42.527920649,0.0
217.887333752,43.3897110968,42.527920649,0.0
251.635755292,170.214760696,42.527920649,0.0
328.394033755,78.6972410142,42.527920649,0.0
100.828591159,441.151443329,42.527920649,0.0
170.264755611,311.482997078,42.527920649,0.0
49.4867028378,276.459747204,42.527920649,0.0
454.193804871,454.40177602,42.527920649,0.0
345.03739243,198.642391906,42.527920649,0.0
466.362763452,233.298318334,42.527920649,0.0
65.9598184642,127.325794275,42.527920649,0.0
421.117155505,85.4449991519,42.527920649,0.0
@ 780 10 0.174216027875 0.26009926672
461.415729628,91.0598879321,49.1240639685,0.0
151.480957068,240.476980553,49.1240639685,0.0
423.516359335,330.514145966,49.1240639685,0.0
339.835914191,455.539708861,49.1240639685,0.0
191.681447384,139.68050986,49.1240639685,0.0
52.8001441274,301.138082453,49.1240639685,0.0
297.421294967,210.801112161,49.1240639685,0.0
249.012487938,304.350022579,49.1240639685,0.0
102.897916425,387.555877492,49.1240639685,0.0
223.858190634,435.859229345,49.1240639685,0.0
79.4685326678,132.302621253,49.1240639685,0.0
460.069824604,220.190752966,49.1240639685,0.0
@ 790 10 0.174216027875 0.347039897506
354.788787606,211.393208887,42.6385221078,0.0
388.553952635,432.265037422,42.6385221078,0.0
281.697344449,274.651353163,42.6385221078,0.0
191.831105885,204.031159504,42.6385221078,0.0
154.617382369,286.8594576,42.6385221078,0.0
191.454890042,43.0192474365,42.6385221078,0.0
422.614284019,307.910518674,42.6385221078,0.0
303.390622461,120.668212207,42.6385221078,0.0
389.628325408,87.3193366686,42.6385221078,0.0
215.910770361,430.867424982,42.6385221078,0.0
442.415328284,167.822048033,42.6385221078,0.0
104.225615238,98.3854465667,42.6385221078,0.0
@ 800 10 0.174216027875 0.261453895173
335.933203972,68.1288895555,45.9134960803,0.0
70.8579748691,353.136981827,45.9134960803,0.0
181.2194268,203.68961905,45.9134960803,0.0
449.432576231,461.586301531,45.9134960803,0.0
419.114671217,302.731200042,45.9134960803,0.0
95.9451082303,255.240914697,45.9134960803,0.0
71.282033781,50.0546345288,45.9134960803,0.0
307.694332085,352.886165233,45.9134960803,0.0
268.001255141,457.365895623,45.9134960803,0.0
434.997595785,90.4252435118,45.9134960803,0.0
63.3598621038,447.891450123,45.9134960803,0.0
243.055119574,115.098382109,45.9134960803,0.0
@ 810 10 0.203075137801 0.303159761452
78.3736679374,335.303201601,47.976807965,0.0
113.94775905,440.40245649,47.976807965,0.0
231.080632988,51.5355197403,47.976807965,0.0
89.1779603976,198.6765161,47.976807965,0.0
372.7175875,220.146549529,47.976807965,0.0
217.561696024,267.335289482,47.976807965,0.0
65.4473034548,61.3415610172,47.976807965,0.0
199.089392423,363.340476187,47.976807965,0.0
452.337424727,387.104213634,47.976807965,0.0
355.433747109,364.433521922,47.976807965,0.0
399.138397035,64.7653586011,47.976807965,0.0
294.963356503,456.871696791,47.976807965,0.0
@ 820 10 0.203075137801 0.33101946271
103.875533932,64.0632620266,54.2363197114,0.0
304.834525094,178.066231313,54.2363197114,0.0
377.843267662,69.514444622,54.2363197114,0.0
192.963145424,263.756455425,54.2363197114,0.0
454.504302526,152.368241436,54.2363197114,0.0
430.109871736,318.767499716,54.2363197114,0.0
61.8379145125,406.435662437,54.2363197114,0.0
212.16654891,121.65123386,54.2363197114,0.0
58.9238022644,244.041276949,54.2363197114,0.0
384.471597466,452.704286334,54.2363197114,0.0
277.121721153,419.103991757,54.2363197114,0.0
166.767294831,435.261437739,54.2363197114,0.0
@ 830 10 0.203075137801 0.423030084675
217.350738722,453.311429201,48.3349918807,0.0
425.219767481,71.6383986024,48.3349918807,0.0
49.0133962039,187.555074556,48.3349918807,0.0
54.8438467891,286.619685009,48.3349918807,0.0
151.416012211,379.830456546,48.3349918807,0.0
324.916932069,142.516530827,48.3349918807,0.0
297.652964595,370.076144737,48.3349918807,0.0
368.017292555,441.25933494,48.3349918807,0.0
69.5666121105,85.4420942611,48.3349918807,0.0
190.961431389,219.036977707,48.3349918807,0.0
442.235753787,306.314088901,48.3349918807,0.0
178.432297787,80.2309477048,48.3349918807,0.0
@ 840 10 0.203075137801 0.335980544747
155.001697111,104.695096178,47.2088310712,0.0
349.643737922,292.45558971,47.2088310712,0.0
383.818286367,198.273549285,47.2088310712,0.0
429.584536319,391.861632674,47.2088310712,0.0
439.127792858,117.498423334,47.2088310712,0.0
169.034109504,398.800844689,47.2088310712,0.0
361.702275839,463.811156872,47.2088310712,0.0
258.587509004,190.317189267,47.2088310712,0.0
112.219368606,207.907347507,47.2088310712,0.0
234.336525392,315.836744116,47.2088310712,0.0
63.9744317564,375.538112362,47.2088310712,0.0
316.560847313,92.6158552718,47.2088310712,0.0
@ 850 10 0.203075137801 0.320506856091
58.0237110702,145.624062852,49.730595213,0.0
344.487153995,92.3384647822,49.730595213,0.0
112.875366279,435.03224314,49.730595213,0.0
300.640933823,294.493040279,49.730595213,0.0
460.127877984,307.701605496,49.730595213,0.0
293.721505727,431.865427535,49.730595213,0.0
254.839651887,178.610721626,49.730595213,0.0
197.931583444,366.572302653,49.730595213,0.0
61.6043764685,336.867325407,49.730595213,0.0
133.562866785,241.142796419,49.730595213,0.0
421.855073595,165.71683642,49.730595213,0.0
446.031837033,413.522809226,49.730595213,0.0
@ 860 10 0.203075137801 0.355662555303
341.581240225,453.070834482,44.0924984255,0.0
158.992898947,401.747629972,44.0924984255,0.0
296.583282782,355.99310173,44.0924984255,0.0
167.93333237,47.921857055,44.0924984255,0.0
460.866576224,452.662324663,44.0924984255,0.0
213.003947826,318.981657667,44.0924984255,0.0
89.1047195991,328.419637774,44.0924984255,0.0
284.823222824,236.172220968,44.0924984255,0.0
459.233028043,277.953724246,44.0924984255,0.0
311.430146039,108.910595571,44.0924984255,0.0
86.817263992,117.134081332,44.0924984255,0.0
112.176207243,203.180047006,44.0924984255,0.0
@ 870 10 0.203075137801 0.279589106444
383.491357399,200.867493814,52.0672778687,0.0
267.592139186,199.847815568,52.0672778687,0.0
90.312697459,223.151129546,52.0672778687,0.0
194.292198891,111.701370786,52.0672778687,0.0
200.426080242,337.603040884,52.0672778687,0.0
255.454296645,451.333988902,52.0672778687,0.0
353.234099972,389.003886907,52.0672778687,0.0
300.883529155,89.2896315722,52.0672778687,0.0
404.717053747,61.8030312087,52.0672778687,0.0
453.529350925,321.03676003,52.0672778687,0.0
124.595398635,459.723253271,52.0672778687,0.0
87.8949947634,52.481387577,52.0672778687,0.0
@ 880 10 0.203075137801 0.389870680192
164.876564309,315.064181233,46.2999904394,0.0
431.131108965,68.4934744562,46.2999904394,0.0
96.8317762748,78.0538386176,46.2999904394,0.0
363.514989345,194.8612632,46.2999904394,0.0
440.274629714,409.400076858,46.2999904394,0.0
258.162404128,411.061670872,46.2999904394,0.0
245.111366911,160.791042383,46.2999904394,0.0
354.420856827,463.236563062,46.2999904394,0.0
352.24653324,340.320426412,46.2999904394,0.0
138.466359428,413.617690158,46.2999904394,0.0
59.5225448199,187.478107367,46.2999904394,0.0
163.095989623,208.34275181,46.2999904394,0.0
@ 890 10 0.203075137801 0.308285169333
302.140735544,112.529805887,46.2711752881,0.0
88.7117264067,247.758233754,46.2711752881,0.0
259.924825726,375.184798022,46.2711752881,0.0
240.784116522,252.408839495,46.2711752881,0.0
184.006307649,50.6948877271,46.2711752881,0.0
200.977669251,465.201501325,46.2711752881,0.0
312.378502273,461.648577489,46.2711752881,0.0
413.75955446,445.917171988,46.2711752881,0.0
439.065189531,219.645415239,46.2711752881,0.0
341.747190911,282.517241361,46.2711752881,0.0
425.660481852,73.4031397642,46.2711752881,0.0
159.789487222,158.301417722,46.2711752881,0.0
@ 900 10 0.203075137801 0.3079015615
382.723299067,321.047820448,51.7866159317,0.0
108.495197326,70.5831530679,51.7866159317,0.0
456.978842368,106.173181646,51.7866159317,0.0
249.800483098,134.915747196,51.7866159317,0.0
68.6725587013,418.610576816,51.7866159317,0.0
395.155096618,453.904096559,51.7866159317,0.0
195.019834174,379.455260005,51.7866159317,0.0
289.635590861,449.136639051,51.7866159317,0.0
345.135174611,59.010708376,51.7866159317,0.0
280.071134377,255.323758844,51.7866159317,0.0
392.626892945,205.456784174,51.7866159317,0.0
134.784457328,214.465236419,51.7866159317,0.0
@ 910 10 0.243393602225 0.385678913211
104.377560388,172.210926749,50.4668317287,0.0
215.362693333,160.238442726,50.4668317287,0.0
327.248202819,116.9201365,50.4668317287,0.0
456.290218034,324.966357048,50.4668317287,0.0
113.004135098,418.889301154,50.4668317287,0.0
432.792507081,162.760405855,50.4668317287,0.0
343.415397182,455.312352101,50.4668317287,0.0
322.758959612,240.340839674,50.4668317287,0.0
450.733388105,451.588564551,50.4668317287,0.0
137.005958905,50.6001373374,50.4668317287,0.0
228.886992885,396.494496089,50.4668317287,0.0
83.7051835925,304.826030548,50.4668317287,0.0
@ 920 10 0.243393602225 0.366271318434
284.822446994,253.539811709,52.6825711115,0.0
103.026545445,423.471690924,52.6825711115,0.0
455.639830114,208.075784126,52.6825711115,0.0
431.313871136,59.0948391798,52.6825711115,0.0
237.105147031,63.4806264257,52.6825711115,0.0
453.375316502,423.172024056,52.6825711115,0.0
291.805357884,408.763778696,52.6825711115,0.0
63.9899780253,301.763041648,52.6825711115,0.0
173.602418917,241.026548833,52.6825711115,0.0
97.501047963,70.989439264,52.6825711115,0.0
59.0847111058,170.312549617,52.6825711115,0.0
363.483332274,150.442377224,52.6825711115,0.0
@ 930 10 0.243393602225 0.399139541444
271.881324977,460.35225358,47.7262316303,0.0
99.1166595264,360.896596816,47.7262316303,0.0
436.038569752,317.009372032,47.7262316303,0.0
73.1410995222,78.5052043457,47.7262316303,0.0
78.8137970159,182.493041356,47.7262316303,0.0
439.613601878,62.5678020929,47.7262316303,0.0
183.257183551,221.651053786,47.7262316303,0.0
393.689933642,416.917728951,47.7262316303,0.0
266.150081956,80.7455807044,47.7262316303,0.0
450.403620981,202.619999932,47.7262316303,0.0
218.503721518,331.319415249,47.7262316303,0.0
311.01716195,364.29866067,47.7262316303,0.0
@ 940 10 0.243393602225 0.327570753206
455.065005033,348.332276176,55.1563168913,0.0
311.057151681,57.0616205412,55.1563168913,0.0
335.276075504,315.952316125,55.1563168913,0.0
445.921057,211.736460953,55.1563168913,0.0
71.8579834399,146.924051087,55.1563168913,0.0
170.821957943,70.7019571587,55.1563168913,0.0
226.07563771,297.79174295,55.1563168913,0.0
108.086754142,368.22295349,55.1563168913,0.0
238.735733351,447.429364331,55.1563168913,0.0
274.172943655,189.507715761,55.1563168913,0.0
417.232126515,97.5683128421,55.1563168913,0.0
380.135214983,440.220084598,55.1563168913,0.0
@ 950 10 0.243393602225 0.437503313084
139.566529397,88.8701397148,42.3674277787,0.0
313.189763091,134.386049154,42.3674277787,0.0
157.560275504,385.118195576,42.3674277787,0.0
468.485452174,64.3688996045,42.3674277787,0.0
300.090690122,46.0726099175,42.3674277787,0.0
250.276527793,382.049029551,42.3674277787,0.0
67.4176137771,340.842839886,42.3674277787,0.0
310.36791162,464.437560066,42.3674277787,0.0
194.120298114,174.116264172,42.3674277787,0.0
115.14075688,243.564099762,42.3674277787,0.0
321.769283533,257.727360685,42.3674277787,0.0
434.896098527,320.53999212,42.3674277787,0.0
@ 960 10 0.243393602225 0.258139833489
245.788207758,61.2220105458,51.0879461318,0.0
124.719880067,444.49711588,51.0879461318,0.0
177.053154023,304.318244559,51.0879461318,0.0
277.019067916,339.335334879,51.0879461318,0.0
336.870986771,209.305588708,51.0879461318,0.0
440.072610631,447.722325563,51.0879461318,0.0
419.00191474,137.371849853,51.0879461318,0.0
381.179431023,349.79172747,51.0879461318,0.0
456.961245601,265.526841827,51.0879461318,0.0
105.768203938,63.8044058719,51.0879461318,0.0
71.1374273981,301.074267201,51.0879461318,0.0
328.801795722,448.110720751,51.0879461318,0.0
@ 970 10 0.243393602225 0.375342477671
406.224615278,461.204933709,46.7279390558,0.0
384.374548269,278.316419653,46.7279390558,0.0
422.078530165,148.944133577,46.7279390558,0.0
175.382110216,48.1227881418,46.7279390558,0.0
63.9409079756,145.3456477,46.7279390558,0.0
402.282749336,50.7750058092,46.7279390558,0.0
96.1740796734,448.263130289,46.7279390558,0.0
240.36257952,191.745433498,46.7279390558,0.0
146.405734891,232.123156616,46.7279390558,0.0
431.343991026,365.768373213,46.7279390558,0.0
170.037007386,385.299782392,46.7279390558,0.0
291.313494768,458.695182692,46.7279390558,0.0
@ 980 10 0.243393602225 0.314010437212
385.682292239,384.748175782,47.5239512693,0.0
50.0272767191,372.196312953,47.5239512693,0.0
253.774240893,321.135408425,47.5239512693,0.0
419.607718209,286.790477891,47.5239512693,0.0
333.425645932,53.0381768427,47.5239512693,0.0
314.480274188,191.068518797,47.5239512693,0.0
159.766117655,259.370148679,47.5239512693,0.0
163.259464785,362.574108577,47.5239512693,0.0
106.206088966,460.959355334,47.5239512693,0.0
58.7626869377,240.721310444,47.5239512693,0.0
165.821927144,144.515434002,47.5239512693,0.0
210.17511451,461.322848381,47.5239512693,0.0
@ 990 10 0.243393602225 0.324799920098
160.730491885,169.948786765,52.9016055409,0.0
298.48269031,416.896315557,52.9016055409,0.0
451.147367707,97.6286105913,52.9016055409,0.0
181.190570859,351.075964583,52.9016055409,0.0
325.627428477,53.9413222181,52.9016055409,0.0
68.7930573689,391.530802233,52.9016055409,0.0
163.043508151,61.2476687407,52.9016055409,0.0
287.513724617,242.955516623,52.9016055409,0.0
456.078227602,442.775013007,52.9016055409,0.0
56.4485626506,278.771595917,52.9016055409,0.0
451.67151749,243.567749214,52.9016055409,0.0
59.7860158153,125.150120161,52.9016055409,0.0
@ 1000 10 0.243393602225 0.402465386812
175.132253245,291.140995571,50.5307306142,0.0
319.456899731,177.046501862,50.5307306142,0.0
316.362169957,394.302014254,50.5307306142,0.0
65.6988377672,454.438500586,50.5307306142,0.0
69.2689534977,122.560444927,50.5307306142,0.0
411.618614876,74.6538043544,50.5307306142,0.0
228.27649708,122.426005079,50.5307306142,0.0
80.7349032675,226.447290207,50.5307306142,0.0
404.657488473,335.528094808,50.5307306142,0.0
426.898160637,205.296532588,50.5307306142,0.0
157.850684093,397.372743384,50.5307306142,0.0
457.77716695,458.519816854,50.5307306142,0.0
@ 1010 10 0.303687635575 0.367199418931
56.9857794256,451.343105981,52.707582744,0.0
211.39008323,276.824023649,52.707582744,0.0
423.427635038,432.711682782,52.707582744,0.0
337.471030398,285.716470389,52.707582744,0.0
251.270863917,113.801521255,52.707582744,0.0
425.142585168,80.3120168953,52.707582744,0.0
336.00335843,179.598905567,52.707582744,0.0
112.57997568,73.566536377,52.707582744,0.0
324.673922602,394.672334555,52.707582744,0.0
53.4723805868,268.051711774,52.707582744,0.0
132.271647352,348.287608426,52.707582744,0.0
452.95309027,232.070676689,52.707582744,0.0
@ 1020 10 0.303687635575 0.399518623221
377.31784001,335.747293629,53.340221841,0.0
252.083933177,318.040984216,53.340221841,0.0
357.630430152,225.630206116,53.340221841,0.0
311.735543775,118.186222672,53.340221841,0.0
320.130420822,449.915953947,53.340221841,0.0
189.39038183,428.644199232,53.340221841,0.0
132.034666286,322.29634683,53.340221841,0.0
449.713076906,96.5183890608,53.340221841,0.0
237.632501262,195.676546676,53.340221841,0.0
60.4342239135,433.99888331,53.340221841,0.0
204.352682055,56.8877584097,53.340221841,0.0
62.1019947444,126.553921847,53.340221841,0.0
@ 1030 10 0.303687635575 0.409166873036
265.550268097,158.370845368,51.9837999417,0.0
143.663895682,82.0816438489,51.9837999417,0.0
120.936596908,457.865507733,51.9837999417,0.0
439.260376014,149.830797242,51.9837999417,0.0
383.304337536,243.347299342,51.9837999417,0.0
88.9460414486,215.106503097,51.9837999417,0.0
450.928125776,322.319060804,51.9837999417,0.0
251.474241044,263.38833186,51.9837999417,0.0
327.492173155,424.121408297,51.9837999417,0.0
427.641575287,457.41571608,51.9837999417,0.0
261.599650975,52.9023700402,51.9837999417,0.0
64.2852955994,334.758186337,51.9837999417,0.0
@ 1040 10 0.303687635575 0.388621546079
186.395522931,433.867485652,52.1525561318,0.0
91.4100301253,323.068174486,52.1525561318,0.0
332.312545985,313.872923634,52.1525561318,0.0
71.2247419181,440.630414624,52.1525561318,0.0
446.108973082,406.101291744,52.1525561318,0.0
340.527561769,190.674053325,52.1525561318,0.0
331.545591889,435.268471944,52.1525561318,0.0
199.299276862,329.652303026,52.1525561318,0.0
62.6118266699,184.748143727,52.1525561318,0.0
209.061799578,183.099438559,52.1525561318,0.0
115.350728259,80.7734069832,52.1525561318,0.0
425.599145588,265.006968571,52.1525561318,0.0
@ 1050 10 0.303687635575 0.391148823508
205.817672867,442.673518381,50.9431143086,0.0
249.060748476,96.3257603206,50.9431143086,0.0
93.1625983301,319.009172671,50.9431143086,0.0
348.61591688,158.09490788,50.9431143086,0.0
317.354242798,440.723120724,50.9431143086,0.0
284.934203455,331.576672554,50.9431143086,0.0
456.547928435,252.589518318,50.9431143086,0.0
117.934385215,78.0313871406,50.9431143086,0.0
451.821604089,87.3679119798,50.9431143086,0.0
228.734127988,223.699798733,50.9431143086,0.0
91.5934926776,421.892503047,50.9431143086,0.0
403.125854593,350.131023618,50.9431143086,0.0
@ 1060 10 0.303687635575 0.373217339226
284.858027353,208.998783151,46.3827526317,0.0
430.550252656,141.001184955,46.3827526317,0.0
117.581509036,461.456945213,46.3827526317,0.0
280.809950819,394.496438697,46.3827526317,0.0
210.184000921,133.16339214,46.3827526317,0.0
346.756815036,92.9031208613,46.3827526317,0.0
409.591564879,257.454797957,46.3827526317,0.0
135.218742012,53.041872079,46.3827526317,0.0
243.592071946,301.274230044,46.3827526317,0.0
388.430867396,386.631936907,46.3827526317,0.0
49.0048781834,102.696230329,46.3827526317,0.0
86.9775278509,315.523413228,46.3827526317,0.0
@ 1070 10 0.303687635575 0.309388286633
416.095016239,439.896084906,54.4845106231,0.0
434.776732774,135.19641682,54.4845106231,0.0
58.2488721622,320.219710137,54.4845106231,0.0
442.328529735,280.104530496,54.4845106231,0.0
169.342187308,457.298974384,54.4845106231,0.0
300.710136688,432.650257437,54.4845106231,0.0
237.871018096,62.2203317282,54.4845106231,0.0
123.207203666,65.4824912773,54.4845106231,0.0
188.284773556,318.594635808,54.4845106231,0.0
303.393208383,169.57418348,54.4845106231,0.0
299.818918214,320.132689793,54.4845106231,0.0
59.2532035884,429.258817607,54.4845106231,0.0
@ 1080 10 0.303687635575 0.426910600554
79.2997488015,286.599107649,54.1301766409,0.0
189.269529104,64.35822113,54.1301766409,0.0
248.130204626,161.448630094,54.1301766409,0.0
380.293742957,437.306324276,54.1301766409,0.0
120.366908687,176.916230222,54.1301766409,0.0
338.90096275,65.2103753006,54.1301766409,0.0
130.943525621,405.880289118,54.1301766409,0.0
448.425243767,303.570875946,54.1301766409,0.0
329.47630607,283.96121152,54.1301766409,0.0
205.009450499,268.306924566,54.1301766409,0.0
429.41253962,166.347140307,54.1301766409,0.0
258.970335418,438.796379733,54.1301766409,0.0
@ 1090 10 0.303687635575 0.421375924697
57.0933013473,365.038197821,49.1280743401,0.0
178.563501827,283.020939645,49.1280743401,0.0
208.05326839,171.799495837,49.1280743401,0.0
295.116626738,225.949413752,49.1280743401,0.0
55.9436429593,141.010022807,49.1280743401,0.0
333.915863526,407.986946538,49.1280743401,0.0
177.124585017,76.4076771,49.1280743401,0.0
387.610107511,304.941409782,49.1280743401,0.0
78.6612632942,241.397959443,49.1280743401,0.0
457.462924254,221.443247957,49.1280743401,0.0
438.102675708,112.917994707,49.1280743401,0.0
323.484007507,104.487803522,49.1280743401,0.0
@ 1100 10 0.303687635575 0.347096562841
165.97251674,439.254562785,54.0815163046,0.0
184.37290068,291.227733562,54.0815163046,0.0
424.732514936,80.184654848,54.0815163046,0.0
424.46729642,448.575399149,54.0815163046,0.0
282.665481151,424.636110958,54.0815163046,0.0
66.8198646298,71.4363444891,54.0815163046,0.0
59.5666094327,225.043456458,54.0815163046,0.0
318.032079684,322.25527977,54.0815163046,0.0
446.799651301,302.272871957,54.0815163046,0.0
299.115356712,120.014313452,54.0815163046,0.0
55.1873151051,367.515603719,54.0815163046,0.0
197.053518756,81.1728226332,54.0815163046,0.0
@ 1110 10 0.40369088812 0.420618673222
215.200907949,136.348537455,52.7809615284,0.0
410.448246819,278.741211359,52.7809615284,0.0
321.77774887,445.352485821,52.7809615284,0.0
208.421439653,316.084429594,52.7809615284,0.0
430.65791092,80.0736389403,52.7809615284,0.0
55.7632743341,225.37523119,52.7809615284,0.0
112.026815568,81.5200423059,52.7809615284,0.0
432.304111117,424.285887796,52.7809615284,0.0
293.367478766,245.23260229,52.7809615284,0.0
97.1992816704,343.322669491,52.7809615284,0.0
374.753717475,176.401760735,52.7809615284,0.0
289.45150082,54.8975377776,52.7809615284,0.0
@ 1120 10 0.40369088812 0.400631806416
280.287872606,56.9277676755,52.2195983833,0.0
63.6331410104,441.051509131,52.2195983833,0.0
198.756181718,408.826204418,52.2195983833,0.0
133.444739084,128.39691402,52.2195983833,0.0
381.947502265,171.454431943,52.2195983833,0.0
432.124289343,385.62770155,52.2195983833,0.0
140.122722019,318.999069392,52.2195983833,0.0
268.205457227,176.527113348,52.2195983833,0.0
436.304864107,73.909421875,52.2195983833,0.0
351.319459743,307.994854008,52.2195983833,0.0
57.1987793127,202.739362078,52.2195983833,0.0
306.041210251,459.126024202,52.2195983833,0.0
@ 1130 10 0.40369088812 0.392155115623
130.730356257,343.785891478,53.8097298519,0.0
442.671883337,58.8731646159,53.8097298519,0.0
165.320073653,452.336643367,53.8097298519,0.0
313.139455704,438.644400712,53.8097298519,0.0
295.74417381,60.1778228806,53.8097298519,0.0
454.752195999,435.248641457,53.8097298519,0.0
68.5456863426,228.241688274,53.8097298519,0.0
77.9372260341,76.4869873684,53.8097298519,0.0
187.351360455,105.924745944,53.8097298519,0.0
53.9712497292,420.338761972,53.8097298519,0.0
317.679846928,215.101045046,53.8097298519,0.0
426.037370129,202.011483765,53.8097298519,0.0
@ 1140 10 0.40369088812 0.416401661148
448.567951733,203.104147456,57.4435188913,0.0
115.642798965,413.0621421,57.4435188913,0.0
58.1544515783,113.06198657,57.4435188913,0.0
305.547607732,322.126656115,57.4435188913,0.0
326.33212493,197.966934469,57.4435188913,0.0
229.619143971,447.668000806,57.4435188913,0.0
67.1409712704,250.198837464,57.4435188913,0.0
350.731455297,83.834324135,57.4435188913,0.0
208.085585148,186.439430774,57.4435188913,0.0
427.290892832,316.507671892,57.4435188913,0.0
363.549552152,427.290368842,57.4435188913,0.0
175.035211791,303.591127434,57.4435188913,0.0
@ 1150 10 0.40369088812 0.474540083478
328.014998877,225.002442309,55.7804897395,0.0
436.589086647,307.07289106,55.7804897395,0.0
256.083549941,107.229148199,55.7804897395,0.0
399.366219608,112.892062202,55.7804897395,0.0
58.1203617267,201.880268825,55.7804897395,0.0
306.29796628,447.861761744,55.7804897395,0.0
225.670543802,281.490653025,55.7804897395,0.0
142.610188601,128.854548379,55.7804897395,0.0
178.552476307,425.379143829,55.7804897395,0.0
108.357658052,313.168902078,55.7804897395,0.0
432.474404769,419.849347625,55.7804897395,0.0
63.3094189969,453.948646314,55.7804897395,0.0
@ 1160 10 0.40369088812 0.447461295682
336.083904556,297.807130912,49.8097649567,0.0
424.005156958,401.926775442,49.8097649567,0.0
276.85972728,408.584216363,49.8097649567,0.0
229.739783223,161.903010494,49.8097649567,0.0
61.8093936478,159.224069067,49.8097649567,0.0
103.888736445,451.653479237,49.8097649567,0.0
443.924351419,53.3127135759,49.8097649567,0.0
319.552276213,49.9516811777,49.8097649567,0.0
154.291382041,326.190798639,49.8097649567,0.0
458.340038697,221.509447023,49.8097649567,0.0
114.660716287,50.5932175874,49.8097649567,0.0
342.394445496,164.843297719,49.8097649567,0.0
@ 1170 10 0.40369088812 0.356795866754
70.4632230754,214.108478049,50.2786116915,0.0
449.457830227,426.451660112,50.2786116915,0.0
159.17660315,67.6252055649,50.2786116915,0.0
441.19635792,177.182899656,50.2786116915,0.0
277.732475506,203.260416166,50.2786116915,0.0
160.354534145,168.453688391,50.2786116915,0.0
402.727112409,276.340360125,50.2786116915,0.0
349.779761156,361.998735768,50.2786116915,0.0
66.905398267,377.979000984,50.2786116915,0.0
453.765639992,62.0954299517,50.2786116915,0.0
312.376372179,68.565130119,50.2786116915,0.0
164.055826176,289.23043302,50.2786116915,0.0
@ 1180 10 0.40369088812 0.363544337524
97.2152460877,179.011388022,50.0196110582,0.0
60.8630977386,395.200576071,50.0196110582,0.0
86.9321399527,79.0333027137,50.0196110582,0.0
285.000716804,140.730200339,50.0196110582,0.0
403.639956363,383.355725763,50.0196110582,0.0
276.342618193,433.392412009,50.0196110582,0.0
97.4198937375,300.865799234,50.0196110582,0.0
152.326182107,459.339652891,50.0196110582,0.0
312.724353847,329.28040114,50.0196110582,0.0
388.68238896,63.7857503518,50.0196110582,0.0
188.373297783,76.8083741657,50.0196110582,0.0
372.673463759,201.496978834,50.0196110582,0.0
@ 1190 10 0.40369088812 0.35980852655
418.87084139,160.185974617,51.6586154411,0.0
90.2781673259,266.330026898,51.6586154411,0.0
446.412720203,430.200392893,51.6586154411,0.0
357.947378055,286.108246908,51.6586154411,0.0
277.108756052,185.40086173,51.6586154411,0.0
82.781569469,71.8166585483,51.6586154411,0.0
76.1654695477,376.132277389,51.6586154411,0.0
448.292015646,58.7138522504,51.6586154411,0.0
247.525404554,342.580214093,51.6586154411,0.0
187.262269127,442.262943104,51.6586154411,0.0
139.70849409,170.01561857,51.6586154411,0.0
328.111476563,421.803409749,51.6586154411,0.0
@ 1200 10 0.40369088812 0.383774711551
253.726847853,325.780745204,58.6410950659,0.0
340.651206937,246.306216284,58.6410950659,0.0
285.589717886,114.242183625,58.6410950659,0.0
234.944857712,451.78241657,58.6410950659,0.0
213.5088693,211.647980769,58.6410950659,0.0
447.813661945,313.67416199,58.6410950659,0.0
414.533241805,67.816068058,58.6410950659,0.0
102.630678468,314.398630219,58.6410950659,0.0
157.115556441,86.5355548524,58.6410950659,0.0
452.398276409,182.028234922,58.6410950659,0.0
62.8345996509,178.351979559,58.6410950659,0.0
383.021490131,431.064422405,58.6410950659,0.0
@ 1210 10 0.601891659501 0.494532654096
64.0504316097,55.9844602675,55.7132849213,0.0
302.578757122,64.9500684935,55.7132849213,0.0
209.504175394,289.858092785,55.7132849213,0.0
455.194204018,453.308546869,55.7132849213,0.0
453.644321686,244.948586285,55.7132849213,0.0
93.4519062398,401.49795013,55.7132849213,0.0
424.020859823,78.789156777,55.7132849213,0.0
354.31734901,181.17426479,55.7132849213,0.0
62.5941178274,292.801543719,55.7132849213,0.0
306.172943977,432.610925206,55.7132849213,0.0
69.1912689012,175.266754303,55.7132849213,0.0
187.952559599,60.6264808209,55.7132849213,0.0
@ 1220 10 0.601891659501 0.446383734695
254.717925077,79.8316984227,56.715982053,0.0
375.544597385,165.092926885,56.715982053,0.0
167.320904188,339.935627859,56.715982053,0.0
451.778777296,57.7137817845,56.715982053,0.0
303.446276598,253.19219044,56.715982053,0.0
158.173354139,204.311754864,56.715982053,0.0
60.3902171465,280.355737879,56.715982053,0.0
441.783937366,265.749758381,56.715982053,0.0
71.7963833578,80.7880315792,56.715982053,0.0
436.560664822,429.899252795,56.715982053,0.0
322.776585111,399.675521204,56.715982053,0.0
217.023073133,449.3843536,56.715982053,0.0
@ 1230 10 0.601891659501 0.462595861117
176.806639734,420.549235583,54.1795813631,0.0
424.346649659,280.603014469,54.1795813631,0.0
189.099375083,285.719907642,54.1795813631,0.0
67.9631795146,429.615381542,54.1795813631,0.0
148.154731065,177.031762868,54.1795813631,0.0
62.8933519622,62.8962839356,54.1795813631,0.0
368.971458644,73.3701330652,54.1795813631,0.0
317.194873992,406.084821335,54.1795813631,0.0
298.470995693,246.241385568,54.1795813631,0.0
198.54545315,75.973735956,54.1795813631,0.0
55.9457240701,299.174880444,54.1795813631,0.0
432.092670761,433.984778195,54.1795813631,0.0
@ 1240 10 0.601891659501 0.422145457039
323.663141572,212.973124431,58.6955559254,0.0
446.444987661,443.913529958,58.6955559254,0.0
178.055889505,156.878201501,58.6955559254,0.0
63.1525770219,235.146852474,58.6955559254,0.0
259.425674044,448.709591101,58.6955559254,0.0
447.591961621,61.1756853496,58.6955559254,0.0
68.582537248,95.5203189871,58.6955559254,0.0
212.260395198,272.146872023,58.6955559254,0.0
65.876838924,355.15581156,58.6955559254,0.0
313.483056289,61.3477812121,58.6955559254,0.0
443.575447863,181.877931469,58.6955559254,0.0
367.348250791,326.475487553,58.6955559254,0.0
@ 1250 10 0.601891659501 0.495451640337
79.7067927326,430.260713833,58.4607745604,0.0
206.924006353,391.401230407,58.4607745604,0.0
124.36267325,69.1961917773,58.4607745604,0.0
67.0759048778,190.778362629,58.4607745604,0.0
364.403701573,190.344573525,58.4607745604,0.0
326.314035306,417.519040841,58.4607745604,0.0
100.258852263,304.623855341,58.4607745604,0.0
199.264299874,168.795468954,58.4607745604,0.0
272.710638705,263.454116025,58.4607745604,0.0
401.677007892,310.886954367,58.4607745604,0.0
321.610581686,72.8790976265,58.4607745604,0.0
439.326601608,97.4949669931,58.4607745604,0.0
@ 1260 10 0.601891659501 0.491495968879
446.662090893,369.422587183,54.1841629517,0.0
102.306283559,65.9163913948,54.1841629517,0.0
300.410038501,186.232140506,54.1841629517,0.0
369.679971927,285.624953183,54.1841629517,0.0
418.817031586,155.345137017,54.1841629517,0.0
147.299288927,164.990761118,54.1841629517,0.0
335.144639378,397.822852258,54.1841629517,0.0
259.645225331,82.5424813665,54.1841629517,0.0
90.2944848378,300.684141536,54.1841629517,0.0
252.307812996,314.291766896,54.1841629517,0.0
163.618739516,400.049729793,54.1841629517,0.0
56.0013222956,439.775272901,54.1841629517,0.0
@ 1270 10 0.601891659501 0.422216855841
279.691573005,70.1468970647,57.729267391,0.0
312.65076761,196.086695478,57.729267391,0.0
178.100365301,449.460764458,57.729267391,0.0
78.9540369464,389.986346343,57.729267391,0.0
454.128552008,421.201783196,57.729267391,0.0
185.297224526,327.962842644,57.729267391,0.0
294.556718589,387.059861276,57.729267391,0.0
94.3456085667,62.2565232167,57.729267391,0.0
186.469163972,172.965292068,57.729267391,0.0
418.399623771,126.572691213,57.729267391,0.0
64.0468813917,253.633515744,57.729267391,0.0
436.846267559,281.908400649,57.729267391,0.0
@ 1280 10 0.601891659501 0.479272954423
238.205077547,330.059871218,56.046543029,0.0
399.556128441,197.719181849,56.046543029,0.0
218.64226743,187.278974301,56.046543029,0.0
341.763288493,398.429651964,56.046543029,0.0
173.426896175,453.33224328,56.046543029,0.0
56.5340901278,190.115572769,56.046543029,0.0
454.757515421,329.417940602,56.046543029,0.0
61.0627469094,435.799368849,56.046543029,0.0
114.613694779,296.666804338,56.046543029,0.0
450.324905319,87.2581599368,56.046543029,0.0
454.579658113,447.725165027,56.046543029,0.0
232.135659739,71.60056645,56.046543029,0.0
@ 1290 10 0.601891659501 0.45173994078
294.518022488,178.344221695,55.9292808346,0.0
157.229506753,262.267553222,55.9292808346,0.0
62.6705118066,181.51350742,55.9292808346,0.0
236.283219251,417.078603839,55.9292808346,0.0
394.700764727,429.169906624,55.9292808346,0.0
416.972335452,63.8466259998,55.9292808346,0.0
408.220785764,179.407052727,55.9292808346,0.0
278.251350768,57.9940392283,55.9292808346,0.0
380.378053441,289.998396431,55.9292808346,0.0
72.7270780558,384.047337239,55.9292808346,0.0
89.0548745767,56.9738409354,55.9292808346,0.0
169.86763281,143.276379075,55.9292808346,0.0
@ 1300 10 0.601891659501 0.449851631559
198.599347885,221.548408682,60.6748771451,0.0
306.745811523,449.094249107,60.6748771451,0.0
180.411412769,85.6456044937,60.6748771451,0.0
178.360042319,346.892937052,60.6748771451,0.0
309.552266299,322.137981554,60.6748771451,0.0
432.25537069,365.359948664,60.6748771451,0.0
61.6533030927,425.579463247,60.6748771451,0.0
65.5547446069,295.650247043,60.6748771451,0.0
449.549643229,222.293765052,60.6748771451,0.0
328.376696921,132.595632265,60.6748771451,0.0
448.133590123,88.5655054684,60.6748771451,0.0
74.9305671612,169.980232287,60.6748771451,0.0
@ 1310 10 1.18243243243 0.529430115086
63.0407375171,313.810414211,60.9932997363,0.0
446.871747178,262.735370554,60.9932997363,0.0
312.371672839,66.9095634121,60.9932997363,0.0
343.294296329,346.364914639,60.9932997363,0.0
203.636123113,225.74642476,60.9932997363,0.0
190.5120866,97.9346271481,60.9932997363,0.0
205.242591908,398.247698589,60.9932997363,0.0
82.9563507311,435.656601076,60.9932997363,0.0
429.991283099,108.267934174,60.9932997363,0.0
450.036458529,443.088284557,60.9932997363,0.0
327.49441546,192.627327626,60.9932997363,0.0
67.7197200075,70.9099154214,60.9932997363,0.0
@ 1320 10 1.18243243243 0.535001609542
430.967022456,293.533866131,62.7523196184,0.0
419.766264205,63.1574787231,62.7523196184,0.0
68.6681414062,435.1941481,62.7523196184,0.0
64.6325760418,238.715976093,62.7523196184,0.0
279.762640412,444.526215127,62.7523196184,0.0
226.353947071,74.5367874468,62.7523196184,0.0
409.219704609,420.209189767,62.7523196184,0.0
173.633579933,363.958214714,62.7523196184,0.0
341.71109873,175.443976921,62.7523196184,0.0
306.668082361,316.65396024,62.7523196184,0.0
185.979443476,206.293611334,62.7523196184,0.0
72.1265996724,81.4336701412,62.7523196184,0.0
@ 1330 10 1.18243243243 0.566305002419
422.897473102,422.126513208,59.674401569,0.0
345.509386843,213.078178791,59.674401569,0.0
85.9789894258,180.314652401,59.674401569,0.0
209.840165329,108.794932954,59.674401569,0.0
84.3936481445,433.744868818,59.674401569,0.0
89.348849902,60.9066077663,59.674401569,0.0
311.208236895,342.457476027,59.674401569,0.0
218.410758348,434.95894661,59.674401569,0.0
450.528627139,145.357920637,59.674401569,0.0
449.320015198,280.400157266,59.674401569,0.0
332.341146466,73.910060368,59.674401569,0.0
186.448036793,254.423086062,59.674401569,0.0
@ 1340 10 1.18243243243 0.512114384794
433.529666548,432.042938963,62.3671767217,0.0
319.548107433,131.755912893,62.3671767217,0.0
66.3493626202,228.350479673,62.3671767217,0.0
193.163081331,74.7532523726,62.3671767217,0.0
71.603512973,433.521151825,62.3671767217,0.0
63.691121825,64.1049868408,62.3671767217,0.0
287.987135385,427.084734939,62.3671767217,0.0
143.591590623,330.942086247,62.3671767217,0.0
434.46305442,63.0233203304,62.3671767217,0.0
447.894361292,279.381902399,62.3671767217,0.0
188.592439519,199.93302261,62.3671767217,0.0
295.434034616,288.374559561,62.3671767217,0.0
@ 1350 10 1.18243243243 0.559374931007
429.756305134,442.030907509,61.6052099413,0.0
113.452244597,112.918216599,61.6052099413,0.0
69.8680204072,434.403395552,61.6052099413,0.0
335.657031743,192.231603965,61.6052099413,0.0
175.144913349,333.976954076,61.6052099413,0.0
258.069640753,81.3304624681,61.6052099413,0.0
335.592268659,322.477725375,61.6052099413,0.0
250.95110006,439.752464477,61.6052099413,0.0
440.636404696,100.443379736,61.6052099413,0.0
204.438589733,212.218346191,61.6052099413,0.0
82.6849678399,234.011614466,61.6052099413,0.0
448.33831063,244.690404899,61.6052099413,0.0
@ 1360 10 1.18243243243 0.545790175397
307.378873208,306.5685161,59.593358931,0.0
189.603131871,112.136350291,59.593358931,0.0
431.574742495,446.322096212,59.593358931,0.0
69.0900355519,109.617471953,59.593358931,0.0
235.502847278,448.075384645,59.593358931,0.0
308.938587478,161.017335133,59.593358931,0.0
188.299213376,299.315300343,59.593358931,0.0
445.868066576,305.902660637,59.593358931,0.0
448.296319173,186.225631334,59.593358931,0.0
68.9803962292,259.492607247,59.593358931,0.0
108.127357768,398.603482714,59.593358931,0.0
403.208155954,65.4598726411,59.593358931,0.0
@ 1370 10 1.18243243243 0.510724344262
442.699471961,415.843129647,61.0245805342,0.0
186.455537398,403.715702035,61.0245805342,0.0
440.107172066,286.269939434,61.0245805342,0.0
305.91652619,450.557810829,61.0245805342,0.0
67.9585454094,371.215353402,61.0245805342,0.0
174.219806544,270.984772111,61.0245805342,0.0
297.455243873,317.732930718,61.0245805342,0.0
66.5061920529,63.5222178249,61.0245805342,0.0
438.07716319,159.568962991,61.0245805342,0.0
316.795177793,196.826322008,61.0245805342,0.0
191.175749501,105.851805263,61.0245805342,0.0
339.516250619,75.9732784739,61.0245805342,0.0
@ 1380 10 1.18243243243 0.535550508148
449.280932373,276.157876387,58.8321093073,0.0
64.8835166545,434.228096143,58.8321093073,0.0
226.737615654,435.138512548,58.8321093073,0.0
108.224884836,300.85312155,58.8321093073,0.0
62.8411468001,70.185327187,58.8321093073,0.0
413.785471097,447.399178505,58.8321093073,0.0
324.618837048,355.677498269,58.8321093073,0.0
231.822286705,267.360490424,58.8321093073,0.0
236.315564023,106.48419595,58.8321093073,0.0
423.382749226,113.37495017,58.8321093073,0.0
126.463917868,180.188510396,58.8321093073,0.0
345.034719841,206.904664757,58.8321093073,0.0
@ 1390 10 1.18243243243 0.497759627554
174.604250382,184.506250793,63.2916086423,0.0
204.644380484,310.768283568,63.2916086423,0.0
110.667153077,424.342618499,63.2916086423,0.0
348.96445675,320.32681132,63.2916086423,0.0
282.350779215,68.0818540579,63.2916086423,0.0
391.516252785,442.664192704,63.2916086423,0.0
262.359197109,441.54232703,63.2916086423,0.0
442.774159918,232.995429287,63.2916086423,0.0
439.425131472,94.9288278298,63.2916086423,0.0
66.9853636058,64.5998435853,63.2916086423,0.0
71.9956164027,280.008193179,63.2916086423,0.0
312.845996336,198.564021102,63.2916086423,0.0
@ 1400 10 1.18243243243 0.576080398
165.346942302,174.69441635,70.1003427599,0.0
208.385270995,308.327670927,70.1003427599,0.0
71.2189142435,440.455501003,70.1003427599,0.0
346.98063289,337.845833237,70.1003427599,0.0
260.318122914,70.7048819721,70.1003427599,0.0
441.582123248,441.840768248,70.1003427599,0.0
251.959528136,441.715984179,70.1003427599,0.0
441.387146353,227.905084285,70.1003427599,0.0
435.178846006,82.3179732144,70.1003427599,0.0
71.6163860499,70.2475331461,70.1003427599,0.0
70.1542312985,282.38945144,70.1003427599,0.0
302.828438645,204.606518426,70.1003427599,0.0
@ 1410 10 33.3333333333 0.706693526238
146.220487081,196.419972954,71.0829635385,0.0
220.604884397,317.718067395,71.0829635385,0.0
147.54616879,440.791741295,71.0829635385,0.0
362.92142119,316.300703628,71.0829635385,0.0
216.155243116,71.1453347948,71.0829635385,0.0
440.032644833,436.572852247,71.0829635385,0.0
291.821106351,440.899082295,71.0829635385,0.0
440.651698199,196.890282729,71.0829635385,0.0
368.704640607,73.8080201097,71.0829635385,0.0
73.0434298715,73.2765867864,71.0829635385,0.0
72.7178968215,319.815637752,71.0829635385,0.0
289.563053491,193.249789623,71.0829635385,0.0
@ 1420 10 33.3333333333 0.726644317358
143.036617409,195.35859013,71.2041239082,0.0
219.972192601,315.392387917,71.2041239082,0.0
147.089808665,440.755291408,71.2041239082,0.0
366.493124085,317.817125285,71.2041239082,0.0
216.751687875,71.2676948418,71.2041239082,0.0
440.275328186,440.440559616,71.2041239082,0.0
291.519746073,439.168047554,71.2041239082,0.0
440.77328858,196.073031886,71.2041239082,0.0
371.040733428,71.4659928937,71.2041239082,0.0
71.5513560701,72.1600993543,71.2041239082,0.0
71.4222783396,318.668681614,71.2041239082,0.0
295.714391147,192.416979096,71.2041239082,0.0
@ 1430 10 33.3333333333 0.729123547877
144.591084545,195.056677932,71.3365973799,0.0
219.218466587,317.164225463,71.3365973799,0.0
145.825156148,440.258097859,71.3365973799,0.0
366.291600159,317.277933857,71.3365973799,0.0
217.345169503,71.8582817975,71.3365973799,0.0
440.277621871,440.016674746,71.3365973799,0.0
292.277330105,440.015716491,71.3365973799,0.0
440.206983614,195.19298016,71.3365973799,0.0
368.067676771,71.5892241881,71.3365973799,0.0
72.6534632118,71.395914074,71.3365973799,0.0
71.9295104338,318.127162306,71.3365973799,0.0
291.689024641,193.970755724,71.3365973799,0.0
@ 1440 10 33.3333333333 0.731839103482
145.611124442,193.973928618,71.1915267371,0.0
217.326402643,317.576455252,71.1915267371,0.0
144.527762727,440.805564567,71.1915267371,0.0
365.146263889,318.801863006,71.1915267371,0.0
221.663981899,71.3825275679,71.1915267371,0.0
439.582638884,440.496873144,71.1915267371,0.0
290.214631358,440.583948812,71.1915267371,0.0
440.745945537,195.444533939,71.1915267371,0.0
368.441724756,71.5142265784,71.1915267371,0.0
71.4568111672,71.5658299946,71.1915267371,0.0
71.5449414152,316.518943499,71.1915267371,0.0
294.483008302,194.898091536,71.1915267371,0.0
@ 1450 10 33.3333333333 0.728865582999
147.834789979,194.511703794,71.1730671289,0.0
221.160298614,317.225463121,71.1730671289,0.0
143.592796207,439.798287277,71.1730671289,0.0
365.534197696,316.817015231,71.1730671289,0.0
220.447704803,71.3499243056,71.1730671289,0.0
437.309061163,440.330550825,71.1730671289,0.0
293.654722672,439.942739556,71.1730671289,0.0
439.524950087,194.399042658,71.1730671289,0.0
366.731728461,72.0205152829,71.1730671289,0.0
71.9584285294,73.0623355577,71.1730671289,0.0
72.8415199023,316.063480856,71.1730671289,0.0
292.763942136,194.021200419,71.1730671289,0.0
@ 1460 10 33.3333333333 0.728487649573
147.346367826,194.291709416,71.2025861079,0.0
218.525504773,318.236362094,71.2025861079,0.0
143.006590393,440.671994167,71.2025861079,0.0
366.826219749,316.606333121,71.2025861079,0.0
220.716661553,71.2155423738,71.2025861079,0.0
438.523125408,439.868413498,71.2025861079,0.0
292.836684046,440.479794333,71.2025861079,0.0
440.617610735,192.894836727,71.2025861079,0.0
363.617356829,72.1210965355,71.2025861079,0.0
72.7735247702,71.5567086592,71.2025861079,0.0
72.5762672221,316.50986319,71.2025861079,0.0
290.623575445,195.369306077,71.2025861079,0.0
@ 1470 10 33.3333333333 0.729092054356
144.954859312,194.228052344,71.1036174702,0.0
216.278556946,317.322785209,71.1036174702,0.0
144.467697987,440.348443906,71.1036174702,0.0
364.657844039,318.208537857,71.1036174702,0.0
217.915829303,71.4707028755,71.1036174702,0.0
440.746655755,440.827583011,71.1036174702,0.0
289.589792769,439.549818485,71.1036174702,0.0
440.533246313,193.983394347,71.1036174702,0.0
366.987830031,71.2396520227,71.1036174702,0.0
71.917883581,71.4854561598,71.1036174702,0.0
71.7741648403,316.96761002,71.1036174702,0.0
294.09424679,194.414781615,71.1036174702,0.0
@ 1480 10 33.3333333333 0.727066647597
142.803339752,195.584816358,71.0440639476,0.0
220.594665712,316.577201145,71.0440639476,0.0
149.582585001,440.02761368,71.0440639476,0.0
365.001089385,316.666846582,71.0440639476,0.0
219.20161755,71.1497049984,71.0440639476,0.0
437.390654589,439.982871056,71.0440639476,0.0
291.819281048,440.374530941,71.0440639476,0.0
440.326248537,195.430340521,71.0440639476,0.0
370.52696061,71.5421736139,71.0440639476,0.0
71.1614855862,72.6979187777,71.0440639476,0.0
72.3034680155,320.729559138,71.0440639476,0.0
294.887092329,192.311076123,71.0440639476,0.0
@ 1490 10 33.3333333333 0.72584923423
146.459529962,196.200625988,71.1339288713,0.0
221.025791869,318.965481945,71.1339288713,0.0
146.381408844,440.172830972,71.1339288713,0.0
369.17448448,316.530132395,71.1339288713,0.0
217.740699692,72.17109799,71.1339288713,0.0
438.712431948,440.684344239,71.1339288713,0.0
295.355076396,440.763832842,71.1339288713,0.0
440.665008747,193.372525585,71.1339288713,0.0
365.734388076,72.2766428007,71.1339288713,0.0
74.4716782769,71.9354080451,71.1339288713,0.0
71.9012533961,317.789732699,71.1339288713,0.0
293.307786993,195.527497789,71.1339288713,0.0
@ 1500 10 33.3333333333 0.727686675299
