10 12 0.0873362445415 0.233744236268 0.0452915646167 93.4538884449 0 0.1 0.37646 0.363349131122 161.283463507 50 0.33951915854
20 12 0.0873362445415 0.300880607869 0.0345376818555 23.4755167755 0 0.1 0.40412 0.393700787402 125.295811741 50 0.33951915854
30 12 0.0873362445415 0.296578880595 0.0291202946835 23.6420400876 0 0.1 0.35655 0.408163265306 127.113164378 50 0.33951915854
40 12 0.0873362445415 0.249317525104 0.0331478766466 24.8033450408 0 0.1 0.41505 0.39674796748 151.209105675 50 0.33951915854
50 12 0.0873362445415 0.270636758029 0.0344755669181 24.6476849958 0 0.1 0.37719 0.409888357257 139.297707653 50 0.33951915854
60 12 0.0873362445415 0.235152701806 0.0589093903493 48.7114887073 0 0.1 0.40094 0.391096979332 160.317443561 50 0.347898684023
70 12 0.0873362445415 0.227933946876 0.0295757853122 23.3152018625 0 0.1 0.37979 0.405320813772 165.394758072 50 0.347898684023
80 12 0.0873362445415 0.202183286131 0.0460468177332 57.7264578955 0 0.1 0.38827 0.361155698234 186.459923178 50 0.355693844007
90 12 0.0873362445415 0.236195558856 0.0497582949116 53.4833947225 0 0.1 0.44813 0.426731078905 159.609605628 50 0.355693844007
100 12 0.0873362445415 0.19903047011 0.0311131558485 51.6318124631 0 0.1 0.40883 0.349593495935 189.413610786 50 0.355693844007
110 12 0.0940354648039 0.263026644956 0.0346002139043 43.9284923749 0 0.1 0.4358 0.46293494705 143.327988715 0 0.355693844007
120 12 0.0940354648039 0.349439907239 0.0456611562361 35.1366085946 0 0.1 0.38138 0.422077922078 107.884300616 0 0.355693844007
130 12 0.0940354648039 0.198407432286 0.0273799406371 44.9901593624 0 0.1 0.41432 0.353896103896 190.008406266 0 0.355693844007
140 12 0.0940354648039 0.229655325117 0.0410268950879 46.8795107841 0 0.1 0.38159 0.395099540582 164.155044003 0 0.355693844007
150 12 0.0940354648039 0.364661821856 0.0495318639553 12.3226262491 0 0.1 0.406 0.429230769231 103.380934719 0 0.364661821856
160 12 0.0940354648039 0.293244647737 0.0520162183676 38.7664957396 0 0.1 0.39383 0.430868167203 128.558458921 0 0.364661821856
170 12 0.0940354648039 0.283112665672 0.0415042231746 34.6112122979 0 0.1 0.40169 0.349840255591 133.159284522 0 0.364661821856
180 12 0.0940354648039 0.239855327895 0.0430463907487 46.0821375521 0 0.1 0.39465 0.416139240506 157.174244703 0 0.364661821856
190 12 0.0940354648039 0.279140941895 0.0305211109496 37.1611756922 0 0.1 0.42557 0.388535031847 135.053925605 0 0.364661821856
200 12 0.0940354648039 0.30188925206 0.0460353815182 38.645369988 0 0.1 0.37882 0.362204724409 124.87718507 0 0.364661821856
210 12 0.101847810272 0.206029149118 0.0541029076068 69.7773615739 0 0.1 0.42328 0.391035548686 182.979351035 0 0.372934637089
220 12 0.101847810272 0.260864886924 0.0388125981573 41.9062394779 0 0.1 0.42363 0.438709677419 144.515731667 0 0.372934637089
230 12 0.101847810272 0.259395886931 0.0462997229826 32.7687112183 0 0.1 0.34344 0.401898734177 145.334147145 0 0.372934637089
240 12 0.101847810272 0.240672702116 0.0232847395279 59.3842074926 0 0.1 0.43261 0.488479262673 156.640448495 0 0.372934637089
250 12 0.101847810272 0.254577628888 0.0407782379418 51.4223242247 0 0.1 0.38966 0.388349514563 148.08481077 0 0.372934637089
260 12 0.101847810272 0.19624604138 0.0329956025564 56.5765938655 0 0.1 0.42062 0.389140271493 192.101097862 0 0.372934637089
270 12 0.101847810272 0.259883189576 0.0259392844865 37.5997598761 0 0.1 0.40439 0.490384615385 145.061633504 0 0.372934637089
280 12 0.101847810272 0.249723565361 0.0416128862087 38.9027015773 0 0.1 0.39106 0.4375 150.963245881 0 0.372934637089
290 12 0.101847810272 0.237078080771 0.0503547398458 25.8972434466 0 0.1 0.38654 0.411954765751 159.015459706 0 0.372934637089
300 12 0.101847810272 0.268308678628 0.0240786738671 38.3717331942 0 0.1 0.40309 0.350083752094 140.506375689 0 0.372934637089
310 12 0.111075848937 0.248185966842 0.0165156558622 39.4015588654 0 0.1 0.41498 0.402576489533 151.898515777 0 0.372934637089
320 12 0.111075848937 0.200008507865 0.0489923054288 38.7462681952 0 0.1 0.38862 0.39603960396 188.487381874 0 0.372934637089
330 12 0.111075848937 0.178227715553 0.0465243430198 42.7412545588 0 0.1 0.4242 0.418416801292 211.521984014 0 0.372934637089
340 12 0.111075848937 0.249335706044 0.0197535053061 25.8563449861 0 0.1 0.37684 0.371735791091 151.198079882 0 0.372934637089
350 12 0.111075848937 0.253107129711 0.061347639718 36.131266652 0 0.1 0.44079 0.4171875 148.945152367 0 0.424694958036
360 12 0.111075848937 0.222966662902 0.0467676956603 41.9147529595 0 0.1 0.43687 0.438016528926 169.079446718 0 0.424694958036
370 12 0.111075848937 0.288757641973 0.0305107389262 32.1580217345 0 0.1 0.38439 0.351791530945 130.556129155 0 0.424694958036
380 12 0.111075848937 0.19507319936 0.0354184792675 46.0786325011 0 0.1 0.40506 0.428346456693 193.256070663 0 0.424694958036
390 12 0.111075848937 0.321502835434 0.0337018533317 21.8090881375 0 0.1 0.36071 0.362244897959 117.258934744 0 0.424694958036
400 12 0.111075848937 0.183233754925 0.0323877903749 39.3511911381 0 0.1 0.42988 0.409448818898 205.743095836 0 0.424694958036
410 12 0.122142732507 0.268414701938 0.0567787630338 44.600921567 0 0.1 0.38163 0.317375886525 140.450875931 0 0.424694958036
420 12 0.122142732507 0.253943753575 0.0393914830286 41.0741265977 0 0.1 0.42333 0.362601626016 148.454448945 0 0.424694958036
430 12 0.122142732507 0.290147450467 0.0420544726631 37.5926012318 0 0.1 0.38589 0.3859375 129.930764304 0 0.424694958036
440 12 0.122142732507 0.31423088576 0.0367312908353 29.1923130924 0 0.1 0.45423 0.4288 119.972547921 0 0.424694958036
450 12 0.122142732507 0.214948536259 0.0424295835659 36.8330738135 0 0.1 0.41521 0.399334442596 175.386539756 0 0.424694958036
460 12 0.122142732507 0.254986876158 0.0392330600831 37.1748173301 0 0.1 0.34273 0.40549273021 147.847138519 0 0.424694958036
470 12 0.122142732507 0.258560351869 0.0496432077229 27.3963532501 0 0.1 0.39127 0.393687707641 145.803792915 0 0.424694958036
480 12 0.122142732507 0.293745593086 0.0424123640513 33.4511172115 0 0.1 0.42536 0.373831775701 128.339218995 0 0.424694958036
490 12 0.122142732507 0.242656714722 0.053830414863 21.3023183054 0 0.1 0.40276 0.507109004739 155.359723069 0 0.424694958036
500 12 0.122142732507 0.310015010671 0.0337461629864 32.9327451502 0 0.1 0.36596 0.41512345679 121.604047231 0 0.424694958036
510 12 0.135658914729 0.235802664634 0.0459889361051 32.3294777114 0 0.1 0.42588 0.36712749616 159.875547032 0 0.424694958036
520 12 0.135658914729 0.221131693067 0.0359003816997 46.1210762434 0 0.1 0.40167 0.416932907348 170.482482529 0 0.424694958036
530 12 0.135658914729 0.279818726534 0.0514757836681 40.9040409812 0 0.1 0.36146 0.375626043406 134.72679426 0 0.424694958036
540 12 0.135658914729 0.313286732847 0.0409561152985 26.8045458859 0 0.1 0.39969 0.425665101721 120.334109451 0 0.424694958036
550 12 0.135658914729 0.272730321825 0.0309709852516 26.8575458108 0 0.1 0.43009 0.388349514563 138.228414603 0 0.424694958036
560 12 0.135658914729 0.28896451791 0.0264307293017 35.3532991416 0 0.1 0.38101 0.399068322981 130.462661204 0 0.424694958036
570 12 0.135658914729 0.355460747374 0.0306293026257 27.4795756221 0 0.1 0.4251 0.415644171779 106.056942373 0 0.424694958036
580 12 0.135658914729 0.267016159041 0.0572779675656 25.8801119134 0 0.1 0.4061 0.424590163934 141.186511466 0 0.424694958036
590 12 0.135658914729 0.297141980978 0.0246403142125 33.9580140861 0 0.1 0.35903 0.394524959742 126.872277946 0 0.424694958036
600 12 0.135658914729 0.292232326645 0.0368158566364 36.5295517484 0 0.1 0.41282 0.454545454545 129.003797878 0 0.424694958036
610 12 0.152538679451 0.291685799938 0.0389740388301 26.2170908436 0 0.1 0.37816 0.349919743178 129.245510094 0 0.424694958036
620 12 0.152538679451 0.344327829104 0.0586098564955 22.663639041 0 0.1 0.43742 0.421383647799 109.486009592 0 0.424694958036
630 12 0.152538679451 0.332041437889 0.0327476715346 18.7602585415 0 0.1 0.38684 0.369426751592 113.537274864 0 0.424694958036
640 12 0.152538679451 0.215698170576 0.0460988215847 53.6415242967 0 0.1 0.42966 0.428104575163 174.7770039 0 0.424694958036
650 12 0.152538679451 0.287824121988 0.0182116555615 33.664281479 0 0.1 0.42031 0.36393442623 130.979570926 0 0.424694958036
660 12 0.152538679451 0.285480064112 0.0434213667 35.0318739246 0 0.1 0.36103 0.424100156495 132.055035497 0 0.424694958036
670 12 0.152538679451 0.289416911684 0.025040684762 21.399422376 0 0.1 0.41423 0.424143556281 130.258732223 0 0.424694958036
680 12 0.152538679451 0.274726492306 0.0345249398022 37.1795925798 0 0.1 0.3931 0.403594771242 137.224043024 0 0.424694958036
690 12 0.152538679451 0.335495438855 0.0433644155545 35.4681780296 0 0.1 0.41807 0.393526405451 112.368383095 0 0.424694958036
700 12 0.152538679451 0.314918546148 0.0397309728221 38.0201489265 0 0.1 0.38038 0.322378716745 119.710574246 0 0.424694958036
710 12 0.174216027875 0.282988866833 0.0374906642954 34.2320514524 0 0.1 0.44829 0.425324675325 133.217537573 0 0.424694958036
720 12 0.174216027875 0.256730514702 0.0467166583186 41.2851514261 0 0.1 0.40607 0.359932088285 146.843004011 0 0.424694958036
730 12 0.174216027875 0.267442290027 0.0336962626451 20.2878840652 0 0.1 0.39016 0.414976599064 140.961550981 0 0.424694958036
740 12 0.174216027875 0.341500497562 0.0342938208468 23.4907076109 0 0.1 0.40419 0.39603960396 110.39245995 0 0.424694958036
750 12 0.174216027875 0.278357199641 0.0399144820352 31.912936732 0 0.1 0.35125 0.390048154093 135.434183303 0 0.424694958036
760 12 0.174216027875 0.287668607883 0.0470494822942 45.2462751816 0 0.1 0.39674 0.457446808511 131.050378689 0 0.424694958036
770 12 0.174216027875 0.341928568317 0.0355887910439 18.4565790404 0 0.1 0.44556 0.414355628059 110.254256278 0 0.424694958036
780 12 0.174216027875 0.351219057974 0.0345256564546 28.7308993213 0 0.1 0.40316 0.389671361502 107.33779715 0 0.424694958036
790 12 0.174216027875 0.366606596845 0.0346803934785 13.3980641361 0 0.1 0.39098 0.415213946117 102.832519448 0 0.424694958036
800 12 0.174216027875 0.223959541136 0.0339193228116 63.4202516792 0 0.1 0.418 0.397763578275 168.329868015 0 0.424694958036
810 12 0.203075137801 0.268913005661 0.034351055952 34.3814230595 0 0.1 0.39201 0.390015600624 140.19061632 0 0.424694958036
820 12 0.203075137801 0.314236387923 0.0276434167033 24.6688168112 0 0.1 0.40786 0.436708860759 119.970447246 0 0.424694958036
830 12 0.203075137801 0.279044575386 0.059574842328 39.5537195807 0 0.1 0.38641 0.404984423676 135.100565735 0 0.477646948543
840 12 0.203075137801 0.333595629436 0.0324709676489 43.4936773332 0 0.1 0.42678 0.364516129032 113.008315078 0 0.477646948543
850 12 0.203075137801 0.361614765582 0.0390925027572 30.3867043293 0 0.1 0.3709 0.39898989899 104.252048279 0 0.477646948543
860 12 0.203075137801 0.403821538509 0.0390357433194 27.4965913648 0 0.1 0.44469 0.452012383901 93.3557931041 0 0.477646948543
870 12 0.203075137801 0.337026116814 0.0379549427744 37.5781371138 0 0.1 0.37988 0.40412044374 111.858037461 0 0.477646948543
880 12 0.203075137801 0.315285994282 0.0362653027311 27.5854270622 0 0.1 0.44933 0.410684474124 119.571058289 0 0.477646948543
890 12 0.203075137801 0.359351110559 0.0528810137627 23.4959825943 0 0.1 0.40286 0.350649350649 104.908761632 0 0.477646948543
900 12 0.203075137801 0.336101892421 0.0492335115419 27.2668645323 0 0.1 0.36689 0.380062305296 112.16562849 0 0.477646948543
910 12 0.243393602225 0.315171822206 0.0426493815174 16.3639009478 0 0.1 0.40876 0.395161290323 119.614373316 0 0.477646948543
920 12 0.243393602225 0.390564515733 0.0412092289397 24.549357114 0 0.1 0.38068 0.4336 96.524590641 0 0.477646948543
930 12 0.243393602225 0.332321316516 0.0313157571121 38.0041690253 0 0.1 0.39362 0.386731391586 113.441654587 0 0.477646948543
940 12 0.243393602225 0.29608585 0.0327681327653 52.2138108704 0 0.1 0.45428 0.440570522979 127.324828255 0 0.477646948543
950 12 0.243393602225 0.340789632151 0.0284454241921 38.8536988027 0 0.1 0.41448 0.36867862969 110.622731572 0 0.477646948543
960 12 0.243393602225 0.373858480656 0.0324140890415 24.2236450691 0 0.1 0.39445 0.458461538462 100.837835573 0 0.477646948543
970 12 0.243393602225 0.338881395332 0.0308908938781 33.8505662261 0 0.1 0.44922 0.449917898194 111.245646764 0 0.477646948543
980 12 0.243393602225 0.399339062185 0.0332735824081 36.5722581852 0 0.1 0.38701 0.38127090301 94.4036874173 0 0.477646948543
990 12 0.243393602225 0.395325530814 0.0350401788502 20.046489 0 0.1 0.41233 0.381395348837 95.3621182077 0 0.477646948543
1000 12 0.243393602225 0.390668962024 0.0275966850857 30.9067318323 0 0.1 0.40975 0.449139280125 96.4987845585 0 0.477646948543
1010 12 0.303687635575 0.373555695228 0.0381936495151 23.2537183183 0 0.1 0.35428 0.379032258065 100.919569643 0 0.477646948543
1020 12 0.303687635575 0.413265027785 0.0439806712902 16.6311427032 0 0.1 0.40674 0.4015625 91.2225266243 0 0.477646948543
1030 12 0.303687635575 0.354638352556 0.0234745647417 31.8027598029 0 0.1 0.38792 0.372019077901 106.302884976 0 0.477646948543
1040 12 0.303687635575 0.37736999919 0.0313517774346 31.6588718431 0 0.1 0.37292 0.400321543408 99.8995152792 0 0.477646948543
1050 12 0.303687635575 0.379840703582 0.0282521912572 25.6897299194 0 0.1 0.44452 0.376413570275 99.249710851 0 0.477646948543
1060 12 0.303687635575 0.417206358956 0.0331176890456 23.7798486951 0 0.1 0.41563 0.447040498442 90.3607511983 0 0.477646948543
1070 12 0.303687635575 0.359414037034 0.0272586881914 31.4073563495 0 0.1 0.38815 0.406301824212 104.890394129 0 0.477646948543
1080 12 0.303687635575 0.326235978092 0.0456028097605 33.0619478352 0 0.1 0.40711 0.338815789474 115.55770219 0 0.480625625053
1090 12 0.303687635575 0.305652688939 0.0475257434886 23.4360333512 0 0.1 0.36956 0.389694041868 123.339598715 0 0.480625625053
1100 12 0.303687635575 0.393139916941 0.0407251171178 22.9600982055 0 0.1 0.39996 0.435257410296 95.8922723832 0 0.480625625053
1110 12 0.40369088812 0.357735728591 0.029140760513 34.4501087292 0 0.1 0.38327 0.371237458194 105.382484854 20 0.498065922655
1120 12 0.40369088812 0.446352492677 0.0330894598882 26.6558824285 0 0.1 0.38485 0.350328947368 84.4603326262 20 0.498065922655
1130 12 0.40369088812 0.416937441301 0.0412204399074 17.6902063104 0 0.1 0.4329 0.393790849673 90.419032367 20 0.498065922655
1140 12 0.40369088812 0.410617303564 0.0344846827157 25.5565335754 0 0.1 0.37028 0.430194805195 91.8107436603 20 0.510015627991
1150 12 0.40369088812 0.469630835137 0.0340106016732 24.3041742765 0 0.1 0.42267 0.362619808307 80.2738601885 20 0.510015627991
1160 12 0.40369088812 0.433192901665 0.0318827519954 26.7678445733 0 0.1 0.4123 0.435555555556 87.0260797329 20 0.510015627991
1170 12 0.40369088812 0.381364395735 0.0451364377336 21.9807079979 0 0.1 0.36557 0.419047619048 98.8531714593 20 0.512073674905
1180 12 0.40369088812 0.410222426822 0.029596546938 22.0181284252 0 0.1 0.40889 0.410299003322 91.8991199287 20 0.512073674905
1190 12 0.40369088812 0.370580099829 0.0382498949959 39.2388031133 0 0.1 0.36469 0.343089430894 101.729909451 20 0.512073674905
1200 12 0.40369088812 0.447147453679 0.0245479317153 31.7423066389 0 0.1 0.39865 0.373786407767 84.3101748423 20 0.512073674905
1210 12 0.601891659501 0.498262852711 0.0479277465859 26.3751964598 0 0.1 0.37474 0.35379644588 75.6610287018 10 0.543773524288
1220 12 0.601891659501 0.509884472817 0.0242016866668 18.834943641 0 0.1 0.39872 0.371522094926 73.9365130923 10 0.543773524288
1230 12 0.601891659501 0.459227607285 0.0351163949133 9.95947935127 0 0.1 0.41283 0.408227848101 82.0923642262 10 0.543773524288
1240 12 0.601891659501 0.434797754679 0.0430883056496 21.2874958055 0 0.1 0.38824 0.373626373626 86.7048635701 10 0.558759960445
1250 12 0.601891659501 0.405826868508 0.0444292175563 19.4957121991 0 0.1 0.46584 0.451257861635 92.8944900534 10 0.558759960445
1260 12 0.601891659501 0.476546512177 0.0241597783376 14.5156341613 0 0.1 0.40732 0.415730337079 79.1089201928 10 0.558759960445
1270 12 0.601891659501 0.453828060539 0.0338236262368 21.3301946473 0 0.1 0.39863 0.385620915033 83.0690811742 10 0.558759960445
1280 12 0.601891659501 0.455627051672 0.0490005187731 13.5799925478 0 0.1 0.3945 0.393841166937 82.7410924389 10 0.581076668199
1290 12 0.601891659501 0.521385674184 0.0223080232299 17.6516176966 0 0.1 0.43258 0.413902053712 72.3055539625 10 0.581076668199
1300 12 0.601891659501 0.470282946356 0.0231352163643 23.1700547271 0 0.1 0.39825 0.380191693291 80.1625495717 10 0.581076668199
1310 12 1.18243243243 0.534908867973 0.0212399824553 11.1520626983 0 0.1 0.45789 0.368248772504 70.4775752603 20 0.594277047715
1320 12 1.18243243243 0.598339791182 0.0299803638029 12.1712856677 0 0.1 0.40736 0.361629881154 63.0061389124 20 0.598339791182
1330 12 1.18243243243 0.531329293776 0.0201138923938 13.8134447585 0 0.1 0.37513 0.405750798722 70.9523838449 20 0.598339791182
1340 12 1.18243243243 0.53685151049 0.0192253727417 13.7418181762 0 0.1 0.42483 0.390675241158 70.2225462038 20 0.598339791182
1350 12 1.18243243243 0.536092087101 0.0308759069849 9.49744421472 0 0.1 0.37656 0.4546875 70.3220228522 20 0.604733928602
1360 12 1.18243243243 0.532064966194 0.0335393613918 10.4556114014 0 0.1 0.41472 0.399014778325 70.8542798254 20 0.604733928602
1370 12 1.18243243243 0.504925331984 0.0301847153477 13.3790329831 0 0.1 0.37974 0.381703470032 74.6626829989 20 0.604733928602
1380 12 1.18243243243 0.521237021952 0.0285404905718 6.06020705857 0 0.1 0.4022 0.444444444444 72.326174873 20 0.604733928602
1390 12 1.18243243243 0.571502433889 0.0263942773823 11.3974256614 0 0.1 0.37619 0.427184466019 65.9648634275 20 0.604733928602
1400 12 1.18243243243 0.534027464257 0.0339574561635 10.7619309694 0 0.1 0.38888 0.386106623586 70.5938973615 20 0.611583742721
1410 12 33.3333333333 0.722265043723 0.0591243551119 0.3231280845 0 0.1 0.77755 0.706270627063 52.1956314065 290 0.732158588272
1420 12 33.3333333333 0.729898414314 0.0011687289695 0.00115307613809 0 0.1 0.33203 0.338815789474 51.6497628446 290 0.732479513661
1430 12 33.3333333333 0.727396595685 0.00116132626333 0.00204233988157 0 0.1 0.36808 0.34431630972 51.8274078043 290 0.732479513661
1440 12 33.3333333333 0.732233315955 0.00294806653988 0.00114710459074 0 0.1 0.42727 0.379585326954 51.4850651815 290 0.732479513661
1450 12 33.3333333333 0.729369688191 0.00230085424965 0.000613082096045 0 0.1 0.38897 0.407348242812 51.6872041852 290 0.733053121117
1460 12 33.3333333333 0.730975853674 0.00173443319316 0.00149393212241 0 0.1 0.40593 0.347619047619 51.5736324402 290 0.733053121117
1470 12 33.3333333333 0.729542029722 0.00170081787715 0.000696606534143 0 0.1 0.40589 0.426731078905 51.6749939882 290 0.733053121117
1480 12 33.3333333333 0.724879437589 0.0016550869982 0.00191793188195 0 0.1 0.39683 0.425867507886 52.0073794966 290 0.733053121117
1490 12 33.3333333333 0.731174801667 0.0028911855352 0.00114752366016 0 0.1 0.42226 0.3772070626 51.5595995842 290 0.733053121117
1500 12 33.3333333333 0.72949708713 0.00157753821697 0.000813510050363 0 0.1 0.34995 0.375572519084 51.6781775625 290 0.733053121117
