10 13 0.0873362445415 0.182920800396 0.0358926599615 140.076741201 1 0.1 0.37809 0.331658291457 223.269687819 50 0.32588697785
20 13 0.0873362445415 0.364044862412 0.0402873215571 26.6913580542 1 0.1 0.38858 0.331147540984 112.185816137 50 0.364044862412
30 13 0.0873362445415 0.162974854658 0.0419035897391 58.5920817732 1 0.1 0.42595 0.384488448845 250.59491592 50 0.364044862412
40 13 0.0873362445415 0.309671187528 0.0493748700955 38.0869846575 1 0.1 0.40121 0.407166123779 131.88398419 50 0.364044862412
50 13 0.0873362445415 0.2761235111 0.0369602263379 27.308673149 1 0.1 0.37038 0.346026490066 147.907252944 50 0.364044862412
60 13 0.0873362445415 0.200282911633 0.0353752212859 58.1204091949 1 0.1 0.42164 0.379146919431 203.914900512 50 0.364044862412
70 13 0.0873362445415 0.22770454571 0.0325999736857 44.5069267414 1 0.1 0.39553 0.445277361319 179.358167281 50 0.364044862412
80 13 0.0873362445415 0.252965663684 0.0354273155328 32.0629515144 1 0.1 0.44666 0.468051118211 161.447484237 50 0.364044862412
90 13 0.0873362445415 0.239935498357 0.034948342796 49.8339070738 1 0.1 0.37706 0.381933438986 170.215204835 50 0.364044862412
100 13 0.0873362445415 0.185127511098 0.0218293871471 41.979677543 1 0.1 0.44713 0.4671875 220.608324272 50 0.364044862412
110 13 0.0940354648039 0.213351120053 0.0443452387284 51.4205815471 1 0.1 0.4141 0.400950871632 191.424680545 0 0.364044862412
120 13 0.0940354648039 0.252271258729 0.0309189054629 57.1432440203 1 0.1 0.39041 0.372937293729 161.891886558 0 0.364044862412
130 13 0.0940354648039 0.198586864068 0.0254015925301 72.4609117738 1 0.1 0.44113 0.454844006568 205.656452615 0 0.364044862412
140 13 0.0940354648039 0.258456052957 0.0291747946755 51.0756482417 1 0.1 0.41205 0.430693069307 158.017850744 0 0.364044862412
150 13 0.0940354648039 0.224541491055 0.0247496246763 45.0823497303 1 0.1 0.35595 0.347972972973 181.884736794 0 0.364044862412
160 13 0.0940354648039 0.286396207937 0.0523321575067 38.0539048905 1 0.1 0.38661 0.385826771654 142.601992862 0 0.364044862412
170 13 0.0940354648039 0.273010917084 0.0332646550575 31.9421563278 1 0.1 0.41087 0.405103668262 149.593541666 0 0.364044862412
180 13 0.0940354648039 0.241888011264 0.0294667858726 30.121159935 1 0.1 0.37399 0.380877742947 168.841232711 0 0.364044862412
190 13 0.0940354648039 0.199596972682 0.0418113442207 47.0915985528 1 0.1 0.44245 0.439469320066 204.615678541 0 0.364044862412
200 13 0.0940354648039 0.235074151204 0.0363606912386 42.3246925551 1 0.1 0.37215 0.329032258065 173.735265195 0 0.364044862412
210 13 0.101847810272 0.250737957802 0.0334997793441 41.4943919153 1 0.1 0.41318 0.4 162.881880183 0 0.364044862412
220 13 0.101847810272 0.252525362689 0.0368154991122 58.3449378495 1 0.1 0.39175 0.396496815287 161.728982646 0 0.364044862412
230 13 0.101847810272 0.214612343714 0.0347205795305 50.0978762438 1 0.1 0.39633 0.431855500821 190.299725045 0 0.364044862412
240 13 0.101847810272 0.243364360582 0.0475776073844 44.8234951694 1 0.1 0.40951 0.373572593801 167.816971648 0 0.364044862412
250 13 0.101847810272 0.267116227594 0.0276563115787 52.5601804339 1 0.1 0.39241 0.387401574803 152.894754347 0 0.364044862412
260 13 0.101847810272 0.228502933334 0.0338128805593 51.5128968478 1 0.1 0.41394 0.388544891641 178.73149112 0 0.364044862412
270 13 0.101847810272 0.277584035936 0.0448082673831 43.4196246327 1 0.1 0.40316 0.460443037975 147.129030177 0 0.364044862412
280 13 0.101847810272 0.231183462909 0.0409013375918 45.729873367 1 0.1 0.3591 0.429951690821 176.659132475 0 0.364044862412
290 13 0.101847810272 0.30476597283 0.0468613962263 41.6084435145 1 0.1 0.42919 0.453416149068 134.00665967 0 0.364044862412
300 13 0.101847810272 0.274440940301 0.0332075498762 45.3798264183 1 0.1 0.39181 0.409937888199 148.814057972 0 0.364044862412
310 13 0.111075848937 0.306142464642 0.0333675461772 33.1536985443 1 0.1 0.41083 0.327242524917 133.404132771 0 0.369963026816
320 13 0.111075848937 0.199101080075 0.032480363691 53.724032718 1 0.1 0.39137 0.366449511401 205.125306124 0 0.369963026816
330 13 0.111075848937 0.288171462545 0.0403534056266 26.3914249144 1 0.1 0.44853 0.431118314425 141.723505997 0 0.369963026816
340 13 0.111075848937 0.277916135083 0.0425681096436 48.7231011288 1 0.1 0.39611 0.394944707741 146.953216616 0 0.369963026816
350 13 0.111075848937 0.27535210305 0.0432483229712 33.8543421702 1 0.1 0.4155 0.374803149606 148.321620019 0 0.369963026816
360 13 0.111075848937 0.338953470421 0.0453838856052 29.6238125071 1 0.1 0.38481 0.441176470588 120.490490772 0 0.369963026816
370 13 0.111075848937 0.240781593002 0.0411595198068 43.193393495 1 0.1 0.44464 0.430842607313 169.617076998 0 0.369963026816
380 13 0.111075848937 0.224911743596 0.0458088576849 60.0354068096 1 0.1 0.40738 0.407035175879 181.585315853 0 0.369963026816
390 13 0.111075848937 0.260770580998 0.0349543939172 44.8454904179 1 0.1 0.37338 0.403305785124 156.61532771 0 0.369963026816
400 13 0.111075848937 0.277638488388 0.0296687570062 33.4476187608 1 0.1 0.39647 0.331179321486 147.100174177 0 0.369963026816
410 13 0.122142732507 0.259824882665 0.0306617553042 41.1417529278 1 0.1 0.40377 0.391585760518 157.18536878 0 0.369963026816
420 13 0.122142732507 0.295958371877 0.020863755146 41.3985538556 1 0.1 0.35344 0.390119250426 137.994643439 0 0.369963026816
430 13 0.122142732507 0.265786576616 0.0385128891941 34.4841647998 1 0.1 0.42473 0.478056426332 153.659641205 0 0.369963026816
440 13 0.122142732507 0.269205658403 0.0324613252821 40.7101842561 1 0.1 0.3465 0.384976525822 151.708066771 0 0.369963026816
450 13 0.122142732507 0.3518126418 0.0415799488875 31.1573242543 1 0.1 0.41844 0.488514548239 116.086419724 0 0.369963026816
460 13 0.122142732507 0.297984451101 0.0372721103358 37.1775917465 1 0.1 0.36788 0.432 137.056379449 0 0.369963026816
470 13 0.122142732507 0.293863027163 0.0253003773201 39.1856899627 1 0.1 0.36966 0.324590163934 138.97859283 0 0.369963026816
480 13 0.122142732507 0.345210774522 0.0478053132586 32.6149543717 1 0.1 0.42111 0.419457735247 118.306475389 0 0.397667581623
490 13 0.122142732507 0.246471644646 0.0507279203084 38.7179865828 1 0.1 0.37999 0.347107438017 165.701292165 0 0.397667581623
500 13 0.122142732507 0.237034421272 0.0250924755852 54.7976101866 1 0.1 0.46513 0.421538461538 172.29847792 0 0.397667581623
510 13 0.135658914729 0.250284520836 0.0456204730213 30.7720730284 1 0.1 0.43867 0.415887850467 163.176971007 0 0.397667581623
520 13 0.135658914729 0.246536982021 0.0480097101698 34.9516629197 1 0.1 0.3948 0.336092715232 165.657377912 0 0.397667581623
530 13 0.135658914729 0.284823413518 0.0283033854428 38.8239148996 1 0.1 0.41108 0.371473354232 143.389440831 0 0.397667581623
540 13 0.135658914729 0.304875081362 0.0328662873005 43.6906687567 1 0.1 0.39789 0.437304075235 133.958701438 0 0.397667581623
550 13 0.135658914729 0.260055556632 0.0263286945152 32.748130179 1 0.1 0.42858 0.362563237774 157.045942525 0 0.397667581623
560 13 0.135658914729 0.220749945741 0.0544072809661 50.0010224821 1 0.1 0.41849 0.456279809221 185.008743096 0 0.415532375352
570 13 0.135658914729 0.253022618319 0.034926677796 39.3622225388 1 0.1 0.39091 0.397350993377 161.411142891 0 0.415532375352
580 13 0.135658914729 0.260344832514 0.0250892269087 32.0524142829 1 0.1 0.40964 0.439344262295 156.871444713 0 0.415532375352
590 13 0.135658914729 0.278282527431 0.0350340469936 44.9691928161 1 0.1 0.39163 0.430420711974 146.759735069 0 0.415532375352
600 13 0.135658914729 0.265570027394 0.0335519188928 44.5420175388 1 0.1 0.40473 0.346469622332 153.784937257 0 0.415532375352
610 13 0.152538679451 0.308553963 0.0347973001299 42.5079116792 1 0.1 0.38676 0.393148450245 132.361514994 0 0.415532375352
620 13 0.152538679451 0.318739732441 0.038617727751 32.9447981519 1 0.1 0.45283 0.434294871795 128.131719529 0 0.415532375352
630 13 0.152538679451 0.321317170789 0.0387468643406 35.1005331912 1 0.1 0.40796 0.391719745223 127.103913867 0 0.415532375352
640 13 0.152538679451 0.317557708259 0.0283366147284 45.7986052836 1 0.1 0.35471 0.4 128.608655806 0 0.415532375352
650 13 0.152538679451 0.300717766231 0.0359153129086 43.3661612949 1 0.1 0.41015 0.4304 135.810632381 0 0.415532375352
660 13 0.152538679451 0.304905575365 0.0246485186142 35.0767487304 1 0.1 0.35959 0.387459807074 133.945304054 0 0.415532375352
670 13 0.152538679451 0.257221785985 0.0340379283328 38.5793747888 1 0.1 0.41084 0.419504643963 158.776092171 0 0.415532375352
680 13 0.152538679451 0.378670875623 0.0325486292808 32.4775032102 1 0.1 0.37284 0.415873015873 107.852683238 0 0.415532375352
690 13 0.152538679451 0.33557729917 0.042310688906 31.5220935208 1 0.1 0.40079 0.346031746032 121.702719764 0 0.415532375352
700 13 0.152538679451 0.280268132775 0.030115769231 49.4997300832 1 0.1 0.38402 0.41652892562 145.719991765 0 0.415532375352
710 13 0.174216027875 0.303693914078 0.048078099803 41.7145056407 1 0.1 0.44404 0.35960591133 134.479711666 0 0.415532375352
720 13 0.174216027875 0.349814969527 0.0399616916489 43.4010765863 1 0.1 0.385 0.37101910828 116.749349106 0 0.415532375352
730 13 0.174216027875 0.303859850435 0.0418169899669 28.3753813492 1 0.1 0.44279 0.426791277259 134.406272963 0 0.415532375352
740 13 0.174216027875 0.280800911764 0.0317176529355 44.4704347348 1 0.1 0.42499 0.466458658346 145.443509223 0 0.415532375352
750 13 0.174216027875 0.302656122727 0.048134658681 28.9843009581 1 0.1 0.35456 0.348171701113 134.940835269 0 0.415532375352
760 13 0.174216027875 0.319615753489 0.0332060870318 38.1415079001 1 0.1 0.38647 0.380487804878 127.78052882 0 0.415532375352
770 13 0.174216027875 0.255401391029 0.0344069174301 42.1165669993 1 0.1 0.4463 0.476947535771 159.90778216 0 0.415532375352
780 13 0.174216027875 0.251334901793 0.0445224110697 54.2812623617 1 0.1 0.4098 0.421875 162.495020424 0 0.415532375352
790 13 0.174216027875 0.238796239223 0.0445846188531 35.9796056283 1 0.1 0.3514 0.327974276527 171.027274687 0 0.415532375352
800 13 0.174216027875 0.341203123879 0.0290263415497 42.3079792897 1 0.1 0.418 0.430379746835 119.696061207 0 0.415532375352
810 13 0.203075137801 0.399280165645 0.0525105614298 30.8281003708 1 0.1 0.3932 0.371835443038 102.285746987 0 0.43300350979
820 13 0.203075137801 0.308704066355 0.0309896985454 46.7124036732 1 0.1 0.396 0.391719745223 132.297155921 0 0.43300350979
830 13 0.203075137801 0.362570571233 0.0246823741975 32.9125703901 1 0.1 0.43624 0.400907715582 112.641988182 0 0.43300350979
840 13 0.203075137801 0.320117668906 0.0431704237743 48.1906607922 1 0.1 0.45708 0.435975609756 127.580180561 0 0.43300350979
850 13 0.203075137801 0.322141139325 0.0246701185892 32.3295121582 1 0.1 0.41541 0.436573311367 126.778809082 0 0.43300350979
860 13 0.203075137801 0.325935215434 0.0583907391761 36.8281519666 1 0.1 0.37159 0.354892205638 125.303029762 0 0.453802090232
870 13 0.203075137801 0.312464276678 0.0280377366225 24.3412804801 1 0.1 0.40323 0.4016 130.705085504 0 0.453802090232
880 13 0.203075137801 0.353199900266 0.0386623839004 20.7234323073 1 0.1 0.40693 0.385934819897 115.630468664 0 0.453802090232
890 13 0.203075137801 0.260552123815 0.0416773651412 36.0162691919 1 0.1 0.35901 0.412698412698 156.746640181 0 0.453802090232
900 13 0.203075137801 0.340537499682 0.0454365381206 36.7257950241 1 0.1 0.37612 0.376039933444 119.930022503 0 0.453802090232
910 13 0.243393602225 0.353048951747 0.0253830664366 15.3956965135 1 0.1 0.42069 0.3776 115.67990727 0 0.453802090232
920 13 0.243393602225 0.34652285276 0.0323400336818 27.9568391651 1 0.1 0.39349 0.42439862543 117.858518348 0 0.453802090232
930 13 0.243393602225 0.40299791993 0.0486493973027 27.9298036087 1 0.1 0.4057 0.368078175896 101.342135977 0 0.458258137669
940 13 0.243393602225 0.345227933431 0.0268038839905 36.9241338071 1 0.1 0.35786 0.341625207297 118.300595187 0 0.458258137669
950 13 0.243393602225 0.328880993716 0.0358915866532 28.4234045522 1 0.1 0.4307 0.420472440945 124.180693869 0 0.458258137669
960 13 0.243393602225 0.331382379501 0.0285672002054 28.7467258299 1 0.1 0.41037 0.425986842105 123.243336177 0 0.458258137669
970 13 0.243393602225 0.378884290214 0.0457452405764 32.5478220461 1 0.1 0.35328 0.394695787832 107.791932933 0 0.458258137669
980 13 0.243393602225 0.455360982705 0.0387037310908 16.8573227736 1 0.1 0.37983 0.39336492891 89.6885582015 0 0.458258137669
990 13 0.243393602225 0.350413654911 0.0298221790996 29.8724411284 1 0.1 0.41969 0.485163204748 116.549881626 0 0.458258137669
1000 13 0.243393602225 0.322167412572 0.0236671982643 32.4724231784 1 0.1 0.43717 0.423137876387 126.768470076 0 0.458258137669
1010 13 0.303687635575 0.340045362161 0.0332725110494 30.2489638986 1 0.1 0.38497 0.3668261563 120.103593651 0 0.458258137669
1020 13 0.303687635575 0.407325482198 0.0370680414491 19.915365562 1 0.1 0.39305 0.377887788779 100.265443202 0 0.4599300985
1030 13 0.303687635575 0.388982608729 0.0201683310327 39.7411666262 1 0.1 0.42919 0.358306188925 104.993562909 0 0.4599300985
1040 13 0.303687635575 0.412283688743 0.0269368316655 24.7306948793 1 0.1 0.38695 0.403641881639 99.0596308201 0 0.4599300985
1050 13 0.303687635575 0.349724914098 0.0243753324351 21.3092660399 1 0.1 0.43886 0.382736156352 116.779412486 0 0.4599300985
1060 13 0.303687635575 0.374721381107 0.0182267990042 20.7543128321 1 0.1 0.40052 0.4768 108.989430705 0 0.4599300985
1070 13 0.303687635575 0.34875846163 0.02621363214 33.3432868098 1 0.1 0.37867 0.424615384615 117.103022559 0 0.4599300985
1080 13 0.303687635575 0.350217783929 0.0249098767516 44.4001330419 1 0.1 0.45182 0.435430463576 116.615066037 0 0.4599300985
1090 13 0.303687635575 0.389243699983 0.0366481890316 26.2672536044 1 0.1 0.35144 0.3744 104.923136846 0 0.4599300985
1100 13 0.303687635575 0.389070436026 0.0359017674129 24.3241463613 1 0.1 0.4362 0.413685847589 104.969862057 0 0.4599300985
1110 13 0.40369088812 0.456697866253 0.0351787874926 25.2980726752 1 0.1 0.38328 0.3264 89.4260144788 0 0.548456518385
1120 13 0.40369088812 0.424879681773 0.0198150794588 18.7393375165 1 0.1 0.39729 0.346394984326 96.1229066769 0 0.548456518385
1130 13 0.40369088812 0.370911168945 0.03338077107 31.5297923343 1 0.1 0.43072 0.356907894737 110.109032619 0 0.548456518385
1140 13 0.40369088812 0.517920402297 0.0497886262486 28.3628453194 1 0.1 0.41744 0.420807453416 78.8551094316 0 0.548456518385
1150 13 0.40369088812 0.42839355601 0.0489472005114 28.7828454624 1 0.1 0.36627 0.371875 95.334463899 0 0.548456518385
1160 13 0.40369088812 0.431360301038 0.017296906908 33.6511475145 1 0.1 0.39701 0.404651162791 94.6787868558 0 0.548456518385
1170 13 0.40369088812 0.4161326253 0.0357946756232 23.2340962464 1 0.1 0.44742 0.400981996727 98.1433983229 0 0.548456518385
1180 13 0.40369088812 0.47989132876 0.0294456530863 22.3992982466 1 0.1 0.37712 0.352 85.1039965767 0 0.548456518385
1190 13 0.40369088812 0.509450678207 0.0367555540643 21.2830593689 1 0.1 0.42353 0.349102773246 80.1660921205 0 0.548456518385
1200 13 0.40369088812 0.426535385814 0.0305530492079 31.1557103622 1 0.1 0.39757 0.4 95.7497815147 0 0.548456518385
1210 13 0.601891659501 0.433466923115 0.0336942837402 25.3264786461 1 0.1 0.42226 0.33596214511 94.2186538859 0 0.557106191032
1220 13 0.601891659501 0.457633566626 0.0320769941567 29.8341215545 1 0.1 0.39786 0.396381578947 89.2431695977 0 0.557106191032
1230 13 0.601891659501 0.521794118988 0.0224438428338 18.4457024086 1 0.1 0.41145 0.384615384615 78.2697016194 0 0.557106191032
1240 13 0.601891659501 0.39673741415 0.023797111213 22.8269431425 1 0.1 0.40947 0.488789237668 102.941312171 0 0.557106191032
1250 13 0.601891659501 0.456862433312 0.0340302954617 28.6786784778 1 0.1 0.35406 0.39842519685 89.3938022085 0 0.557106191032
1260 13 0.601891659501 0.526739211616 0.0274899017123 17.4823275169 1 0.1 0.39253 0.400611620795 77.5348960156 0 0.557106191032
1270 13 0.601891659501 0.371000735008 0.0442018118935 28.5062351304 1 0.1 0.42136 0.444790046656 110.082450373 0 0.557106191032
1280 13 0.601891659501 0.456766628797 0.0496820852722 17.3702557197 1 0.1 0.3674 0.349673202614 89.4125521113 0 0.557839051915
1290 13 0.601891659501 0.484444201104 0.0205832721552 18.156026492 1 0.1 0.4004 0.380634390651 84.3041776678 0 0.557839051915
1300 13 0.601891659501 0.490827329191 0.0324840525096 28.2347726558 1 0.1 0.37311 0.43264659271 83.2078158062 0 0.557839051915
1310 13 1.18243243243 0.573177768624 0.034256229259 12.8686448946 1 0.1 0.42963 0.394435351882 71.2530601075 40 0.6022210993
1320 13 1.18243243243 0.601965075018 0.0267074250571 14.6872961776 1 0.1 0.33029 0.374392220421 67.8455805742 40 0.6022210993
1330 13 1.18243243243 0.570885368907 0.0137963264957 6.05806558031 1 0.1 0.35104 0.408450704225 71.5391779583 40 0.6022210993
1340 13 1.18243243243 0.556501312924 0.0238862466855 10.3397668785 1 0.1 0.43675 0.421568627451 73.388272501 40 0.6022210993
1350 13 1.18243243243 0.529467746931 0.0236471568088 12.314586548 1 0.1 0.40607 0.352842809365 77.1353311636 40 0.6022210993
1360 13 1.18243243243 0.560077760454 0.0143702391499 7.98766099034 1 0.1 0.37101 0.410628019324 72.9196423848 40 0.6022210993
1370 13 1.18243243243 0.503409601544 0.0201742929507 13.4961716322 1 0.1 0.39412 0.350482315113 81.1281109353 40 0.6022210993
1380 13 1.18243243243 0.541705893286 0.017469943046 11.2046313476 1 0.1 0.42789 0.40412044374 75.3927001833 40 0.6022210993
1390 13 1.18243243243 0.551333038774 0.0195857545922 10.1890023408 1 0.1 0.4099 0.399030694669 74.0762245826 40 0.6022210993
1400 13 1.18243243243 0.572008097219 0.0328932504584 8.55549036914 1 0.1 0.39556 0.417077175698 71.398762008 40 0.6022210993
1410 13 33.3333333333 0.724369300398 0.0390245662909 0.321186868071 1 0.1 0.64847 0.547107438017 56.3810061767 270 0.729355345643
1420 13 33.3333333333 0.720568413981 0.00327222358955 0.00545139756041 1 0.1 0.32244 0.245583038869 56.6784072235 270 0.729355345643
1430 13 33.3333333333 0.726497289941 0.00136068053986 0.00413924221034 1 0.1 0.35574 0.312607944732 56.2158600802 270 0.729355345643
1440 13 33.3333333333 0.72645128035 0.00113223109903 0.0056175539606 1 0.1 0.34847 0.310344827586 56.2194204962 270 0.729355345643
1450 13 33.3333333333 0.72395117622 0.00267111365977 0.00534015799007 1 0.1 0.43663 0.331081081081 56.4135695079 270 0.729355345643
1460 13 33.3333333333 0.725309038162 0.00154976693145 0.00586345448071 1 0.1 0.34897 0.357594936709 56.3079568173 270 0.729355345643
1470 13 33.3333333333 0.724697093719 0.00124698162183 0.00721710100287 1 0.1 0.43865 0.420435510888 56.3555040498 270 0.729355345643
1480 13 33.3333333333 0.727660113331 0.00168402062027 0.00137720329471 1 0.1 0.33459 0.35593220339 56.1260253953 270 0.729355345643
1490 13 33.3333333333 0.724985886976 0.00221155256434 0.00282294960523 1 0.1 0.35953 0.319008264463 56.3330552135 270 0.729705033342
1500 13 33.3333333333 0.72456869896 0.000763355195865 0.00172232677974 1 0.1 0.43593 0.432520325203 56.3654903374 270 0.729705033342
