268.176460827,151.517620776,36.1425069516,0.0
40.1804428164,102.05971795,36.1425069516,0.0
430.551249679,46.2233549445,36.1425069516,0.0
322.362708595,217.650275088,36.1425069516,0.0
75.4299850242,257.953965417,36.1425069516,0.0
115.478426601,405.646412103,36.1425069516,0.0
377.725119853,291.249592981,36.1425069516,0.0
212.391928794,464.208595698,36.1425069516,0.0
434.256249677,208.349172072,36.1425069516,0.0
273.820738952,409.30887677,36.1425069516,0.0
389.854208375,144.697726915,36.1425069516,0.0
450.589046619,374.412456864,36.1425069516,0.0
398.019553869,444.519301777,36.1425069516,0.0
@ 10 10 0.0873362445415 0.203511747121
156.883718713,458.322113863,41.5814917084,0.0
205.542714853,290.586863849,41.5814917084,0.0
253.017486967,418.572719244,41.5814917084,0.0
347.209526127,253.449063426,41.5814917084,0.0
300.235270721,333.540499514,41.5814917084,0.0
271.126404234,197.383613299,41.5814917084,0.0
101.308207046,348.367371623,41.5814917084,0.0
351.336504269,60.7646328211,41.5814917084,0.0
413.45139625,425.41145881,41.5814917084,0.0
242.297474107,57.5729969128,41.5814917084,0.0
120.120867431,92.2632072504,41.5814917084,0.0
55.7491770384,181.942896622,41.5814917084,0.0
408.046468936,187.180310302,41.5814917084,0.0
@ 20 10 0.0873362445415 0.269372382094
164.351286056,128.370335853,45.5831457514,0.0
93.0357364424,71.0916394509,45.5831457514,0.0
133.412952878,229.768390214,45.5831457514,0.0
145.815155484,417.75600789,45.5831457514,0.0
281.593932513,136.565199619,45.5831457514,0.0
273.73562654,227.789244592,45.5831457514,0.0
371.341181668,256.591890363,45.5831457514,0.0
239.365109519,340.957379821,45.5831457514,0.0
325.034266843,398.20273112,45.5831457514,0.0
395.56605412,68.215033658,45.5831457514,0.0
452.758145988,140.932510672,45.5831457514,0.0
464.891451893,285.430042625,45.5831457514,0.0
45.9184793753,394.842792606,45.5831457514,0.0
@ 30 10 0.0873362445415 0.323714029974
285.474439919,364.355795183,32.1797806825,0.0
220.972137641,449.255765414,32.1797806825,0.0
257.845484362,35.2632699735,32.1797806825,0.0
411.339433951,248.445575715,32.1797806825,0.0
385.410394374,76.2281092645,32.1797806825,0.0
123.703178817,236.108723743,32.1797806825,0.0
105.377670785,63.6962881437,32.1797806825,0.0
308.9054181,113.142633607,32.1797806825,0.0
66.584400501,204.799614331,32.1797806825,0.0
391.977701638,439.112131481,32.1797806825,0.0
468.991585465,335.021541726,32.1797806825,0.0
135.912650517,139.088710968,32.1797806825,0.0
366.42400908,308.160555901,32.1797806825,0.0
@ 40 10 0.0873362445415 0.161331471866
338.190585985,419.060606656,40.6100185068,0.0
391.451983553,207.056915544,40.6100185068,0.0
86.0850898886,283.134717742,40.6100185068,0.0
63.5431829107,367.222011306,40.6100185068,0.0
278.90466543,294.130104644,40.6100185068,0.0
295.575824954,102.891997914,40.6100185068,0.0
399.721493458,62.91521557,40.6100185068,0.0
458.237010023,119.931465501,40.6100185068,0.0
177.370848735,109.233170751,40.6100185068,0.0
131.192856557,194.376534307,40.6100185068,0.0
456.13890255,265.086617101,40.6100185068,0.0
80.2684848645,108.622224812,40.6100185068,0.0
120.203522669,443.092893674,40.6100185068,0.0
@ 50 10 0.0873362445415 0.25693265876
257.399808687,68.7425480116,40.2295682312,0.0
82.5549228069,453.680374107,40.2295682312,0.0
337.229474065,46.3226283489,40.2295682312,0.0
40.4832883496,207.570947072,40.2295682312,0.0
395.176242383,258.453907291,40.2295682312,0.0
455.794576464,166.938968834,40.2295682312,0.0
322.538492316,424.525685767,40.2295682312,0.0
440.529814927,372.982889718,40.2295682312,0.0
244.085804872,304.693765193,40.2295682312,0.0
429.96701681,56.0508076804,40.2295682312,0.0
222.90457155,432.108845005,40.2295682312,0.0
362.8350145,345.620565123,40.2295682312,0.0
172.101144555,70.6403909249,40.2295682312,0.0
@ 60 10 0.0873362445415 0.252141120901
362.596164901,158.52006735,42.6392852135,0.0
249.602292581,159.697781749,42.6392852135,0.0
48.596102151,115.319322558,42.6392852135,0.0
157.664155049,139.427233146,42.6392852135,0.0
250.646765921,306.352098859,42.6392852135,0.0
177.339159751,410.323258913,42.6392852135,0.0
147.807767445,269.126950129,42.6392852135,0.0
286.397657843,76.1729939289,42.6392852135,0.0
54.4493831022,335.451505654,42.6392852135,0.0
405.505999068,336.044110592,42.6392852135,0.0
436.7477477,202.513432086,42.6392852135,0.0
370.353511005,423.698484091,42.6392852135,0.0
455.100906429,411.145441854,42.6392852135,0.0
@ 70 10 0.0873362445415 0.283251858269
331.955649548,453.482509273,41.00748054,0.0
470.019692407,166.276692529,41.00748054,0.0
433.512306999,48.3836741745,41.00748054,0.0
69.5832425063,358.086244348,41.00748054,0.0
328.290926529,229.783397741,41.00748054,0.0
46.9042085122,459.466988674,41.00748054,0.0
351.221572178,97.1006030777,41.00748054,0.0
41.7077839535,277.562797991,41.00748054,0.0
287.112867215,149.834090618,41.00748054,0.0
132.998116109,50.7839482354,41.00748054,0.0
296.182730226,374.717856968,41.00748054,0.0
455.323412357,338.555427418,41.00748054,0.0
47.2868850762,135.759936325,41.00748054,0.0
@ 80 10 0.0873362445415 0.261986619557
89.5246113071,166.408880401,30.221283147,0.0
170.947954529,400.749622439,30.221283147,0.0
260.85408919,193.512810748,30.221283147,0.0
47.7206411063,55.8219714073,30.221283147,0.0
326.703153113,470.107760008,30.221283147,0.0
102.539322349,319.196063788,30.221283147,0.0
215.765530863,126.62124248,30.221283147,0.0
148.371080281,196.187161044,30.221283147,0.0
471.077972419,179.557555674,30.221283147,0.0
97.1473259909,435.771772335,30.221283147,0.0
306.757380774,339.14810454,30.221283147,0.0
354.005628628,284.440135251,30.221283147,0.0
58.8132280802,267.259375861,30.221283147,0.0
@ 90 10 0.0873362445415 0.142291427355
342.577384668,295.780779771,36.8981256331,0.0
192.668982656,319.67529777,36.8981256331,0.0
93.3921005059,436.86208818,36.8981256331,0.0
395.019287259,451.576652388,36.8981256331,0.0
392.028245759,45.9139136998,36.8981256331,0.0
148.545549643,59.2638218856,36.8981256331,0.0
256.493114891,181.033329,36.8981256331,0.0
456.062251451,264.769680386,36.8981256331,0.0
280.009635594,418.87430497,36.8981256331,0.0
173.229052288,393.586708818,36.8981256331,0.0
434.001751393,130.553893955,36.8981256331,0.0
267.506991765,301.227771031,36.8981256331,0.0
369.217781515,214.144124613,36.8981256331,0.0
@ 100 10 0.0873362445415 0.212110196696
333.662049575,61.4463330416,48.1511732517,0.0
273.669730533,349.985487505,48.1511732517,0.0
310.451632241,157.497170936,48.1511732517,0.0
184.557440842,432.056608955,48.1511732517,0.0
373.702059463,273.872409027,48.1511732517,0.0
363.231460736,422.185775986,48.1511732517,0.0
74.3910177623,81.2432294062,48.1511732517,0.0
155.748558269,331.040736043,48.1511732517,0.0
454.437871851,373.428858198,48.1511732517,0.0
48.2265337763,262.106573408,48.1511732517,0.0
447.018582866,189.554687907,48.1511732517,0.0
217.844728228,55.6541421226,48.1511732517,0.0
148.926687767,196.767900381,48.1511732517,0.0
@ 110 10 0.0940354648039 0.361215754117
345.182773659,322.231606327,39.748992945,0.0
247.676538529,125.369139525,39.748992945,0.0
288.794145102,265.39578962,39.748992945,0.0
298.555860984,438.668714249,39.748992945,0.0
47.8720340462,344.768186155,39.748992945,0.0
69.2012733435,83.8803164168,39.748992945,0.0
429.229247028,153.057937161,39.748992945,0.0
153.200752181,73.1880813952,39.748992945,0.0
399.665477556,56.8331272263,39.748992945,0.0
91.3986555695,236.82818811,39.748992945,0.0
423.433089128,296.004799212,39.748992945,0.0
142.28449865,425.174599801,39.748992945,0.0
470.473987418,449.368570092,39.748992945,0.0
@ 120 10 0.0940354648039 0.246153035903
281.810420149,86.347381603,40.7986804807,0.0
79.8792021568,69.6776205837,40.7986804807,0.0
64.3703763674,438.213605159,40.7986804807,0.0
109.667623103,275.345055423,40.7986804807,0.0
393.843049974,298.866688661,40.7986804807,0.0
51.681995379,201.582977532,40.7986804807,0.0
165.921142309,470.218608577,40.7986804807,0.0
170.984350685,342.293609268,40.7986804807,0.0
441.902365668,392.575432308,40.7986804807,0.0
431.505935633,210.472382514,40.7986804807,0.0
268.706599218,319.056221474,40.7986804807,0.0
410.352915425,124.895396368,40.7986804807,0.0
162.181213796,102.555191226,40.7986804807,0.0
@ 130 10 0.0940354648039 0.259325468261
222.829549312,190.434681903,39.2364812909,0.0
333.173251899,430.336131755,39.2364812909,0.0
196.145992046,335.4595497,39.2364812909,0.0
307.13429522,215.402776247,39.2364812909,0.0
126.99630627,461.376305786,39.2364812909,0.0
88.6317666819,136.670492623,39.2364812909,0.0
398.60969422,152.799740408,39.2364812909,0.0
245.120973319,271.017142864,39.2364812909,0.0
336.61522923,69.1298469134,39.2364812909,0.0
328.680297578,344.565455631,39.2364812909,0.0
100.101277835,376.051924362,39.2364812909,0.0
453.536218681,377.11488984,39.2364812909,0.0
223.24148082,464.146587385,39.2364812909,0.0
@ 140 10 0.0940354648039 0.239846310652
136.158153978,76.7640206734,39.9553826689,0.0
259.879810826,168.040241199,39.9553826689,0.0
456.842880039,81.0562426997,39.9553826689,0.0
369.105766685,41.3004066818,39.9553826689,0.0
322.844625794,366.530180274,39.9553826689,0.0
445.369395544,229.140957788,39.9553826689,0.0
333.456879207,132.913152471,39.9553826689,0.0
149.462169523,233.173700824,39.9553826689,0.0
247.662759486,406.546621926,39.9553826689,0.0
45.8318777846,371.374250087,39.9553826689,0.0
323.413979098,455.389967984,39.9553826689,0.0
140.128397488,376.33491856,39.9553826689,0.0
94.2000470918,158.780067556,39.9553826689,0.0
@ 150 10 0.0940354648039 0.248715885796
65.5930520319,421.508776491,38.3815805423,0.0
319.253885485,439.582791921,38.3815805423,0.0
352.509196622,62.6824593298,38.3815805423,0.0
111.811917597,114.145941404,38.3815805423,0.0
445.260232903,383.17937574,38.3815805423,0.0
412.45647375,465.986654977,38.3815805423,0.0
142.503069312,275.141893058,38.3815805423,0.0
343.490527442,140.003203207,38.3815805423,0.0
320.098718096,239.991189521,38.3815805423,0.0
240.374321507,103.353249892,38.3815805423,0.0
224.718114857,405.357149316,38.3815805423,0.0
152.828944709,361.781978678,38.3815805423,0.0
222.690482312,250.337715786,38.3815805423,0.0
@ 160 10 0.0940354648039 0.229508432059
51.2703743411,467.375033216,43.0366613004,0.0
49.4514314084,225.478492169,43.0366613004,0.0
223.241334019,124.813605677,43.0366613004,0.0
175.224012344,464.284852631,43.0366613004,0.0
269.854987288,277.854771582,43.0366613004,0.0
328.7929877,350.514012538,43.0366613004,0.0
362.080226795,455.09758003,43.0366613004,0.0
288.990058906,46.4389169907,43.0366613004,0.0
405.477360145,118.31187881,43.0366613004,0.0
65.9012032954,107.615245429,43.0366613004,0.0
459.38477002,325.954753735,43.0366613004,0.0
448.648323102,447.371608446,43.0366613004,0.0
441.659723112,238.919318874,43.0366613004,0.0
@ 170 10 0.0940354648039 0.288555981141
243.422705421,84.5662654106,39.8550044898,0.0
236.691570946,233.894048232,39.8550044898,0.0
145.463823886,97.6597607782,39.8550044898,0.0
460.032143237,69.5240841882,39.8550044898,0.0
155.186518077,313.42075735,39.8550044898,0.0
328.513047579,453.201546845,39.8550044898,0.0
335.791104294,301.151231024,39.8550044898,0.0
104.480375325,243.160618871,39.8550044898,0.0
256.012537235,383.512176754,39.8550044898,0.0
366.31395498,216.354181583,39.8550044898,0.0
50.3719834997,394.532024657,39.8550044898,0.0
323.79156683,134.963119356,39.8550044898,0.0
141.447437451,469.470511846,39.8550044898,0.0
@ 180 10 0.0940354648039 0.247467779233
467.091145226,170.545717643,38.0807458352,0.0
172.587986197,350.113856343,38.0807458352,0.0
90.8386562518,300.313201871,38.0807458352,0.0
191.365858371,170.970363251,38.0807458352,0.0
323.360183631,229.487663671,38.0807458352,0.0
472.900145014,444.388530478,38.0807458352,0.0
305.155859024,151.089170566,38.0807458352,0.0
293.378174911,423.245544558,38.0807458352,0.0
42.9388770613,133.278592049,38.0807458352,0.0
369.849582601,426.566299899,38.0807458352,0.0
112.613944745,186.352750033,38.0807458352,0.0
378.49838136,324.493770935,38.0807458352,0.0
62.0246018364,442.606302299,38.0807458352,0.0
@ 190 10 0.0940354648039 0.225924758993
374.176959635,436.98642613,40.1901915764,0.0
388.310000105,76.7263086132,40.1901915764,0.0
316.701648078,310.988998778,40.1901915764,0.0
390.560874101,254.229984594,40.1901915764,0.0
54.0132861422,385.104549675,40.1901915764,0.0
44.4215430139,140.550500562,40.1901915764,0.0
69.4394818465,267.475208409,40.1901915764,0.0
221.604518249,199.549159585,40.1901915764,0.0
454.538675868,468.569838229,40.1901915764,0.0
206.835604044,313.6345045,40.1901915764,0.0
46.2596629899,57.1291858934,40.1901915764,0.0
319.5378403,132.07209942,40.1901915764,0.0
453.765190811,386.538335325,40.1901915764,0.0
@ 200 10 0.0940354648039 0.25164777159
54.3067599651,461.897772013,46.9604489008,0.0
57.5183078559,254.312177888,46.9604489008,0.0
60.3326139617,357.803615178,46.9604489008,0.0
327.425512406,306.605743545,46.9604489008,0.0
461.940476745,92.6123254665,46.9604489008,0.0
449.223431025,355.809171008,46.9604489008,0.0
338.371136582,182.897067204,46.9604489008,0.0
445.945836161,230.088764755,46.9604489008,0.0
226.304010511,459.438862321,46.9604489008,0.0
73.6313478635,67.4516823196,46.9604489008,0.0
247.613587277,255.103799332,46.9604489008,0.0
168.067776717,317.779706625,46.9604489008,0.0
372.397379045,436.036489577,46.9604489008,0.0
@ 210 10 0.101847810272 0.343571725226
201.370322351,247.231912867,37.1106003165,0.0
87.3871369624,364.834596383,37.1106003165,0.0
249.528543922,125.702441208,37.1106003165,0.0
290.601556764,211.162342758,37.1106003165,0.0
422.489677908,384.801473928,37.1106003165,0.0
199.707071459,417.640940681,37.1106003165,0.0
40.9349497012,195.338112245,37.1106003165,0.0
380.405376254,172.912215078,37.1106003165,0.0
441.014752814,457.819678981,37.1106003165,0.0
352.996903868,414.210497204,37.1106003165,0.0
182.509536825,55.066719554,37.1106003165,0.0
42.2857627324,445.598173136,37.1106003165,0.0
280.679024568,455.727924875,37.1106003165,0.0
@ 220 10 0.101847810272 0.214560066782
196.403584481,220.078993702,42.7847848082,0.0
88.1485148839,375.08307028,42.7847848082,0.0
79.1531429487,239.662442166,42.7847848082,0.0
290.543777896,146.122458776,42.7847848082,0.0
212.060982021,321.212041167,42.7847848082,0.0
72.1113345262,107.468813507,42.7847848082,0.0
167.994416076,415.097857531,42.7847848082,0.0
360.930393123,439.039095456,42.7847848082,0.0
440.515660474,267.316367295,42.7847848082,0.0
398.559104139,108.074741015,42.7847848082,0.0
284.717922632,260.241233998,42.7847848082,0.0
348.490429822,336.077173389,42.7847848082,0.0
181.704327355,67.2812588722,42.7847848082,0.0
@ 230 10 0.101847810272 0.285188257847
467.795026611,206.585274106,37.3500262519,0.0
40.164064011,104.993656071,37.3500262519,0.0
218.127562926,251.367316355,37.3500262519,0.0
190.247051207,417.62972367,37.3500262519,0.0
373.467575491,293.296754754,37.3500262519,0.0
368.210164308,472.451255648,37.3500262519,0.0
55.4216826346,328.470529392,37.3500262519,0.0
356.245328538,394.289143026,37.3500262519,0.0
204.614359487,168.827776702,37.3500262519,0.0
347.468142955,151.09465316,37.3500262519,0.0
95.4956095644,165.913760948,37.3500262519,0.0
277.100923574,343.98121019,37.3500262519,0.0
45.0104562702,249.635854637,37.3500262519,0.0
@ 240 10 0.101847810272 0.217337545984
328.009489928,397.737511986,39.6627204862,0.0
418.302445637,396.531905713,39.6627204862,0.0
80.7423842519,46.9659042299,39.6627204862,0.0
404.387574836,146.708558306,39.6627204862,0.0
52.5106852793,446.552582892,39.6627204862,0.0
325.01495507,261.109326922,39.6627204862,0.0
271.61477881,58.0308875525,39.6627204862,0.0
143.181914811,275.112012002,39.6627204862,0.0
236.670452391,362.136746322,39.6627204862,0.0
43.2555197684,140.426534865,39.6627204862,0.0
313.98297303,158.878454793,39.6627204862,0.0
409.383823652,260.654309856,39.6627204862,0.0
156.652228881,409.253441402,39.6627204862,0.0
@ 250 10 0.101847810272 0.245085678961
211.374069403,183.65125682,48.963840082,0.0
260.778613264,49.587492311,48.963840082,0.0
434.764165895,171.653429827,48.963840082,0.0
117.768063933,231.476709802,48.963840082,0.0
111.571321976,459.928352313,48.963840082,0.0
413.383203734,61.6286952042,48.963840082,0.0
452.489173436,382.671400567,48.963840082,0.0
319.845488418,172.318836183,48.963840082,0.0
210.153095672,434.847069478,48.963840082,0.0
116.673159134,345.763781786,48.963840082,0.0
256.853980089,307.259982254,48.963840082,0.0
346.046737611,372.927533223,48.963840082,0.0
77.7548620629,62.7710990999,48.963840082,0.0
@ 260 10 0.101847810272 0.373511414084
185.13625069,96.8313355946,40.0896669906,0.0
330.723616427,430.29650584,40.0896669906,0.0
62.0187186548,356.865620478,40.0896669906,0.0
397.557988549,98.9699882818,40.0896669906,0.0
221.938216775,445.814911152,40.0896669906,0.0
352.964520505,203.205241616,40.0896669906,0.0
58.9636898756,441.052211947,40.0896669906,0.0
301.05360914,89.3594645038,40.0896669906,0.0
164.261795438,377.514943873,40.0896669906,0.0
191.962166192,280.613400293,40.0896669906,0.0
89.1728746814,258.464641643,40.0896669906,0.0
469.792959217,179.974280718,40.0896669906,0.0
328.855377493,320.460894906,40.0896669906,0.0
@ 270 10 0.101847810272 0.250390492111
74.8079303033,217.695630742,43.4533798453,0.0
149.27026223,442.08228853,43.4533798453,0.0
466.690318436,438.597367564,43.4533798453,0.0
260.114038949,383.279667251,43.4533798453,0.0
44.2508276668,46.5511978701,43.4533798453,0.0
453.833741645,348.765094812,43.4533798453,0.0
80.3550106221,330.073563405,43.4533798453,0.0
43.9008035007,133.806183241,43.4533798453,0.0
445.204588669,106.352611596,43.4533798453,0.0
228.355721193,226.240840605,43.4533798453,0.0
337.03934358,275.209135418,43.4533798453,0.0
263.261003519,84.2167569632,43.4533798453,0.0
357.983130604,384.400480018,43.4533798453,0.0
@ 280 10 0.101847810272 0.294171137678
392.373856627,267.034568018,38.7009266931,0.0
467.831060892,221.531221,38.7009266931,0.0
415.43189374,119.106388821,38.7009266931,0.0
46.2577325515,77.8903732954,38.7009266931,0.0
466.768256421,386.193344208,38.7009266931,0.0
252.453748825,470.503157308,38.7009266931,0.0
195.033706201,345.487243563,38.7009266931,0.0
82.8078276279,418.42894333,38.7009266931,0.0
339.834583576,356.567855841,38.7009266931,0.0
219.267021022,261.204115314,38.7009266931,0.0
121.955270455,239.776135039,38.7009266931,0.0
329.514472281,135.253131076,38.7009266931,0.0
207.191145103,183.758882146,38.7009266931,0.0
@ 290 10 0.101847810272 0.233343476972
265.303291611,410.026702347,42.9115507212,0.0
46.6840717015,357.594600238,42.9115507212,0.0
445.436716933,326.326383647,42.9115507212,0.0
182.355202919,284.8364772,42.9115507212,0.0
288.454512708,207.718159647,42.9115507212,0.0
385.566919926,408.714015228,42.9115507212,0.0
77.6125353673,183.59156085,42.9115507212,0.0
56.3380253869,461.998520495,42.9115507212,0.0
75.5093512562,78.2706617634,42.9115507212,0.0
424.808279663,180.72454938,42.9115507212,0.0
452.605822164,87.3156055606,42.9115507212,0.0
355.733252867,315.317482559,42.9115507212,0.0
234.358271183,115.047638143,42.9115507212,0.0
@ 300 10 0.101847810272 0.286880714975
87.7815875265,62.9558388185,43.7981402316,0.0
108.66714615,299.120024384,43.7981402316,0.0
233.847381225,318.490808205,43.7981402316,0.0
166.500849138,111.578463068,43.7981402316,0.0
273.185309258,425.092383164,43.7981402316,0.0
454.660676736,342.895329831,43.7981402316,0.0
449.508808761,180.037750353,43.7981402316,0.0
354.382945165,235.724483957,43.7981402316,0.0
194.40433655,220.161956075,43.7981402316,0.0
177.521194957,463.512624382,43.7981402316,0.0
275.533877284,119.477528154,43.7981402316,0.0
52.4751187708,460.264739301,43.7981402316,0.0
411.405658373,426.934178888,43.7981402316,0.0
@ 310 10 0.111075848937 0.298857580221
378.730453569,229.186330284,39.0161480316,0.0
313.099860068,180.669063598,39.0161480316,0.0
463.919143257,338.574696502,39.0161480316,0.0
44.7309045153,347.32151691,39.0161480316,0.0
339.153995168,345.494800128,39.0161480316,0.0
175.680870182,351.277678133,39.0161480316,0.0
150.327220207,436.79264595,39.0161480316,0.0
377.091404766,44.2393233648,39.0161480316,0.0
260.576268696,300.80429759,39.0161480316,0.0
321.611502494,426.738240734,39.0161480316,0.0
153.162987304,114.370923875,39.0161480316,0.0
466.336698559,420.796525601,39.0161480316,0.0
233.893668058,463.68237676,39.0161480316,0.0
@ 320 10 0.111075848937 0.237160150303
251.834465803,430.858976991,43.1746536827,0.0
123.310575925,346.983608235,43.1746536827,0.0
333.066826021,145.968025368,43.1746536827,0.0
355.392062604,327.904188231,43.1746536827,0.0
75.3909477126,152.872208206,43.1746536827,0.0
267.465832739,208.76275325,43.1746536827,0.0
266.222668324,47.8205963443,43.1746536827,0.0
410.592176025,397.223607198,43.1746536827,0.0
444.969688605,154.321058039,43.1746536827,0.0
453.856125599,286.214396968,43.1746536827,0.0
382.506310298,233.687088675,43.1746536827,0.0
192.604413703,137.724822541,43.1746536827,0.0
46.2621606154,64.0872249119,43.1746536827,0.0
@ 330 10 0.111075848937 0.290409394624
348.682686311,423.598119052,43.0506606952,0.0
447.856140689,431.809309739,43.0506606952,0.0
88.5065792184,80.6911712312,43.0506606952,0.0
85.6355947595,452.4783586,43.0506606952,0.0
186.510462624,381.949297105,43.0506606952,0.0
312.807223517,89.1757359653,43.0506606952,0.0
316.14611917,183.438063172,43.0506606952,0.0
390.543861131,273.141736667,43.0506606952,0.0
273.570424032,355.984767863,43.0506606952,0.0
421.143171606,144.299748461,43.0506606952,0.0
100.794702927,329.964186599,43.0506606952,0.0
168.138148417,251.643376386,43.0506606952,0.0
180.186862841,147.498069328,43.0506606952,0.0
@ 340 10 0.111075848937 0.288743740414
51.0842565572,410.97366343,43.5368652255,0.0
58.6976848711,143.511192836,43.5368652255,0.0
164.122949875,61.231631461,43.5368652255,0.0
149.018297389,190.542298536,43.5368652255,0.0
457.563347779,144.410895725,43.5368652255,0.0
437.319611758,314.094084886,43.5368652255,0.0
365.774656864,247.121742549,43.5368652255,0.0
91.7030830085,296.357028839,43.5368652255,0.0
367.859080188,448.821308346,43.5368652255,0.0
181.157511674,350.972267183,43.5368652255,0.0
257.659226791,287.85815368,43.5368652255,0.0
185.846855413,440.702489026,43.5368652255,0.0
373.591107903,113.811641389,43.5368652255,0.0
@ 350 10 0.111075848937 0.295302583909
188.741269342,417.513756286,41.2537669868,0.0
57.056271528,284.097040949,41.2537669868,0.0
181.880984228,79.2770668875,41.2537669868,0.0
436.248559739,139.885160052,41.2537669868,0.0
217.549222157,186.781980122,41.2537669868,0.0
412.454293747,408.017557195,41.2537669868,0.0
101.958362842,413.928223515,41.2537669868,0.0
302.887540946,193.210787854,41.2537669868,0.0
292.780613925,303.926615318,41.2537669868,0.0
127.040974091,162.686167533,41.2537669868,0.0
465.59930943,317.731548382,41.2537669868,0.0
68.2074019546,99.5627482727,41.2537669868,0.0
428.357848239,223.656116271,41.2537669868,0.0
@ 360 10 0.111075848937 0.265142995618
103.653442439,459.746021514,40.6087520563,0.0
171.132147685,361.01292849,40.6087520563,0.0
256.507686031,205.383846405,40.6087520563,0.0
185.334123233,446.424568238,40.6087520563,0.0
396.505725811,370.043628091,40.6087520563,0.0
333.333468078,308.701068189,40.6087520563,0.0
303.651344925,446.548304499,40.6087520563,0.0
228.766103356,98.9388794745,40.6087520563,0.0
451.826500074,240.422986403,40.6087520563,0.0
139.159022311,46.3602615617,40.6087520563,0.0
141.595866709,240.762684395,40.6087520563,0.0
56.8039319614,249.53008317,40.6087520563,0.0
443.866002335,158.18350986,40.6087520563,0.0
@ 370 10 0.111075848937 0.256916633777
300.041684053,352.210860809,42.6210116201,0.0
155.517471716,46.7016336786,42.6210116201,0.0
436.842781471,137.67343252,42.6210116201,0.0
293.630190345,116.797659961,42.6210116201,0.0
279.487228717,447.262416332,42.6210116201,0.0
107.907083626,446.164003908,42.6210116201,0.0
49.6943664673,263.498247791,42.6210116201,0.0
348.40308617,253.430502215,42.6210116201,0.0
154.83324312,303.533780139,42.6210116201,0.0
120.636936067,202.088483377,42.6210116201,0.0
245.1810113,240.200758787,42.6210116201,0.0
48.567270868,359.658602611,42.6210116201,0.0
385.943079761,341.563055692,42.6210116201,0.0
@ 380 10 0.111075848937 0.283009128113
337.282979677,101.87677882,43.3235896337,0.0
417.038038331,148.653866062,43.3235896337,0.0
106.616774907,64.681980091,43.3235896337,0.0
336.44244168,387.534355195,43.3235896337,0.0
64.5507340396,255.494535361,43.3235896337,0.0
178.614673201,345.855645378,43.3235896337,0.0
196.526327228,459.320246699,43.3235896337,0.0
419.175302728,346.432893209,43.3235896337,0.0
455.891819505,241.686317228,43.3235896337,0.0
287.557934488,460.001310556,43.3235896337,0.0
458.218842619,467.408474141,43.3235896337,0.0
223.134791623,177.858977383,43.3235896337,0.0
360.505657973,225.529459966,43.3235896337,0.0
@ 390 10 0.111075848937 0.2924164519
121.36167898,412.405231327,42.6353556624,0.0
341.7926489,185.187998652,42.6353556624,0.0
128.403391328,302.128832065,42.6353556624,0.0
375.748984549,436.155030351,42.6353556624,0.0
65.9938626032,100.935992157,42.6353556624,0.0
127.743581023,196.004673824,42.6353556624,0.0
301.852729159,75.9916116991,42.6353556624,0.0
193.965522419,468.696588485,42.6353556624,0.0
212.630568326,256.536539733,42.6353556624,0.0
461.505781107,134.198058708,42.6353556624,0.0
260.589020685,158.093609794,42.6353556624,0.0
287.292785576,426.463657314,42.6353556624,0.0
141.009770092,52.1600424649,42.6353556624,0.0
@ 400 10 0.111075848937 0.283199652827
299.358250391,320.639465251,41.5365356632,0.0
257.896777136,132.546829693,41.5365356632,0.0
44.3211511279,315.192353146,41.5365356632,0.0
325.433347225,200.622272782,41.5365356632,0.0
386.238488523,455.26569871,41.5365356632,0.0
100.703504741,218.205201093,41.5365356632,0.0
430.122745038,152.887359144,41.5365356632,0.0
237.185054885,234.699415326,41.5365356632,0.0
70.6660711331,110.101331187,41.5365356632,0.0
162.958572687,353.700044948,41.5365356632,0.0
402.943833996,61.0675744962,41.5365356632,0.0
289.563249673,434.544832499,41.5365356632,0.0
164.985299248,77.8681401362,41.5365356632,0.0
@ 410 10 0.122142732507 0.26879023027
452.123933845,286.663783291,43.617607542,0.0
212.68518289,281.960725008,43.617607542,0.0
314.021473327,458.836484847,43.617607542,0.0
467.821220459,430.878292983,43.617607542,0.0
208.305702563,163.928857519,43.617607542,0.0
355.78728461,335.380120151,43.617607542,0.0
313.471668697,142.704529121,43.617607542,0.0
455.43434878,62.367339418,43.617607542,0.0
424.958866904,154.614320653,43.617607542,0.0
64.064248187,354.297051867,43.617607542,0.0
352.763887351,240.392835866,43.617607542,0.0
126.195601727,260.01654073,43.617607542,0.0
117.269182636,62.1453361502,43.617607542,0.0
@ 420 10 0.122142732507 0.296398920277
309.2903672,242.627907485,37.3506941547,0.0
328.079957665,41.6484221084,37.3506941547,0.0
145.211219116,256.775097648,37.3506941547,0.0
456.499338714,228.102882009,37.3506941547,0.0
107.06824984,449.841501017,37.3506941547,0.0
383.58638046,259.893417308,37.3506941547,0.0
241.11496885,207.086808347,37.3506941547,0.0
315.679675196,160.419771323,37.3506941547,0.0
225.968871144,294.569010762,37.3506941547,0.0
116.024838431,128.814302517,37.3506941547,0.0
54.2014765205,293.295421972,37.3506941547,0.0
40.1110538703,134.502641581,37.3506941547,0.0
358.275711782,340.685859324,37.3506941547,0.0
@ 430 10 0.122142732507 0.217345319025
427.59634298,292.896956367,42.1055519623,0.0
151.171382535,303.414769513,42.1055519623,0.0
468.508675767,410.191486215,42.1055519623,0.0
98.6551210219,203.802040636,42.1055519623,0.0
467.923707476,57.4876066235,42.1055519623,0.0
287.052451023,284.771319889,42.1055519623,0.0
232.828294607,108.329286694,42.1055519623,0.0
381.151759265,378.760916999,42.1055519623,0.0
235.12236257,376.437957033,42.1055519623,0.0
339.763311225,130.207761731,42.1055519623,0.0
146.112417135,51.3752343136,42.1055519623,0.0
71.8708003452,386.902463132,42.1055519623,0.0
300.348759081,436.650221322,42.1055519623,0.0
@ 440 10 0.122142732507 0.276205082607
454.982878741,459.945819951,42.4171213586,0.0
112.12531316,453.649609762,42.4171213586,0.0
50.9895376688,366.258867213,42.4171213586,0.0
217.922899511,400.038106382,42.4171213586,0.0
294.427741704,358.999906035,42.4171213586,0.0
460.770312366,177.79238667,42.4171213586,0.0
443.278114489,56.6881244278,42.4171213586,0.0
153.044865541,226.684603843,42.4171213586,0.0
290.140912113,160.791990251,42.4171213586,0.0
65.5371449436,106.890649129,42.4171213586,0.0
148.911043943,82.0466980337,42.4171213586,0.0
407.998151863,250.044144416,42.4171213586,0.0
253.975952089,246.894114448,42.4171213586,0.0
@ 450 10 0.122142732507 0.28030788834
354.250057389,313.500018984,40.8366828029,0.0
173.16591678,442.441664582,40.8366828029,0.0
364.275198741,166.05265431,40.8366828029,0.0
75.3115057942,215.238671211,40.8366828029,0.0
414.630972333,95.04343107,40.8366828029,0.0
236.664261939,345.778871138,40.8366828029,0.0
139.473591839,47.1992989679,40.8366828029,0.0
408.694418869,247.509557768,40.8366828029,0.0
87.8786678582,469.073506155,40.8366828029,0.0
192.113390325,117.434239339,40.8366828029,0.0
402.211071999,409.346232807,40.8366828029,0.0
120.767767381,346.464585743,40.8366828029,0.0
268.122130566,226.477574673,40.8366828029,0.0
@ 460 10 0.122142732507 0.259808795644
427.388669996,44.7529374945,42.7367882423,0.0
434.291174265,367.667502602,42.7367882423,0.0
176.647352494,181.109908651,42.7367882423,0.0
453.398389493,283.862378043,42.7367882423,0.0
61.7158399277,408.14827259,42.7367882423,0.0
181.492632964,333.623198216,42.7367882423,0.0
286.454071782,184.859967426,42.7367882423,0.0
89.4808472337,92.5111632726,42.7367882423,0.0
258.072035156,430.262291668,42.7367882423,0.0
349.474563097,380.691155304,42.7367882423,0.0
58.2345990655,226.328328781,42.7367882423,0.0
409.458377499,203.18140515,42.7367882423,0.0
298.67798107,69.5887481274,42.7367882423,0.0
@ 470 10 0.122142732507 0.284548760448
439.650687239,194.279474343,41.944891684,0.0
162.12351356,453.33077761,41.944891684,0.0
352.555837357,131.194293568,41.944891684,0.0
161.832003627,333.943880676,41.944891684,0.0
246.069139194,93.348640188,41.944891684,0.0
254.630618493,458.578472806,41.944891684,0.0
124.039863326,58.7990159379,41.944891684,0.0
382.662309075,454.839177947,41.944891684,0.0
314.446854522,330.937264753,41.944891684,0.0
349.421529394,241.306942146,41.944891684,0.0
449.999076825,326.597703765,41.944891684,0.0
268.961069476,215.675417923,41.944891684,0.0
46.331818961,458.387380714,41.944891684,0.0
@ 480 10 0.122142732507 0.274101297089
453.20974695,119.097628731,42.4763064941,0.0
193.049132332,241.867769622,42.4763064941,0.0
244.135061972,43.173348555,42.4763064941,0.0
362.537819312,407.759818371,42.4763064941,0.0
304.648727284,122.817463254,42.4763064941,0.0
169.117890788,141.207810364,42.4763064941,0.0
70.6992078388,218.340429629,42.4763064941,0.0
71.4380404183,353.287936043,42.4763064941,0.0
160.902039528,324.692770113,42.4763064941,0.0
432.694481822,267.656533349,42.4763064941,0.0
287.875632634,291.072172502,42.4763064941,0.0
220.908327002,457.049334935,42.4763064941,0.0
59.4752501157,460.121017925,42.4763064941,0.0
@ 490 10 0.122142732507 0.281090668217
311.103279793,254.795911513,41.6520247795,0.0
404.577702559,241.954875134,41.6520247795,0.0
358.420435023,85.5599042424,41.6520247795,0.0
172.356169548,437.775993064,41.6520247795,0.0
394.136696238,423.321591678,41.6520247795,0.0
391.047336927,326.943796497,41.6520247795,0.0
165.5675633,49.744399015,41.6520247795,0.0
163.343503656,223.773320479,41.6520247795,0.0
219.034271833,305.182534565,41.6520247795,0.0
197.753680018,145.023791061,41.6520247795,0.0
284.085689873,454.024914366,41.6520247795,0.0
85.5592429439,456.599025764,41.6520247795,0.0
134.322968645,303.437913958,41.6520247795,0.0
@ 500 10 0.122142732507 0.270287009001
390.482483623,369.076298543,39.0545005402,0.0
454.993050404,220.209491406,39.0545005402,0.0
377.635387809,190.262480375,39.0545005402,0.0
195.349588409,367.13772719,39.0545005402,0.0
423.153688636,71.2721091571,39.0545005402,0.0
162.830119418,100.126269163,39.0545005402,0.0
137.2773774,187.375841965,39.0545005402,0.0
43.4104889778,324.080738736,39.0545005402,0.0
87.977680336,405.622333674,39.0545005402,0.0
336.230156094,79.8992903802,39.0545005402,0.0
464.107828706,416.240485186,39.0545005402,0.0
379.274979199,280.617120714,39.0545005402,0.0
187.569286911,466.297781257,39.0545005402,0.0
@ 510 10 0.135658914729 0.237626631883
69.7290320784,343.934036875,37.163182639,0.0
195.846504904,72.125239953,37.163182639,0.0
426.853428469,394.474180777,37.163182639,0.0
470.404695457,250.025028854,37.163182639,0.0
258.714096102,234.957907655,37.163182639,0.0
330.885724442,85.975224111,37.163182639,0.0
302.45826083,327.498905439,37.163182639,0.0
339.431585881,205.329425252,37.163182639,0.0
223.939139255,440.3042716,37.163182639,0.0
174.22410395,243.771456581,37.163182639,0.0
232.182570701,162.539237493,37.163182639,0.0
301.305009799,404.824362447,37.163182639,0.0
417.427253345,186.810480998,37.163182639,0.0
@ 520 10 0.135658914729 0.215168521476
406.706553924,59.9803110751,45.5068111552,0.0
51.8582485385,395.008695324,45.5068111552,0.0
71.6473894455,51.5747484629,45.5068111552,0.0
159.807771387,335.939213708,45.5068111552,0.0
332.289267093,117.673273224,45.5068111552,0.0
65.6308315666,217.472242305,45.5068111552,0.0
443.428510812,177.519820329,45.5068111552,0.0
205.858998797,463.404107543,45.5068111552,0.0
321.470945138,436.401680712,45.5068111552,0.0
445.046360126,457.256191221,45.5068111552,0.0
212.842897563,249.327952451,45.5068111552,0.0
451.838982874,288.268265386,45.5068111552,0.0
135.043959461,122.207774483,45.5068111552,0.0
@ 530 10 0.135658914729 0.322630739696
275.273503574,171.928122863,48.606987198,0.0
64.4403143599,300.327089016,48.606987198,0.0
325.689885769,449.898949766,48.606987198,0.0
170.746601312,425.634914599,48.606987198,0.0
147.20525617,205.621073647,48.606987198,0.0
94.2763110992,69.3582796977,48.606987198,0.0
56.0713387279,434.650616623,48.606987198,0.0
162.431482009,310.26397555,48.606987198,0.0
444.257199374,460.82673697,48.606987198,0.0
332.15133958,52.8922200778,48.606987198,0.0
399.331703709,364.605181167,48.606987198,0.0
387.252558752,241.123163507,48.606987198,0.0
215.697092456,67.165343032,48.606987198,0.0
@ 540 10 0.135658914729 0.368086883845
356.149705958,59.9818113588,40.047923752,0.0
256.392374342,221.556108764,40.047923752,0.0
167.570485034,118.385305936,40.047923752,0.0
385.065367542,141.741854145,40.047923752,0.0
88.2040557977,444.633283627,40.047923752,0.0
282.635594383,113.652535713,40.047923752,0.0
71.7563420286,204.206373525,40.047923752,0.0
419.471676594,453.112399515,40.047923752,0.0
89.9272415047,321.613629512,40.047923752,0.0
441.714943874,278.733121599,40.047923752,0.0
175.41870796,308.580415421,40.047923752,0.0
335.74644496,308.16003717,40.047923752,0.0
182.167160466,450.376094667,40.047923752,0.0
@ 550 10 0.135658914729 0.249869326971
371.586761872,303.375843287,44.6137159791,0.0
77.4224483626,311.837249531,44.6137159791,0.0
260.268800439,174.672758729,44.6137159791,0.0
126.645425712,73.4027704885,44.6137159791,0.0
363.126089998,462.767386086,44.6137159791,0.0
260.886007792,268.448153708,44.6137159791,0.0
448.533510883,355.956775965,44.6137159791,0.0
174.402614861,337.394565336,44.6137159791,0.0
86.9826514971,169.595768572,44.6137159791,0.0
409.052302209,181.284465594,44.6137159791,0.0
331.453407102,102.72874333,44.6137159791,0.0
414.349935394,51.7474964641,44.6137159791,0.0
313.57430517,386.831021705,44.6137159791,0.0
@ 560 10 0.135658914729 0.310091407641
449.287565033,324.728505494,46.8724784868,0.0
456.362626843,94.498535729,46.8724784868,0.0
234.100857938,389.101686575,46.8724784868,0.0
151.524534088,340.311871281,46.8724784868,0.0
356.788296364,459.560228011,46.8724784868,0.0
103.374806965,118.972653772,46.8724784868,0.0
263.41561907,269.058549838,46.8724784868,0.0
266.582105114,145.079699723,46.8724784868,0.0
142.154865058,230.465186571,46.8724784868,0.0
420.459830867,233.974131291,46.8724784868,0.0
316.85447285,50.3239476249,46.8724784868,0.0
132.435758479,465.065245351,46.8724784868,0.0
195.560575168,47.9874910698,46.8724784868,0.0
@ 570 10 0.135658914729 0.34228571377
263.198769627,155.467210911,41.8756088245,0.0
321.625233141,232.278950297,41.8756088245,0.0
71.1382260091,462.342187139,41.8756088245,0.0
44.8955617163,316.998340405,41.8756088245,0.0
331.973655625,53.6741422003,41.8756088245,0.0
175.086608363,82.472448149,41.8756088245,0.0
414.092666897,382.888462781,41.8756088245,0.0
261.925439035,292.001283096,41.8756088245,0.0
139.816190156,403.137728429,41.8756088245,0.0
415.88928779,180.385293277,41.8756088245,0.0
111.94713198,229.776089636,41.8756088245,0.0
360.242882659,463.422728196,41.8756088245,0.0
305.318346139,386.83609969,41.8756088245,0.0
@ 580 10 0.135658914729 0.273196546259
177.513945867,336.284532161,39.2997983054,0.0
96.0480799079,51.1260312373,39.2997983054,0.0
240.672881981,404.828095548,39.2997983054,0.0
227.580205815,150.440708611,39.2997983054,0.0
54.7096106113,283.58680029,39.2997983054,0.0
313.827285596,467.227290761,39.2997983054,0.0
464.523973466,171.928899155,39.2997983054,0.0
86.4387589236,364.679708593,39.2997983054,0.0
429.116140327,443.684561342,39.2997983054,0.0
330.272458864,216.410431753,39.2997983054,0.0
158.716194228,414.720924081,39.2997983054,0.0
433.2288147,315.889494874,39.2997983054,0.0
50.4155168493,152.925284456,39.2997983054,0.0
@ 590 10 0.135658914729 0.240621028728
172.654196351,181.097973024,42.302106934,0.0
293.938929031,355.659924902,42.302106934,0.0
381.125542739,430.95793539,42.302106934,0.0
187.255936708,287.042025992,42.302106934,0.0
307.390234143,178.35887949,42.302106934,0.0
430.499354337,340.765929184,42.302106934,0.0
64.8335019042,185.820067505,42.302106934,0.0
245.093346442,87.642389346,42.302106934,0.0
94.2666115918,95.5244201852,42.302106934,0.0
96.4056486843,323.649318565,42.302106934,0.0
198.24114988,457.310668648,42.302106934,0.0
419.643493886,183.169671398,42.302106934,0.0
43.1640192685,445.247421316,42.302106934,0.0
@ 600 10 0.135658914729 0.278789834277
347.068004276,281.443143709,45.5617253996,0.0
336.0750514,174.624440206,45.5617253996,0.0
275.888058308,359.397456595,45.5617253996,0.0
63.3102569672,406.081887446,45.5617253996,0.0
460.308295877,223.9849769,45.5617253996,0.0
156.849958854,114.145397538,45.5617253996,0.0
231.965379084,277.13996106,45.5617253996,0.0
173.007677984,440.61639122,45.5617253996,0.0
64.6655999595,52.2961389712,45.5617253996,0.0
135.96067148,241.387341632,45.5617253996,0.0
354.708345645,460.373990362,45.5617253996,0.0
354.052306072,50.0415854155,45.5617253996,0.0
252.631083574,80.7723040305,45.5617253996,0.0
@ 610 10 0.152538679451 0.323409863201
390.405121185,158.008636928,39.6068038334,0.0
123.813770334,428.485367326,39.6068038334,0.0
228.779271626,126.520779082,39.6068038334,0.0
471.581959689,126.341107855,39.6068038334,0.0
371.385386936,283.202337641,39.6068038334,0.0
161.852760805,309.626034169,39.6068038334,0.0
434.764177215,435.856031974,39.6068038334,0.0
198.091614141,234.449337102,39.6068038334,0.0
471.712048976,344.658740689,39.6068038334,0.0
305.12195307,51.9318324162,39.6068038334,0.0
50.7124008231,64.6098393217,39.6068038334,0.0
241.24429578,422.306868076,39.6068038334,0.0
83.4593580586,196.243300796,39.6068038334,0.0
@ 620 10 0.152538679451 0.244395120653
384.888675607,297.958324822,45.8314771106,0.0
65.5171774665,172.6576587,45.8314771106,0.0
236.563530278,334.603746873,45.8314771106,0.0
303.967471486,434.980169588,45.8314771106,0.0
150.023232405,249.745850558,45.8314771106,0.0
258.919342196,150.89363151,45.8314771106,0.0
464.497920195,169.602901885,45.8314771106,0.0
150.088610393,117.541497291,45.8314771106,0.0
259.587373215,57.8225133064,45.8314771106,0.0
75.6267760574,414.085495383,45.8314771106,0.0
424.349762501,383.188230917,45.8314771106,0.0
48.3454499369,79.7542764801,45.8314771106,0.0
50.2904150682,273.815038967,45.8314771106,0.0
@ 630 10 0.152538679451 0.327250745865
301.899596699,282.475098567,40.9359182346,0.0
296.13551496,169.851196813,40.9359182346,0.0
386.481730387,113.566212309,40.9359182346,0.0
269.80746986,47.9521820497,40.9359182346,0.0
134.665646902,382.782087782,40.9359182346,0.0
465.773151757,41.2772743062,40.9359182346,0.0
48.5080062303,159.799693082,40.9359182346,0.0
48.4555286685,462.099518414,40.9359182346,0.0
108.465541247,262.655210307,40.9359182346,0.0
192.183596501,210.025030274,40.9359182346,0.0
233.653885545,381.981370903,40.9359182346,0.0
426.90115002,191.871918722,40.9359182346,0.0
410.510760062,410.342329335,40.9359182346,0.0
@ 640 10 0.152538679451 0.261073029777
233.751303569,75.1977395016,48.0445367461,0.0
309.458595207,220.904308292,48.0445367461,0.0
372.724510313,326.247242959,48.0445367461,0.0
367.338118489,129.308050467,48.0445367461,0.0
233.166426673,410.863219409,48.0445367461,0.0
131.569697125,106.321173,48.0445367461,0.0
94.2816759473,442.229354798,48.0445367461,0.0
441.819986681,446.353981936,48.0445367461,0.0
456.202323306,69.6897371559,48.0445367461,0.0
333.564479249,423.23513764,48.0445367461,0.0
244.91811601,297.984477459,48.0445367461,0.0
91.717193108,277.255321454,48.0445367461,0.0
456.949853806,174.341439469,48.0445367461,0.0
@ 650 10 0.152538679451 0.359617615132
430.721423754,57.1707439585,42.8572219649,0.0
330.661099988,353.799058271,42.8572219649,0.0
236.624214119,260.506152446,42.8572219649,0.0
240.67984634,430.078720519,42.8572219649,0.0
421.716943262,276.258250736,42.8572219649,0.0
252.769137994,171.583653604,42.8572219649,0.0
158.822915955,391.166523802,42.8572219649,0.0
302.311345084,53.0693836134,42.8572219649,0.0
218.237141739,85.1230834509,42.8572219649,0.0
122.241317905,193.929468674,42.8572219649,0.0
343.734564647,227.161035091,42.8572219649,0.0
329.79851028,442.655725696,42.8572219649,0.0
92.7447521901,67.2616987885,42.8572219649,0.0
@ 660 10 0.152538679451 0.286154756306
247.993929752,179.807337844,43.42462558,0.0
215.39270025,423.291376861,43.42462558,0.0
168.42452011,67.9370646935,43.42462558,0.0
306.25296356,410.534648849,43.42462558,0.0
55.430138539,143.059327183,43.42462558,0.0
47.8458071437,420.697465665,43.42462558,0.0
310.851469024,70.42082497,43.42462558,0.0
385.679754817,325.137838216,43.42462558,0.0
437.245572946,58.4737554008,43.42462558,0.0
466.888054583,362.635764459,43.42462558,0.0
384.987957754,232.099196227,43.42462558,0.0
110.8774327,247.685612759,43.42462558,0.0
292.310925715,255.11969492,43.42462558,0.0
@ 670 10 0.152538679451 0.293781944648
465.897095817,414.831950933,42.6987035441,0.0
230.18796359,287.741514366,42.6987035441,0.0
455.267081929,221.338389373,42.6987035441,0.0
339.823903753,328.167194953,42.6987035441,0.0
406.508852616,62.7526763908,42.6987035441,0.0
218.61186146,97.3432666671,42.6987035441,0.0
116.098460661,400.855584837,42.6987035441,0.0
338.780897007,236.20256951,42.6987035441,0.0
446.0274212,316.038575293,42.6987035441,0.0
361.983657895,439.722115487,42.6987035441,0.0
234.686338844,181.47553667,42.6987035441,0.0
379.790976963,153.941801805,42.6987035441,0.0
262.986889221,441.228994426,42.6987035441,0.0
@ 680 10 0.152538679451 0.284041837703
341.112505639,235.301873539,42.413383436,0.0
65.7833989809,340.611834368,42.413383436,0.0
398.22275787,107.64739815,42.413383436,0.0
254.958951906,387.231777648,42.413383436,0.0
232.591179998,218.082503949,42.413383436,0.0
151.279486653,434.935312244,42.413383436,0.0
311.20770042,459.391146547,42.413383436,0.0
234.063021187,129.217584712,42.413383436,0.0
465.588367215,171.988981893,42.413383436,0.0
65.6998169966,80.0686206441,42.413383436,0.0
141.364168827,259.50002947,42.413383436,0.0
454.323468976,405.427638117,42.413383436,0.0
110.977244141,168.337071967,42.413383436,0.0
@ 690 10 0.152538679451 0.280258487392
186.940039605,101.933702449,40.793465345,0.0
295.977118748,212.077770873,40.793465345,0.0
272.418280655,449.285769151,40.793465345,0.0
202.078498563,205.50432,40.793465345,0.0
430.35149196,413.634320317,40.793465345,0.0
267.763438737,361.491428904,40.793465345,0.0
156.542960284,363.996413494,40.793465345,0.0
463.913372929,59.0223747517,40.793465345,0.0
466.459647336,150.983342223,40.793465345,0.0
79.8050788725,427.336876686,40.793465345,0.0
463.746370404,257.995072507,40.793465345,0.0
67.1607394096,331.18507569,40.793465345,0.0
67.9918757537,104.833648742,40.793465345,0.0
@ 700 10 0.152538679451 0.259259175378
45.8275569757,315.822103317,41.9404901001,0.0
221.867244974,374.097057359,41.9404901001,0.0
131.913412871,85.711008691,41.9404901001,0.0
393.869759395,238.064426343,41.9404901001,0.0
368.921691601,76.3583731843,41.9404901001,0.0
281.49814068,174.767390066,41.9404901001,0.0
459.885152561,306.911946095,41.9404901001,0.0
90.4054638211,193.030181436,41.9404901001,0.0
429.071303163,465.46550128,41.9404901001,0.0
295.234685911,417.51688697,41.9404901001,0.0
173.924556003,266.845123238,41.9404901001,0.0
126.970523943,394.198778012,41.9404901001,0.0
50.0551540314,453.853565487,41.9404901001,0.0
@ 710 10 0.174216027875 0.274043773204
453.000565198,201.272269391,43.9892043871,0.0
176.392659564,315.694234108,43.9892043871,0.0
47.0329318347,354.010239091,43.9892043871,0.0
47.3375787035,231.878393886,43.9892043871,0.0
378.391577796,410.578370819,43.9892043871,0.0
112.924236002,64.5733810882,43.9892043871,0.0
135.412122847,404.988511312,43.9892043871,0.0
415.534292133,46.6029169207,43.9892043871,0.0
324.905248299,114.484599864,43.9892043871,0.0
462.64626335,365.400010672,43.9892043871,0.0
133.592142382,180.569330935,43.9892043871,0.0
253.413826482,252.423835389,43.9892043871,0.0
199.138563749,44.6849525287,43.9892043871,0.0
@ 720 10 0.174216027875 0.301470728585
140.336645353,92.1803723534,43.9948813828,0.0
382.524819961,166.978431628,43.9948813828,0.0
266.687410149,421.116013861,43.9948813828,0.0
81.2001410852,443.930100138,43.9948813828,0.0
398.45339161,339.289401587,43.9948813828,0.0
416.151642455,464.47250971,43.9948813828,0.0
297.426113238,273.067105685,43.9948813828,0.0
44.5975312625,170.049753447,43.9948813828,0.0
449.193465081,252.870914786,43.9948813828,0.0
285.48198203,70.1763740972,43.9948813828,0.0
166.491458712,200.780962493,43.9948813828,0.0
202.138186975,337.367416796,43.9948813828,0.0
112.016622889,332.902949501,43.9948813828,0.0
@ 730 10 0.174216027875 0.30154854579
189.707993293,82.068378285,45.7221855619,0.0
72.2557455493,463.065495277,45.7221855619,0.0
456.679478016,157.347824025,45.7221855619,0.0
202.749577331,310.727494704,45.7221855619,0.0
420.361594476,282.21041862,45.7221855619,0.0
307.885585945,191.844037923,45.7221855619,0.0
207.520587192,173.537452451,45.7221855619,0.0
347.888015769,425.307529922,45.7221855619,0.0
256.95649795,465.657576113,45.7221855619,0.0
458.432828896,386.186813087,45.7221855619,0.0
301.983622003,73.7355298627,45.7221855619,0.0
96.5972909938,116.157199698,45.7221855619,0.0
105.08483174,363.141503782,45.7221855619,0.0
@ 740 10 0.174216027875 0.325691856695
430.899159388,299.005272006,41.1142345011,0.0
435.340819852,468.370783825,41.1142345011,0.0
84.288417325,132.695665694,41.1142345011,0.0
201.83143115,240.625773687,41.1142345011,0.0
159.001854761,337.369937018,41.1142345011,0.0
351.467472196,159.723774082,41.1142345011,0.0
162.047547415,68.2622542913,41.1142345011,0.0
117.980024957,458.949963308,41.1142345011,0.0
231.578234102,144.111578724,41.1142345011,0.0
365.891199605,369.526736313,41.1142345011,0.0
458.142052882,387.518448607,41.1142345011,0.0
466.632523351,195.93563117,41.1142345011,0.0
66.0915206764,279.307671562,41.1142345011,0.0
@ 750 10 0.174216027875 0.263352444203
213.486075201,447.173755228,43.2794934657,0.0
255.316721455,49.3013235561,43.2794934657,0.0
121.282120468,293.169577024,43.2794934657,0.0
363.231942222,450.078525342,43.2794934657,0.0
341.450948781,98.5109352851,43.2794934657,0.0
196.961477297,151.079065824,43.2794934657,0.0
233.187477533,262.743435834,43.2794934657,0.0
127.181218591,203.241199311,43.2794934657,0.0
455.684820645,425.281768638,43.2794934657,0.0
279.052890259,343.211998205,43.2794934657,0.0
61.4972652953,437.357081282,43.2794934657,0.0
351.592300888,241.770303609,43.2794934657,0.0
428.213564714,170.090591781,43.2794934657,0.0
@ 760 10 0.174216027875 0.291821492761
266.84922811,183.209537164,46.604028014,0.0
226.20127419,267.974708821,46.604028014,0.0
337.595332962,336.857792609,46.604028014,0.0
90.7144378813,216.221793304,46.604028014,0.0
408.931416083,400.034699106,46.604028014,0.0
357.76748863,228.988463538,46.604028014,0.0
151.712515745,99.9487234003,46.604028014,0.0
446.674575831,48.0286197302,46.604028014,0.0
463.123247354,290.259677902,46.604028014,0.0
298.274225438,442.641504482,46.604028014,0.0
183.773199067,442.844127347,46.604028014,0.0
127.437131092,338.001531197,46.604028014,0.0
336.329237183,77.1606772661,46.604028014,0.0
@ 770 10 0.174216027875 0.338376228488
452.126711015,306.403349459,49.3708770484,0.0
271.249905093,320.553043563,49.3708770484,0.0
457.459834045,157.134289925,49.3708770484,0.0
176.768182411,242.036605802,49.3708770484,0.0
274.053598354,216.311677962,49.3708770484,0.0
362.133801428,100.425819416,49.3708770484,0.0
436.156522929,442.855440066,49.3708770484,0.0
61.3962562994,221.147036254,49.3708770484,0.0
328.540358573,457.383236892,49.3708770484,0.0
365.356562861,257.07351757,49.3708770484,0.0
54.277153241,414.030585218,49.3708770484,0.0
217.779877926,418.462925946,49.3708770484,0.0
174.624397448,62.7490501779,49.3708770484,0.0
@ 780 10 0.174216027875 0.379747235395
464.286101732,469.64774244,42.1146642771,0.0
154.839947356,130.938159897,42.1146642771,0.0
344.999395554,237.690022532,42.1146642771,0.0
248.235170772,175.263568985,42.1146642771,0.0
53.1815985219,256.610253016,42.1146642771,0.0
71.5416454773,164.596153098,42.1146642771,0.0
438.535413012,78.2131859659,42.1146642771,0.0
350.406356689,322.293604314,42.1146642771,0.0
326.176837408,404.394473356,42.1146642771,0.0
349.553186035,52.1309100076,42.1146642771,0.0
443.365703938,367.240922111,42.1146642771,0.0
50.6002275056,80.6528713738,42.1146642771,0.0
255.956671585,295.547175888,42.1146642771,0.0
@ 790 10 0.174216027875 0.276324645937
462.420448813,248.539152644,44.813794309,0.0
424.632413074,445.052675244,44.813794309,0.0
96.0149244043,175.424995171,44.813794309,0.0
254.16538272,112.229581434,44.813794309,0.0
246.086506358,458.035652712,44.813794309,0.0
58.9725180846,417.616794202,44.813794309,0.0
63.7647686055,278.635731976,44.813794309,0.0
359.724015521,122.912172018,44.813794309,0.0
255.636369167,243.99204663,44.813794309,0.0
230.318219993,340.912634148,44.813794309,0.0
95.0381192501,65.0947382272,44.813794309,0.0
165.036878454,277.583081787,44.813794309,0.0
333.527230778,427.4092299,44.813794309,0.0
@ 800 10 0.174216027875 0.312878967035
222.738464302,463.552642499,44.9976308389,0.0
342.449954894,262.358020332,44.9976308389,0.0
224.976996224,174.16943193,44.9976308389,0.0
69.9943901885,446.126531251,44.9976308389,0.0
436.744021766,314.412089523,44.9976308389,0.0
264.689801621,346.198467736,44.9976308389,0.0
259.885391646,67.992501953,44.9976308389,0.0
426.173430099,204.845829701,44.9976308389,0.0
119.897202035,318.147750777,44.9976308389,0.0
405.78958076,433.038611398,44.9976308389,0.0
313.128067984,149.520257806,44.9976308389,0.0
61.1984453394,116.485323469,44.9976308389,0.0
393.281573769,97.1203566725,44.9976308389,0.0
@ 810 10 0.203075137801 0.315451235762
426.836932813,355.22872509,46.4000865699,0.0
464.019825849,457.048465861,46.4000865699,0.0
64.1651364977,345.628189115,46.4000865699,0.0
69.2813813951,448.704416195,46.4000865699,0.0
284.756979597,77.5718757722,46.4000865699,0.0
420.883395648,217.520910688,46.4000865699,0.0
123.868994732,220.393003809,46.4000865699,0.0
415.65299001,61.3195536067,46.4000865699,0.0
193.388887651,463.28617862,46.4000865699,0.0
227.337745968,195.964060624,46.4000865699,0.0
155.023274883,131.794783714,46.4000865699,0.0
290.703927041,285.68469031,46.4000865699,0.0
259.687198407,395.025623744,46.4000865699,0.0
@ 820 10 0.203075137801 0.33542120737
339.510745376,459.190551138,49.8147019206,0.0
96.8134005763,57.0951302804,49.8147019206,0.0
257.462991372,81.0541346977,49.8147019206,0.0
170.298721924,304.975655432,49.8147019206,0.0
443.89817575,51.2680112348,49.8147019206,0.0
271.180110762,218.245905486,49.8147019206,0.0
362.146854348,327.341817566,49.8147019206,0.0
249.822617033,398.654885753,49.8147019206,0.0
167.559567803,189.064049571,49.8147019206,0.0
461.138694811,235.177763202,49.8147019206,0.0
82.339919808,440.393220148,49.8147019206,0.0
440.067894374,454.660541044,49.8147019206,0.0
58.7423873308,211.885494042,49.8147019206,0.0
@ 830 10 0.203075137801 0.386605482134
109.92257353,198.78148367,50.9063055269,0.0
456.39613089,232.542439683,50.9063055269,0.0
78.9946280566,357.435398421,50.9063055269,0.0
343.840690838,167.944034097,50.9063055269,0.0
73.961605818,61.8479668169,50.9063055269,0.0
317.59836792,57.9815364673,50.9063055269,0.0
185.302039448,60.3651414328,50.9063055269,0.0
442.820952519,450.656431365,50.9063055269,0.0
206.494316644,165.796757238,50.9063055269,0.0
426.166919152,102.169378506,50.9063055269,0.0
196.903281551,278.842063893,50.9063055269,0.0
113.877380814,457.25666691,50.9063055269,0.0
335.096250375,404.950397727,50.9063055269,0.0
@ 840 10 0.203075137801 0.403734716798
392.328722979,163.45734533,49.7892951826,0.0
422.890847602,427.611865057,49.7892951826,0.0
162.575858203,68.3338667598,49.7892951826,0.0
443.638703627,73.3594810005,49.7892951826,0.0
228.979758191,417.445797279,49.7892951826,0.0
67.9144221058,176.787761848,49.7892951826,0.0
163.70767198,302.030889846,49.7892951826,0.0
303.353214455,284.101824995,49.7892951826,0.0
117.295644293,419.1338339,49.7892951826,0.0
65.320733228,329.285832532,49.7892951826,0.0
324.123100603,458.951820933,49.7892951826,0.0
307.977167645,50.4760516177,49.7892951826,0.0
423.602427922,319.549251051,49.7892951826,0.0
@ 850 10 0.203075137801 0.386211225861
252.62530616,219.320820266,50.2014584336,0.0
233.565027841,441.741704904,50.2014584336,0.0
452.075384691,312.027969618,50.2014584336,0.0
87.3793021332,444.947861787,50.2014584336,0.0
459.733206383,183.614491988,50.2014584336,0.0
156.336978176,55.083775554,50.2014584336,0.0
106.192096414,155.19267796,50.2014584336,0.0
336.545841143,161.392806626,50.2014584336,0.0
322.022794222,314.93305031,50.2014584336,0.0
204.451482064,320.218008893,50.2014584336,0.0
101.617902312,282.79974995,50.2014584336,0.0
380.31103271,458.984807109,50.2014584336,0.0
415.041887921,77.5939080842,50.2014584336,0.0
@ 860 10 0.203075137801 0.392631920928
376.721895917,381.315649953,45.0947832536,0.0
286.122245477,362.878551357,45.0947832536,0.0
195.370780449,459.499351428,45.0947832536,0.0
369.599933092,48.2252072305,45.0947832536,0.0
64.7682981016,186.064229605,45.0947832536,0.0
435.066638226,256.982888114,45.0947832536,0.0
329.64333678,279.563155738,45.0947832536,0.0
140.160480432,314.949725832,45.0947832536,0.0
291.913067323,134.650560499,45.0947832536,0.0
156.308899491,163.664762177,45.0947832536,0.0
81.1362592199,76.0068627573,45.0947832536,0.0
80.2246039648,413.505540474,45.0947832536,0.0
239.043053209,223.635561446,45.0947832536,0.0
@ 870 10 0.203075137801 0.316814860151
363.715943418,452.950947372,44.9617418407,0.0
137.988651991,429.601360604,44.9617418407,0.0
302.684955441,62.7567557568,44.9617418407,0.0
458.50388742,366.668220384,44.9617418407,0.0
234.820071554,144.211696075,44.9617418407,0.0
254.615991271,451.244876154,44.9617418407,0.0
147.152956678,49.0853018407,44.9617418407,0.0
450.277750016,112.315463343,44.9617418407,0.0
69.6799149789,107.280795991,44.9617418407,0.0
95.8164403198,199.164301316,44.9617418407,0.0
112.585904761,334.486942501,44.9617418407,0.0
372.174477405,292.737901275,44.9617418407,0.0
241.151241128,298.894821828,44.9617418407,0.0
@ 880 10 0.203075137801 0.314948244212
354.055338167,330.991304238,50.1970785161,0.0
61.0639695638,227.575903722,50.1970785161,0.0
390.706823229,433.920024711,50.1970785161,0.0
241.376437662,64.4102630063,50.1970785161,0.0
435.051063993,57.287180692,50.1970785161,0.0
440.447642141,273.379131526,50.1970785161,0.0
248.869105899,439.46025628,50.1970785161,0.0
195.215681266,309.659649937,50.1970785161,0.0
341.287235946,227.402835941,50.1970785161,0.0
56.0206582792,352.418901206,50.1970785161,0.0
430.537947207,168.017158783,50.1970785161,0.0
178.513928574,172.05611584,50.1970785161,0.0
93.3289707273,457.176393689,50.1970785161,0.0
@ 890 10 0.203075137801 0.392563412145
261.027604919,337.345781826,52.014560077,0.0
175.224323208,244.789460065,52.014560077,0.0
93.7516187209,53.4427301027,52.014560077,0.0
447.64876932,162.367190329,52.014560077,0.0
455.278232136,452.09748682,52.014560077,0.0
298.385421759,64.9623949609,52.014560077,0.0
53.5356079276,193.040560768,52.014560077,0.0
114.712056369,330.380901114,52.014560077,0.0
409.729572748,352.889316145,52.014560077,0.0
189.617102014,105.723067128,52.014560077,0.0
298.600687638,210.981828371,52.014560077,0.0
217.899069365,435.218435941,52.014560077,0.0
325.961612816,442.540355524,52.014560077,0.0
@ 900 10 0.203075137801 0.421505063023
422.507849317,451.232376728,52.8693360142,0.0
433.4015855,191.634131836,52.8693360142,0.0
294.842611102,448.267330115,52.8693360142,0.0
77.0885501367,61.4732194738,52.8693360142,0.0
61.3337352282,452.57531389,52.8693360142,0.0
434.987608743,85.2869115887,52.8693360142,0.0
64.2160684411,278.792907634,52.8693360142,0.0
170.100284942,391.78512104,52.8693360142,0.0
306.067038435,176.388763084,52.8693360142,0.0
280.28655845,287.485309878,52.8693360142,0.0
328.518654332,71.271917009,52.8693360142,0.0
166.252248153,178.528782298,52.8693360142,0.0
400.628919994,301.577356881,52.8693360142,0.0
@ 910 10 0.243393602225 0.435472413655
239.471071066,283.74587148,51.5990984961,0.0
54.8994999602,59.9819073404,51.5990984961,0.0
335.241461305,332.597720957,51.5990984961,0.0
158.876681031,423.598089482,51.5990984961,0.0
116.696515658,278.492317673,51.5990984961,0.0
215.585042628,137.456660502,51.5990984961,0.0
436.339519472,394.939165595,51.5990984961,0.0
450.881918173,60.0454590131,51.5990984961,0.0
74.309802633,177.060799904,51.5990984961,0.0
321.911317125,98.6796250036,51.5990984961,0.0
57.7532779369,448.215436612,51.5990984961,0.0
298.577047894,449.71954004,51.5990984961,0.0
408.412572962,227.288892399,51.5990984961,0.0
@ 920 10 0.243393602225 0.41479848758
277.614123068,66.7008641899,50.6477765002,0.0
445.267148492,173.781596856,50.6477765002,0.0
116.144150171,423.437621965,50.6477765002,0.0
70.452482779,278.972703434,50.6477765002,0.0
246.0955069,299.840292813,50.6477765002,0.0
371.196149672,398.733768921,50.6477765002,0.0
320.278123439,190.176309872,50.6477765002,0.0
215.289424884,203.308708422,50.6477765002,0.0
265.342674956,430.618166959,50.6477765002,0.0
354.583532022,297.458364319,50.6477765002,0.0
136.387736363,78.7133119053,50.6477765002,0.0
418.304478011,64.1113142737,50.6477765002,0.0
460.574443005,309.736056781,50.6477765002,0.0
@ 930 10 0.243393602225 0.399644374698
54.3677352302,194.187794483,51.8310334992,0.0
249.36893345,326.221463279,51.8310334992,0.0
194.749489902,431.211070699,51.8310334992,0.0
415.305098056,373.658434093,51.8310334992,0.0
109.518105411,346.723616921,51.8310334992,0.0
195.960653313,133.325914118,51.8310334992,0.0
66.5953007901,456.452193673,51.8310334992,0.0
401.426487259,126.13578193,51.8310334992,0.0
307.277983323,82.2524504988,51.8310334992,0.0
58.9352785526,70.4927547045,51.8310334992,0.0
340.660556216,455.29746178,51.8310334992,0.0
429.648912345,234.952443271,51.8310334992,0.0
289.571473915,199.644507946,51.8310334992,0.0
@ 940 10 0.243393602225 0.418535859442
209.008153047,216.46916786,43.316743866,0.0
449.285203187,256.8397971,43.316743866,0.0
97.606673587,455.296264664,43.316743866,0.0
383.035372481,345.612771332,43.316743866,0.0
430.088497685,114.097468225,43.316743866,0.0
95.7253669965,330.24015896,43.316743866,0.0
234.348609745,425.627113944,43.316743866,0.0
379.814107723,200.377011462,43.316743866,0.0
300.145360197,114.213370273,43.316743866,0.0
55.3210641028,226.66525309,43.316743866,0.0
278.481510069,304.455172847,43.316743866,0.0
208.810599404,90.0792237252,43.316743866,0.0
317.688333502,452.421333531,43.316743866,0.0
@ 950 10 0.243393602225 0.292324046957
302.880539625,423.993373001,47.4617204711,0.0
184.44277478,352.179600601,47.4617204711,0.0
451.218214473,252.3047248,47.4617204711,0.0
430.173036139,130.45107064,47.4617204711,0.0
232.532592443,200.886939995,47.4617204711,0.0
338.054753522,65.0517519425,47.4617204711,0.0
61.7808506159,156.622197266,47.4617204711,0.0
95.7090641641,396.097614428,47.4617204711,0.0
58.4283376333,48.1429199374,47.4617204711,0.0
69.518058702,302.003239468,47.4617204711,0.0
294.977889535,287.577215727,47.4617204711,0.0
220.332507364,72.6959391172,47.4617204711,0.0
400.217266617,382.541884488,47.4617204711,0.0
@ 960 10 0.243393602225 0.350945671766
416.142751491,223.119844762,49.1840732081,0.0
326.396185821,75.4167779887,49.1840732081,0.0
229.369051364,56.1175860429,49.1840732081,0.0
423.273610416,113.086742695,49.1840732081,0.0
311.206013304,196.827517441,49.1840732081,0.0
280.850097823,319.700519123,49.1840732081,0.0
195.440936025,444.986309902,49.1840732081,0.0
52.9927431998,81.6738183841,49.1840732081,0.0
299.570365359,460.723220854,49.1840732081,0.0
436.328558095,381.560856673,49.1840732081,0.0
56.1106234141,203.663546576,49.1840732081,0.0
84.4037224153,368.212077074,49.1840732081,0.0
146.531422745,143.166568333,49.1840732081,0.0
@ 970 10 0.243393602225 0.376878984225
219.52808237,325.114603324,50.8401133876,0.0
368.603937045,348.480353478,50.8401133876,0.0
72.969012515,312.112656756,50.8401133876,0.0
240.991909299,97.298281618,50.8401133876,0.0
345.663040808,125.223067747,50.8401133876,0.0
195.192952499,451.663219528,50.8401133876,0.0
430.041225841,434.964975714,50.8401133876,0.0
434.05568005,258.530887342,50.8401133876,0.0
62.3417555118,417.546381401,50.8401133876,0.0
54.0352297121,145.056482821,50.8401133876,0.0
330.684601056,457.82474592,50.8401133876,0.0
179.019758977,185.271850837,50.8401133876,0.0
308.033077441,230.407804528,50.8401133876,0.0
@ 980 10 0.243393602225 0.402685467986
53.2151102168,446.854415223,48.0300062375,0.0
84.5110395945,338.498034348,48.0300062375,0.0
143.325204583,137.8989421,48.0300062375,0.0
327.867799615,235.59271147,48.0300062375,0.0
423.517053995,321.502310358,48.0300062375,0.0
181.699635906,313.218711827,48.0300062375,0.0
304.443225558,66.8183332866,48.0300062375,0.0
434.297179427,109.760384701,48.0300062375,0.0
49.9302880267,224.66311245,48.0300062375,0.0
50.5437837129,53.1685518927,48.0300062375,0.0
445.469450193,449.110029313,48.0300062375,0.0
232.923808213,398.808128377,48.0300062375,0.0
205.895506512,215.861491234,48.0300062375,0.0
@ 990 10 0.243393602225 0.359400123737
353.883382119,425.671315772,49.3432019548,0.0
98.9396852042,50.3577120031,49.3432019548,0.0
62.7627918987,461.888274649,49.3432019548,0.0
451.776308516,460.125471409,49.3432019548,0.0
281.438110148,339.794460424,49.3432019548,0.0
444.31004295,227.486962881,49.3432019548,0.0
60.0679762528,192.439461525,49.3432019548,0.0
201.117581087,272.850458963,49.3432019548,0.0
113.304582478,370.922185389,49.3432019548,0.0
273.186178984,196.232990392,49.3432019548,0.0
277.903033881,64.5386797542,49.3432019548,0.0
238.132219266,434.593014563,49.3432019548,0.0
163.351248608,132.799027785,49.3432019548,0.0
@ 1000 10 0.243393602225 0.379321616272
227.191631961,181.788315052,57.3900366397,0.0
61.7916138182,326.742482909,57.3900366397,0.0
315.209662809,448.588315204,57.3900366397,0.0
440.1830578,423.64455151,57.3900366397,0.0
67.4826921394,188.942677233,57.3900366397,0.0
235.68656593,66.7186779429,57.3900366397,0.0
210.503198639,345.450736732,57.3900366397,0.0
128.34719069,436.601454913,57.3900366397,0.0
429.444578934,58.5058357459,57.3900366397,0.0
452.350137243,260.836149136,57.3900366397,0.0
71.6843486507,73.0362773122,57.3900366397,0.0
317.261891276,279.602126524,57.3900366397,0.0
378.326590107,172.476185729,57.3900366397,0.0
@ 1010 10 0.303687635575 0.513128267822
238.647604225,455.906499275,51.4007942474,0.0
109.586806632,99.3487984869,51.4007942474,0.0
450.193000199,393.694169069,51.4007942474,0.0
235.41329918,275.930725449,51.4007942474,0.0
347.69871954,443.124173043,51.4007942474,0.0
378.557732669,238.854895546,51.4007942474,0.0
234.345986417,163.196304071,51.4007942474,0.0
460.163691887,129.913258882,51.4007942474,0.0
218.026334472,56.6891525528,51.4007942474,0.0
127.032939471,444.464575888,51.4007942474,0.0
57.9351323053,209.299434495,51.4007942474,0.0
348.023782057,69.6716885305,51.4007942474,0.0
96.111095446,323.419033705,51.4007942474,0.0
@ 1020 10 0.303687635575 0.411616329666
204.072716244,80.4884860205,48.5223976452,0.0
358.886427965,211.506988008,48.5223976452,0.0
174.433360778,410.836701845,48.5223976452,0.0
403.711900875,330.914031314,48.5223976452,0.0
285.620849062,317.216350632,48.5223976452,0.0
164.40019309,190.721433168,48.5223976452,0.0
62.7297101403,335.735113426,48.5223976452,0.0
312.090503072,56.7674064828,48.5223976452,0.0
456.278203823,422.473913056,48.5223976452,0.0
58.9832507741,107.562599016,48.5223976452,0.0
456.258430796,148.887276595,48.5223976452,0.0
60.6724739525,437.990957982,48.5223976452,0.0
458.647839586,248.877248474,48.5223976452,0.0
@ 1030 10 0.303687635575 0.366806853388
356.368420812,93.2120719367,50.3836134869,0.0
215.621668053,70.612378095,50.3836134869,0.0
362.55009634,441.27689096,50.3836134869,0.0
447.985401675,181.874284558,50.3836134869,0.0
286.925180534,288.47294299,50.3836134869,0.0
139.508690737,373.884865125,50.3836134869,0.0
61.4099954052,299.039480607,50.3836134869,0.0
168.693776692,160.528212551,50.3836134869,0.0
304.78219123,183.466189376,50.3836134869,0.0
185.480354864,273.761048496,50.3836134869,0.0
405.760154043,344.922225425,50.3836134869,0.0
261.895898693,416.600578627,50.3836134869,0.0
57.2499360225,144.093511434,50.3836134869,0.0
@ 1040 10 0.303687635575 0.395486405439
414.476395048,352.202000005,50.5737721112,0.0
54.410813848,241.767453957,50.5737721112,0.0
100.771668578,151.450672494,50.5737721112,0.0
238.519824029,171.213185692,50.5737721112,0.0
348.949216312,270.076589713,50.5737721112,0.0
149.36083474,281.361284517,50.5737721112,0.0
305.297301856,56.116870817,50.5737721112,0.0
52.6903066612,354.105404023,50.5737721112,0.0
448.995682705,84.476427731,50.5737721112,0.0
267.596146469,437.635551633,50.5737721112,0.0
401.613358737,179.104982921,50.5737721112,0.0
166.910563858,420.147441186,50.5737721112,0.0
243.173546018,325.985067767,50.5737721112,0.0
@ 1050 10 0.303687635575 0.398477341015
254.012762312,202.394036452,51.181717188,0.0
338.090714386,283.74814783,51.181717188,0.0
387.255744589,173.107422958,51.181717188,0.0
450.635035886,71.0968451985,51.181717188,0.0
217.506677205,435.661681819,51.181717188,0.0
193.722720489,289.691089803,51.181717188,0.0
102.231886714,102.524322795,51.181717188,0.0
254.297125188,65.8614654092,51.181717188,0.0
331.886207525,401.257307502,51.181717188,0.0
438.435247462,430.396062717,51.181717188,0.0
444.942940025,267.690457941,51.181717188,0.0
114.530084138,379.019318271,51.181717188,0.0
102.537366558,242.266281592,51.181717188,0.0
@ 1060 10 0.303687635575 0.408115079306
185.726453563,115.877117121,48.8612271287,0.0
59.3104063832,455.848677772,48.8612271287,0.0
277.911628618,66.1648487212,48.8612271287,0.0
306.837114663,306.382283096,48.8612271287,0.0
180.249880584,248.7853033,48.8612271287,0.0
105.954900574,180.206096366,48.8612271287,0.0
347.670148391,185.917289634,48.8612271287,0.0
461.243402129,227.529495504,48.8612271287,0.0
414.122779502,94.2451963568,48.8612271287,0.0
437.94372726,329.23618764,48.8612271287,0.0
110.351541157,366.690974971,48.8612271287,0.0
339.246824851,433.669135788,48.8612271287,0.0
67.9634573315,74.1932902086,48.8612271287,0.0
@ 1070 10 0.303687635575 0.371947527412
153.901658713,163.667100485,48.0757505385,0.0
365.050216463,293.743479918,48.0757505385,0.0
64.4518728594,83.8889571202,48.0757505385,0.0
304.709029826,423.176450179,48.0757505385,0.0
177.736752262,438.247203433,48.0757505385,0.0
204.261738711,300.619245977,48.0757505385,0.0
214.4003051,56.8391471835,48.0757505385,0.0
277.013420135,198.194376681,48.0757505385,0.0
72.932933645,219.955965242,48.0757505385,0.0
88.5354600425,321.659524264,48.0757505385,0.0
415.363243601,165.459700738,48.0757505385,0.0
427.269281379,49.4991615465,48.0757505385,0.0
405.568893142,425.77834179,48.0757505385,0.0
@ 1080 10 0.303687635575 0.360085042927
69.5729304262,257.666358912,51.7959419313,0.0
336.077280217,241.354729428,51.7959419313,0.0
176.382797012,164.361342521,51.7959419313,0.0
295.417630634,353.477442729,51.7959419313,0.0
257.597019014,52.1770820416,51.7959419313,0.0
66.2139396942,65.3901170297,51.7959419313,0.0
364.119020628,98.2601525099,51.7959419313,0.0
218.750388757,274.822099609,51.7959419313,0.0
163.356316737,384.865770622,51.7959419313,0.0
449.50877503,188.456324661,51.7959419313,0.0
449.14029603,326.835003525,51.7959419313,0.0
374.166530715,448.133382417,51.7959419313,0.0
53.3320054007,430.357539735,51.7959419313,0.0
@ 1090 10 0.303687635575 0.417969322112
183.992647716,217.148336849,48.9749631825,0.0
92.8232078071,391.784088746,48.9749631825,0.0
97.618231022,273.64545597,48.9749631825,0.0
206.112487014,118.610713896,48.9749631825,0.0
337.123428231,202.085744144,48.9749631825,0.0
324.150154717,441.440992482,48.9749631825,0.0
63.7745154991,168.279614159,48.9749631825,0.0
246.842656551,366.056591998,48.9749631825,0.0
399.177269149,76.8291087829,48.9749631825,0.0
434.308493552,278.946657157,48.9749631825,0.0
449.840066613,434.059291089,48.9749631825,0.0
339.908608767,305.951855399,48.9749631825,0.0
194.683381109,454.865653833,48.9749631825,0.0
@ 1100 10 0.303687635575 0.373681134306
170.081320871,243.115905676,52.6346109777,0.0
316.588569489,309.811688953,52.6346109777,0.0
454.667328433,383.606063868,52.6346109777,0.0
91.9037727905,332.037892887,52.6346109777,0.0
210.059990118,103.002837578,52.6346109777,0.0
372.563059004,451.296962354,52.6346109777,0.0
102.753957312,84.4733658897,52.6346109777,0.0
431.752994282,83.1573542007,52.6346109777,0.0
194.555260551,384.335208705,52.6346109777,0.0
441.601636737,198.172808736,52.6346109777,0.0
104.595267702,451.931481741,52.6346109777,0.0
60.6320238868,195.02840743,52.6346109777,0.0
335.248353088,182.475267313,52.6346109777,0.0
@ 1110 10 0.40369088812 0.431614246328
72.6251161685,83.4985221053,48.5320332622,0.0
378.707865652,293.061710344,48.5320332622,0.0
390.311622538,100.306551421,48.5320332622,0.0
455.599937128,460.6745874,48.5320332622,0.0
293.987757101,74.2491681111,48.5320332622,0.0
245.871286507,458.516822713,48.5320332622,0.0
460.3673288,350.062558349,48.5320332622,0.0
112.169678789,195.044640773,48.5320332622,0.0
443.513651894,216.810309999,48.5320332622,0.0
195.151575803,53.0546292723,48.5320332622,0.0
200.222760292,328.623247999,48.5320332622,0.0
74.4493523646,418.408171687,48.5320332622,0.0
297.938104728,208.948671004,48.5320332622,0.0
@ 1120 10 0.40369088812 0.366952549456
244.789798607,103.084439473,53.7950208546,0.0
59.1879528325,236.802004347,53.7950208546,0.0
325.705602953,198.180648099,53.7950208546,0.0
156.507758754,454.134351975,53.7950208546,0.0
138.98724226,325.847259532,53.7950208546,0.0
458.021978718,160.034153171,53.7950208546,0.0
378.413883012,313.666847824,53.7950208546,0.0
160.61485577,197.949048795,53.7950208546,0.0
249.540498554,292.10498096,53.7950208546,0.0
75.8709950387,62.0813231569,53.7950208546,0.0
317.21644897,437.191215412,53.7950208546,0.0
384.9091881,70.7662976616,53.7950208546,0.0
438.509793327,424.28175973,53.7950208546,0.0
@ 1130 10 0.40369088812 0.450855214125
450.32173788,290.213446663,51.2387038234,0.0
62.0148380983,345.76574265,51.2387038234,0.0
458.49797721,74.0509673207,51.2387038234,0.0
431.875985024,399.912718297,51.2387038234,0.0
86.5296532625,192.670829076,51.2387038234,0.0
416.812617817,192.523086302,51.2387038234,0.0
233.122410344,314.84664815,51.2387038234,0.0
126.800060351,435.937849223,51.2387038234,0.0
181.244265295,107.003552147,51.2387038234,0.0
247.518897297,203.21338523,51.2387038234,0.0
299.16571472,99.6394301271,51.2387038234,0.0
313.027665139,456.937792136,51.2387038234,0.0
351.415964443,321.324041245,51.2387038234,0.0
@ 1140 10 0.40369088812 0.409024390441
218.316728643,174.182032294,52.5431242707,0.0
367.670748693,227.033028888,52.5431242707,0.0
407.549421442,104.428815383,52.5431242707,0.0
458.989608159,433.446714271,52.5431242707,0.0
53.1695698524,244.676499605,52.5431242707,0.0
260.081140411,315.551470207,52.5431242707,0.0
71.0746966669,432.282941804,52.5431242707,0.0
444.586804873,319.545607379,52.5431242707,0.0
295.99134093,64.0181919147,52.5431242707,0.0
147.855998862,358.493644216,52.5431242707,0.0
182.993117554,60.8802733711,52.5431242707,0.0
310.591135819,432.708745865,52.5431242707,0.0
70.7598237607,72.2779062846,52.5431242707,0.0
@ 1150 10 0.40369088812 0.430115132028
446.682170603,61.9305334094,51.1120001443,0.0
341.207515776,127.485009093,51.1120001443,0.0
246.296961648,195.062520165,51.1120001443,0.0
60.2629812806,273.588499962,51.1120001443,0.0
332.254560607,449.282661978,51.1120001443,0.0
66.6989027122,458.609301754,51.1120001443,0.0
81.8152572696,55.0619705738,51.1120001443,0.0
434.222987397,359.463870451,51.1120001443,0.0
139.389531638,188.266202061,51.1120001443,0.0
186.068865359,83.1075972189,51.1120001443,0.0
392.1019539,228.313925449,51.1120001443,0.0
229.885511175,422.185691357,51.1120001443,0.0
313.456427391,297.887149482,51.1120001443,0.0
@ 1160 10 0.40369088812 0.407004010742
370.083722044,68.6058889606,51.898487293,0.0
67.7992311156,101.71599221,51.898487293,0.0
85.9409760868,310.972796989,51.898487293,0.0
143.515567546,190.622380804,51.898487293,0.0
390.826334773,456.263367769,51.898487293,0.0
210.153388963,324.590948008,51.898487293,0.0
305.456526356,165.101999765,51.898487293,0.0
320.353651276,275.711626844,51.898487293,0.0
233.77676661,447.296628544,51.898487293,0.0
210.215797902,93.6263453895,51.898487293,0.0
425.717297207,211.732001554,51.898487293,0.0
456.179744962,364.210454139,51.898487293,0.0
55.4316689644,453.253709688,51.898487293,0.0
@ 1170 10 0.40369088812 0.419625947767
444.531540079,167.13438317,50.0875400389,0.0
83.5143727286,170.364991225,50.0875400389,0.0
428.567328303,278.391307055,50.0875400389,0.0
62.813644646,408.930659476,50.0875400389,0.0
359.719880893,410.773743587,50.0875400389,0.0
438.673391629,66.2981164865,50.0875400389,0.0
164.016959591,361.051737234,50.0875400389,0.0
200.533515246,153.723829275,50.0875400389,0.0
147.475240767,248.189171933,50.0875400389,0.0
219.022061857,454.703450319,50.0875400389,0.0
254.328067885,304.763006073,50.0875400389,0.0
140.303208796,52.4020168673,50.0875400389,0.0
337.041600424,180.032597985,50.0875400389,0.0
@ 1180 10 0.40369088812 0.390852002551
307.069469133,456.397245668,53.7647767102,0.0
227.742857875,112.281159355,53.7647767102,0.0
189.656956172,413.594324558,53.7647767102,0.0
294.191526504,319.308782944,53.7647767102,0.0
80.757153896,111.75102348,53.7647767102,0.0
453.291565175,112.774687828,53.7647767102,0.0
321.684312357,56.4989797352,53.7647767102,0.0
64.4797683833,258.027792659,53.7647767102,0.0
65.7718725294,417.730808662,53.7647767102,0.0
185.524231161,256.690184298,53.7647767102,0.0
305.850174729,203.401624416,53.7647767102,0.0
422.669921313,448.689166754,53.7647767102,0.0
416.365022733,260.095913286,53.7647767102,0.0
@ 1190 10 0.40369088812 0.450348405244
134.9832392,185.184152575,46.2113986401,0.0
247.761106539,444.216864837,46.2113986401,0.0
314.846680648,261.211471867,46.2113986401,0.0
461.50110945,141.689856193,46.2113986401,0.0
372.927006482,52.2156301488,46.2113986401,0.0
57.1363677888,403.715773679,46.2113986401,0.0
465.351903164,376.810252355,46.2113986401,0.0
350.838777836,155.738277979,46.2113986401,0.0
90.5019298899,65.2467474333,46.2113986401,0.0
210.991423679,105.270594527,46.2113986401,0.0
370.080754221,439.049055763,46.2113986401,0.0
211.236358461,336.608281246,46.2113986401,0.0
454.087082964,282.517735287,46.2113986401,0.0
@ 1200 10 0.40369088812 0.332698744878
313.624818377,455.801873859,56.0812852013,0.0
455.262562853,257.371248867,56.0812852013,0.0
308.703833471,164.21409618,56.0812852013,0.0
194.00461258,228.176092354,56.0812852013,0.0
138.135413276,89.0736898959,56.0812852013,0.0
422.988011943,392.429497963,56.0812852013,0.0
434.886700565,126.03666808,56.0812852013,0.0
66.3952542209,434.523378277,56.0812852013,0.0
305.875985488,330.202910456,56.0812852013,0.0
187.785003352,450.611986267,56.0812852013,0.0
256.301262186,62.5640356434,56.0812852013,0.0
63.9782270911,192.018130252,56.0812852013,0.0
150.223763458,333.811477261,56.0812852013,0.0
@ 1210 10 0.601891659501 0.48999184448
306.146735026,211.144874496,55.9370852716,0.0
148.840740351,68.8903464806,55.9370852716,0.0
173.218011717,199.586143628,55.9370852716,0.0
63.5289759947,144.682744502,55.9370852716,0.0
191.049001296,310.277491626,55.9370852716,0.0
63.8758373543,399.511662619,55.9370852716,0.0
321.851811677,329.794884913,55.9370852716,0.0
441.646279836,126.615595003,55.9370852716,0.0
447.02038096,342.73743616,55.9370852716,0.0
369.821029472,439.467638072,55.9370852716,0.0
73.3669160278,286.338818073,55.9370852716,0.0
206.698456735,438.339849873,55.9370852716,0.0
266.141127881,81.3767740144,55.9370852716,0.0
@ 1220 10 0.601891659501 0.487475284791
374.701256925,353.147904435,57.2955406929,0.0
325.765625025,194.206105457,57.2955406929,0.0
266.511036651,82.8998479362,57.2955406929,0.0
86.2156696355,182.472149574,57.2955406929,0.0
192.679658124,229.622340739,57.2955406929,0.0
447.566666779,447.354206364,57.2955406929,0.0
221.964245131,354.618077823,57.2955406929,0.0
81.3846222061,452.78222411,57.2955406929,0.0
286.26993875,450.363811515,57.2955406929,0.0
429.26240152,62.0252132531,57.2955406929,0.0
68.3223253979,309.466689791,57.2955406929,0.0
428.461402211,248.319512518,57.2955406929,0.0
141.837763236,79.9824371926,57.2955406929,0.0
@ 1230 10 0.601891659501 0.51143986946
295.312656064,178.426907999,54.715426997,0.0
61.806627673,102.385433941,54.715426997,0.0
179.501946571,271.3684151,54.715426997,0.0
66.8713041722,254.680627129,54.715426997,0.0
445.73088766,453.313517896,54.715426997,0.0
424.49614929,323.871399102,54.715426997,0.0
266.582793208,346.107832665,54.715426997,0.0
434.63803912,211.338364874,54.715426997,0.0
347.757890905,82.0362619529,54.715426997,0.0
199.855810717,455.259901871,54.715426997,0.0
174.035749823,119.893290881,54.715426997,0.0
97.6329583655,378.493325435,54.715426997,0.0
328.151671959,456.890058665,54.715426997,0.0
@ 1240 10 0.601891659501 0.466415013767
80.5205512752,313.542137173,51.7931544931,0.0
255.070584427,168.649531786,51.7931544931,0.0
445.483430927,448.429629899,51.7931544931,0.0
54.630548899,202.95567435,51.7931544931,0.0
132.091086498,414.0506136,51.7931544931,0.0
448.539232918,306.37894568,51.7931544931,0.0
184.748910674,252.112657716,51.7931544931,0.0
379.151122454,203.291098822,51.7931544931,0.0
393.878620461,69.8349972444,51.7931544931,0.0
112.972057923,61.1398291291,51.7931544931,0.0
313.512288319,305.79127717,51.7931544931,0.0
281.739424443,58.2328811155,51.7931544931,0.0
254.836283645,435.642990733,51.7931544931,0.0
@ 1250 10 0.601891659501 0.417924336644
117.52974646,192.87815124,55.2039786053,0.0
55.2103175829,349.053259445,55.2039786053,0.0
129.195716055,437.423064611,55.2039786053,0.0
422.018259746,327.375734443,55.2039786053,0.0
282.595483668,396.354307118,55.2039786053,0.0
452.18684115,57.0585821828,55.2039786053,0.0
395.087563818,162.65259362,55.2039786053,0.0
315.561522652,269.587844695,55.2039786053,0.0
186.115739773,315.403251116,55.2039786053,0.0
236.526083531,125.580760973,55.2039786053,0.0
333.934806497,61.3808982114,55.2039786053,0.0
113.242641926,75.4069481663,55.2039786053,0.0
431.775520831,453.110786117,55.2039786053,0.0
@ 1260 10 0.601891659501 0.474781397013
426.061510228,183.474408236,56.1455039544,0.0
90.2493290612,201.394411677,56.1455039544,0.0
217.04505455,177.120595622,56.1455039544,0.0
214.439260658,418.976057367,56.1455039544,0.0
316.09548921,232.36428304,56.1455039544,0.0
360.454526177,403.610690241,56.1455039544,0.0
430.624536211,302.088848265,56.1455039544,0.0
68.303992095,396.213040141,56.1455039544,0.0
156.580883166,313.682765709,56.1455039544,0.0
57.2479842725,69.4806484757,56.1455039544,0.0
170.29999373,64.3745797063,56.1455039544,0.0
298.575265953,75.959764022,56.1455039544,0.0
439.435992766,66.8418672143,56.1455039544,0.0
@ 1270 10 0.601891659501 0.491114667589
392.753308351,84.2572398283,56.833263836,0.0
176.228154859,196.254887548,56.833263836,0.0
59.4413577191,122.921848132,56.833263836,0.0
228.972488226,78.9468896141,56.833263836,0.0
446.27209443,331.505030769,56.833263836,0.0
62.8588201278,322.743178753,56.833263836,0.0
318.083836986,355.460449769,56.833263836,0.0
410.579220362,440.564367974,56.833263836,0.0
454.341828339,217.189953506,56.833263836,0.0
187.637400082,327.708402772,56.833263836,0.0
213.730796063,439.626480936,56.833263836,0.0
64.6231292617,452.854219449,56.833263836,0.0
306.791640273,225.642467278,56.833263836,0.0
@ 1280 10 0.601891659501 0.503220275654
191.949167034,300.184725105,56.7960544588,0.0
68.3539646079,58.5313228394,56.7960544588,0.0
118.638436877,170.182586499,56.7960544588,0.0
187.164478997,447.817444068,56.7960544588,0.0
224.656347615,88.9065980611,56.7960544588,0.0
350.166393939,76.5879507755,56.7960544588,0.0
59.0711240939,320.532890609,56.7960544588,0.0
338.541328506,278.649842823,56.7960544588,0.0
443.649992611,432.11969137,56.7960544588,0.0
329.608459346,396.035072782,56.7960544588,0.0
253.396401699,203.325068094,56.7960544588,0.0
59.0312578731,434.257985896,56.7960544588,0.0
431.881736626,204.496246717,56.7960544588,0.0
@ 1290 10 0.601891659501 0.502561563407
187.771635559,209.244653534,56.3932381841,0.0
83.9667547303,320.594068004,56.3932381841,0.0
68.2962663603,61.6811193435,56.3932381841,0.0
56.4679748297,199.6704092,56.3932381841,0.0
212.491623528,344.879969507,56.3932381841,0.0
454.385613128,415.825828311,56.3932381841,0.0
432.969490918,164.684178648,56.3932381841,0.0
399.567401906,56.6936405162,56.3932381841,0.0
135.429921587,440.332213971,56.3932381841,0.0
195.281658802,79.175698235,56.3932381841,0.0
383.420853481,268.032728366,56.3932381841,0.0
312.539482886,141.515157468,56.3932381841,0.0
310.638163694,401.876759495,56.3932381841,0.0
@ 1300 10 0.601891659501 0.495458179437
82.9251721817,73.2267895742,59.689370904,0.0
118.614295388,449.676556773,59.689370904,0.0
443.456875724,262.96540396,59.689370904,0.0
190.288816861,281.93917823,59.689370904,0.0
450.031511702,429.769806244,59.689370904,0.0
324.491810411,109.303533332,59.689370904,0.0
236.006879269,423.225271585,59.689370904,0.0
449.19039383,106.268630141,59.689370904,0.0
204.545036446,127.088318712,59.689370904,0.0
88.3003295475,215.625276552,59.689370904,0.0
348.568192068,345.968320613,59.689370904,0.0
72.629366576,335.194094314,59.689370904,0.0
295.603871878,225.59143337,59.689370904,0.0
@ 1310 10 1.18243243243 0.555068957084
184.338016478,186.771562276,59.203599926,0.0
68.7660613682,235.849847359,59.203599926,0.0
442.616651791,448.722091487,59.203599926,0.0
162.239975455,313.142721373,59.203599926,0.0
228.494475987,434.68199576,59.203599926,0.0
336.848633745,75.3272570269,59.203599926,0.0
316.398743168,193.106905318,59.203599926,0.0
429.69727086,152.583014498,59.203599926,0.0
434.340966726,310.420919077,59.203599926,0.0
60.4114622434,76.0861338357,59.203599926,0.0
317.70446713,356.765320118,59.203599926,0.0
187.924701437,60.2152679538,59.203599926,0.0
60.9781871046,418.587857209,59.203599926,0.0
@ 1320 10 1.18243243243 0.546071067075
157.188083807,342.181928427,58.7200323302,0.0
218.870773163,234.571913585,58.7200323302,0.0
446.832099944,427.36591527,58.7200323302,0.0
59.7166971484,424.406837034,58.7200323302,0.0
328.354179027,413.530294408,58.7200323302,0.0
208.951246177,447.993197448,58.7200323302,0.0
313.407359517,152.91620102,58.7200323302,0.0
411.212815766,63.0685124995,58.7200323302,0.0
441.443105442,177.361399103,58.7200323302,0.0
88.8525974411,74.8239866597,58.7200323302,0.0
383.667017723,281.88396925,58.7200323302,0.0
215.870402384,70.3598594524,58.7200323302,0.0
60.3861768282,225.086988564,58.7200323302,0.0
@ 1330 10 1.18243243243 0.537187017472
192.10750538,397.21267642,60.7096180863,0.0
450.539746648,311.21079136,60.7096180863,0.0
448.23994925,179.370541369,60.7096180863,0.0
61.3902483137,314.786103938,60.7096180863,0.0
425.926948215,440.838835833,60.7096180863,0.0
306.336319046,195.370986024,60.7096180863,0.0
94.6858961047,182.031742191,60.7096180863,0.0
73.3569519494,444.240982009,60.7096180863,0.0
365.730472037,73.4195957514,60.7096180863,0.0
82.7538917799,61.0635214227,60.7096180863,0.0
331.383000633,360.754330543,60.7096180863,0.0
190.149416064,269.651672088,60.7096180863,0.0
198.060028568,107.926405624,60.7096180863,0.0
@ 1340 10 1.18243243243 0.574206279791
68.2785576271,304.792436946,60.0202410797,0.0
440.513790222,450.184255463,60.0202410797,0.0
222.347927628,313.758346689,60.0202410797,0.0
114.032929562,426.944047494,60.0202410797,0.0
318.830382864,221.656925578,60.0202410797,0.0
351.593027729,347.148452261,60.0202410797,0.0
422.242759236,61.2343275925,60.0202410797,0.0
271.013361237,437.680423975,60.0202410797,0.0
175.999060076,69.7729083442,60.0202410797,0.0
182.081956481,198.540956739,60.0202410797,0.0
439.684782667,217.397860884,60.0202410797,0.0
306.508544793,95.3046013598,60.0202410797,0.0
60.810183941,144.707181352,60.0202410797,0.0
@ 1350 10 1.18243243243 0.561239730237
284.162539677,447.851304897,57.9215567285,0.0
118.220140895,164.825550906,57.9215567285,0.0
350.213916546,65.3452647992,57.9215567285,0.0
184.03969237,260.451970521,57.9215567285,0.0
67.6447182201,289.038344603,57.9215567285,0.0
420.989991856,437.709786444,57.9215567285,0.0
453.243761646,119.24343887,57.9215567285,0.0
58.6554442677,435.360834553,57.9215567285,0.0
316.359176148,231.482961338,57.9215567285,0.0
347.208715321,346.460636231,57.9215567285,0.0
434.046488021,243.441543891,57.9215567285,0.0
160.063252827,377.332222618,57.9215567285,0.0
185.551726977,62.1585157706,57.9215567285,0.0
@ 1360 10 1.18243243243 0.522676997368
296.290419749,434.612963047,59.8118386802,0.0
106.854553126,74.6630280725,59.8118386802,0.0
85.3282845584,225.131218005,59.8118386802,0.0
364.091672302,335.069588374,59.8118386802,0.0
168.580328258,450.20193875,59.8118386802,0.0
315.09211222,222.618957841,59.8118386802,0.0
196.157912355,176.530532466,59.8118386802,0.0
68.3149701421,356.151852474,59.8118386802,0.0
423.236309875,85.2476570078,59.8118386802,0.0
294.987615916,79.7859652526,59.8118386802,0.0
450.562551191,421.524344338,59.8118386802,0.0
186.210599401,314.809370149,59.8118386802,0.0
444.340914179,207.790245564,59.8118386802,0.0
@ 1370 10 1.18243243243 0.557349021251
190.704218402,307.435223934,60.311866401,0.0
60.8239749062,247.680795853,60.311866401,0.0
221.477167736,68.9507885637,60.311866401,0.0
324.945686743,146.949797314,60.311866401,0.0
199.980648073,433.165913374,60.311866401,0.0
429.846340487,68.035250166,60.311866401,0.0
329.069659581,285.067756246,60.311866401,0.0
71.8440435761,373.765914623,60.311866401,0.0
446.705838372,318.150866065,60.311866401,0.0
183.020410611,186.653631232,60.311866401,0.0
451.45163492,450.688333582,60.311866401,0.0
86.1251940356,100.074537436,60.311866401,0.0
437.640594484,195.097527336,60.311866401,0.0
@ 1380 10 1.18243243243 0.56670686387
246.840250121,449.205146716,59.6510139317,0.0
75.7900738624,261.816172065,59.6510139317,0.0
68.8850018677,124.094493243,59.6510139317,0.0
430.999849817,293.383109162,59.6510139317,0.0
201.868827025,338.029876688,59.6510139317,0.0
220.90948752,79.7632358649,59.6510139317,0.0
377.96801427,61.1660543066,59.6510139317,0.0
126.43138489,452.284920935,59.6510139317,0.0
324.894164621,353.38682918,59.6510139317,0.0
328.71092719,222.48818093,59.6510139317,0.0
438.011069525,442.060258294,59.6510139317,0.0
189.859805038,198.446699979,59.6510139317,0.0
450.660415373,174.728855267,59.6510139317,0.0
@ 1390 10 1.18243243243 0.554355800839
92.050924583,319.102134141,57.3143200436,0.0
64.0159562355,435.625139651,57.3143200436,0.0
144.371112111,185.630574243,57.3143200436,0.0
337.21793231,423.456004688,57.3143200436,0.0
80.0443985215,86.7108599832,57.3143200436,0.0
443.324867131,57.4522457533,57.3143200436,0.0
451.237391244,394.513321712,57.3143200436,0.0
186.331943071,403.827811594,57.3143200436,0.0
451.734991529,219.464014072,57.3143200436,0.0
320.771155284,164.531717873,57.3143200436,0.0
355.207450093,303.994124853,57.3143200436,0.0
246.551272182,263.476930356,57.3143200436,0.0
223.544943031,89.4307280296,57.3143200436,0.0
@ 1400 10 1.18243243243 0.511775186399
67.7742839997,301.89565366,67.1379415265,0.0
70.1035321128,438.822926243,67.1379415265,0.0
143.884261056,187.93589006,67.1379415265,0.0
340.194877368,443.88083835,67.1379415265,0.0
68.8773672379,74.1479643598,67.1379415265,0.0
435.855463191,67.2598613977,67.1379415265,0.0
444.152814164,357.723935521,67.1379415265,0.0
205.699174145,444.679126323,67.1379415265,0.0
444.790122475,203.821936051,67.1379415265,0.0
323.60519335,142.686266683,67.1379415265,0.0
332.842156335,278.107287651,67.1379415265,0.0
202.353404645,310.015710886,67.1379415265,0.0
211.262446207,67.5901397077,67.1379415265,0.0
@ 1410 10 33.3333333333 0.702245523093
67.5504423184,306.356290057,67.2021576797,0.0
68.4640664867,442.478233049,67.2021576797,0.0
135.947365594,187.803397281,67.2021576797,0.0
340.771255335,444.731699826,67.2021576797,0.0
67.4842065992,71.029162983,67.2021576797,0.0
442.291741802,67.770259723,67.2021576797,0.0
444.73707451,357.690300504,67.2021576797,0.0
203.266452124,443.939403698,67.2021576797,0.0
444.782932107,203.005213893,67.2021576797,0.0
317.386216033,145.863034519,67.2021576797,0.0
334.419663642,279.954341928,67.2021576797,0.0
201.973281702,309.234887448,67.2021576797,0.0
203.943493118,68.466971734,67.2021576797,0.0
@ 1420 10 33.3333333333 0.70358953429
67.3863548015,301.46465882,67.320364838,0.0
68.3625673421,444.31604957,67.320364838,0.0
137.20286033,185.407002479,67.320364838,0.0
338.580027667,444.319957308,67.320364838,0.0
67.9419614893,69.2310830984,67.320364838,0.0
442.533391941,67.7831725292,67.320364838,0.0
444.1761149,359.691375103,67.320364838,0.0
203.019892203,444.532615908,67.320364838,0.0
444.628386057,203.65491752,67.320364838,0.0
322.35471654,142.397622306,67.320364838,0.0
334.36784795,281.140374426,67.320364838,0.0
202.026042983,309.895057812,67.320364838,0.0
208.280823589,68.1973031354,67.320364838,0.0
@ 1430 10 33.3333333333 0.706066909089
67.293416774,308.28533963,67.2219816213,0.0
70.2946993892,444.620394249,67.2219816213,0.0
139.202821296,185.490875071,67.2219816213,0.0
342.709081593,443.562773431,67.2219816213,0.0
68.1883947549,69.9675927451,67.2219816213,0.0
442.634219216,67.5997107759,67.2219816213,0.0
444.701591798,354.295324496,67.2219816213,0.0
206.321151917,444.229010394,67.2219816213,0.0
444.257509561,202.657983806,67.2219816213,0.0
324.730266633,137.059215713,67.2219816213,0.0
332.403684728,277.560286277,67.2219816213,0.0
201.833239163,309.80131017,67.2219816213,0.0
207.652701197,69.7342054442,67.2219816213,0.0
@ 1440 10 33.3333333333 0.704004698788
67.3665424633,304.195233837,67.3449215888,0.0
68.3443008088,439.723065105,67.3449215888,0.0
138.419771448,189.05036218,67.3449215888,0.0
341.650033063,443.685850219,67.3449215888,0.0
67.6666416346,71.9719142806,67.3449215888,0.0
441.868401264,67.4894780055,67.3449215888,0.0
444.313201508,356.400830843,67.3449215888,0.0
203.253781755,443.340195556,67.3449215888,0.0
444.559918214,202.223935014,67.3449215888,0.0
323.52704115,142.836901082,67.3449215888,0.0
333.653836771,278.703788699,67.3449215888,0.0
202.152670059,308.232423893,67.3449215888,0.0
204.311412804,71.0872599003,67.3449215888,0.0
@ 1450 10 33.3333333333 0.706582113414
67.4303914168,301.112577525,67.2466502934,0.0
69.1225295605,437.144560705,67.2466502934,0.0
142.170120438,186.419295082,67.2466502934,0.0
341.016045647,443.112379593,67.2466502934,0.0
70.372438005,67.8214791342,67.2466502934,0.0
431.67112898,68.3585879303,67.2466502934,0.0
444.143925733,356.510424888,67.2466502934,0.0
204.976197892,444.578553309,67.2466502934,0.0
444.391143229,203.531602909,67.2466502934,0.0
316.872293687,144.78132977,67.2466502934,0.0
333.325126985,279.586633402,67.2466502934,0.0
201.714852021,308.661355363,67.2466502934,0.0
206.446223978,67.2907918162,67.2466502934,0.0
@ 1460 10 33.3333333333 0.704521495444
68.0705004366,305.571088919,67.2325746461,0.0
68.3259038924,444.693689184,67.2325746461,0.0
138.071689763,186.622181481,67.2325746461,0.0
338.348345462,442.451846461,67.2325746461,0.0
70.529219671,68.0016349432,67.2325746461,0.0
441.096011992,67.2750893384,67.2325746461,0.0
444.168279573,358.413958345,67.2325746461,0.0
202.924786102,444.486004819,67.2325746461,0.0
444.689394398,202.691261776,67.2325746461,0.0
322.415766749,143.507256936,67.2325746461,0.0
333.599197583,278.77695808,67.2325746461,0.0
202.495867106,309.871857302,67.2325746461,0.0
205.212986784,68.4827136813,67.2325746461,0.0
@ 1470 10 33.3333333333 0.704226594265
67.2874854905,306.721529976,67.2618285994,0.0
67.7531461904,442.687261196,67.2618285994,0.0
133.488301811,187.938605527,67.2618285994,0.0
337.330182858,444.350940293,67.2618285994,0.0
67.4858385871,69.3972805469,67.2618285994,0.0
432.565555995,67.6959406847,67.2618285994,0.0
443.476008599,361.408154576,67.2618285994,0.0
202.335442818,444.377564904,67.2618285994,0.0
444.103550288,204.273031879,67.2618285994,0.0
321.604448154,143.979365147,67.2618285994,0.0
334.148757027,282.818253413,67.2618285994,0.0
201.813480131,308.65990932,67.2618285994,0.0
203.398905109,71.0269085475,67.2618285994,0.0
@ 1480 10 33.3333333333 0.704839567783
67.3225808378,308.206727523,67.1863847627,0.0
69.2458861531,444.002826315,67.1863847627,0.0
128.448202928,188.114263387,67.1863847627,0.0
340.625322422,443.272419088,67.1863847627,0.0
67.7656306625,67.3444637839,67.1863847627,0.0
439.328710672,67.2719739915,67.1863847627,0.0
444.515703599,354.979221359,67.1863847627,0.0
205.422294761,444.272531856,67.1863847627,0.0
444.660525902,203.521850733,67.1863847627,0.0
325.899950669,140.362221626,67.1863847627,0.0
333.197155498,278.811286806,67.1863847627,0.0
201.810354377,308.093643467,67.1863847627,0.0
208.23422446,68.1801705781,67.1863847627,0.0
@ 1490 10 33.3333333333 0.703259296173
67.7320973136,302.960555158,67.2231905123,0.0
68.6156676519,442.608004599,67.2231905123,0.0
140.678314839,188.861919145,67.2231905123,0.0
343.851192509,444.730074553,67.2231905123,0.0
69.836280689,70.9074974082,67.2231905123,0.0
442.429194575,67.3678554308,67.2231905123,0.0
444.774669865,355.703070288,67.2231905123,0.0
206.12640135,444.773355729,67.2231905123,0.0
444.396839747,201.809606431,67.2231905123,0.0
325.357898979,136.058865979,67.2231905123,0.0
333.983892696,279.462647295,67.2231905123,0.0
202.028608896,309.432277119,67.2231905123,0.0
208.207567318,68.3579715628,67.2231905123,0.0
@ 1500 10 33.3333333333 0.704030020048
