10 13 0.0873362445415 0.259153330202 0.0349955976632 104.111650773 2 0.1 0.44169 0.386776859504 157.592688344 60 0.341073044854
20 13 0.0873362445415 0.201570930794 0.0216449844157 50.3817556109 2 0.1 0.36944 0.345541401274 202.611903607 60 0.341073044854
30 13 0.0873362445415 0.208587521472 0.0312083973874 44.6573032539 2 0.1 0.42015 0.434146341463 195.796324304 60 0.341073044854
40 13 0.0873362445415 0.309907987146 0.0351474722579 41.1439638387 2 0.1 0.39049 0.404838709677 131.783212095 60 0.341073044854
50 13 0.0873362445415 0.192023261761 0.0382883859039 79.3839974423 2 0.1 0.39857 0.336092715232 212.686054936 60 0.341073044854
60 13 0.0873362445415 0.23545498088 0.0236952294078 35.6082246408 2 0.1 0.47115 0.445839874411 173.454262243 60 0.341073044854
70 13 0.0873362445415 0.186099260111 0.0360393761573 48.6088883296 2 0.1 0.40746 0.336012861736 219.456380297 60 0.341073044854
80 13 0.0873362445415 0.239384316736 0.0253397774252 54.1920079744 2 0.1 0.39737 0.405271828666 170.607124798 60 0.341073044854
90 13 0.0873362445415 0.233626806346 0.0494080107553 37.846523993 2 0.1 0.39086 0.335504885993 174.811575087 60 0.351990031858
100 13 0.0873362445415 0.217894298192 0.0371823668419 49.0335901973 2 0.1 0.43316 0.376644736842 187.433403897 60 0.351990031858
110 13 0.0940354648039 0.31800281497 0.0313682774053 32.6369518058 2 0.1 0.42848 0.405144694534 128.42864301 0 0.351990031858
120 13 0.0940354648039 0.241300332098 0.0556076003321 48.6732440704 2 0.1 0.38381 0.388333333333 169.252440081 0 0.388007778221
130 13 0.0940354648039 0.289567390918 0.0226092471803 46.1316030517 2 0.1 0.45804 0.444617784711 141.04029418 0 0.388007778221
140 13 0.0940354648039 0.253674881104 0.0415103808568 40.37956387 2 0.1 0.41332 0.413043478261 160.996113696 0 0.388007778221
150 13 0.0940354648039 0.267986585861 0.0243583410268 56.2074489126 2 0.1 0.42087 0.42429022082 152.398187651 0 0.388007778221
160 13 0.0940354648039 0.272343163412 0.0363298477857 34.9439470871 2 0.1 0.36524 0.360738255034 149.960327582 0 0.388007778221
170 13 0.0940354648039 0.247432744376 0.0347870684828 38.8569350069 2 0.1 0.3771 0.334920634921 165.057660832 0 0.388007778221
180 13 0.0940354648039 0.23842942757 0.0301496239957 57.5632659587 2 0.1 0.41702 0.446372239748 171.290391527 0 0.388007778221
190 13 0.0940354648039 0.211425938278 0.0346736852651 58.950410583 2 0.1 0.40377 0.394863563403 193.16773681 0 0.388007778221
200 13 0.0940354648039 0.255283509385 0.0286650410658 50.9669721445 2 0.1 0.36323 0.417886178862 159.981622387 0 0.388007778221
210 13 0.101847810272 0.270935105168 0.031678616636 49.2029570053 2 0.1 0.43833 0.395695364238 150.73967611 0 0.388007778221
220 13 0.101847810272 0.270536798363 0.0416152052061 42.1046403506 2 0.1 0.36985 0.453100158983 150.961607615 0 0.388007778221
230 13 0.101847810272 0.239076213624 0.016172796807 30.3964399486 2 0.1 0.44373 0.433544303797 170.826990192 0 0.388007778221
240 13 0.101847810272 0.221722840397 0.0324281495916 50.404154678 2 0.1 0.38189 0.336650082919 184.196945731 0 0.388007778221
250 13 0.101847810272 0.220815129644 0.0267960441128 72.1210386894 2 0.1 0.44 0.416118421053 184.954129121 0 0.388007778221
260 13 0.101847810272 0.324116318667 0.03721247301 26.5220290876 2 0.1 0.40495 0.432739059968 126.00621335 0 0.388007778221
270 13 0.101847810272 0.259475888875 0.0363269717755 44.2364427427 2 0.1 0.3639 0.358131487889 157.396782326 0 0.388007778221
280 13 0.101847810272 0.272332198501 0.0336816206481 44.3128773784 2 0.1 0.38259 0.378881987578 149.966365435 0 0.388007778221
290 13 0.101847810272 0.27594209474 0.0369431225666 43.1047658323 2 0.1 0.40466 0.362041467305 148.004493618 0 0.388007778221
300 13 0.101847810272 0.187977798399 0.0523241981371 62.3629194156 2 0.1 0.41584 0.472668810289 217.263263789 0 0.388007778221
310 13 0.111075848937 0.253484821078 0.0282413023808 44.7237434333 2 0.1 0.40639 0.408163265306 161.116826745 0 0.388007778221
320 13 0.111075848937 0.245045765952 0.0313274103687 58.1761894982 2 0.1 0.3685 0.400950871632 166.665479166 0 0.388007778221
330 13 0.111075848937 0.234626197697 0.0241859629633 59.3591378085 2 0.1 0.39249 0.371753246753 174.066964392 0 0.388007778221
340 13 0.111075848937 0.289526885587 0.0262638297224 24.1723752526 2 0.1 0.4591 0.431007751938 141.06002597 0 0.388007778221
350 13 0.111075848937 0.253417236821 0.0399371368528 37.919130338 2 0.1 0.37911 0.326860841424 161.159795254 0 0.388007778221
360 13 0.111075848937 0.255779091515 0.0494030680988 37.0709720412 2 0.1 0.42436 0.403481012658 159.671651651 0 0.388007778221
370 13 0.111075848937 0.257962093407 0.0277810657166 44.5543794124 2 0.1 0.3944 0.381967213115 158.320431737 0 0.388007778221
380 13 0.111075848937 0.30385912949 0.033104318245 36.8843891604 2 0.1 0.41623 0.351145038168 134.406591859 0 0.388007778221
390 13 0.111075848937 0.28758043851 0.0461859348805 44.9400523199 2 0.1 0.36685 0.404088050314 142.014770586 0 0.388007778221
400 13 0.111075848937 0.217548750731 0.0298102842534 55.8360840891 2 0.1 0.43905 0.40192926045 187.731117107 0 0.388007778221
410 13 0.122142732507 0.296553240666 0.0316519921205 29.016375274 2 0.1 0.43827 0.397815912637 137.717834101 0 0.388007778221
420 13 0.122142732507 0.25992879184 0.0307505232484 60.8459647514 2 0.1 0.38962 0.381282495667 157.122532332 0 0.388007778221
430 13 0.122142732507 0.253095532185 0.0341715353687 58.3651036916 2 0.1 0.42856 0.450949367089 161.364642226 0 0.388007778221
440 13 0.122142732507 0.256423212232 0.0319140233312 36.988514832 2 0.1 0.41002 0.407348242812 159.270565424 0 0.388007778221
450 13 0.122142732507 0.361366633331 0.0212984816332 30.3440627535 2 0.1 0.33185 0.313014827018 113.017268981 0 0.388007778221
460 13 0.122142732507 0.305021708149 0.0496922597546 48.5009768507 2 0.1 0.38232 0.360808709176 133.894306237 0 0.388007778221
470 13 0.122142732507 0.231568187571 0.0308967976803 53.0475488094 2 0.1 0.44133 0.461419753086 176.365633071 0 0.388007778221
480 13 0.122142732507 0.352156027832 0.0354514126308 34.6202395601 2 0.1 0.3882 0.381818181818 115.973224288 0 0.388007778221
490 13 0.122142732507 0.263052416449 0.0411590425895 33.539601118 2 0.1 0.42594 0.418124006359 155.256775632 0 0.388007778221
500 13 0.122142732507 0.286550066581 0.0378525196673 39.3740035083 2 0.1 0.4082 0.419656786271 142.525424919 0 0.388007778221
510 13 0.135658914729 0.269043124212 0.0380802633787 52.4733095438 2 0.1 0.40858 0.406885758998 151.799716568 0 0.388007778221
520 13 0.135658914729 0.22938833244 0.0301644864373 32.2246131728 2 0.1 0.37454 0.373770491803 178.04161862 0 0.388007778221
530 13 0.135658914729 0.306251035867 0.0414081401417 47.0561571311 2 0.1 0.39218 0.407830342577 133.356838727 0 0.388007778221
540 13 0.135658914729 0.259847350276 0.0244948552962 50.6195003489 2 0.1 0.41157 0.286614173228 157.171777802 0 0.388007778221
550 13 0.135658914729 0.28124250166 0.0373811031163 61.2845155537 2 0.1 0.41677 0.411861614498 145.215142658 0 0.388007778221
560 13 0.135658914729 0.261162902793 0.023184982673 41.1136542898 2 0.1 0.3835 0.400998336106 156.380058436 0 0.388007778221
570 13 0.135658914729 0.267242871168 0.0258507983295 15.3516920769 2 0.1 0.42637 0.388609715243 152.822299138 0 0.388007778221
580 13 0.135658914729 0.298157420028 0.0257449563215 29.1403504614 2 0.1 0.36714 0.360062893082 136.976869454 0 0.388007778221
590 13 0.135658914729 0.274718453768 0.0291374782406 45.1835014773 2 0.1 0.39939 0.379416282642 148.663729865 0 0.388007778221
600 13 0.135658914729 0.276970557987 0.0380027545717 53.5696229633 2 0.1 0.47123 0.474842767296 147.454914691 0 0.388007778221
610 13 0.152538679451 0.276826590177 0.0575923393072 26.8301782446 2 0.1 0.38711 0.448613376835 147.531600826 0 0.40261237725
620 13 0.152538679451 0.242457788307 0.0444029982008 57.7366914595 2 0.1 0.38772 0.355737704918 168.444454951 0 0.40261237725
630 13 0.152538679451 0.291495714872 0.0211788822915 48.0330120793 2 0.1 0.45078 0.415986949429 140.107274023 0 0.40261237725
640 13 0.152538679451 0.277827909947 0.0476183052353 55.4849650359 2 0.1 0.40984 0.353820598007 146.999882077 0 0.40261237725
650 13 0.152538679451 0.282861870332 0.0275541079482 44.010498834 2 0.1 0.3586 0.378205128205 144.383793942 0 0.40261237725
660 13 0.152538679451 0.302090047347 0.0268162432242 37.2675781929 2 0.1 0.41633 0.460815047022 135.193695915 0 0.40261237725
670 13 0.152538679451 0.302740033203 0.0266460265708 51.3272659168 2 0.1 0.36029 0.407643312102 134.903433708 0 0.40261237725
680 13 0.152538679451 0.275633536283 0.0329222815534 42.2097250313 2 0.1 0.41888 0.412724306688 148.170177514 0 0.40261237725
690 13 0.152538679451 0.370264649458 0.0501676554435 33.3037440117 2 0.1 0.36909 0.345514950166 110.301294114 0 0.40261237725
700 13 0.152538679451 0.303570168372 0.0298112006635 32.2045882916 2 0.1 0.43059 0.399676375405 134.534530251 0 0.40261237725
710 13 0.174216027875 0.259139329134 0.0290670343701 29.7720968993 2 0.1 0.42912 0.462006079027 157.601202938 0 0.40261237725
720 13 0.174216027875 0.358845249965 0.0296627996721 30.6370219884 2 0.1 0.36643 0.34858044164 113.811371347 0 0.40261237725
730 13 0.174216027875 0.372779847681 0.044576308337 37.5964312262 2 0.1 0.38504 0.403333333333 109.557075722 0 0.40261237725
740 13 0.174216027875 0.286404439265 0.027570323117 27.7087868621 2 0.1 0.45418 0.418333333333 142.597894449 0 0.40261237725
750 13 0.174216027875 0.30758456029 0.035344066579 47.7836007396 2 0.1 0.39086 0.368760064412 132.778673811 0 0.40261237725
760 13 0.174216027875 0.289746597636 0.0400940454477 42.7356436834 2 0.1 0.41731 0.355048859935 140.953061514 0 0.427575973692
770 13 0.174216027875 0.306831560303 0.0292034094475 32.3439494537 2 0.1 0.4289 0.420032310178 133.104527969 0 0.427575973692
780 13 0.174216027875 0.288610234302 0.04301594604 38.5475638302 2 0.1 0.38429 0.40192926045 141.50804492 0 0.427575973692
790 13 0.174216027875 0.373616632633 0.0310501822526 28.9530968545 2 0.1 0.39204 0.380573248408 109.311701977 0 0.427575973692
800 13 0.174216027875 0.257753293262 0.0257539983692 39.9474273147 2 0.1 0.45918 0.406611570248 158.448683558 0 0.427575973692
810 13 0.203075137801 0.308125760607 0.0339594156372 39.7190606602 2 0.1 0.43374 0.377022653722 132.545457801 0 0.427575973692
820 13 0.203075137801 0.30985839042 0.0331966252828 39.9834868966 2 0.1 0.42771 0.421135646688 131.804305653 0 0.427575973692
830 13 0.203075137801 0.365008977479 0.0337906993985 24.3664384646 2 0.1 0.35098 0.339774557166 111.88949456 0 0.427575973692
840 13 0.203075137801 0.32029233219 0.0388183494146 38.6535937412 2 0.1 0.39544 0.408585055644 127.510607952 0 0.427575973692
850 13 0.203075137801 0.341789447303 0.0245087721341 40.601483948 2 0.1 0.4514 0.385878489327 119.490728348 0 0.427575973692
860 13 0.203075137801 0.409731247525 0.0346793788458 36.0753389853 2 0.1 0.40527 0.381666666667 99.6767277251 0 0.427575973692
870 13 0.203075137801 0.281567474575 0.0454677741808 40.035608274 2 0.1 0.3757 0.4464 145.047541665 0 0.427575973692
880 13 0.203075137801 0.303718567531 0.0233362836073 34.9638045821 2 0.1 0.42602 0.391803278689 134.468795675 0 0.427575973692
890 13 0.203075137801 0.365521538296 0.0409359786322 30.3807206847 2 0.1 0.39988 0.431711145997 111.732594994 0 0.427575973692
900 13 0.203075137801 0.397526064771 0.0523805545495 21.1953041161 2 0.1 0.40192 0.367576243981 102.737087249 0 0.427575973692
910 13 0.243393602225 0.422414316883 0.0367832891365 18.4534517752 2 0.1 0.37908 0.39674796748 96.6839152171 0 0.427575973692
920 13 0.243393602225 0.3711414494 0.0279495907106 42.1750441476 2 0.1 0.41073 0.426380368098 110.040713766 0 0.427575973692
930 13 0.243393602225 0.358987267863 0.0373057788761 23.8879675773 2 0.1 0.3946 0.403755868545 113.766346765 0 0.427575973692
940 13 0.243393602225 0.300618124811 0.0441128851896 27.415009971 2 0.1 0.44526 0.417886178862 135.855647512 0 0.427575973692
950 13 0.243393602225 0.391888983981 0.0353703519065 28.0400864596 2 0.1 0.429 0.398671096346 104.214896742 0 0.427575973692
960 13 0.243393602225 0.427426652681 0.037855009752 20.9784666313 2 0.1 0.35518 0.369255150555 95.5501247849 0 0.427575973692
970 13 0.243393602225 0.236676742444 0.0475263848945 53.9163585603 2 0.1 0.39187 0.409448818898 172.558864797 0 0.427913318021
980 13 0.243393602225 0.350603474257 0.0329488470153 23.1290545505 2 0.1 0.41056 0.345425867508 116.486780647 0 0.427913318021
990 13 0.243393602225 0.374604534219 0.0580051257962 27.5911723262 2 0.1 0.40572 0.407051282051 109.023426759 0 0.479577943465
1000 13 0.243393602225 0.38458847642 0.0309637264025 22.3910951925 2 0.1 0.34615 0.377535101404 106.193171413 0 0.479577943465
1010 13 0.303687635575 0.375522652387 0.0486810964053 14.4912736388 2 0.1 0.38864 0.408 108.75687456 0 0.479577943465
1020 13 0.303687635575 0.353428341377 0.0372927760262 31.6773521737 2 0.1 0.43581 0.385852090032 115.555730027 0 0.479577943465
1030 13 0.303687635575 0.402988781774 0.0229251563129 25.6645983197 2 0.1 0.40248 0.36858974359 101.344434007 0 0.479577943465
1040 13 0.303687635575 0.443986092242 0.0335927662545 20.5836438923 2 0.1 0.3341 0.373158756137 91.9863723517 0 0.479577943465
1050 13 0.303687635575 0.390740503297 0.0180080051046 23.0399036708 2 0.1 0.38924 0.456730769231 104.521209487 0 0.479577943465
1060 13 0.303687635575 0.335434077708 0.0462572905045 38.3256123319 2 0.1 0.44619 0.425696594427 121.7546836 0 0.48651935387
1070 13 0.303687635575 0.307359783956 0.027097899462 42.7035603759 2 0.1 0.43904 0.440310077519 132.875776637 0 0.48651935387
1080 13 0.303687635575 0.383213886419 0.0441191829677 38.7160184678 2 0.1 0.38146 0.371621621622 106.574086815 0 0.48651935387
1090 13 0.303687635575 0.345331919301 0.0330038799016 42.6680232993 2 0.1 0.42016 0.358255451713 118.264972675 0 0.48651935387
1100 13 0.303687635575 0.43348411329 0.0309596319397 23.0009785156 2 0.1 0.40259 0.463190184049 94.2149175665 0 0.48651935387
1110 13 0.40369088812 0.404280528036 0.0352218854716 28.6718441038 2 0.1 0.33256 0.336734693878 101.020620999 0 0.493175361828
1120 13 0.40369088812 0.420778410394 0.0183746435573 27.7166263285 2 0.1 0.37783 0.382594417077 97.0598039042 0 0.493175361828
1130 13 0.40369088812 0.509579265281 0.0385061089517 25.2282386401 2 0.1 0.38514 0.381026438569 80.1458630336 0 0.509579265281
1140 13 0.40369088812 0.396580989813 0.0290882626176 32.9096503803 2 0.1 0.42237 0.423756019262 102.981915546 0 0.509579265281
1150 13 0.40369088812 0.449997225557 0.0323799935145 30.5584264521 2 0.1 0.38933 0.429738562092 90.757604004 0 0.509579265281
1160 13 0.40369088812 0.414470406123 0.0267855968779 25.9088327605 2 0.1 0.42072 0.341614906832 98.5369990153 0 0.509579265281
1170 13 0.40369088812 0.386678975965 0.0510870029207 34.7831973365 2 0.1 0.40146 0.415185783522 105.619060095 0 0.509579265281
1180 13 0.40369088812 0.399645599266 0.0561085961605 22.6401652866 2 0.1 0.4049 0.431118314425 102.192217492 0 0.509579265281
1190 13 0.40369088812 0.492162997331 0.0271404978836 31.6432653206 2 0.1 0.34869 0.352180936995 82.9820003159 0 0.509579265281
1200 13 0.40369088812 0.402762503294 0.0265734208606 17.6447053967 2 0.1 0.40012 0.435658914729 101.401370947 0 0.509579265281
1210 13 0.601891659501 0.480032780916 0.0203809849056 24.7555201225 2 0.1 0.37985 0.324237560193 85.0789188232 20 0.575533663931
1220 13 0.601891659501 0.471125978888 0.0200107316828 23.8401415106 2 0.1 0.41941 0.345852895149 86.6873656519 20 0.575533663931
1230 13 0.601891659501 0.398801645398 0.0259164608683 33.5964292791 2 0.1 0.38327 0.385 102.408479181 20 0.575533663931
1240 13 0.601891659501 0.463372342511 0.0224231259684 26.4640107944 2 0.1 0.43914 0.434579439252 88.1379103868 20 0.575533663931
1250 13 0.601891659501 0.489301329425 0.0341615576315 28.6169083941 2 0.1 0.39619 0.414826498423 83.4673186929 20 0.575533663931
1260 13 0.601891659501 0.446788099854 0.0218604930028 27.4141480417 2 0.1 0.38819 0.329508196721 91.4094847498 20 0.575533663931
1270 13 0.601891659501 0.427178280807 0.0300075060922 26.276832049 2 0.1 0.47508 0.41167192429 95.6056799585 20 0.575533663931
1280 13 0.601891659501 0.503901935283 0.0204317378003 16.58872459 2 0.1 0.41623 0.36678200692 81.0488453017 20 0.575533663931
1290 13 0.601891659501 0.458992413768 0.038962877408 20.5553796371 2 0.1 0.36825 0.384370015949 88.9789651745 20 0.579929298073
1300 13 0.601891659501 0.424694837153 0.0336675047058 22.2714997785 2 0.1 0.41352 0.409785932722 96.1647433102 20 0.579929298073
1310 13 1.18243243243 0.517811336744 0.0375964985245 21.1594516784 2 0.1 0.3298 0.324137931034 78.8717185235 10 0.602511462539
1320 13 1.18243243243 0.534874417227 0.0213435586804 10.3172300935 2 0.1 0.39095 0.328205128205 76.3556242076 10 0.602511462539
1330 13 1.18243243243 0.543734927936 0.0176180525375 10.56661068 2 0.1 0.38168 0.35170178282 75.1113601531 10 0.602511462539
1340 13 1.18243243243 0.550552107467 0.0151693438808 10.1576641881 2 0.1 0.41874 0.344 74.1812980935 10 0.602511462539
1350 13 1.18243243243 0.594175954214 0.031722935167 4.50607673866 2 0.1 0.37945 0.385964912281 68.7349760796 10 0.604420416361
1360 13 1.18243243243 0.56260003231 0.0194800203343 8.73965754112 2 0.1 0.40957 0.426517571885 72.5927260124 10 0.604420416361
1370 13 1.18243243243 0.515563720536 0.0157151171509 9.13871241382 2 0.1 0.40793 0.418152350081 79.215562254 10 0.604420416361
1380 13 1.18243243243 0.511288159967 0.0205719463927 12.6821404797 2 0.1 0.35251 0.384863123994 79.8779889654 10 0.604420416361
1390 13 1.18243243243 0.557246064615 0.0129418180242 6.62264285267 2 0.1 0.42252 0.441082802548 73.2901900854 10 0.604420416361
1400 13 1.18243243243 0.519279642667 0.0212654190243 12.0261889736 2 0.1 0.37609 0.368338557994 78.6487022488 10 0.604420416361
1410 13 33.3333333333 0.695281568301 0.0506138854605 0.242841103136 2 0.1 0.74097 0.667820069204 58.7397564699 280 0.729254198475
1420 13 33.3333333333 0.704499769958 0.00364093939004 0.0481832776123 2 0.1 0.37646 0.311643835616 57.9711615838 280 0.729254198475
1430 13 33.3333333333 0.704917552208 0.00106258441326 0.00351537637798 2 0.1 0.41353 0.371475953566 57.9368039171 280 0.729254198475
1440 13 33.3333333333 0.708059681827 0.000751358004369 0.00253033400346 2 0.1 0.29916 0.329411764706 57.6796999578 280 0.729254198475
1450 13 33.3333333333 0.70805921029 0.00139614793926 0.0033413023397 2 0.1 0.36256 0.384976525822 57.67973837 280 0.729254198475
1460 13 33.3333333333 0.705929566891 0.000940585753823 0.00382860712335 2 0.1 0.38773 0.382677165354 57.8537462029 280 0.729254198475
1470 13 33.3333333333 0.705263044465 0.001858889859 0.0042984861393 2 0.1 0.43705 0.466353677621 57.9084220002 280 0.729254198475
1480 13 33.3333333333 0.701326094673 0.00152062539771 0.00385630276801 2 0.1 0.46788 0.438110749186 58.2334955311 280 0.729254198475
1490 13 33.3333333333 0.701828418058 0.00158408795091 0.00284869208157 2 0.1 0.41361 0.389507154213 58.1918157617 280 0.729254198475
1500 13 33.3333333333 0.703980781284 0.001887667264 0.00688923958755 2 0.1 0.41135 0.457050243112 58.0138990805 280 0.729254198475
