408.035163452,186.709064232,34.2653425971,0.0
227.981507014,203.054653847,34.2653425971,0.0
414.124060206,290.292033358,34.2653425971,0.0
334.393995131,125.235452105,34.2653425971,0.0
170.693886208,394.497854403,34.2653425971,0.0
93.353710044,216.890130578,34.2653425971,0.0
431.434230775,477.624557276,34.2653425971,0.0
168.456692878,109.625591826,34.2653425971,0.0
343.337110288,247.049519125,34.2653425971,0.0
369.536188731,417.839895192,34.2653425971,0.0
378.076983177,36.1727622301,34.2653425971,0.0
71.9189473049,67.4647214768,34.2653425971,0.0
156.98506186,310.435054513,34.2653425971,0.0
@ 10 10 0.0873362445415 0.182920800396
450.442235958,333.179750287,48.3393699001,0.0
98.6505647335,363.236998277,48.3393699001,0.0
444.439601626,57.398799073,48.3393699001,0.0
429.535887758,458.481999332,48.3393699001,0.0
53.9962775017,60.9277378375,48.3393699001,0.0
54.1467911595,262.208749368,48.3393699001,0.0
121.998792396,463.019011814,48.3393699001,0.0
323.698542268,447.88722474,48.3393699001,0.0
368.286894189,260.341572772,48.3393699001,0.0
385.241099727,155.607478923,48.3393699001,0.0
245.833957018,48.9741626784,48.3393699001,0.0
284.727562158,310.874658079,48.3393699001,0.0
215.6319695,417.681384155,48.3393699001,0.0
@ 20 10 0.0873362445415 0.364044862412
317.90224808,328.353221133,32.3432630629,0.0
170.718442015,36.4820610059,32.3432630629,0.0
325.315919246,116.124777737,32.3432630629,0.0
142.649155566,422.097094256,32.3432630629,0.0
174.196642151,364.663051557,32.3432630629,0.0
454.262340994,207.40745225,32.3432630629,0.0
307.157722323,431.736964676,32.3432630629,0.0
135.794906368,140.008324023,32.3432630629,0.0
212.306138145,242.368095361,32.3432630629,0.0
334.226523167,216.559021399,32.3432630629,0.0
114.708041493,71.1588073964,32.3432630629,0.0
117.244454899,328.836765097,32.3432630629,0.0
38.5314847895,267.92060558,32.3432630629,0.0
@ 30 10 0.0873362445415 0.162974854658
307.415108886,174.00139535,44.5834766109,0.0
253.826649452,410.984356111,44.5834766109,0.0
448.865551128,233.701334884,44.5834766109,0.0
161.469400182,385.225412069,44.5834766109,0.0
45.1128473095,281.412317893,44.5834766109,0.0
69.9686260198,441.611812863,44.5834766109,0.0
231.40274834,271.37688904,44.5834766109,0.0
181.24074445,172.779675368,44.5834766109,0.0
329.171789608,273.179152493,44.5834766109,0.0
347.372607619,373.266879623,44.5834766109,0.0
362.624725096,466.922599679,44.5834766109,0.0
451.978899921,387.439848897,44.5834766109,0.0
389.618146439,108.619934311,44.5834766109,0.0
@ 40 10 0.0873362445415 0.309671187528
85.093848998,246.501559562,42.0993339975,0.0
132.838591125,166.558652268,42.0993339975,0.0
356.347859857,229.501556429,42.0993339975,0.0
466.877415456,452.719452402,42.0993339975,0.0
186.802154561,312.329475518,42.0993339975,0.0
159.289250043,457.539070789,42.0993339975,0.0
447.820822978,109.206469158,42.0993339975,0.0
68.3884124838,110.137934312,42.0993339975,0.0
294.724024313,49.2135292451,42.0993339975,0.0
263.10237668,271.176324813,42.0993339975,0.0
349.566336612,436.540050972,42.0993339975,0.0
74.7840592372,463.924337493,42.0993339975,0.0
464.758370711,334.32013438,42.0993339975,0.0
@ 50 10 0.0873362445415 0.2761235111
436.999433792,339.954893799,35.8546493927,0.0
116.97024511,308.580209023,35.8546493927,0.0
380.683028625,104.899843735,35.8546493927,0.0
429.319308058,471.441523398,35.8546493927,0.0
123.614106959,230.991333552,35.8546493927,0.0
136.895959022,40.6902763619,35.8546493927,0.0
39.4899344226,202.671957276,35.8546493927,0.0
336.521276574,434.774709325,35.8546493927,0.0
120.590471245,147.016175842,35.8546493927,0.0
55.8086632875,90.0030405979,35.8546493927,0.0
360.756241737,249.977429185,35.8546493927,0.0
281.714682708,254.591605383,35.8546493927,0.0
308.189773406,366.801389076,35.8546493927,0.0
@ 60 10 0.0873362445415 0.200282911633
346.110599475,312.996755681,38.2304475516,0.0
192.256889585,272.878506778,38.2304475516,0.0
426.230956173,296.236768231,38.2304475516,0.0
188.196825798,349.58666403,38.2304475516,0.0
414.909603651,135.69596357,38.2304475516,0.0
443.065614268,462.46653898,38.2304475516,0.0
206.74441529,188.327256178,38.2304475516,0.0
268.325059746,306.093638906,38.2304475516,0.0
188.091588009,454.562756199,38.2304475516,0.0
229.305912455,62.3827418693,38.2304475516,0.0
104.246531111,86.7909740703,38.2304475516,0.0
370.322152736,405.816018024,38.2304475516,0.0
304.782388587,143.369247066,38.2304475516,0.0
@ 70 10 0.0873362445415 0.22770454571
174.207326865,217.804328211,40.2952931825,0.0
123.166124545,375.290953472,40.2952931825,0.0
276.745642767,180.989221965,40.2952931825,0.0
298.260700933,73.3686169135,40.2952931825,0.0
143.783242285,71.5793964871,40.2952931825,0.0
377.539109417,348.970442734,40.2952931825,0.0
113.668161985,457.333232896,40.2952931825,0.0
310.578397476,468.219044357,40.2952931825,0.0
249.714443726,277.687906636,40.2952931825,0.0
48.5915690367,300.299694919,40.2952931825,0.0
453.321275612,72.5802732976,40.2952931825,0.0
409.414972159,440.505686976,40.2952931825,0.0
94.0687609541,181.524100529,40.2952931825,0.0
@ 80 10 0.0873362445415 0.252965663684
209.45945712,338.061245331,39.2437757256,0.0
247.473071399,199.044856788,39.2437757256,0.0
466.481392737,166.43434179,39.2437757256,0.0
43.9582866587,326.167728146,39.2437757256,0.0
465.012798901,398.578199471,39.2437757256,0.0
385.50953903,302.794015808,39.2437757256,0.0
137.155560983,206.141133908,39.2437757256,0.0
181.344626462,114.342304365,39.2437757256,0.0
216.302799685,419.687080862,39.2437757256,0.0
267.121783,86.646666302,39.2437757256,0.0
323.446462377,388.934694143,39.2437757256,0.0
71.8696049046,470.868754232,39.2437757256,0.0
56.691724968,111.26392067,39.2437757256,0.0
@ 90 10 0.0873362445415 0.239935498357
459.384956253,320.830258946,34.4714072359,0.0
101.203451719,43.1734863673,34.4714072359,0.0
188.371186405,76.5702363627,34.4714072359,0.0
276.927970605,230.354272818,34.4714072359,0.0
387.487735417,474.60322838,34.4714072359,0.0
76.4099245991,304.907564868,34.4714072359,0.0
171.554906968,390.178887714,34.4714072359,0.0
65.2256341007,171.854947186,34.4714072359,0.0
460.648727282,391.655962359,34.4714072359,0.0
394.780344303,92.2689851584,34.4714072359,0.0
159.996651548,273.304531083,34.4714072359,0.0
288.167656651,398.228060681,34.4714072359,0.0
233.727706309,289.223425868,34.4714072359,0.0
@ 100 10 0.0873362445415 0.185127511098
347.259192211,392.455491762,37.0059020932,0.0
44.4604280425,379.929528515,37.0059020932,0.0
467.380876823,453.92126496,37.0059020932,0.0
449.23447029,54.1749727851,37.0059020932,0.0
406.672972187,330.039478456,37.0059020932,0.0
172.4881517,56.0323879291,37.0059020932,0.0
348.987170338,271.205413717,37.0059020932,0.0
351.381964296,53.1233173614,37.0059020932,0.0
298.34790877,216.590866289,37.0059020932,0.0
166.451225873,316.536157824,37.0059020932,0.0
155.430064003,176.248582271,37.0059020932,0.0
266.594443708,117.763731215,37.0059020932,0.0
163.577418953,403.964616886,37.0059020932,0.0
@ 110 10 0.0940354648039 0.213351120053
58.8704423201,226.339526259,40.2399487539,0.0
354.800676298,262.071621934,40.2399487539,0.0
441.89411722,207.622685584,40.2399487539,0.0
401.278001574,409.594980305,40.2399487539,0.0
126.761437914,42.3055819166,40.2399487539,0.0
331.046647129,61.9173169221,40.2399487539,0.0
50.2487206149,107.803020344,40.2399487539,0.0
120.555603661,354.694549509,40.2399487539,0.0
46.3308992707,453.837380088,40.2399487539,0.0
157.079773706,271.941477745,40.2399487539,0.0
338.792806871,345.078435161,40.2399487539,0.0
461.642313602,463.148257796,40.2399487539,0.0
169.478946038,468.191993315,40.2399487539,0.0
@ 120 10 0.0940354648039 0.252271258729
50.3753498206,163.128239767,35.7025133978,0.0
246.441522654,307.209386093,35.7025133978,0.0
400.959098427,62.080521771,35.7025133978,0.0
116.117668743,466.164258015,35.7025133978,0.0
396.628258895,244.359408373,35.7025133978,0.0
151.957987383,366.850306514,35.7025133978,0.0
445.898583917,122.229685396,35.7025133978,0.0
224.663946076,422.125295405,35.7025133978,0.0
347.361106365,328.381281732,35.7025133978,0.0
454.313294732,395.5499396,35.7025133978,0.0
148.366953221,174.28981516,35.7025133978,0.0
75.6929653618,80.5399579682,35.7025133978,0.0
278.690698856,181.880514569,35.7025133978,0.0
@ 130 10 0.0940354648039 0.198586864068
464.685645376,104.975851168,40.7302321764,0.0
203.562318249,363.708835202,40.7302321764,0.0
274.486690822,49.2608124948,40.7302321764,0.0
181.888125071,270.52135183,40.7302321764,0.0
44.8681120728,413.094937739,40.7302321764,0.0
387.423320764,381.970241538,40.7302321764,0.0
162.382538165,177.519394609,40.7302321764,0.0
318.110153954,142.078615285,40.7302321764,0.0
81.8655782265,91.7787399686,40.7302321764,0.0
68.1428261662,178.827356664,40.7302321764,0.0
248.43012516,210.462972344,40.7302321764,0.0
359.909966301,47.0074660774,40.7302321764,0.0
234.862489243,439.761653862,40.7302321764,0.0
@ 140 10 0.0940354648039 0.258456052957
447.083978925,313.924066944,37.9639884857,0.0
161.332264754,47.1890080454,37.9639884857,0.0
38.6439956946,117.00911769,37.9639884857,0.0
362.763585624,186.402438569,37.9639884857,0.0
205.577871511,217.980838699,37.9639884857,0.0
391.733955377,40.2284347495,37.9639884857,0.0
305.962346075,324.372040387,37.9639884857,0.0
117.438982063,440.298173735,37.9639884857,0.0
86.3031489539,242.627314956,37.9639884857,0.0
284.751801962,244.68219948,37.9639884857,0.0
238.334707632,98.8945179665,37.9639884857,0.0
106.200588382,339.155726377,37.9639884857,0.0
336.461153521,445.400665647,37.9639884857,0.0
@ 150 10 0.0940354648039 0.224541491055
282.438084403,208.284885946,42.8752991835,0.0
203.300154456,171.346940099,42.8752991835,0.0
104.05274817,357.740949629,42.8752991835,0.0
295.12860639,296.346094582,42.8752991835,0.0
459.420845023,374.290113518,42.8752991835,0.0
45.4655349128,447.572374176,42.8752991835,0.0
452.420790923,92.176999922,42.8752991835,0.0
369.476662249,461.894006818,42.8752991835,0.0
277.668616796,101.775176223,42.8752991835,0.0
50.5944557335,211.711444758,42.8752991835,0.0
292.216773799,395.359217055,42.8752991835,0.0
206.068913613,425.491401832,42.8752991835,0.0
186.332852532,311.69833994,42.8752991835,0.0
@ 160 10 0.0940354648039 0.286396207937
345.74177904,174.724574415,41.8613797727,0.0
197.636716067,278.053020566,41.8613797727,0.0
405.32584744,74.9269578922,41.8613797727,0.0
311.606404466,445.743782855,41.8613797727,0.0
424.039987505,458.871370687,41.8613797727,0.0
158.337153731,193.35185121,41.8613797727,0.0
223.531504494,385.177690176,41.8613797727,0.0
69.8166033219,312.773204639,41.8613797727,0.0
383.980263043,276.170909051,41.8613797727,0.0
134.613189729,61.9032854116,41.8613797727,0.0
288.366881967,250.927561521,41.8613797727,0.0
462.285433396,331.147246693,41.8613797727,0.0
142.607797094,426.496588899,41.8613797727,0.0
@ 170 10 0.0940354648039 0.273010917084
168.394456802,39.5095485128,39.403128396,0.0
399.971168234,433.360851511,39.403128396,0.0
315.523247124,88.6470252499,39.403128396,0.0
243.629371019,151.476530924,39.403128396,0.0
273.857066599,465.000876228,39.403128396,0.0
65.9177323121,163.900024038,39.403128396,0.0
437.064176813,121.860506381,39.403128396,0.0
301.320481989,375.311727431,39.403128396,0.0
59.8432003071,404.09269872,39.403128396,0.0
224.390843199,243.454653463,39.403128396,0.0
345.160971094,241.077285277,39.403128396,0.0
446.556524647,203.09997345,39.403128396,0.0
189.933626418,358.627733844,39.403128396,0.0
@ 180 10 0.0940354648039 0.241888011264
188.791097289,322.701352951,35.7931983325,0.0
180.790209732,123.462138838,35.7931983325,0.0
214.754013782,216.226570381,35.7931983325,0.0
332.036389999,40.3328052481,35.7931983325,0.0
297.647086922,303.11525989,35.7931983325,0.0
42.9830854393,36.7309220133,35.7931983325,0.0
52.417328941,213.530654951,35.7931983325,0.0
190.073407156,38.6691608982,35.7931983325,0.0
227.917553771,462.131294033,35.7931983325,0.0
400.131194435,229.281285147,35.7931983325,0.0
312.320233142,407.31837805,35.7931983325,0.0
434.98028454,328.986688363,35.7931983325,0.0
374.988327595,144.517346434,35.7931983325,0.0
@ 190 10 0.0940354648039 0.199596972682
56.9839876636,359.434496073,38.8441810989,0.0
209.017513984,50.3026903875,38.8441810989,0.0
284.194464727,381.74991041,38.8441810989,0.0
97.0714568635,147.084696166,38.8441810989,0.0
325.943487698,213.086762405,38.8441810989,0.0
179.735637239,213.798629779,38.8441810989,0.0
217.594423197,461.843986055,38.8441810989,0.0
260.173241976,292.46479484,38.8441810989,0.0
347.482149906,445.050114606,38.8441810989,0.0
64.7705066032,269.168755574,38.8441810989,0.0
127.369938001,41.4066081447,38.8441810989,0.0
258.996660763,156.204240349,38.8441810989,0.0
125.829067841,408.410013934,38.8441810989,0.0
@ 200 10 0.0940354648039 0.235074151204
53.8640660005,57.6503902922,40.1174734671,0.0
111.226671526,232.937767568,40.1174734671,0.0
406.677044442,83.1320783506,40.1174734671,0.0
432.706346136,165.192733325,40.1174734671,0.0
289.578506238,309.030847098,40.1174734671,0.0
288.35199706,195.640047061,40.1174734671,0.0
422.904774885,408.076513663,40.1174734671,0.0
277.292978776,409.766544437,40.1174734671,0.0
398.148316725,245.718079394,40.1174734671,0.0
468.17728361,335.949544091,40.1174734671,0.0
130.835015525,430.708289157,40.1174734671,0.0
41.8848058356,302.547678295,40.1174734671,0.0
53.6961350587,387.624166306,40.1174734671,0.0
@ 210 10 0.101847810272 0.250737957802
263.447285604,460.429848431,40.2602097953,0.0
428.705280824,71.0789090203,40.2602097953,0.0
148.472937635,435.443894993,40.2602097953,0.0
56.6069352375,268.16506476,40.2602097953,0.0
97.3867339345,359.635953984,40.2602097953,0.0
167.189370733,118.089556546,40.2602097953,0.0
417.200722933,471.575644435,40.2602097953,0.0
296.834273751,240.940694857,40.2602097953,0.0
353.359838501,180.714892277,40.2602097953,0.0
186.316667021,222.750129555,40.2602097953,0.0
151.004912659,298.364908544,40.2602097953,0.0
466.823619698,232.329692238,40.2602097953,0.0
279.974134879,60.2691628742,40.2602097953,0.0
@ 220 10 0.101847810272 0.252525362689
220.478775702,145.708036499,37.1151209856,0.0
108.729148274,452.362561886,37.1151209856,0.0
37.2871620073,308.075715224,37.1151209856,0.0
174.730407423,359.489421987,37.1151209856,0.0
144.024042025,213.623200435,37.1151209856,0.0
296.679179163,371.515413556,37.1151209856,0.0
457.397250337,373.473046134,37.1151209856,0.0
227.617735,442.488345331,37.1151209856,0.0
441.263156049,82.6722111811,37.1151209856,0.0
342.155749779,436.882799975,37.1151209856,0.0
379.28280779,313.483153287,37.1151209856,0.0
95.1177484126,86.6778874954,37.1151209856,0.0
360.364293457,235.806868495,37.1151209856,0.0
@ 230 10 0.101847810272 0.214612343714
427.61385851,85.1453465589,39.5231928169,0.0
398.517125228,266.039569414,39.5231928169,0.0
45.3396590565,441.25930186,39.5231928169,0.0
241.762956901,242.710928907,39.5231928169,0.0
329.757524039,404.371810866,39.5231928169,0.0
446.666114568,438.097541256,39.5231928169,0.0
376.55362289,184.020560034,39.5231928169,0.0
84.650016506,104.668667352,39.5231928169,0.0
130.896307608,382.926474286,39.5231928169,0.0
60.1301671446,308.592676784,39.5231928169,0.0
276.135575271,471.258108102,39.5231928169,0.0
319.221261271,259.087816895,39.5231928169,0.0
197.905021866,335.224194272,39.5231928169,0.0
@ 240 10 0.101847810272 0.243364360582
61.4211414439,216.558281818,41.406990645,0.0
360.832684486,49.5448987744,41.406990645,0.0
443.04223845,447.438373163,41.406990645,0.0
450.621872212,236.15951018,41.406990645,0.0
222.353892027,179.722255901,41.406990645,0.0
152.022960074,244.501550644,41.406990645,0.0
145.285571525,61.8749621529,41.406990645,0.0
331.916773435,452.110188088,41.406990645,0.0
431.727178816,329.728671221,41.406990645,0.0
243.442973732,405.917830359,41.406990645,0.0
451.395353417,111.455702935,41.406990645,0.0
302.615950501,128.501059154,41.406990645,0.0
302.437566538,242.515993139,41.406990645,0.0
@ 250 10 0.101847810272 0.267116227594
380.929218479,159.285825804,38.2974115375,0.0
80.0739736989,444.866705825,38.2974115375,0.0
354.52964106,245.864946438,38.2974115375,0.0
54.8065275587,193.757453146,38.2974115375,0.0
314.276135389,388.945105807,38.2974115375,0.0
156.955241308,275.71556407,38.2974115375,0.0
145.68479759,91.0047972268,38.2974115375,0.0
97.9866672041,351.584141326,38.2974115375,0.0
293.29446088,60.7567461633,38.2974115375,0.0
317.050716424,466.869772833,38.2974115375,0.0
135.563490753,187.033720296,38.2974115375,0.0
239.196927255,333.401768214,38.2974115375,0.0
174.12831582,460.041895992,38.2974115375,0.0
@ 260 10 0.101847810272 0.228502933334
225.062142708,339.023121618,42.2105270459,0.0
283.896436447,73.7506517843,42.2105270459,0.0
367.629854907,110.067502987,42.2105270459,0.0
223.212648823,449.006501258,42.2105270459,0.0
182.910494724,127.809873933,42.2105270459,0.0
121.493222814,417.327156809,42.2105270459,0.0
404.333607151,459.403489149,42.2105270459,0.0
353.68043593,331.271093141,42.2105270459,0.0
285.49969428,160.233615169,42.2105270459,0.0
80.2680856117,217.69771536,42.2105270459,0.0
48.0970075725,64.7492215064,42.2105270459,0.0
442.588449728,364.55223342,42.2105270459,0.0
362.057477166,227.292483531,42.2105270459,0.0
@ 270 10 0.101847810272 0.277584035936
299.469358983,125.827814412,38.5213868532,0.0
433.430204328,154.225980318,38.5213868532,0.0
190.702557014,278.151914149,38.5213868532,0.0
404.425569798,457.960724322,38.5213868532,0.0
387.883362557,361.815408899,38.5213868532,0.0
178.142143436,384.910722509,38.5213868532,0.0
428.815967674,65.2431964186,38.5213868532,0.0
52.4376318369,56.1934320083,38.5213868532,0.0
217.453204331,90.6877405442,38.5213868532,0.0
321.004193518,403.856475031,38.5213868532,0.0
53.8996545234,233.465258366,38.5213868532,0.0
236.559076791,458.047135619,38.5213868532,0.0
48.3402765647,148.11693712,38.5213868532,0.0
@ 280 10 0.101847810272 0.231183462909
379.37707969,426.06579473,44.2289643351,0.0
66.4388056415,314.113407045,44.2289643351,0.0
109.111040676,439.742474353,44.2289643351,0.0
467.554394961,436.104162507,44.2289643351,0.0
443.783551837,199.293518401,44.2289643351,0.0
176.592934457,90.4637957045,44.2289643351,0.0
156.357681055,335.651443539,44.2289643351,0.0
62.0567286256,214.0208372,44.2289643351,0.0
460.247927152,299.389517594,44.2289643351,0.0
154.901118485,183.970873598,44.2289643351,0.0
324.495912876,307.781677288,44.2289643351,0.0
357.888460312,63.7525697182,44.2289643351,0.0
227.333977911,275.032561762,44.2289643351,0.0
@ 290 10 0.101847810272 0.30476597283
295.724411802,116.54583991,41.970870925,0.0
134.578904068,72.1479933148,41.970870925,0.0
436.035008184,218.842213721,41.970870925,0.0
461.940339812,62.0277801959,41.970870925,0.0
296.320465106,213.618374803,41.970870925,0.0
99.1804879911,170.229653936,41.970870925,0.0
239.797231812,52.2469803374,41.970870925,0.0
385.294313963,137.20860502,41.970870925,0.0
165.670087775,392.411206188,41.970870925,0.0
371.024356475,302.198912916,41.970870925,0.0
264.192770499,384.522340012,41.970870925,0.0
452.870739499,402.556311043,41.970870925,0.0
62.4996998097,445.282591949,41.970870925,0.0
@ 300 10 0.101847810272 0.274440940301
307.87635274,67.2978396111,44.3287330506,0.0
306.119186636,289.481188189,44.3287330506,0.0
73.3918223867,224.638085784,44.3287330506,0.0
205.62072804,209.033033665,44.3287330506,0.0
388.51034053,400.872296861,44.3287330506,0.0
267.075822851,444.94347545,44.3287330506,0.0
210.697281847,95.221395356,44.3287330506,0.0
401.162342966,288.321221799,44.3287330506,0.0
456.475130134,69.9078828492,44.3287330506,0.0
348.889662894,189.984349324,44.3287330506,0.0
63.1865512634,115.842052939,44.3287330506,0.0
217.627836521,324.245348839,44.3287330506,0.0
70.1486340908,452.983383582,44.3287330506,0.0
@ 310 10 0.111075848937 0.306142464642
265.618883531,456.221945028,35.7487071248,0.0
473.325980997,87.0477562479,35.7487071248,0.0
320.044884907,97.6047184557,35.7487071248,0.0
345.340405135,457.074399208,35.7487071248,0.0
268.170605699,42.6092950397,35.7487071248,0.0
144.546624933,301.717322493,35.7487071248,0.0
244.056147531,280.27795148,35.7487071248,0.0
378.796238784,307.622899956,35.7487071248,0.0
173.061833747,454.10224908,35.7487071248,0.0
336.970592527,374.044824104,35.7487071248,0.0
99.8839039312,165.380242474,35.7487071248,0.0
215.857773637,159.56817273,35.7487071248,0.0
57.843689538,382.780021333,35.7487071248,0.0
@ 320 10 0.111075848937 0.199101080075
290.025171161,457.968340612,43.0079772421,0.0
372.385731786,63.1184093733,43.0079772421,0.0
228.291520881,158.637747238,43.0079772421,0.0
138.452250246,457.320182818,43.0079772421,0.0
185.510313544,44.3195312494,43.0079772421,0.0
334.783219466,147.841514427,43.0079772421,0.0
387.936132317,345.407268896,43.0079772421,0.0
206.15873694,354.335821714,43.0079772421,0.0
74.6888601138,90.1575294354,43.0079772421,0.0
83.3608956672,271.251217854,43.0079772421,0.0
399.157734701,241.799649065,43.0079772421,0.0
69.2813190186,403.115228669,43.0079772421,0.0
244.445312139,253.843107544,43.0079772421,0.0
@ 330 10 0.111075848937 0.288171462545
394.50746655,200.111173474,42.2357696535,0.0
297.394837303,421.107644306,42.2357696535,0.0
78.5054660663,427.159258881,42.2357696535,0.0
315.22798693,305.931746305,42.2357696535,0.0
397.203737877,453.436918843,42.2357696535,0.0
444.80149463,67.066314264,42.2357696535,0.0
142.847502218,309.070498255,42.2357696535,0.0
197.89920309,467.376306637,42.2357696535,0.0
426.517159108,363.586628635,42.2357696535,0.0
312.711530251,142.66524483,42.2357696535,0.0
43.4406981246,286.618557947,42.2357696535,0.0
176.996532535,229.20344404,42.2357696535,0.0
107.908143601,163.113938796,42.2357696535,0.0
@ 340 10 0.111075848937 0.277916135083
304.822558732,399.288039239,42.0404862762,0.0
60.369352304,296.251370259,42.0404862762,0.0
320.984490392,296.487058608,42.0404862762,0.0
466.802556947,443.543791588,42.0404862762,0.0
58.0322621383,100.794238159,42.0404862762,0.0
254.168965272,137.243070933,42.0404862762,0.0
55.1578208877,391.547919315,42.0404862762,0.0
178.032530347,324.188382596,42.0404862762,0.0
337.889814086,149.072626326,42.0404862762,0.0
432.070825648,322.173984494,42.0404862762,0.0
163.77970655,145.968808262,42.0404862762,0.0
439.70687611,96.3724097763,42.0404862762,0.0
91.8240976519,217.917603742,42.0404862762,0.0
@ 350 10 0.111075848937 0.27535210305
451.942277783,446.493300653,46.6437623891,0.0
66.6350271852,117.765559227,46.6437623891,0.0
55.0692170998,234.951513564,46.6437623891,0.0
102.796937407,427.427772391,46.6437623891,0.0
316.466220698,108.165249151,46.6437623891,0.0
188.498523468,186.789236199,46.6437623891,0.0
448.798110196,254.727641108,46.6437623891,0.0
407.452399181,136.983669346,46.6437623891,0.0
347.054272311,358.876047896,46.6437623891,0.0
279.302178458,234.880646967,46.6437623891,0.0
236.081374815,430.195868758,46.6437623891,0.0
202.318276643,74.6093754422,46.6437623891,0.0
200.82527946,318.374397698,46.6437623891,0.0
@ 360 10 0.111075848937 0.338953470421
244.964802138,66.2992252727,39.3129083218,0.0
396.365347595,340.98873098,39.3129083218,0.0
85.199350023,433.907908847,39.3129083218,0.0
287.032314828,462.06882597,39.3129083218,0.0
273.972602945,214.984495744,39.3129083218,0.0
470.643434735,397.908555627,39.3129083218,0.0
228.455221795,282.554031215,39.3129083218,0.0
315.52024617,128.708877093,39.3129083218,0.0
407.772214108,217.176191643,39.3129083218,0.0
156.219128088,380.668255494,39.3129083218,0.0
413.811344895,115.73899825,39.3129083218,0.0
324.034318937,43.6695774128,39.3129083218,0.0
178.266927009,108.395228657,39.3129083218,0.0
@ 370 10 0.111075848937 0.240781593002
164.65351178,41.9456602897,37.9952755175,0.0
371.346199878,204.243114115,37.9952755175,0.0
433.991814594,111.300991735,37.9952755175,0.0
326.652624619,101.230250297,37.9952755175,0.0
202.675643913,392.930786394,37.9952755175,0.0
397.836943885,382.001972335,37.9952755175,0.0
40.6721552848,295.604561367,37.9952755175,0.0
264.263749554,473.946827687,37.9952755175,0.0
67.3060575973,77.752235661,37.9952755175,0.0
132.409713935,434.244928038,37.9952755175,0.0
71.4888441753,224.566342223,37.9952755175,0.0
292.751510275,302.153361244,37.9952755175,0.0
454.126466939,471.116352891,37.9952755175,0.0
@ 380 10 0.111075848937 0.224911743596
448.713264835,442.823162209,40.9121995717,0.0
237.157528959,71.3349369935,40.9121995717,0.0
78.4062645315,124.866758287,40.9121995717,0.0
90.2877631407,337.726879834,40.9121995717,0.0
167.215441075,183.546043862,40.9121995717,0.0
286.355994396,174.375442208,40.9121995717,0.0
49.450101031,409.023186601,40.9121995717,0.0
446.031215514,350.562140179,40.9121995717,0.0
159.87740936,277.697966104,40.9121995717,0.0
200.38094628,350.630336281,40.9121995717,0.0
366.609291554,419.276137846,40.9121995717,0.0
326.376088486,82.6353733381,40.9121995717,0.0
274.070336728,293.405179146,40.9121995717,0.0
@ 390 10 0.111075848937 0.260770580998
322.378294682,400.455476815,42.2146669706,0.0
57.3012108799,203.332813953,42.2146669706,0.0
248.45675017,206.066433324,42.2146669706,0.0
258.527102679,309.496436767,42.2146669706,0.0
250.742686461,54.5227461824,42.2146669706,0.0
467.408300565,68.2933816534,42.2146669706,0.0
422.367835135,420.024923761,42.2146669706,0.0
189.631545414,374.533166492,42.2146669706,0.0
91.5583433539,434.512689322,42.2146669706,0.0
344.630361616,178.87380291,42.2146669706,0.0
51.9871919433,88.1764583242,42.2146669706,0.0
440.722531607,302.332588938,42.2146669706,0.0
143.031756662,239.671571748,42.2146669706,0.0
@ 400 10 0.111075848937 0.277638488388
444.550546569,271.035170029,40.8379470603,0.0
88.1764137021,201.70471862,40.8379470603,0.0
89.6567382702,319.313447673,40.8379470603,0.0
105.67940167,106.01871839,40.8379470603,0.0
266.456905349,45.7835042869,40.8379470603,0.0
131.321865242,435.62081926,40.8379470603,0.0
449.164872228,70.4886308183,40.8379470603,0.0
456.163189312,166.985057233,40.8379470603,0.0
380.044695079,346.39641378,40.8379470603,0.0
225.725726526,251.569132698,40.8379470603,0.0
283.559001773,141.601639099,40.8379470603,0.0
282.231035927,415.168579593,40.8379470603,0.0
355.664238947,93.4985201056,40.8379470603,0.0
@ 410 10 0.122142732507 0.259824882665
207.442633446,125.959926345,43.5851802768,0.0
457.935798123,126.586262534,43.5851802768,0.0
274.959971048,208.688085033,43.5851802768,0.0
367.683482713,463.28480857,43.5851802768,0.0
95.8212460551,257.516933466,43.5851802768,0.0
384.028448064,307.223683281,43.5851802768,0.0
432.412355536,390.282799658,43.5851802768,0.0
98.7645609556,416.871633197,43.5851802768,0.0
347.25464124,125.526932949,43.5851802768,0.0
179.612549249,364.924452828,43.5851802768,0.0
127.331308159,75.0716997764,43.5851802768,0.0
275.86906687,437.159825372,43.5851802768,0.0
419.043183319,214.513456737,43.5851802768,0.0
@ 420 10 0.122142732507 0.295958371877
353.797017189,264.964080828,41.3038042294,0.0
470.594216506,132.40763468,41.3038042294,0.0
310.891035408,92.8913896804,41.3038042294,0.0
53.3403917984,201.791611547,41.3038042294,0.0
70.3876409948,414.658368786,41.3038042294,0.0
173.375130335,463.61936774,41.3038042294,0.0
270.218293226,264.790038045,41.3038042294,0.0
146.221997551,359.890378545,41.3038042294,0.0
367.897470158,406.926116116,41.3038042294,0.0
159.070684196,119.040552358,41.3038042294,0.0
392.277681077,59.0693868352,41.3038042294,0.0
73.2994248751,79.3506447448,41.3038042294,0.0
433.915813834,355.964095381,41.3038042294,0.0
@ 430 10 0.122142732507 0.265786576616
161.330533669,407.063469841,41.5686216198,0.0
87.7041368613,155.1128305,41.5686216198,0.0
177.02409733,84.8105727731,41.5686216198,0.0
52.0403703017,463.81277113,41.5686216198,0.0
253.574533334,132.112752321,41.5686216198,0.0
58.3999426625,44.5207600511,41.5686216198,0.0
325.852374275,221.187127248,41.5686216198,0.0
349.063991632,308.095711651,41.5686216198,0.0
469.996938884,236.422965774,41.5686216198,0.0
409.852497986,73.1705984563,41.5686216198,0.0
205.599603194,307.98865769,41.5686216198,0.0
186.400115245,209.006413667,41.5686216198,0.0
262.65562283,466.324648508,41.5686216198,0.0
@ 440 10 0.122142732507 0.269205658403
138.763563745,323.5711554,47.5203086106,0.0
270.150286054,213.229772727,47.5203086106,0.0
241.416472254,338.71726253,47.5203086106,0.0
80.5922391289,238.497706258,47.5203086106,0.0
56.7223441823,439.63973359,47.5203086106,0.0
309.966367444,106.269607881,47.5203086106,0.0
309.131343008,445.240949566,47.5203086106,0.0
74.4429541527,87.6252151917,47.5203086106,0.0
441.226517931,275.168116647,47.5203086106,0.0
434.062878518,413.430994398,47.5203086106,0.0
436.334284743,125.272738031,47.5203086106,0.0
153.147617099,429.364997689,47.5203086106,0.0
175.658313789,130.393756302,47.5203086106,0.0
@ 450 10 0.122142732507 0.3518126418
295.813415724,114.848407746,43.7341140765,0.0
434.504919075,167.626587246,43.7341140765,0.0
166.385960434,54.4057128633,43.7341140765,0.0
74.5881023668,324.430073791,43.7341140765,0.0
431.944029704,262.17360237,43.7341140765,0.0
246.751034899,253.182728286,43.7341140765,0.0
399.873249374,457.675544025,43.7341140765,0.0
182.355289238,156.904386829,43.7341140765,0.0
391.934698691,69.8062022796,43.7341140765,0.0
74.7269424552,74.5796090777,43.7341140765,0.0
463.372466915,374.713640001,43.7341140765,0.0
75.9914012385,220.470935594,43.7341140765,0.0
183.810584763,461.080797903,43.7341140765,0.0
@ 460 10 0.122142732507 0.297984451101
47.223848217,88.2559636509,43.4306176687,0.0
464.772355784,431.775406287,43.4306176687,0.0
366.619485379,53.8614616827,43.4306176687,0.0
143.941893166,174.721536002,43.4306176687,0.0
228.416074848,362.476305664,43.4306176687,0.0
429.426379337,165.66022901,43.4306176687,0.0
149.209165922,283.237190249,43.4306176687,0.0
399.178064056,318.305073288,43.4306176687,0.0
366.045448339,459.000646671,43.4306176687,0.0
82.0635097528,344.456591258,43.4306176687,0.0
467.207781864,67.3581040392,43.4306176687,0.0
255.324073151,276.422743153,43.4306176687,0.0
244.956376192,82.9603238484,43.4306176687,0.0
@ 470 10 0.122142732507 0.293863027163
442.744208471,52.1459786195,47.0723307935,0.0
347.554518213,83.1381698045,47.0723307935,0.0
440.425477923,333.457176058,47.0723307935,0.0
448.482276847,443.661719022,47.0723307935,0.0
67.6520571532,214.742306858,47.0723307935,0.0
287.924137636,433.261073651,47.0723307935,0.0
142.912005381,131.308756022,47.0723307935,0.0
448.01814496,203.44968217,47.0723307935,0.0
326.706947067,343.738051046,47.0723307935,0.0
110.915587087,431.639635192,47.0723307935,0.0
118.956412702,301.767082902,47.0723307935,0.0
202.872341773,357.171209698,47.0723307935,0.0
254.451416548,187.404508675,47.0723307935,0.0
@ 480 10 0.122142732507 0.345210774522
329.42974272,471.66060105,39.7747092261,0.0
362.052333901,115.503592455,39.7747092261,0.0
227.667577851,128.977341328,39.7747092261,0.0
349.58983316,319.004822692,39.7747092261,0.0
160.882377118,407.470551994,39.7747092261,0.0
247.098095702,454.235438676,39.7747092261,0.0
208.000510594,254.913904561,39.7747092261,0.0
112.125664585,66.2561583824,39.7747092261,0.0
430.89338774,241.772661874,39.7747092261,0.0
469.140803041,122.566199584,39.7747092261,0.0
75.5364622318,334.949107496,39.7747092261,0.0
310.437112057,237.299804209,39.7747092261,0.0
233.735981151,45.1406841054,39.7747092261,0.0
@ 490 10 0.122142732507 0.246471644646
297.04523152,122.068263525,39.0058045721,0.0
450.869442825,107.086089642,39.0058045721,0.0
321.30461133,246.843981411,39.0058045721,0.0
63.456719179,411.294247869,39.0058045721,0.0
228.222758335,424.515698103,39.0058045721,0.0
89.3492282738,310.54445699,39.0058045721,0.0
140.303848437,235.199484426,39.0058045721,0.0
328.026254341,467.29861995,39.0058045721,0.0
69.8598398656,67.3539728863,39.0058045721,0.0
156.754193218,369.530177198,39.0058045721,0.0
245.81658596,44.4982182694,39.0058045721,0.0
470.737300879,236.910362412,39.0058045721,0.0
348.807382075,369.405570364,39.0058045721,0.0
@ 500 10 0.122142732507 0.237034421272
178.052047106,92.9259853798,40.0811826375,0.0
406.075423659,341.444798367,40.0811826375,0.0
54.2602050949,93.5340976894,40.0811826375,0.0
92.4689014836,218.428912512,40.0811826375,0.0
315.544080423,159.577571501,40.0811826375,0.0
278.711319344,265.182544403,40.0811826375,0.0
161.665825201,335.96967964,40.0811826375,0.0
285.461799463,436.569011292,40.0811826375,0.0
399.284983592,72.3639321344,40.0811826375,0.0
97.7327740547,393.042756173,40.0811826375,0.0
311.900956421,358.58769543,40.0811826375,0.0
193.089614415,198.942730409,40.0811826375,0.0
400.962356047,260.255644215,40.0811826375,0.0
@ 510 10 0.135658914729 0.250284520836
197.292154863,239.263260213,39.7799808323,0.0
445.856364024,374.350722847,39.7799808323,0.0
171.782555143,426.379303262,39.7799808323,0.0
394.851559839,447.637650271,39.7799808323,0.0
405.4694589,57.6084072406,39.7799808323,0.0
44.7306988724,346.83123183,39.7799808323,0.0
282.670302321,159.257607236,39.7799808323,0.0
302.199893161,299.61665095,39.7799808323,0.0
301.35473962,414.315763649,39.7799808323,0.0
170.473498366,160.461737895,39.7799808323,0.0
48.5491427458,431.188772563,39.7799808323,0.0
188.535766784,69.0136471576,39.7799808323,0.0
347.910885856,229.465558196,39.7799808323,0.0
@ 520 10 0.135658914729 0.246536982021
187.583971108,208.124151822,42.7574085378,0.0
162.678465214,293.930853208,42.7574085378,0.0
81.5122903515,437.126763778,42.7574085378,0.0
43.0775398459,353.843385349,42.7574085378,0.0
388.641641027,59.5800985756,42.7574085378,0.0
50.1583795817,224.873010113,42.7574085378,0.0
225.915156312,123.990899255,42.7574085378,0.0
366.386815287,356.445240174,42.7574085378,0.0
320.617031915,211.496551487,42.7574085378,0.0
464.909182916,442.107765044,42.7574085378,0.0
469.008780045,111.760304595,42.7574085378,0.0
324.900911544,443.112887448,42.7574085378,0.0
264.218544505,353.09304975,42.7574085378,0.0
@ 530 10 0.135658914729 0.284823413518
435.79567328,108.049924671,44.2368807791,0.0
130.002222972,262.518273772,44.2368807791,0.0
271.002487055,394.175871831,44.2368807791,0.0
454.834803651,423.250096015,44.2368807791,0.0
150.620141271,432.079551346,44.2368807791,0.0
384.467786396,209.683726416,44.2368807791,0.0
202.503734289,195.907412239,44.2368807791,0.0
459.911327862,293.152337647,44.2368807791,0.0
337.74869639,293.820818687,44.2368807791,0.0
70.512574054,369.583275841,44.2368807791,0.0
356.487035818,454.909342535,44.2368807791,0.0
285.350549589,139.883321118,44.2368807791,0.0
142.211694241,47.9354331279,44.2368807791,0.0
@ 540 10 0.135658914729 0.304875081362
296.690795489,344.871193,40.8560711161,0.0
440.985383222,169.885410077,40.8560711161,0.0
435.29756439,416.022894004,40.8560711161,0.0
255.817576012,175.260022665,40.8560711161,0.0
53.3830049687,287.51891092,40.8560711161,0.0
359.304334339,273.154725812,40.8560711161,0.0
353.357871162,181.947460044,40.8560711161,0.0
222.628690769,465.797404388,40.8560711161,0.0
168.182537675,60.5161120135,40.8560711161,0.0
48.2028609103,201.015049106,40.8560711161,0.0
225.053553319,284.003005166,40.8560711161,0.0
69.3402260743,81.7249145038,40.8560711161,0.0
137.972418153,268.410231558,40.8560711161,0.0
@ 550 10 0.135658914729 0.260055556632
123.713543377,399.334655394,37.6420991794,0.0
228.172082828,466.888310551,37.6420991794,0.0
227.698468107,217.691418366,37.6420991794,0.0
153.560991954,149.121027786,37.6420991794,0.0
455.812440168,399.740707329,37.6420991794,0.0
332.69657119,161.955836266,37.6420991794,0.0
310.764689326,252.466859925,37.6420991794,0.0
49.0172675553,463.012285027,37.6420991794,0.0
404.692658816,342.039108014,37.6420991794,0.0
130.07885676,323.749797844,37.6420991794,0.0
173.205590883,43.9322575937,37.6420991794,0.0
412.292104013,68.2232308984,37.6420991794,0.0
454.719745839,235.236474192,37.6420991794,0.0
@ 560 10 0.135658914729 0.220749945741
383.361894061,406.317738881,40.2998291232,0.0
453.406327646,446.498977148,40.2998291232,0.0
363.523821369,198.074953756,40.2998291232,0.0
283.408506962,467.466100821,40.2998291232,0.0
259.311948342,115.480689101,40.2998291232,0.0
184.071927456,44.3625369208,40.2998291232,0.0
436.69274875,99.8965518299,40.2998291232,0.0
297.89530984,345.074195292,40.2998291232,0.0
122.007340697,347.779266899,40.2998291232,0.0
45.0032170376,236.005708625,40.2998291232,0.0
250.239496256,253.276034408,40.2998291232,0.0
457.392952237,296.894422149,40.2998291232,0.0
182.487925795,414.153170868,40.2998291232,0.0
@ 570 10 0.135658914729 0.253022618319
286.908067076,404.781620982,40.878788168,0.0
190.301195178,247.918667393,40.878788168,0.0
428.881144204,288.367290334,40.878788168,0.0
443.450652406,132.167406133,40.878788168,0.0
203.615805752,369.094449416,40.878788168,0.0
350.330987475,161.179965479,40.878788168,0.0
361.834309165,57.7861291077,40.878788168,0.0
200.259169987,455.053988186,40.878788168,0.0
78.9553388603,381.670343934,40.878788168,0.0
94.5729960967,42.6688730103,40.878788168,0.0
233.920807137,91.7003232795,40.878788168,0.0
59.61549122,301.614346708,40.878788168,0.0
429.80137387,374.929478201,40.878788168,0.0
@ 580 10 0.135658914729 0.260344832514
448.274395305,52.1136637732,42.2636013693,0.0
390.066328232,197.102713625,42.2636013693,0.0
197.053336492,194.556485904,42.2636013693,0.0
68.7748725226,168.258829921,42.2636013693,0.0
282.536371207,269.423856344,42.2636013693,0.0
142.199006272,451.880243393,42.2636013693,0.0
273.179650303,415.027079688,42.2636013693,0.0
403.045497938,465.675315076,42.2636013693,0.0
452.956028942,369.428760098,42.2636013693,0.0
61.9868863763,63.2665971056,42.2636013693,0.0
51.4947392398,325.205773892,42.2636013693,0.0
163.438760912,359.905020625,42.2636013693,0.0
277.514848322,130.596821932,42.2636013693,0.0
@ 590 10 0.135658914729 0.278282527431
112.899829114,124.666278214,41.2869746938,0.0
95.3325352324,459.63753304,41.2869746938,0.0
405.356905662,54.8951048187,41.2869746938,0.0
391.89333497,467.77593024,41.2869746938,0.0
380.957988554,355.582203597,41.2869746938,0.0
234.863775816,208.102146708,41.2869746938,0.0
177.925804984,376.394530368,41.2869746938,0.0
267.341479529,370.73684566,41.2869746938,0.0
413.809134956,250.123368186,41.2869746938,0.0
154.205036968,285.708056079,41.2869746938,0.0
338.135127007,192.813520422,41.2869746938,0.0
203.324038176,70.3509782297,41.2869746938,0.0
75.8009855415,314.512696242,41.2869746938,0.0
@ 600 10 0.135658914729 0.265570027394
466.785948306,71.0570851718,44.5029803257,0.0
91.2604099971,230.692112272,44.5029803257,0.0
405.32989362,450.059116054,44.5029803257,0.0
203.053987058,54.4387792364,44.5029803257,0.0
324.968692467,277.29076975,44.5029803257,0.0
94.7444239775,324.700402427,44.5029803257,0.0
94.9241493503,47.2612443059,44.5029803257,0.0
180.480593383,415.994971095,44.5029803257,0.0
382.014797976,356.025410149,44.5029803257,0.0
452.69855816,161.908540838,44.5029803257,0.0
358.704140513,70.2323980432,44.5029803257,0.0
57.2552102161,463.194980796,44.5029803257,0.0
310.099186468,460.360980914,44.5029803257,0.0
@ 610 10 0.152538679451 0.308553963
260.968305935,307.815649244,45.2315670086,0.0
466.078927403,329.021448557,45.2315670086,0.0
375.451201774,296.708137676,45.2315670086,0.0
317.377886969,198.799142978,45.2315670086,0.0
182.826321455,93.7338130383,45.2315670086,0.0
95.2948086732,332.404472087,45.2315670086,0.0
63.3294964353,109.681545147,45.2315670086,0.0
295.950590844,56.1686841448,45.2315670086,0.0
305.143304161,442.410085024,45.2315670086,0.0
464.717340514,69.697437042,45.2315670086,0.0
56.3389452103,206.558564646,45.2315670086,0.0
450.363564425,460.956475677,45.2315670086,0.0
422.892225921,198.868214293,45.2315670086,0.0
@ 620 10 0.152538679451 0.318739732441
231.388702508,181.984825792,45.4140777407,0.0
466.544193375,277.481920135,45.4140777407,0.0
195.898895145,452.178690598,45.4140777407,0.0
447.852920106,373.075324226,45.4140777407,0.0
274.985600033,297.341071459,45.4140777407,0.0
318.190385237,72.838800483,45.4140777407,0.0
70.4165998738,68.7471778823,45.4140777407,0.0
352.333790779,435.660260079,45.4140777407,0.0
430.04800048,121.677295001,45.4140777407,0.0
360.440908937,343.926254129,45.4140777407,0.0
48.1975968446,404.897583681,45.4140777407,0.0
98.2306547268,229.923342554,45.4140777407,0.0
172.389655259,332.783971725,45.4140777407,0.0
@ 630 10 0.152538679451 0.321317170789
348.605374341,132.468648851,45.1476200445,0.0
136.930535889,345.465492876,45.1476200445,0.0
76.5032308494,421.680166787,45.1476200445,0.0
69.623993274,51.8127682021,45.1476200445,0.0
73.5612472444,171.787126914,45.1476200445,0.0
176.731384313,458.381216282,45.1476200445,0.0
456.394931825,54.3331946386,45.1476200445,0.0
126.960849959,248.429222293,45.1476200445,0.0
50.6235340443,303.318969057,45.1476200445,0.0
341.250158851,330.198101704,45.1476200445,0.0
233.292204391,213.034403561,45.1476200445,0.0
424.047321472,223.451592731,45.1476200445,0.0
246.444304637,381.45280582,45.1476200445,0.0
@ 640 10 0.152538679451 0.317557708259
51.9342411883,453.461023637,43.9342356632,0.0
155.356897693,358.991521745,43.9342356632,0.0
183.616977132,209.306510706,43.9342356632,0.0
55.4136858309,49.7990057627,43.9342356632,0.0
332.896036827,207.121669831,43.9342356632,0.0
458.934645605,64.1722165847,43.9342356632,0.0
109.195043395,260.549855759,43.9342356632,0.0
370.948576423,392.456445955,43.9342356632,0.0
439.635625859,288.179324549,43.9342356632,0.0
220.051218001,466.831640593,43.9342356632,0.0
46.3982978493,180.707929145,43.9342356632,0.0
311.369215696,459.423306586,43.9342356632,0.0
250.865517799,321.07663712,43.9342356632,0.0
@ 650 10 0.152538679451 0.300717766231
110.606292343,75.3903205978,44.239093039,0.0
94.4482089297,358.123288081,44.239093039,0.0
281.957161426,343.037508488,44.239093039,0.0
146.325554258,227.256377673,44.239093039,0.0
462.013325061,271.444789961,44.239093039,0.0
60.1884244352,201.242996581,44.239093039,0.0
417.189491497,73.4394359357,44.239093039,0.0
333.52758765,245.90034699,44.239093039,0.0
184.988050112,347.355412113,44.239093039,0.0
70.3916716227,455.306902176,44.239093039,0.0
194.435629454,443.281817971,44.239093039,0.0
289.575172642,164.81958122,44.239093039,0.0
435.045868113,176.999632473,44.239093039,0.0
@ 660 10 0.152538679451 0.304905575365
348.084122387,52.4110987839,40.6328613807,0.0
197.674641503,263.002283808,40.6328613807,0.0
100.323783756,157.976992375,40.6328613807,0.0
257.913431873,453.924410549,40.6328613807,0.0
466.487174099,395.563654163,40.6328613807,0.0
171.00953791,397.5208477,40.6328613807,0.0
310.633819598,340.269976181,40.6328613807,0.0
458.452578356,129.573027383,40.6328613807,0.0
226.844536056,157.972285623,40.6328613807,0.0
320.558601448,176.48285035,40.6328613807,0.0
90.4990979841,243.585471157,40.6328613807,0.0
454.366904528,271.886710198,40.6328613807,0.0
71.6509045577,384.662860612,40.6328613807,0.0
@ 670 10 0.152538679451 0.257221785985
386.272171821,202.028368633,49.3008587175,0.0
209.307390047,346.568758216,49.3008587175,0.0
51.6924363449,437.892856449,49.3008587175,0.0
448.994862129,407.562776073,49.3008587175,0.0
54.3017258353,263.803186343,49.3008587175,0.0
409.471532885,92.0512322995,49.3008587175,0.0
50.0319370183,53.055180727,49.3008587175,0.0
196.151533453,444.488155456,49.3008587175,0.0
258.568596302,115.773888452,49.3008587175,0.0
88.9932321285,165.396966157,49.3008587175,0.0
156.597011154,92.5575194466,49.3008587175,0.0
203.200355587,203.460010162,49.3008587175,0.0
333.460359985,379.119470993,49.3008587175,0.0
@ 680 10 0.152538679451 0.378670875623
148.10748912,344.917040767,46.4108816993,0.0
49.3298160898,448.597987246,46.4108816993,0.0
295.747747641,456.104692456,46.4108816993,0.0
190.020368115,460.998979294,46.4108816993,0.0
399.207301289,250.300172311,46.4108816993,0.0
193.272993569,182.496963842,46.4108816993,0.0
333.691926315,69.4036135826,46.4108816993,0.0
459.73084635,92.5371894394,46.4108816993,0.0
199.889125834,82.1209359694,46.4108816993,0.0
84.6030606427,231.011928998,46.4108816993,0.0
359.766132294,357.118835177,46.4108816993,0.0
72.8907317827,46.8309669888,46.4108816993,0.0
290.376969976,211.695910613,46.4108816993,0.0
@ 690 10 0.152538679451 0.33557729917
119.287220127,362.150198906,42.4141132798,0.0
288.689542717,85.0930224686,42.4141132798,0.0
327.894093236,207.244428412,42.4141132798,0.0
442.704535912,71.1823999754,42.4141132798,0.0
290.36261716,445.468303702,42.4141132798,0.0
137.370050366,174.529294554,42.4141132798,0.0
88.4257519591,105.025870195,42.4141132798,0.0
51.4450572647,183.295533426,42.4141132798,0.0
236.156137077,211.709498224,42.4141132798,0.0
466.129889808,199.869378078,42.4141132798,0.0
464.324400889,446.076737912,42.4141132798,0.0
67.7578123269,461.287272615,42.4141132798,0.0
455.459789024,339.249835329,42.4141132798,0.0
@ 700 10 0.152538679451 0.280268132775
57.4572726224,280.283870947,44.1511048885,0.0
401.371035095,450.646512722,44.1511048885,0.0
145.391840212,315.98022435,44.1511048885,0.0
280.559049579,199.612768655,44.1511048885,0.0
178.62144626,157.982739654,44.1511048885,0.0
329.754890214,108.779624369,44.1511048885,0.0
44.8634447542,173.204583498,44.1511048885,0.0
443.511765688,57.2931242263,44.1511048885,0.0
188.317251411,58.8883751884,44.1511048885,0.0
47.3282744609,454.668754899,44.1511048885,0.0
295.103846032,436.863293544,44.1511048885,0.0
392.452492496,302.83905465,44.1511048885,0.0
208.43520084,455.370633008,44.1511048885,0.0
@ 710 10 0.174216027875 0.303693914078
349.613539175,215.678326823,47.3852009793,0.0
158.297384562,58.9513878193,47.3852009793,0.0
404.348828445,427.98919916,47.3852009793,0.0
459.473308378,60.0437302639,47.3852009793,0.0
455.758165547,175.682969332,47.3852009793,0.0
65.0686351713,134.445165085,47.3852009793,0.0
326.123291585,63.2334258204,47.3852009793,0.0
134.488932651,443.504597624,47.3852009793,0.0
309.18139821,421.062390965,47.3852009793,0.0
255.585439287,325.545277098,47.3852009793,0.0
74.2463214786,364.311701857,47.3852009793,0.0
220.114911584,192.557390673,47.3852009793,0.0
104.578734551,261.65607053,47.3852009793,0.0
@ 720 10 0.174216027875 0.349814969527
228.914761831,463.058703909,44.1631651779,0.0
50.368635339,191.659516015,44.1631651779,0.0
433.388184784,130.246657589,44.1631651779,0.0
462.060769087,375.510486206,44.1631651779,0.0
57.7123772886,66.3943225145,44.1631651779,0.0
272.64913309,102.216050888,44.1631651779,0.0
147.800062437,58.8645036212,44.1631651779,0.0
77.6298977432,313.71524825,44.1631651779,0.0
312.907759327,188.814919095,44.1631651779,0.0
148.045779906,221.656694276,44.1631651779,0.0
257.958221813,279.146237306,44.1631651779,0.0
337.532263185,319.949881646,44.1631651779,0.0
162.159706893,353.081616856,44.1631651779,0.0
@ 730 10 0.174216027875 0.303859850435
260.311272964,277.768327221,42.4544079419,0.0
297.461351391,416.925201845,42.4544079419,0.0
344.857898785,255.750582461,42.4544079419,0.0
186.739476438,47.3542398069,42.4544079419,0.0
65.8841854954,323.769878523,42.4544079419,0.0
208.721480808,388.56468959,42.4544079419,0.0
170.603571214,270.131290594,42.4544079419,0.0
403.883362647,461.85917772,42.4544079419,0.0
107.90229214,454.944239028,42.4544079419,0.0
86.182781624,96.053834263,42.4544079419,0.0
436.978467852,224.871080304,42.4544079419,0.0
409.591058676,322.761162156,42.4544079419,0.0
466.730975911,42.531715932,42.4544079419,0.0
@ 740 10 0.174216027875 0.280800911764
146.678860143,400.531819536,44.0756031353,0.0
167.125234948,156.345794139,44.0756031353,0.0
335.939542113,216.007451595,44.0756031353,0.0
195.483018587,65.1315708148,44.0756031353,0.0
62.1681525474,133.607262834,44.0756031353,0.0
283.762277069,312.441607447,44.0756031353,0.0
55.2440650138,328.553589946,44.0756031353,0.0
451.582948792,309.972993488,44.0756031353,0.0
459.345268643,398.692791079,44.0756031353,0.0
451.646536946,169.710806433,44.0756031353,0.0
199.707601886,251.490555679,44.0756031353,0.0
368.56993065,106.952975488,44.0756031353,0.0
345.641324558,419.101415275,44.0756031353,0.0
@ 750 10 0.174216027875 0.302656122727
62.1093494445,52.4542174302,45.2936813493,0.0
419.343904624,110.949756849,45.2936813493,0.0
427.899625076,299.50757358,45.2936813493,0.0
154.982249548,421.269664592,45.2936813493,0.0
325.480779791,241.642087603,45.2936813493,0.0
180.102630928,111.13280744,45.2936813493,0.0
107.328344857,177.539102345,45.2936813493,0.0
61.2960951463,404.373160425,45.2936813493,0.0
74.2651721129,263.274380126,45.2936813493,0.0
312.217727877,428.626481499,45.2936813493,0.0
296.028611769,106.433649854,45.2936813493,0.0
218.936082804,311.861083064,45.2936813493,0.0
455.089024743,396.127430466,45.2936813493,0.0
@ 760 10 0.174216027875 0.319615753489
313.79284348,46.2843540781,40.4888238316,0.0
176.145507827,383.573405019,40.4888238316,0.0
55.6422677902,288.663520618,40.4888238316,0.0
204.403976646,238.763992584,40.4888238316,0.0
441.420976205,215.710456176,40.4888238316,0.0
295.53431857,244.817125897,40.4888238316,0.0
393.952506345,98.1351616437,40.4888238316,0.0
52.6393855948,111.830205701,40.4888238316,0.0
456.635968657,404.942625407,40.4888238316,0.0
138.544367328,299.816571131,40.4888238316,0.0
199.809088495,53.0425342197,40.4888238316,0.0
72.3528635182,420.071283176,40.4888238316,0.0
246.165393613,465.839642923,40.4888238316,0.0
@ 770 10 0.174216027875 0.255401391029
382.108604888,224.26761741,40.1651998831,0.0
79.6972365476,437.740052861,40.1651998831,0.0
471.482729176,137.086702042,40.1651998831,0.0
342.717958899,315.090944245,40.1651998831,0.0
270.817536489,448.853793926,40.1651998831,0.0
400.044554269,63.3932394676,40.1651998831,0.0
165.912316056,207.830305231,40.1651998831,0.0
446.192751702,361.86506899,40.1651998831,0.0
179.149612981,441.909188426,40.1651998831,0.0
115.460555492,143.908802567,40.1651998831,0.0
388.083003336,444.239113098,40.1651998831,0.0
339.575748848,149.381357247,40.1651998831,0.0
241.734863009,311.452362045,40.1651998831,0.0
@ 780 10 0.174216027875 0.251334901793
66.7764234544,384.630250892,39.1504964315,0.0
75.4499412421,253.844216791,39.1504964315,0.0
466.601282594,328.307233113,39.1504964315,0.0
264.953818076,242.310519926,39.1504964315,0.0
222.635685886,433.594426385,39.1504964315,0.0
254.734852788,59.8650673063,39.1504964315,0.0
331.002099397,151.247198433,39.1504964315,0.0
382.216990739,242.482638137,39.1504964315,0.0
127.414388191,65.3068407816,39.1504964315,0.0
195.983694617,322.468375917,39.1504964315,0.0
376.962585122,54.8376666426,39.1504964315,0.0
52.8222329295,161.233581825,39.1504964315,0.0
191.176840223,177.405444499,39.1504964315,0.0
@ 790 10 0.174216027875 0.238796239223
328.793787869,51.9158573078,46.7982950543,0.0
191.104157299,246.019144682,46.7982950543,0.0
437.349155184,74.3648064721,46.7982950543,0.0
91.2822244149,338.605142946,46.7982950543,0.0
425.85730359,172.948680226,46.7982950543,0.0
103.128210732,434.668490966,46.7982950543,0.0
247.1705472,363.795021815,46.7982950543,0.0
70.9569775354,67.1673699792,46.7982950543,0.0
381.406553842,354.748357366,46.7982950543,0.0
210.98348015,451.765790896,46.7982950543,0.0
50.8827507476,224.024522523,46.7982950543,0.0
320.67224494,443.193073227,46.7982950543,0.0
237.70601143,147.855421503,46.7982950543,0.0
@ 800 10 0.174216027875 0.341203123879
98.123090798,455.706977917,50.6246927481,0.0
306.252357004,79.5516183804,50.6246927481,0.0
80.2747957695,171.053333042,50.6246927481,0.0
101.009594673,288.730933548,50.6246927481,0.0
338.227895529,197.972538457,50.6246927481,0.0
83.5742670393,63.964539882,50.6246927481,0.0
449.536793146,121.950038837,50.6246927481,0.0
346.981045281,301.583755982,50.6246927481,0.0
225.257643641,236.855111584,50.6246927481,0.0
458.587042054,238.160922647,50.6246927481,0.0
204.434491514,108.764680836,50.6246927481,0.0
396.720049086,404.409605607,50.6246927481,0.0
282.058448672,397.699097755,50.6246927481,0.0
@ 810 10 0.203075137801 0.399280165645
357.234170744,261.029168967,44.5138037719,0.0
274.336112757,61.5581709746,44.5138037719,0.0
371.721962029,47.8114756524,44.5138037719,0.0
239.432493229,308.413771008,44.5138037719,0.0
327.316099807,414.782102739,44.5138037719,0.0
194.053435643,465.912790698,44.5138037719,0.0
213.957232815,194.820638833,44.5138037719,0.0
129.603363611,233.876465899,44.5138037719,0.0
460.562915735,451.782060961,44.5138037719,0.0
154.123388982,118.698425025,44.5138037719,0.0
448.04009704,309.923704755,44.5138037719,0.0
81.0092751705,53.2341981012,44.5138037719,0.0
450.287139863,107.803835674,44.5138037719,0.0
@ 820 10 0.203075137801 0.308704066355
86.4537141239,463.384201345,48.2413893856,0.0
450.678953472,445.296754332,48.2413893856,0.0
359.49112755,223.383087996,48.2413893856,0.0
398.449252049,357.032102939,48.2413893856,0.0
48.346325184,328.006215759,48.2413893856,0.0
306.707115117,410.915817817,48.2413893856,0.0
450.617332529,161.389014624,48.2413893856,0.0
388.170710618,70.2504184632,48.2413893856,0.0
194.225925364,240.456797599,48.2413893856,0.0
155.516270158,345.209347786,48.2413893856,0.0
305.028921042,126.609900976,48.2413893856,0.0
181.218670279,83.4310884026,48.2413893856,0.0
51.5117321402,149.396215995,48.2413893856,0.0
@ 830 10 0.203075137801 0.362570571233
381.488330517,74.3338610568,45.3292313475,0.0
67.3508504277,69.4845844001,45.3292313475,0.0
416.640837828,267.404051054,45.3292313475,0.0
115.108639504,312.750569397,45.3292313475,0.0
465.412343663,352.331305561,45.3292313475,0.0
374.454527424,387.034291881,45.3292313475,0.0
246.282427658,253.907374337,45.3292313475,0.0
77.5747255366,186.566499699,45.3292313475,0.0
291.45388693,129.952893701,45.3292313475,0.0
446.801150329,462.9570988,45.3292313475,0.0
185.692881038,461.39562115,45.3292313475,0.0
222.582127719,48.7501560831,45.3292313475,0.0
254.388277936,355.415980699,45.3292313475,0.0
@ 840 10 0.203075137801 0.320117668906
94.5018314218,331.178266718,45.4722691726,0.0
73.6056599128,194.043712152,45.4722691726,0.0
83.8000298499,440.485813416,45.4722691726,0.0
429.066760448,446.158009414,45.4722691726,0.0
180.287594656,425.966159286,45.4722691726,0.0
203.572606842,186.955195189,45.4722691726,0.0
290.616556397,62.3723275565,45.4722691726,0.0
181.885785293,81.4344412186,45.4722691726,0.0
354.814975218,373.033276681,45.4722691726,0.0
273.661513712,438.270315314,45.4722691726,0.0
277.943721851,240.799902437,45.4722691726,0.0
408.546765205,106.950351417,45.4722691726,0.0
429.450571861,245.754084151,45.4722691726,0.0
@ 850 10 0.203075137801 0.322141139325
443.524328096,176.030974345,45.7392643058,0.0
70.5577607332,454.138634162,45.7392643058,0.0
220.050765957,91.4002582176,45.7392643058,0.0
146.316193632,149.161271895,45.7392643058,0.0
236.78591588,379.024537487,45.7392643058,0.0
179.803978668,457.343971801,45.7392643058,0.0
192.293832631,257.957673355,45.7392643058,0.0
390.737417642,95.15849854,45.7392643058,0.0
302.844770073,295.495704036,45.7392643058,0.0
126.775536837,59.0217128176,45.7392643058,0.0
70.8774197864,257.727314086,45.7392643058,0.0
341.084929875,391.705705854,45.7392643058,0.0
453.850393145,317.718739075,45.7392643058,0.0
@ 860 10 0.203075137801 0.325935215434
427.39640931,205.222204991,44.7840863193,0.0
442.563653014,343.150853612,44.7840863193,0.0
118.403926276,67.1564778085,44.7840863193,0.0
141.269846194,419.16594804,44.7840863193,0.0
286.310094276,413.178365403,44.7840863193,0.0
143.753277148,278.063495964,44.7840863193,0.0
69.4314758858,343.408791904,44.7840863193,0.0
272.065617372,122.900279078,44.7840863193,0.0
348.080457896,338.661490371,44.7840863193,0.0
282.619620714,276.402050909,44.7840863193,0.0
435.289355927,91.8630745502,44.7840863193,0.0
170.576265936,192.539236495,44.7840863193,0.0
426.494116317,457.09672878,44.7840863193,0.0
@ 870 10 0.203075137801 0.312464276678
303.819683296,275.238232995,47.6139068558,0.0
414.42629404,420.672521159,47.6139068558,0.0
156.946839035,152.901120112,47.6139068558,0.0
459.951854173,55.7715946225,47.6139068558,0.0
178.133548495,398.730667125,47.6139068558,0.0
207.188873493,242.758109453,47.6139068558,0.0
64.7316172258,119.595034873,47.6139068558,0.0
450.650034185,286.466272969,47.6139068558,0.0
201.14949924,60.9329079262,47.6139068558,0.0
94.4767746013,444.979850088,47.6139068558,0.0
348.540996729,65.8566466917,47.6139068558,0.0
55.0180910325,314.716018857,47.6139068558,0.0
327.395621969,376.143851345,47.6139068558,0.0
@ 880 10 0.203075137801 0.353199900266
282.838567041,122.756933389,40.895059148,0.0
153.189240106,323.494765046,40.895059148,0.0
107.245363639,403.384152243,40.895059148,0.0
72.9475551997,116.448148588,40.895059148,0.0
232.872556892,425.601443694,40.895059148,0.0
175.239711706,175.734278526,40.895059148,0.0
276.220696373,301.71636618,40.895059148,0.0
333.191024983,198.970571833,40.895059148,0.0
440.624108462,92.4423743748,40.895059148,0.0
350.755065972,372.558060156,40.895059148,0.0
341.887581927,62.8958811845,40.895059148,0.0
384.740645301,447.214370155,40.895059148,0.0
65.6198753736,202.078924382,40.895059148,0.0
@ 890 10 0.203075137801 0.260552123815
244.687308866,172.083694581,46.7526253605,0.0
331.896448521,330.387239658,46.7526253605,0.0
132.38161227,70.6711608257,46.7526253605,0.0
435.1177538,299.78774976,46.7526253605,0.0
325.281803228,66.9164018129,46.7526253605,0.0
47.6585163124,449.920184237,46.7526253605,0.0
359.603843276,164.172793889,46.7526253605,0.0
330.317003476,449.652136469,46.7526253605,0.0
83.3240457906,160.459935729,46.7526253605,0.0
64.7276534326,255.680264422,46.7526253605,0.0
216.00583315,338.597831816,46.7526253605,0.0
450.79938248,201.678735167,46.7526253605,0.0
111.210710331,369.05105822,46.7526253605,0.0
@ 900 10 0.203075137801 0.340537499682
89.2829810281,77.4494634772,47.6037312913,0.0
90.8531767189,342.735751982,47.6037312913,0.0
63.6982160922,196.854623342,47.6037312913,0.0
443.02383553,381.835373929,47.6037312913,0.0
206.511484962,62.3114485389,47.6037312913,0.0
187.382438623,394.897063074,47.6037312913,0.0
342.838437938,193.990783742,47.6037312913,0.0
434.120448973,99.2559929356,47.6037312913,0.0
58.5861282276,461.36293501,47.6037312913,0.0
189.010177325,178.685813894,47.6037312913,0.0
290.57981104,328.646383018,47.6037312913,0.0
395.392334332,296.530796791,47.6037312913,0.0
279.520150143,438.117627249,47.6037312913,0.0
@ 910 10 0.243393602225 0.353048951747
196.489856159,213.378303066,47.1617022874,0.0
426.829918671,282.505870623,47.1617022874,0.0
50.3391226475,420.495803136,47.1617022874,0.0
260.210454539,463.750760385,47.1617022874,0.0
81.4054508176,53.532600548,47.1617022874,0.0
195.47582593,317.218573895,47.1617022874,0.0
376.39409044,388.051606714,47.1617022874,0.0
145.290010941,446.01977828,47.1617022874,0.0
69.3417554908,179.670833658,47.1617022874,0.0
304.153590702,300.21442126,47.1617022874,0.0
456.637827957,439.063974047,47.1617022874,0.0
184.884781582,93.2980068905,47.1617022874,0.0
56.1759490434,281.511070459,47.1617022874,0.0
@ 920 10 0.243393602225 0.34652285276
392.427283227,345.875561829,50.8598335083,0.0
102.478411594,128.610872026,50.8598335083,0.0
170.640017735,257.789353682,50.8598335083,0.0
416.939185139,55.0821718527,50.8598335083,0.0
246.733460791,144.554075143,50.8598335083,0.0
70.3347019123,382.880881641,50.8598335083,0.0
392.90274557,194.407785268,50.8598335083,0.0
151.830923499,444.690747046,50.8598335083,0.0
186.835246566,54.5845320867,50.8598335083,0.0
230.489464331,366.758939931,50.8598335083,0.0
70.1110675224,276.019801429,50.8598335083,0.0
288.100287396,272.295053346,50.8598335083,0.0
436.217893271,442.84847644,50.8598335083,0.0
@ 930 10 0.243393602225 0.40299791993
462.187064743,226.237631141,47.0735006582,0.0
285.619953386,363.260563737,47.0735006582,0.0
216.642258492,79.5993945538,47.0735006582,0.0
160.353700136,417.759290335,47.0735006582,0.0
317.032758073,59.2187369083,47.0735006582,0.0
195.944729523,259.040914723,47.0735006582,0.0
69.8049896172,196.039173856,47.0735006582,0.0
265.979444106,168.262915967,47.0735006582,0.0
64.1266449136,421.501266146,47.0735006582,0.0
355.048380064,274.396241405,47.0735006582,0.0
460.295987542,377.35287123,47.0735006582,0.0
87.6399814593,323.306234974,47.0735006582,0.0
393.372577739,116.339007889,47.0735006582,0.0
@ 940 10 0.243393602225 0.345227933431
291.506606892,384.039336282,45.9454934208,0.0
432.336479068,241.586062652,45.9454934208,0.0
402.501192149,59.1966526104,45.9454934208,0.0
109.505370163,426.973196762,45.9454934208,0.0
461.160077337,151.660656775,45.9454934208,0.0
359.58073977,161.899871476,45.9454934208,0.0
437.265166036,432.83727247,45.9454934208,0.0
210.005263073,330.238694403,45.9454934208,0.0
255.25762964,66.431445767,45.9454934208,0.0
128.136615353,163.6748195,45.9454934208,0.0
231.041241513,184.574873972,45.9454934208,0.0
47.3989232959,280.21299153,45.9454934208,0.0
388.320734592,331.856078784,45.9454934208,0.0
@ 950 10 0.243393602225 0.328880993716
449.941784691,450.519025398,46.11988736,0.0
208.654528104,209.480750141,46.11988736,0.0
434.458390806,52.2294858007,46.11988736,0.0
187.589697283,462.974857263,46.11988736,0.0
77.0439535154,77.5786100914,46.11988736,0.0
458.30033561,350.176380953,46.11988736,0.0
49.1133850508,413.006322962,46.11988736,0.0
234.814253431,109.090598354,46.11988736,0.0
353.678029193,455.078256031,46.11988736,0.0
248.165364426,367.037479618,46.11988736,0.0
465.632004388,139.75495458,46.11988736,0.0
112.718244682,239.586236973,46.11988736,0.0
363.871997903,167.579664729,46.11988736,0.0
@ 960 10 0.243393602225 0.331382379501
238.803868363,67.1535173477,49.3147494617,0.0
446.945774032,175.575255812,49.3147494617,0.0
82.5905846863,322.689252484,49.3147494617,0.0
443.253749919,458.444305107,49.3147494617,0.0
218.821511767,425.069403923,49.3147494617,0.0
397.272764689,81.4551610091,49.3147494617,0.0
71.7973804628,103.103142088,49.3147494617,0.0
372.167559217,330.27944719,49.3147494617,0.0
323.034136529,439.097876233,49.3147494617,0.0
168.4094812,255.39860088,49.3147494617,0.0
287.551571989,158.102388664,49.3147494617,0.0
72.0269075759,443.969915062,49.3147494617,0.0
240.666458792,326.879958302,49.3147494617,0.0
@ 970 10 0.243393602225 0.378884290214
135.57502472,154.75027162,54.0631616222,0.0
83.9423199743,56.6970118818,54.0631616222,0.0
58.629480111,414.931346751,54.0631616222,0.0
426.901527217,448.970236416,54.0631616222,0.0
196.436158169,65.2943255771,54.0631616222,0.0
396.801205116,94.7146184424,54.0631616222,0.0
394.305525354,217.383058567,54.0631616222,0.0
280.130169294,136.259356256,54.0631616222,0.0
284.24393313,266.719584821,54.0631616222,0.0
342.723002805,364.601555062,54.0631616222,0.0
453.161910023,340.570730379,54.0631616222,0.0
66.9058277169,295.908032924,54.0631616222,0.0
265.773777442,456.182546067,54.0631616222,0.0
@ 980 10 0.243393602225 0.455360982705
419.136164125,439.472177736,47.4257319775,0.0
127.276835659,311.988680227,47.4257319775,0.0
324.368476041,178.807590119,47.4257319775,0.0
73.1457969323,439.526215842,47.4257319775,0.0
179.639182951,155.156254664,47.4257319775,0.0
454.164676451,337.462685952,47.4257319775,0.0
210.814564477,48.5338752377,47.4257319775,0.0
426.654971856,86.7257860326,47.4257319775,0.0
72.4603686654,170.271439513,47.4257319775,0.0
206.729689236,380.702569751,47.4257319775,0.0
330.293087677,285.883243122,47.4257319775,0.0
435.445281748,211.023449746,47.4257319775,0.0
313.570001964,437.583701118,47.4257319775,0.0
@ 990 10 0.243393602225 0.350413654911
453.007751471,165.864537843,45.4741234528,0.0
291.682116396,286.968373137,45.4741234528,0.0
179.9724647,379.879900752,45.4741234528,0.0
171.464637258,265.66641207,45.4741234528,0.0
142.894845984,90.9942923105,45.4741234528,0.0
459.190945904,265.474289374,45.4741234528,0.0
268.444223496,462.914523832,45.4741234528,0.0
85.6234490524,369.156885817,45.4741234528,0.0
371.525553208,59.8048239697,45.4741234528,0.0
270.257862186,166.808379003,45.4741234528,0.0
404.818881363,442.103996876,45.4741234528,0.0
360.046116029,207.922964118,45.4741234528,0.0
67.6950940435,240.625157065,45.4741234528,0.0
@ 1000 10 0.243393602225 0.322167412572
79.5844456813,434.633263597,46.7188301982,0.0
287.52385749,317.747903666,46.7188301982,0.0
122.225092586,249.066915301,46.7188301982,0.0
74.6600530485,50.3323770312,46.7188301982,0.0
399.959657795,421.268451046,46.7188301982,0.0
389.870170888,314.676969004,46.7188301982,0.0
248.755669568,453.678828292,46.7188301982,0.0
315.661312914,79.0534346782,46.7188301982,0.0
110.253730335,152.813261637,46.7188301982,0.0
183.811035334,382.973878283,46.7188301982,0.0
444.059881069,195.852618055,46.7188301982,0.0
276.942707772,200.635116671,46.7188301982,0.0
199.141411898,61.7584156462,46.7188301982,0.0
@ 1010 10 0.303687635575 0.340045362161
329.755868527,405.759301535,51.1321815252,0.0
450.603594543,186.730847567,51.1321815252,0.0
197.528788129,172.12110979,51.1321815252,0.0
260.718290968,66.5806765576,51.1321815252,0.0
73.381137204,247.64849838,51.1321815252,0.0
271.471481541,251.672827912,51.1321815252,0.0
89.9137660138,401.368131173,51.1321815252,0.0
442.240454494,79.1648825683,51.1321815252,0.0
218.135360451,440.837699025,51.1321815252,0.0
65.1452190278,84.6219706195,51.1321815252,0.0
439.906890281,313.142296018,51.1321815252,0.0
427.633472537,450.576402111,51.1321815252,0.0
330.08808986,165.075420408,51.1321815252,0.0
@ 1020 10 0.303687635575 0.407325482198
214.659491945,69.0451658594,49.9676154066,0.0
442.981262521,450.94644267,49.9676154066,0.0
117.79664375,376.404998702,49.9676154066,0.0
276.181340285,294.999579875,49.9676154066,0.0
395.124710693,230.669686967,49.9676154066,0.0
183.86459722,245.261250758,49.9676154066,0.0
128.640738014,127.756417134,49.9676154066,0.0
83.2237068335,246.338739575,49.9676154066,0.0
461.308813015,72.4217691385,49.9676154066,0.0
406.681157536,355.446501505,49.9676154066,0.0
325.029750925,142.501193611,49.9676154066,0.0
64.5230343362,461.491232052,49.9676154066,0.0
277.03977469,458.741681101,49.9676154066,0.0
@ 1030 10 0.303687635575 0.388982608729
82.655699353,429.811150657,51.4424457703,0.0
222.572806157,65.6702489242,51.4424457703,0.0
53.1600143454,150.372638642,51.4424457703,0.0
155.075409069,278.290891189,51.4424457703,0.0
348.534490244,72.017704414,51.4424457703,0.0
221.991120567,433.355336347,51.4424457703,0.0
117.575894953,63.2452912394,51.4424457703,0.0
442.00088925,370.606138971,51.4424457703,0.0
342.906742081,178.678651637,51.4424457703,0.0
198.869223871,176.720065759,51.4424457703,0.0
450.960397653,156.317565402,51.4424457703,0.0
342.156102166,298.598420259,51.4424457703,0.0
334.076935662,456.533203061,51.4424457703,0.0
@ 1040 10 0.303687635575 0.412283688743
152.906007798,354.765762898,47.3791012271,0.0
266.000879453,284.394097249,47.3791012271,0.0
437.965029838,348.837527547,47.3791012271,0.0
341.136150629,401.822619,47.3791012271,0.0
412.401831529,48.4386142296,47.3791012271,0.0
317.578429505,188.545338564,47.3791012271,0.0
83.4690627097,183.406842302,47.3791012271,0.0
442.830964182,187.123866589,47.3791012271,0.0
89.0235782796,81.5129018581,47.3791012271,0.0
325.636055892,93.8427833023,47.3791012271,0.0
217.349630643,173.233220833,47.3791012271,0.0
458.467508366,448.271769714,47.3791012271,0.0
220.050826912,431.762353802,47.3791012271,0.0
@ 1050 10 0.303687635575 0.349724914098
49.636818032,51.1210439389,49.0430836169,0.0
376.88583055,409.798365023,49.0430836169,0.0
278.822754305,456.517613886,49.0430836169,0.0
164.417780833,248.267211673,49.0430836169,0.0
447.56800142,182.777228702,49.0430836169,0.0
58.8602012633,444.466188648,49.0430836169,0.0
50.6190292403,330.571659145,49.0430836169,0.0
260.919552638,79.6816060153,49.0430836169,0.0
66.9689558648,150.332369095,49.0430836169,0.0
263.108400164,190.296890935,49.0430836169,0.0
325.434615436,287.635364376,49.0430836169,0.0
460.022068589,356.337190634,49.0430836169,0.0
358.432168654,62.3955572468,49.0430836169,0.0
@ 1060 10 0.303687635575 0.374721381107
353.654304682,123.735951734,47.313590699,0.0
337.762696495,448.941842921,47.313590699,0.0
328.87585125,215.973470177,47.313590699,0.0
219.975964387,461.259768959,47.313590699,0.0
411.288573814,382.076953114,47.313590699,0.0
442.339556821,51.3437437499,47.313590699,0.0
209.109112815,188.126505918,47.313590699,0.0
451.297076833,147.603804349,47.313590699,0.0
281.806861652,59.7808584908,47.313590699,0.0
132.619429256,86.1424008667,47.313590699,0.0
131.58446671,273.232151109,47.313590699,0.0
66.2945575262,396.97092136,47.313590699,0.0
431.895044319,285.481771974,47.313590699,0.0
@ 1070 10 0.303687635575 0.34875846163
129.243888244,322.356833645,47.4124753263,0.0
168.4943392,78.0736788557,47.4124753263,0.0
252.451490432,143.578544759,47.4124753263,0.0
70.9190674648,47.436609265,47.4124753263,0.0
192.638699062,240.806710149,47.4124753263,0.0
339.010469311,298.318397771,47.4124753263,0.0
326.351768839,60.180247234,47.4124753263,0.0
52.1274551115,258.400192804,47.4124753263,0.0
370.539649456,165.689077425,47.4124753263,0.0
447.649847097,367.89258749,47.4124753263,0.0
237.542246181,390.885832,47.4124753263,0.0
456.717333309,88.6311234425,47.4124753263,0.0
383.086179958,437.543254188,47.4124753263,0.0
@ 1080 10 0.303687635575 0.350217783929
55.3831153735,381.157803985,49.9843821188,0.0
216.286547678,410.142470524,49.9843821188,0.0
286.361287877,305.876028596,49.9843821188,0.0
432.36541981,151.497345957,49.9843821188,0.0
53.1069219591,64.5796599177,49.9843821188,0.0
159.226873593,325.196224196,49.9843821188,0.0
408.455679744,381.638217947,49.9843821188,0.0
319.234813558,161.662641561,49.9843821188,0.0
144.951002459,123.873976645,49.9843821188,0.0
341.901901521,461.819703169,49.9843821188,0.0
81.2632368804,229.706138235,49.9843821188,0.0
389.003532467,58.817609552,49.9843821188,0.0
278.333026654,51.6935746923,49.9843821188,0.0
@ 1090 10 0.303687635575 0.389243699983
62.0825872863,385.438249539,49.9732561123,0.0
347.194882649,101.722101636,49.9732561123,0.0
142.294438411,325.727115125,49.9732561123,0.0
205.355416386,461.979118309,49.9732561123,0.0
279.884046913,189.98529604,49.9732561123,0.0
100.135681782,207.337022752,49.9732561123,0.0
299.521553324,405.096422832,49.9732561123,0.0
433.962442225,412.39345845,49.9732561123,0.0
239.190682593,286.374064279,49.9732561123,0.0
134.723503266,107.862257993,49.9732561123,0.0
351.199650527,309.609088124,49.9732561123,0.0
447.210586043,181.716601878,49.9732561123,0.0
460.82500341,79.2623108972,49.9732561123,0.0
@ 1100 10 0.303687635575 0.389070436026
109.782943519,308.687270359,54.1424648381,0.0
424.383659739,197.096652684,54.1424648381,0.0
429.305470501,369.134256511,54.1424648381,0.0
134.935662801,79.3977625144,54.1424648381,0.0
293.129242219,455.132326703,54.1424648381,0.0
313.958663662,241.296000005,54.1424648381,0.0
92.1167793349,182.942961613,54.1424648381,0.0
222.377257304,300.772059369,54.1424648381,0.0
181.73603557,427.130466687,54.1424648381,0.0
271.530936078,84.4532251423,54.1424648381,0.0
418.185544219,61.6437948724,54.1424648381,0.0
201.44853363,173.683866086,54.1424648381,0.0
69.4533726831,420.324686087,54.1424648381,0.0
@ 1110 10 0.40369088812 0.456697866253
198.023478106,281.047468657,52.2223623045,0.0
421.85911466,173.648377979,52.2223623045,0.0
93.2054944682,285.167672472,52.2223623045,0.0
457.916455681,74.3278972904,52.2223623045,0.0
326.757995437,427.793750792,52.2223623045,0.0
434.512634578,424.172206949,52.2223623045,0.0
406.682352307,296.307933411,52.2223623045,0.0
322.563199523,218.069681233,52.2223623045,0.0
128.452733564,421.655946418,52.2223623045,0.0
316.874734063,98.0106949543,52.2223623045,0.0
103.574206678,171.278532126,52.2223623045,0.0
58.6241925177,53.9374876155,52.2223623045,0.0
210.822357993,134.770801953,52.2223623045,0.0
@ 1120 10 0.40369088812 0.424879681773
75.4943951103,359.473877179,48.793108557,0.0
200.468532796,252.186349551,48.793108557,0.0
49.7760386951,165.100975075,48.793108557,0.0
408.385487293,72.3109786075,48.793108557,0.0
435.893647585,413.852313129,48.793108557,0.0
100.035327318,258.346238174,48.793108557,0.0
133.32593522,54.2771468537,48.793108557,0.0
312.420495234,327.423737954,48.793108557,0.0
220.425653821,126.626576007,48.793108557,0.0
342.772651774,231.671272794,48.793108557,0.0
445.421771599,254.838587399,48.793108557,0.0
344.728115193,462.661759678,48.793108557,0.0
237.827740424,445.220696989,48.793108557,0.0
@ 1130 10 0.40369088812 0.370911168945
402.514762198,61.5612661723,57.6573982943,0.0
359.281311985,335.136858752,57.6573982943,0.0
116.306075786,217.321744112,57.6573982943,0.0
322.251655756,450.487980793,57.6573982943,0.0
185.992015503,319.225344511,57.6573982943,0.0
214.824922292,100.006742651,57.6573982943,0.0
202.368878407,444.904117921,57.6573982943,0.0
450.790007645,420.171877971,57.6573982943,0.0
84.781246885,454.123530365,57.6573982943,0.0
64.628995001,71.987731062,57.6573982943,0.0
69.8330218458,327.008635625,57.6573982943,0.0
274.199786391,204.433598241,57.6573982943,0.0
433.289725342,198.327956858,57.6573982943,0.0
@ 1140 10 0.40369088812 0.517920402297
198.8170831,452.972406155,52.437864454,0.0
260.647665128,336.055057241,52.437864454,0.0
372.215830085,318.642239235,52.437864454,0.0
86.9925834177,175.488481819,52.437864454,0.0
71.8336198412,291.297482005,52.437864454,0.0
217.095646485,221.940847408,52.437864454,0.0
79.2941394879,56.6822310191,52.437864454,0.0
437.875682919,159.450930796,52.437864454,0.0
74.1094027603,441.498031868,52.437864454,0.0
457.40541265,56.1422142312,52.437864454,0.0
317.665289934,170.327464924,52.437864454,0.0
425.662105808,414.687087329,52.437864454,0.0
252.833022924,77.6507184033,52.437864454,0.0
@ 1150 10 0.40369088812 0.42839355601
223.173137541,433.329012622,52.6191246049,0.0
429.300390932,68.3229424471,52.6191246049,0.0
152.047608715,147.630305626,52.6191246049,0.0
330.884451863,120.483701864,52.6191246049,0.0
59.9944714581,258.566081863,52.6191246049,0.0
340.300826432,453.981089857,52.6191246049,0.0
451.24937516,176.646245955,52.6191246049,0.0
295.579508283,248.962549503,52.6191246049,0.0
397.119020041,324.136585072,52.6191246049,0.0
452.472000169,447.839507697,52.6191246049,0.0
57.2267735731,422.398760952,52.6191246049,0.0
71.5188231859,61.4381639147,52.6191246049,0.0
200.224057976,328.200270502,52.6191246049,0.0
@ 1160 10 0.40369088812 0.431360301038
199.445716745,424.147763925,51.6820122974,0.0
64.7934927872,256.741547837,51.6820122974,0.0
197.509190042,210.761076799,51.6820122974,0.0
407.593698859,85.8266035676,51.6820122974,0.0
81.597061478,402.32019991,51.6820122974,0.0
151.172137069,322.097974078,51.6820122974,0.0
82.1801657654,133.116937008,51.6820122974,0.0
396.24569766,457.391350601,51.6820122974,0.0
308.957649758,363.327291035,51.6820122974,0.0
447.765828447,348.050359586,51.6820122974,0.0
416.015643957,191.906872766,51.6820122974,0.0
319.445764809,258.616238357,51.6820122974,0.0
259.840775379,96.7016903177,51.6820122974,0.0
@ 1170 10 0.40369088812 0.4161326253
162.434354526,263.154847574,55.5002556003,0.0
301.475705018,61.4286274056,55.5002556003,0.0
67.2789870212,202.569156806,55.5002556003,0.0
298.45461496,198.450472444,55.5002556003,0.0
427.120761196,103.12837895,55.5002556003,0.0
284.556248187,442.280956653,55.5002556003,0.0
407.519125817,265.520734593,55.5002556003,0.0
449.627922118,379.88412852,55.5002556003,0.0
160.236735344,126.865238401,55.5002556003,0.0
157.769621075,420.778579736,55.5002556003,0.0
64.4666707361,354.257723632,55.5002556003,0.0
296.693409988,324.310768798,55.5002556003,0.0
67.4798553788,60.6271041161,55.5002556003,0.0
@ 1180 10 0.40369088812 0.47989132876
321.280939542,67.4556271737,57.1840096689,0.0
59.9779145987,129.128468741,57.1840096689,0.0
179.886160105,92.2124641083,57.1840096689,0.0
419.731327406,132.062777551,57.1840096689,0.0
428.245236437,248.214417631,57.1840096689,0.0
61.1236132424,259.706170668,57.1840096689,0.0
82.2212465077,390.51997324,57.1840096689,0.0
192.161913196,434.982555006,57.1840096689,0.0
445.124888038,369.478187607,57.1840096689,0.0
232.788369551,200.548423112,57.1840096689,0.0
208.008021587,315.98352376,57.1840096689,0.0
322.331724117,319.873129305,57.1840096689,0.0
344.194084951,442.456122246,57.1840096689,0.0
@ 1190 10 0.40369088812 0.509450678207
145.600801185,283.895597468,52.3240154408,0.0
351.784505129,458.907838742,52.3240154408,0.0
68.9301744961,378.346537449,52.3240154408,0.0
230.65978405,206.511237649,52.3240154408,0.0
210.588434662,58.1260474792,52.3240154408,0.0
279.735469496,371.067781114,52.3240154408,0.0
89.232727204,79.7939191545,52.3240154408,0.0
453.720979688,82.9249501507,52.3240154408,0.0
111.489159997,183.165536884,52.3240154408,0.0
336.172830388,195.337723944,52.3240154408,0.0
342.220150134,73.1111418644,52.3240154408,0.0
418.499415181,295.705268293,52.3240154408,0.0
184.579898302,433.579675977,52.3240154408,0.0
@ 1200 10 0.40369088812 0.426535385814
230.219804979,454.731494907,52.7474553782,0.0
115.542188592,64.3481740468,52.7474553782,0.0
71.3537582762,175.244013505,52.7474553782,0.0
260.671589349,167.209254367,52.7474553782,0.0
333.684827959,313.145646393,52.7474553782,0.0
448.10269106,377.259452824,52.7474553782,0.0
224.339886669,336.371633578,52.7474553782,0.0
305.505406285,58.5200547133,52.7474553782,0.0
55.6548476172,442.79253739,52.7474553782,0.0
343.077881528,427.346662983,52.7474553782,0.0
360.070287359,208.08485055,52.7474553782,0.0
148.738056459,262.131739241,52.7474553782,0.0
438.612384467,75.9075440045,52.7474553782,0.0
@ 1210 10 0.601891659501 0.433466923115
322.345450505,238.785818116,54.1979010528,0.0
62.2098466519,443.384531399,54.1979010528,0.0
205.364513265,434.975593524,54.1979010528,0.0
95.5359023657,315.326264964,54.1979010528,0.0
229.764874364,301.029172145,54.1979010528,0.0
342.774463716,126.873990962,54.1979010528,0.0
118.159448143,84.4407591709,54.1979010528,0.0
435.423719312,450.082390878,54.1979010528,0.0
438.656906788,66.101315991,54.1979010528,0.0
427.70617101,333.607738023,54.1979010528,0.0
325.348141613,388.975107508,54.1979010528,0.0
216.848257606,129.552133191,54.1979010528,0.0
124.099294507,193.049704753,54.1979010528,0.0
@ 1220 10 0.601891659501 0.457633566626
334.342303274,168.94823293,57.8726170359,0.0
58.6340211729,177.637713538,57.8726170359,0.0
444.018583274,114.436391504,57.8726170359,0.0
74.5818737987,399.7945591,57.8726170359,0.0
341.340627263,430.021141917,57.8726170359,0.0
195.135398906,400.600331215,57.8726170359,0.0
309.190919301,285.572301643,57.8726170359,0.0
448.102916679,235.262132967,57.8726170359,0.0
207.315528585,66.5873384092,57.8726170359,0.0
118.863796481,289.385658913,57.8726170359,0.0
221.53041045,205.459757873,57.8726170359,0.0
437.072637479,350.805823489,57.8726170359,0.0
84.4144158421,63.4753148497,57.8726170359,0.0
@ 1230 10 0.601891659501 0.521794118988
457.096163399,426.761329935,50.463237682,0.0
50.6247524748,63.2976117141,50.463237682,0.0
337.037609074,54.7084687934,50.463237682,0.0
366.013600054,342.086012387,50.463237682,0.0
252.527001907,177.77325015,50.463237682,0.0
362.520218923,232.716275681,50.463237682,0.0
456.061510249,57.357022406,50.463237682,0.0
202.70361238,73.4366916313,50.463237682,0.0
77.172496321,165.720154558,50.463237682,0.0
263.905726321,312.636428484,50.463237682,0.0
114.887301701,350.951524236,50.463237682,0.0
447.826447447,177.32950888,50.463237682,0.0
266.804758721,417.872066126,50.463237682,0.0
@ 1240 10 0.601891659501 0.39673741415
299.343885802,377.860620209,54.15221884,0.0
200.787665161,429.774924802,54.15221884,0.0
180.899884034,187.335156825,54.15221884,0.0
67.4785563065,235.991413843,54.15221884,0.0
191.814447559,296.385705784,54.15221884,0.0
447.59125453,450.473880289,54.15221884,0.0
191.660557459,59.2491882104,54.15221884,0.0
301.61574302,156.927382157,54.15221884,0.0
351.220615556,255.624688338,54.15221884,0.0
444.929134327,179.523656469,54.15221884,0.0
447.742039254,309.57808913,54.15221884,0.0
58.1429324454,396.10125905,54.15221884,0.0
65.902806854,69.3327702792,54.15221884,0.0
@ 1250 10 0.601891659501 0.456862433312
249.823384731,195.47892444,58.1462025209,0.0
58.8671872941,200.890576018,58.1462025209,0.0
159.796857076,284.042927174,58.1462025209,0.0
79.3892220145,429.43261819,58.1462025209,0.0
431.736486853,322.640124836,58.1462025209,0.0
342.841674828,434.075609426,58.1462025209,0.0
188.727044119,91.9479685164,58.1462025209,0.0
212.858439099,436.27494092,58.1462025209,0.0
71.8074409066,61.5829926077,58.1462025209,0.0
372.01288348,199.365429687,58.1462025209,0.0
435.051584857,98.1693846829,58.1462025209,0.0
321.493194198,71.5092361949,58.1462025209,0.0
277.27668807,335.090467553,58.1462025209,0.0
@ 1260 10 0.601891659501 0.526739211616
393.336197331,55.3957150394,48.7989993782,0.0
408.470155672,159.065378835,48.7989993782,0.0
228.206868396,97.2037091827,48.7989993782,0.0
299.065739069,210.558352343,48.7989993782,0.0
297.028661856,460.168202656,48.7989993782,0.0
54.9249296493,214.189389176,48.7989993782,0.0
52.3378088716,433.463773377,48.7989993782,0.0
207.329435919,416.674628459,48.7989993782,0.0
93.0460283216,108.629399229,48.7989993782,0.0
449.340397632,424.76994283,48.7989993782,0.0
106.617602779,347.24172439,48.7989993782,0.0
160.339877279,215.242520444,48.7989993782,0.0
228.976743549,318.922666204,48.7989993782,0.0
@ 1270 10 0.601891659501 0.371000735008
83.0205107609,199.712313133,54.1465406547,0.0
449.999303257,117.8921184,54.1465406547,0.0
341.796501541,65.3126643499,54.1465406547,0.0
355.500815384,317.320891304,54.1465406547,0.0
90.9182772962,320.831885428,54.1465406547,0.0
94.3726074326,57.2814135911,54.1465406547,0.0
430.032950929,427.663899166,54.1465406547,0.0
230.780114571,337.540740318,54.1465406547,0.0
88.4785145132,438.93228177,54.1465406547,0.0
455.627494087,236.116447822,54.1465406547,0.0
289.839022469,443.986820921,54.1465406547,0.0
337.005666282,198.927253647,54.1465406547,0.0
222.984726794,81.773598396,54.1465406547,0.0
@ 1280 10 0.601891659501 0.456766628797
253.540436153,206.739371896,55.7629078551,0.0
183.497234499,57.1522747363,55.7629078551,0.0
58.5269858613,357.256078036,55.7629078551,0.0
355.861692027,308.064663964,55.7629078551,0.0
137.548813109,441.878107737,55.7629078551,0.0
58.8249205216,225.693463457,55.7629078551,0.0
451.261508265,430.543871795,55.7629078551,0.0
423.980342143,139.465493327,55.7629078551,0.0
453.506747889,247.759043575,55.7629078551,0.0
193.304621173,310.834353014,55.7629078551,0.0
296.603773689,408.496645486,55.7629078551,0.0
72.4365830688,71.7871785371,55.7629078551,0.0
317.631658328,60.6185019141,55.7629078551,0.0
@ 1290 10 0.601891659501 0.484444201104
418.066462335,425.22220438,56.1290769154,0.0
439.768281419,268.629590245,56.1290769154,0.0
69.8938031126,240.6285076,56.1290769154,0.0
442.821565053,143.190652361,56.1290769154,0.0
310.714858913,357.163190191,56.1290769154,0.0
322.04243648,224.615678723,56.1290769154,0.0
57.7862502177,71.5137577274,56.1290769154,0.0
167.856128586,169.022422803,56.1290769154,0.0
235.407018483,57.2016269463,56.1290769154,0.0
364.331407464,57.2887648684,56.1290769154,0.0
204.865315956,290.039119594,56.1290769154,0.0
59.8193708977,402.943330442,56.1290769154,0.0
218.20723347,443.360590795,56.1290769154,0.0
@ 1300 10 0.601891659501 0.490827329191
272.1054754,438.322160763,60.6552225597,0.0
436.406252273,385.301545832,60.6552225597,0.0
320.334070712,326.236201737,60.6552225597,0.0
450.203620798,61.0567991472,60.6552225597,0.0
206.175440602,237.801157547,60.6552225597,0.0
62.6109423884,167.911002806,60.6552225597,0.0
326.862395558,204.652792834,60.6552225597,0.0
302.752473144,71.1638727249,60.6552225597,0.0
451.336163383,254.461544189,60.6552225597,0.0
174.096121716,364.343967372,60.6552225597,0.0
178.227948793,78.6201932948,60.6552225597,0.0
60.8259848904,315.99461735,60.6552225597,0.0
73.4568897872,442.351580516,60.6552225597,0.0
@ 1310 10 1.18243243243 0.573177768624
269.202970805,432.714304653,62.1597385878,0.0
344.501980054,330.919932095,62.1597385878,0.0
438.989813402,79.6542894228,62.1597385878,0.0
315.147711408,204.281940034,62.1597385878,0.0
449.585820585,215.769742956,62.1597385878,0.0
140.656971322,70.4125289734,62.1597385878,0.0
421.284580022,435.485974775,62.1597385878,0.0
64.5411862725,293.865245174,62.1597385878,0.0
190.731901508,186.155685032,62.1597385878,0.0
62.5669614745,169.366526559,62.1597385878,0.0
191.914635976,323.432351072,62.1597385878,0.0
100.175815377,415.886247998,62.1597385878,0.0
268.033072412,73.2336285728,62.1597385878,0.0
@ 1320 10 1.18243243243 0.601965075018
188.594492322,184.101842995,60.5338070683,0.0
424.436109964,334.958199985,60.5338070683,0.0
386.834553858,80.5362514277,60.5338070683,0.0
447.657712807,208.252866706,60.5338070683,0.0
314.326455007,182.50293754,60.5338070683,0.0
73.3838368073,70.2457700971,60.5338070683,0.0
340.45506287,428.373825622,60.5338070683,0.0
264.325460848,322.847435747,60.5338070683,0.0
61.5673098707,211.72072278,60.5338070683,0.0
216.939415912,446.368431586,60.5338070683,0.0
143.247408006,302.559964747,60.5338070683,0.0
67.1647392436,435.871298144,60.5338070683,0.0
265.569674803,62.5145608056,60.5338070683,0.0
@ 1330 10 1.18243243243 0.570885368907
449.402053072,306.702156757,59.7663355163,0.0
319.099044448,77.1931438681,59.7663355163,0.0
388.798897517,199.795849927,59.7663355163,0.0
245.977624093,213.367856951,59.7663355163,0.0
446.401041489,72.9037876237,59.7663355163,0.0
68.3379951816,60.9267348603,59.7663355163,0.0
319.920755548,309.351494477,59.7663355163,0.0
419.957729977,435.376119212,59.7663355163,0.0
243.132958127,441.995851405,59.7663355163,0.0
156.44239985,335.090622445,59.7663355163,0.0
73.9861176868,427.854137848,59.7663355163,0.0
62.7318572295,198.569052654,59.7663355163,0.0
196.944613612,65.5082034638,59.7663355163,0.0
@ 1340 10 1.18243243243 0.556501312924
337.78287652,330.070156632,58.2966081059,0.0
422.886518212,73.6967105062,58.2966081059,0.0
150.815924302,438.757575943,58.2966081059,0.0
269.06837304,72.3987970895,58.2966081059,0.0
351.842321616,207.536806121,58.2966081059,0.0
121.806015666,112.496853995,58.2966081059,0.0
112.649344881,231.010197247,58.2966081059,0.0
448.875506677,294.593717675,58.2966081059,0.0
203.727744009,320.41271401,58.2966081059,0.0
442.5995948,421.275489056,58.2966081059,0.0
74.5254746666,348.813677231,58.2966081059,0.0
224.392345252,188.208644094,58.2966081059,0.0
268.320814098,440.418268577,58.2966081059,0.0
@ 1350 10 1.18243243243 0.529467746931
193.039569538,205.185581376,59.9580770544,0.0
419.840806804,62.6466608108,59.9580770544,0.0
89.4358893667,445.195929327,59.9580770544,0.0
429.91724601,182.552878579,59.9580770544,0.0
419.458230806,448.963529164,59.9580770544,0.0
69.7070408427,145.277179835,59.9580770544,0.0
178.937315031,60.8692821064,59.9580770544,0.0
291.868226332,436.428350786,59.9580770544,0.0
315.288690708,279.499756158,59.9580770544,0.0
189.701693181,340.388866602,59.9580770544,0.0
62.13915808,269.715406266,59.9580770544,0.0
299.871366773,115.416896581,59.9580770544,0.0
450.73374189,318.972581909,59.9580770544,0.0
@ 1360 10 1.18243243243 0.560077760454
220.455303718,446.138310278,56.843953982,0.0
182.147370016,75.2284465308,56.843953982,0.0
73.2431461701,335.04253755,56.843953982,0.0
305.488446791,78.7382255416,56.843953982,0.0
424.473405034,99.2508051525,56.843953982,0.0
68.8024165848,59.3735577504,56.843953982,0.0
234.34657262,177.505943495,56.843953982,0.0
438.306454443,453.86512589,56.843953982,0.0
433.720400051,337.218299326,56.843953982,0.0
324.305423827,385.529719188,56.843953982,0.0
355.644753286,223.879588596,56.843953982,0.0
61.7208068347,184.112010722,56.843953982,0.0
210.998662497,316.890758537,56.843953982,0.0
@ 1370 10 1.18243243243 0.503409601544
67.75376228,436.056391404,58.9664947585,0.0
134.731539378,196.921587203,58.9664947585,0.0
190.436343075,439.555693873,58.9664947585,0.0
255.52303937,304.29137432,58.9664947585,0.0
195.629753882,77.8062526866,58.9664947585,0.0
104.239989767,314.639462568,58.9664947585,0.0
382.921915657,308.646079508,58.9664947585,0.0
426.492059228,153.445528233,58.9664947585,0.0
329.712998392,65.5047276802,58.9664947585,0.0
441.659588409,428.355437984,58.9664947585,0.0
287.847109438,187.616223474,58.9664947585,0.0
65.6696919029,63.2905374236,58.9664947585,0.0
305.529522213,413.53436892,58.9664947585,0.0
@ 1380 10 1.18243243243 0.541705893286
190.668354229,355.697403102,59.4881606779,0.0
75.8729385538,118.067704242,59.4881606779,0.0
313.947920174,445.764646523,59.4881606779,0.0
330.008267657,59.6707081067,59.4881606779,0.0
273.567177495,182.024402018,59.4881606779,0.0
79.8343367069,430.549000012,59.4881606779,0.0
434.926430173,396.049078545,59.4881606779,0.0
335.755700923,298.58213618,59.4881606779,0.0
440.692169498,218.881235375,59.4881606779,0.0
155.149374501,218.298500745,59.4881606779,0.0
446.893301836,96.476388318,59.4881606779,0.0
201.464866114,78.4113892587,59.4881606779,0.0
60.6142053771,304.445406078,59.4881606779,0.0
@ 1390 10 1.18243243243 0.551333038774
266.853467804,72.7911690504,60.593302057,0.0
69.507741265,229.862869107,60.593302057,0.0
327.326282031,434.564501492,60.593302057,0.0
379.645900845,318.421745743,60.593302057,0.0
433.81164253,61.0076701163,60.593302057,0.0
60.6823749788,433.012076398,60.593302057,0.0
196.956247526,444.666301893,60.593302057,0.0
191.765268337,180.890038277,60.593302057,0.0
449.3354951,418.250915373,60.593302057,0.0
317.00128281,186.229519066,60.593302057,0.0
451.257301551,215.262687433,60.593302057,0.0
131.818196203,72.8495785698,60.593302057,0.0
201.762532947,304.570572125,60.593302057,0.0
@ 1400 10 1.18243243243 0.572008097219
305.039414791,68.3811757596,68.1873087692,0.0
69.3405780908,206.937623299,68.1873087692,0.0
301.519900221,443.123877182,68.1873087692,0.0
374.230651964,324.876233708,68.1873087692,0.0
442.409528228,68.4508642753,68.1873087692,0.0
70.0927994737,343.762884897,68.1873087692,0.0
164.004257094,443.616520934,68.1873087692,0.0
186.932031462,136.700490412,68.1873087692,0.0
443.001273258,443.775821496,68.1873087692,0.0
305.781142624,205.746254018,68.1873087692,0.0
443.781654536,207.256588976,68.1873087692,0.0
68.5853468741,68.7751052288,68.1873087692,0.0
203.103524591,308.900102938,68.1873087692,0.0
@ 1410 10 33.3333333333 0.724369300398
305.78082499,68.1456010816,68.008178393,0.0
69.6878643605,207.487462956,68.008178393,0.0
303.462879396,443.321065138,68.008178393,0.0
373.396980341,326.395189326,68.008178393,0.0
442.499465702,70.4797114011,68.008178393,0.0
71.5375598231,344.895100087,68.008178393,0.0
165.45703937,443.548803831,68.008178393,0.0
187.156263926,138.128581777,68.008178393,0.0
443.054404332,443.368684969,68.008178393,0.0
304.568854309,207.407672032,68.008178393,0.0
442.352827199,206.862746557,68.008178393,0.0
68.2660956306,68.2472318299,68.008178393,0.0
219.760519616,313.778539859,68.008178393,0.0
@ 1420 10 33.3333333333 0.720568413981
306.54986247,68.3103133683,68.2873927107,0.0
68.425210342,206.628062505,68.2873927107,0.0
304.417422042,443.500708287,68.2873927107,0.0
372.42307002,324.821151981,68.2873927107,0.0
443.709065312,68.8140475183,68.2873927107,0.0
69.7475362604,344.983511059,68.2873927107,0.0
166.508809542,443.051837755,68.2873927107,0.0
187.644286507,136.438367342,68.2873927107,0.0
442.609800762,443.385006616,68.2873927107,0.0
306.188434907,204.97175581,68.2873927107,0.0
442.977196186,207.808687132,68.2873927107,0.0
68.6590343223,68.2930023439,68.2873927107,0.0
205.174370616,310.819565178,68.2873927107,0.0
@ 1430 10 33.3333333333 0.726497289941
305.402103787,69.2090704871,68.2852303318,0.0
68.830712632,207.47624267,68.2852303318,0.0
304.125289727,441.849403417,68.2852303318,0.0
374.665200238,324.810387352,68.2852303318,0.0
443.506298363,69.7468398529,68.2852303318,0.0
68.2888389457,344.588182802,68.2852303318,0.0
166.13975989,443.559373918,68.2852303318,0.0
186.98279956,137.783822322,68.2852303318,0.0
443.089253224,443.040613696,68.2852303318,0.0
305.181355352,206.496577227,68.2852303318,0.0
443.241305277,206.617918101,68.2852303318,0.0
68.4494468785,68.9138617813,68.2852303318,0.0
221.814391115,317.24924659,68.2852303318,0.0
@ 1440 10 33.3333333333 0.72645128035
305.945507417,70.4613947843,68.1676262138,0.0
68.8618531936,206.501521352,68.1676262138,0.0
302.826099092,443.610442619,68.1676262138,0.0
373.385971609,326.214823089,68.1676262138,0.0
443.82430003,68.2299421251,68.1676262138,0.0
72.9019803569,343.263546433,68.1676262138,0.0
165.946770967,443.39437892,68.1676262138,0.0
187.641305858,139.426102764,68.1676262138,0.0
443.750727646,443.19790971,68.1676262138,0.0
305.708839061,207.735484701,68.1676262138,0.0
442.663841913,205.0661081,68.1676262138,0.0
69.0308720169,70.0716665866,68.1676262138,0.0
206.511792472,310.777665388,68.1676262138,0.0
@ 1450 10 33.3333333333 0.72395117622
305.801808328,69.018907342,68.2315247652,0.0
69.3221244953,208.139410867,68.2315247652,0.0
305.805801819,442.841315782,68.2315247652,0.0
375.340810567,324.911595328,68.2315247652,0.0
442.768077753,69.3056488858,68.2315247652,0.0
68.696181491,346.295739161,68.2315247652,0.0
168.824434646,440.044840359,68.2315247652,0.0
187.00660102,139.021785948,68.2315247652,0.0
443.343943116,443.746269803,68.2315247652,0.0
306.023711821,206.408829359,68.2315247652,0.0
443.13863001,206.167934319,68.2315247652,0.0
69.1010194254,70.3083221999,68.2315247652,0.0
198.162601867,296.213146976,68.2315247652,0.0
@ 1460 10 33.3333333333 0.725309038162
306.01232833,68.3189928605,68.2027351659,0.0
68.6779486643,206.089415067,68.2027351659,0.0
303.176913664,443.754585882,68.2027351659,0.0
373.022135025,325.493636979,68.2027351659,0.0
442.41891311,69.6760200648,68.2027351659,0.0
68.5088772841,344.452041002,68.2027351659,0.0
165.522948797,441.229609266,68.2027351659,0.0
187.423905105,137.499321704,68.2027351659,0.0
443.542649951,442.696825431,68.2027351659,0.0
305.643596694,206.554219578,68.2027351659,0.0
442.781082718,206.091979564,68.2027351659,0.0
68.9308549463,68.8719924467,68.2027351659,0.0
212.680456596,309.815508167,68.2027351659,0.0
@ 1470 10 33.3333333333 0.724697093719
305.803670533,69.5011884036,68.3420208765,0.0
68.5700453624,206.898800833,68.3420208765,0.0
301.402942662,443.439062804,68.3420208765,0.0
373.806433863,324.718202097,68.3420208765,0.0
443.237717339,69.5338480655,68.3420208765,0.0
69.978537314,344.135275261,68.3420208765,0.0
164.352643975,443.197830058,68.3420208765,0.0
186.698503828,137.505716726,68.3420208765,0.0
443.487812997,442.510352066,68.3420208765,0.0
305.168668378,206.483471206,68.3420208765,0.0
442.652879927,206.40388275,68.3420208765,0.0
68.7569825688,68.3549049235,68.3420208765,0.0
204.514836545,310.801828251,68.3420208765,0.0
@ 1480 10 33.3333333333 0.727660113331
306.188758282,68.542032037,68.2163232762,0.0
68.8714577031,207.227619001,68.2163232762,0.0
305.841327606,442.63473364,68.2163232762,0.0
374.591390384,324.414472428,68.2163232762,0.0
442.882382245,69.02296164,68.2163232762,0.0
70.9338333063,344.12878837,68.2163232762,0.0
169.236453367,442.591657128,68.2163232762,0.0
187.657029618,137.484723843,68.2163232762,0.0
443.742552422,442.216232338,68.2163232762,0.0
305.581528738,206.430047702,68.2163232762,0.0
443.177172878,205.541872031,68.2163232762,0.0
68.9158829907,69.7854213158,68.2163232762,0.0
201.990904727,300.207961814,68.2163232762,0.0
@ 1490 10 33.3333333333 0.724985886976
301.950186534,68.3983360872,68.1966931508,0.0
68.2587962838,211.080338303,68.1966931508,0.0
304.038652497,440.923578632,68.1966931508,0.0
374.608082283,323.708021513,68.1966931508,0.0
443.289311432,68.8570300143,68.1966931508,0.0
68.5052028073,347.844629066,68.1966931508,0.0
167.229879238,443.047982176,68.1966931508,0.0
184.586113111,139.724706772,68.1966931508,0.0
441.780507578,442.77037691,68.1966931508,0.0
306.335961648,205.631206697,68.1966931508,0.0
442.960322747,205.429562276,68.1966931508,0.0
68.2042208627,68.5025852589,68.1966931508,0.0
198.948316337,303.180460314,68.1966931508,0.0
@ 1500 10 33.3333333333 0.72456869896
