58.3206591417,154.947987494,43.389198517,0.0
57.316742934,57.3368946966,43.389198517,0.0
145.267448369,84.1508954645,43.389198517,0.0
232.229398228,68.021246808,43.389198517,0.0
211.593480516,423.313921563,43.389198517,0.0
257.583585581,161.91622789,43.389198517,0.0
126.652976813,449.747692972,43.389198517,0.0
166.520290407,221.914716347,43.389198517,0.0
437.094169853,271.241284745,43.389198517,0.0
404.265370016,53.0824843355,43.389198517,0.0
155.032918624,317.560511502,43.389198517,0.0
335.864127465,239.648796198,43.389198517,0.0
357.345941225,362.480361979,43.389198517,0.0
@ 10 10 0.0873362445415 0.293302788602
61.8487113748,452.286941251,40.0577897339,0.0
435.143944203,256.247272461,40.0577897339,0.0
442.541598904,471.201514713,40.0577897339,0.0
352.880873816,284.513914699,40.0577897339,0.0
380.644598353,110.456778683,40.0577897339,0.0
53.1891793864,362.466817481,40.0577897339,0.0
287.120380542,188.030873962,40.0577897339,0.0
459.130581455,162.686233858,40.0577897339,0.0
71.9070421349,225.621060172,40.0577897339,0.0
269.774177593,368.193484505,40.0577897339,0.0
297.250557138,97.0284387052,40.0577897339,0.0
463.19205727,368.414393892,40.0577897339,0.0
375.563024639,414.683482901,40.0577897339,0.0
@ 20 10 0.0873362445415 0.249992454948
426.059388544,198.825898174,34.6575888652,0.0
402.855863745,91.6468924347,34.6575888652,0.0
381.844375936,344.847243315,34.6575888652,0.0
313.418397849,322.594935066,34.6575888652,0.0
36.9497584449,373.385968054,34.6575888652,0.0
201.879608873,258.41087928,34.6575888652,0.0
119.639100758,210.123986319,34.6575888652,0.0
202.066934908,151.622980023,34.6575888652,0.0
286.412594042,404.188306665,34.6575888652,0.0
45.2641953572,193.792976816,34.6575888652,0.0
203.667537614,408.360963374,34.6575888652,0.0
314.022335204,215.090492675,34.6575888652,0.0
156.122881321,84.1257400423,34.6575888652,0.0
@ 30 10 0.0873362445415 0.187132675624
457.42055927,311.093113955,43.478957537,0.0
94.5192093391,76.0333960907,43.478957537,0.0
191.911455967,145.567160703,43.478957537,0.0
76.4799558275,305.272696551,43.478957537,0.0
247.37439068,378.314176807,43.478957537,0.0
108.630583769,443.555381544,43.478957537,0.0
288.40588817,161.346175227,43.478957537,0.0
459.393160694,108.168583398,43.478957537,0.0
399.784928945,236.505720193,43.478957537,0.0
452.584841327,429.935733266,43.478957537,0.0
239.083426788,68.2728952798,43.478957537,0.0
110.466423313,201.206111922,43.478957537,0.0
310.755155631,438.489786147,43.478957537,0.0
@ 40 10 0.0873362445415 0.294517551842
288.954131096,428.709697685,40.3928014579,0.0
216.660353568,302.247807913,40.3928014579,0.0
96.1888403103,443.069342529,40.3928014579,0.0
167.783796162,167.490144367,40.3928014579,0.0
387.567386728,322.852149169,40.3928014579,0.0
56.0605365149,364.908750084,40.3928014579,0.0
130.338430953,303.042830269,40.3928014579,0.0
250.430293275,79.641147421,40.3928014579,0.0
463.968958169,87.0897796598,40.3928014579,0.0
305.429855733,168.389297416,40.3928014579,0.0
400.620635944,449.987943655,40.3928014579,0.0
469.098957722,253.991709231,40.3928014579,0.0
53.5703695054,82.8752835208,40.3928014579,0.0
@ 50 10 0.0873362445415 0.254191419244
443.597306578,45.4958805929,42.591470139,0.0
168.583139386,314.535419034,42.591470139,0.0
194.988905169,75.9388389528,42.591470139,0.0
301.631507024,352.944308381,42.591470139,0.0
257.389167068,467.407956062,42.591470139,0.0
466.475941677,321.22819516,42.591470139,0.0
309.446334606,48.6939906823,42.591470139,0.0
106.970120603,65.0934218974,42.591470139,0.0
342.513575087,199.620216879,42.591470139,0.0
243.56433558,262.803074695,42.591470139,0.0
170.733745333,191.778459459,42.591470139,0.0
256.116629916,173.407665809,42.591470139,0.0
46.4084150878,360.95601043,42.591470139,0.0
@ 60 10 0.0873362445415 0.282616945429
442.198657315,55.8162206958,41.3272309325,0.0
182.155079197,241.469933886,41.3272309325,0.0
137.252967653,323.79126184,41.3272309325,0.0
256.769261398,301.761405408,41.3272309325,0.0
429.794150115,455.372370533,41.3272309325,0.0
245.285390157,66.2404210672,41.3272309325,0.0
360.77416406,144.25714407,41.3272309325,0.0
388.919315364,337.854922286,41.3272309325,0.0
463.728127798,244.279106619,41.3272309325,0.0
56.9155477625,153.684369836,41.3272309325,0.0
337.071688742,228.362870837,41.3272309325,0.0
104.662987163,404.812535875,41.3272309325,0.0
186.319704283,390.688561202,41.3272309325,0.0
@ 70 10 0.0873362445415 0.266088159926
68.4356304483,382.42140639,33.2893120185,0.0
133.468494043,361.512922824,33.2893120185,0.0
60.5414607798,62.9576766702,33.2893120185,0.0
433.616866086,298.450552446,33.2893120185,0.0
350.099926576,130.435923895,33.2893120185,0.0
126.301377162,99.1153821751,33.2893120185,0.0
444.533566145,161.310968445,33.2893120185,0.0
327.350894142,320.096772057,33.2893120185,0.0
48.6983869534,474.604808434,33.2893120185,0.0
53.7085995659,199.526851742,33.2893120185,0.0
150.002253182,247.323345551,33.2893120185,0.0
198.752338758,375.013506013,33.2893120185,0.0
202.310812766,69.3615624786,33.2893120185,0.0
@ 80 10 0.0873362445415 0.172648407111
65.4698374318,373.382002086,39.6549613187,0.0
421.956123453,214.476286398,39.6549613187,0.0
198.700131877,376.234187615,39.6549613187,0.0
234.784096095,459.259316907,39.6549613187,0.0
467.278100172,313.421055473,39.6549613187,0.0
241.401308671,44.5893753604,39.6549613187,0.0
221.513445907,282.446729269,39.6549613187,0.0
126.291727115,234.793162449,39.6549613187,0.0
323.23766261,99.0641578548,39.6549613187,0.0
233.426923545,147.456313771,39.6549613187,0.0
342.611361426,287.509303974,39.6549613187,0.0
462.389727531,57.4179924987,39.6549613187,0.0
88.8970956154,461.115359874,39.6549613187,0.0
@ 90 10 0.0873362445415 0.244989796742
50.9350491002,404.655424324,45.759290771,0.0
323.257534987,430.272885865,45.759290771,0.0
401.999375019,158.577982606,45.759290771,0.0
52.7722645672,52.2556912667,45.759290771,0.0
103.272863462,222.000482957,45.759290771,0.0
306.813829675,73.8994720181,45.759290771,0.0
184.761063025,281.651905685,45.759290771,0.0
453.326043729,241.259355103,45.759290771,0.0
447.725297391,449.255644548,45.759290771,0.0
406.862294242,358.165136407,45.759290771,0.0
227.165561321,411.558350388,45.759290771,0.0
282.547421786,333.056410091,45.759290771,0.0
184.309339789,128.754937554,45.759290771,0.0
@ 100 10 0.0873362445415 0.326220692662
433.161642384,163.336153998,39.723034776,0.0
266.46633556,399.335837289,39.723034776,0.0
95.4334922571,411.099466639,39.723034776,0.0
300.540352841,171.546833269,39.723034776,0.0
230.409591256,317.880964017,39.723034776,0.0
305.127462551,47.9865631093,39.723034776,0.0
49.5168715785,108.641461369,39.723034776,0.0
192.841557001,78.0640937377,39.723034776,0.0
410.044555651,442.701328554,39.723034776,0.0
384.598305826,41.4642510622,39.723034776,0.0
422.389159967,314.369484522,39.723034776,0.0
161.940175753,456.840020452,39.723034776,0.0
298.295890303,261.933388641,39.723034776,0.0
@ 110 10 0.0940354648039 0.245831639297
165.965117147,428.050758897,37.6946167054,0.0
151.887284409,142.309478195,37.6946167054,0.0
237.711856623,133.028743239,37.6946167054,0.0
414.763920386,246.433454268,37.6946167054,0.0
291.80153662,246.228517879,37.6946167054,0.0
341.655802694,466.324709086,37.6946167054,0.0
221.700609559,305.965480195,37.6946167054,0.0
470.953617334,129.100271643,37.6946167054,0.0
198.236342366,42.0030973759,37.6946167054,0.0
101.127452075,51.0607990113,37.6946167054,0.0
81.6745288536,460.021577315,37.6946167054,0.0
449.000686049,458.349066215,37.6946167054,0.0
306.893158074,86.1991299206,37.6946167054,0.0
@ 120 10 0.0940354648039 0.221366347516
355.477474491,144.16102209,44.0181019255,0.0
291.320292399,279.945142662,44.0181019255,0.0
434.576563707,452.814000288,44.0181019255,0.0
424.574582022,258.607538762,44.0181019255,0.0
159.560013879,97.8823399821,44.0181019255,0.0
181.739964115,271.238389862,44.0181019255,0.0
88.0046789057,258.667823107,44.0181019255,0.0
61.9498691725,143.218298146,44.0181019255,0.0
74.7748755347,439.925728683,44.0181019255,0.0
337.928507499,370.30216467,44.0181019255,0.0
165.090510786,446.534559772,44.0181019255,0.0
257.305059209,445.133850442,44.0181019255,0.0
261.651252375,117.007675805,44.0181019255,0.0
@ 130 10 0.0940354648039 0.301866945046
415.057370776,282.699134572,40.5482599438,0.0
168.131468508,384.000432361,40.5482599438,0.0
80.1699205762,451.387485812,40.5482599438,0.0
148.201277768,219.782746275,40.5482599438,0.0
204.923755269,467.380138669,40.5482599438,0.0
339.578180152,425.074344791,40.5482599438,0.0
44.0412176273,249.074269591,40.5482599438,0.0
336.499885189,303.990310021,40.5482599438,0.0
294.075649414,218.768883073,40.5482599438,0.0
440.88774117,174.600077485,40.5482599438,0.0
362.078839004,137.206337681,40.5482599438,0.0
108.564686578,92.0883529922,40.5482599438,0.0
226.517945786,314.519979118,40.5482599438,0.0
@ 140 10 0.0940354648039 0.256151781196
220.768264865,65.1288981768,40.4729174539,0.0
240.195938181,361.512813713,40.4729174539,0.0
192.734476601,215.857127119,40.4729174539,0.0
140.174520409,466.418569717,40.4729174539,0.0
447.817778558,71.8939515839,40.4729174539,0.0
352.171241916,271.408625567,40.4729174539,0.0
379.122745394,357.280094152,40.4729174539,0.0
455.248136679,455.232654576,40.4729174539,0.0
92.6492272869,150.340790028,40.4729174539,0.0
294.262240817,428.312411434,40.4729174539,0.0
305.118501698,94.5461983349,40.4729174539,0.0
121.992014485,60.6035471977,40.4729174539,0.0
424.837648584,184.24633311,40.4729174539,0.0
@ 150 10 0.0940354648039 0.255200757244
457.689237471,116.704090139,38.6775309167,0.0
228.921256469,141.103026475,38.6775309167,0.0
251.09451127,38.9406765,38.6775309167,0.0
157.848725982,263.963017725,38.6775309167,0.0
373.016722948,70.3069983041,38.6775309167,0.0
65.8843602199,255.694000708,38.6775309167,0.0
291.025086895,275.566106206,38.6775309167,0.0
423.73991159,225.81941203,38.6775309167,0.0
43.2881461377,60.9784799166,38.6775309167,0.0
276.613278788,374.563761244,38.6775309167,0.0
201.058741988,404.534693667,38.6775309167,0.0
353.900288459,392.207764674,38.6775309167,0.0
87.0226878535,438.049572837,38.6775309167,0.0
@ 160 10 0.0940354648039 0.233061437127
50.2027080035,81.413815746,39.6110512043,0.0
421.135261792,54.4900732207,39.6110512043,0.0
344.115578104,309.532655483,39.6110512043,0.0
335.059352366,102.704896544,39.6110512043,0.0
349.78359668,200.613794449,39.6110512043,0.0
430.688644923,416.401349104,39.6110512043,0.0
123.393022563,454.618480834,39.6110512043,0.0
249.994144617,127.382088173,39.6110512043,0.0
205.33737861,199.836355536,39.6110512043,0.0
254.512013133,267.004219806,39.6110512043,0.0
438.84686696,263.209796609,39.6110512043,0.0
275.986949589,363.57498014,39.6110512043,0.0
240.21566336,458.52347554,39.6110512043,0.0
@ 170 10 0.0940354648039 0.244447540555
383.768034019,72.7139130207,41.309739425,0.0
53.5484650348,205.752391882,41.309739425,0.0
146.558750743,399.248736687,41.309739425,0.0
53.0614728825,458.989706362,41.309739425,0.0
416.713596074,377.521255246,41.309739425,0.0
290.310686381,309.12108825,41.309739425,0.0
457.123281128,150.111991635,41.309739425,0.0
312.66850803,467.734888829,41.309739425,0.0
226.599646912,81.1657646605,41.309739425,0.0
89.96348956,66.6997276731,41.309739425,0.0
256.279636711,229.826832806,41.309739425,0.0
166.385811889,182.299778147,41.309739425,0.0
172.295193448,304.294884423,41.309739425,0.0
@ 180 10 0.0940354648039 0.265862967094
411.522727399,221.529951302,38.3628655142,0.0
298.108197659,151.935060075,38.3628655142,0.0
90.9552419984,49.0411171822,38.3628655142,0.0
43.3664513787,350.841700966,38.3628655142,0.0
168.078683304,242.586812772,38.3628655142,0.0
466.577432708,454.70100324,38.3628655142,0.0
112.287179454,297.535281574,38.3628655142,0.0
455.909910059,330.06712536,38.3628655142,0.0
417.468662438,115.541805042,38.3628655142,0.0
236.055574827,295.664704562,38.3628655142,0.0
339.106973892,43.2551248784,38.3628655142,0.0
163.135651305,117.299489371,38.3628655142,0.0
42.1399244339,145.255761935,38.3628655142,0.0
@ 190 10 0.0940354648039 0.229284667977
363.822905919,128.726642422,40.7515574341,0.0
459.995908358,338.861521825,40.7515574341,0.0
262.530327352,469.633716472,40.7515574341,0.0
255.814349133,297.73244509,40.7515574341,0.0
415.913822407,50.7496112767,40.7515574341,0.0
167.102947473,465.96385331,40.7515574341,0.0
133.981386449,321.763543401,40.7515574341,0.0
379.587738199,430.62978149,40.7515574341,0.0
65.5060718842,45.3620132121,40.7515574341,0.0
257.66356095,215.74284276,40.7515574341,0.0
81.8972542952,403.521941732,40.7515574341,0.0
121.440969636,155.00130891,40.7515574341,0.0
42.7629770206,222.485231145,40.7515574341,0.0
@ 200 10 0.0940354648039 0.258726765129
73.0834487329,151.856703802,34.3275029112,0.0
337.635636145,424.064113079,34.3275029112,0.0
258.626503685,219.001077391,34.3275029112,0.0
93.5620256554,44.7000254445,34.3275029112,0.0
423.708306712,241.630532628,34.3275029112,0.0
341.745881826,149.573829529,34.3275029112,0.0
384.769190921,373.457688475,34.3275029112,0.0
318.041322453,315.893315002,34.3275029112,0.0
166.422974284,144.296653242,34.3275029112,0.0
220.703866908,276.437045005,34.3275029112,0.0
431.349909377,101.526469318,34.3275029112,0.0
267.787291704,386.104782517,34.3275029112,0.0
116.395577233,440.890423412,34.3275029112,0.0
@ 210 10 0.101847810272 0.18358507088
278.794333258,186.463423018,35.7943150967,0.0
125.46241602,183.212642539,35.7943150967,0.0
139.935364839,353.167523948,35.7943150967,0.0
311.140025091,428.741539568,35.7943150967,0.0
42.6224859487,162.213858758,35.7943150967,0.0
202.510331301,262.82278266,35.7943150967,0.0
194.242175164,457.215660057,35.7943150967,0.0
192.089134652,42.0717421438,35.7943150967,0.0
117.922502171,101.400424257,35.7943150967,0.0
61.1396357182,346.095399352,35.7943150967,0.0
451.802930122,198.030608392,35.7943150967,0.0
450.338840569,87.6071036699,35.7943150967,0.0
334.171690911,42.3241471843,35.7943150967,0.0
@ 220 10 0.101847810272 0.19960942791
257.275245592,147.040394804,36.6042580849,0.0
154.442023784,189.804068485,36.6042580849,0.0
393.109286939,338.850096481,36.6042580849,0.0
148.618764826,358.629845602,36.6042580849,0.0
108.292348426,421.442947607,36.6042580849,0.0
202.316389889,409.17918395,36.6042580849,0.0
292.972758827,300.826307877,36.6042580849,0.0
458.319143427,175.371845945,36.6042580849,0.0
36.9140151681,346.356898396,36.6042580849,0.0
85.3232725699,284.905917197,36.6042580849,0.0
384.039180918,94.9107774961,36.6042580849,0.0
322.176667611,469.766165863,36.6042580849,0.0
255.483828539,229.008794637,36.6042580849,0.0
@ 230 10 0.101847810272 0.208745034592
231.751213236,298.46788907,41.8711026737,0.0
332.81364723,333.377050551,41.8711026737,0.0
310.870057024,231.460924769,41.8711026737,0.0
455.005458662,386.085658965,41.8711026737,0.0
258.414580224,454.412005091,41.8711026737,0.0
144.172266063,77.9490624702,41.8711026737,0.0
363.507043693,149.468224812,41.8711026737,0.0
69.4801174422,150.033607734,41.8711026737,0.0
181.50670092,171.865337038,41.8711026737,0.0
452.077613776,246.511574039,41.8711026737,0.0
470.005089141,112.150161431,41.8711026737,0.0
131.05724418,257.694333475,41.8711026737,0.0
57.4098121437,313.573402323,41.8711026737,0.0
@ 240 10 0.101847810272 0.273137753151
412.432699718,120.02027128,35.691149554,0.0
321.708322251,378.825079776,35.691149554,0.0
211.39566408,90.0157796278,35.691149554,0.0
53.3042770141,459.060629271,35.691149554,0.0
416.742707966,218.811448397,35.691149554,0.0
98.1871773187,286.28527983,35.691149554,0.0
385.770855971,286.957077455,35.691149554,0.0
390.583779421,417.667002967,35.691149554,0.0
165.452648288,327.476615441,35.691149554,0.0
327.168947342,177.117897329,35.691149554,0.0
255.030772082,252.152228523,35.691149554,0.0
465.892171037,69.6848057463,35.691149554,0.0
160.968621378,216.476606708,35.691149554,0.0
@ 250 10 0.101847810272 0.198460466751
244.860576399,314.167825825,40.1968421639,0.0
169.603670611,242.025685371,40.1968421639,0.0
345.042385632,469.060374073,40.1968421639,0.0
71.413496257,221.8366566,40.1968421639,0.0
469.951191022,254.806868188,40.1968421639,0.0
385.277617074,249.680352664,40.1968421639,0.0
235.497745992,427.778391866,40.1968421639,0.0
175.95678057,151.006541912,40.1968421639,0.0
47.7915451425,97.246536536,40.1968421639,0.0
290.870687302,113.113865521,40.1968421639,0.0
422.254859287,108.596485985,40.1968421639,0.0
447.418288851,426.599684133,40.1968421639,0.0
179.095457919,47.9870965841,40.1968421639,0.0
@ 260 10 0.101847810272 0.251731062758
247.666792283,416.264526831,41.0429245629,0.0
452.015723334,447.622423153,41.0429245629,0.0
298.147650834,123.108562871,41.0429245629,0.0
334.132971375,466.93523805,41.0429245629,0.0
86.8604408063,230.242245995,41.0429245629,0.0
416.545565126,367.479165251,41.0429245629,0.0
90.8876978087,341.096550038,41.0429245629,0.0
122.227122973,143.366702852,41.0429245629,0.0
346.306732473,221.167688664,41.0429245629,0.0
431.716611106,230.06827243,41.0429245629,0.0
112.684313254,458.908348593,41.0429245629,0.0
461.491467234,56.0018225279,41.0429245629,0.0
200.971761372,342.185851424,41.0429245629,0.0
@ 270 10 0.101847810272 0.262439701416
179.512498143,386.615003165,38.9267360911,0.0
63.5294528506,281.42485438,38.9267360911,0.0
246.786954294,153.06330531,38.9267360911,0.0
56.8337172392,108.601921772,38.9267360911,0.0
300.54295779,461.611536388,38.9267360911,0.0
52.7653343574,371.867800272,38.9267360911,0.0
431.91410825,419.998949104,38.9267360911,0.0
263.628232588,292.640886656,38.9267360911,0.0
469.608997678,315.584484965,38.9267360911,0.0
394.925215238,174.977524583,38.9267360911,0.0
306.808252638,223.274378327,38.9267360911,0.0
245.893245006,61.6328679065,38.9267360911,0.0
153.2167199,252.310885691,38.9267360911,0.0
@ 280 10 0.101847810272 0.236074412577
70.3433620376,415.629334329,41.4615003692,0.0
261.289818914,289.615284445,41.4615003692,0.0
305.16780688,97.9790963338,41.4615003692,0.0
99.5669845251,130.685875327,41.4615003692,0.0
175.584025922,355.679347615,41.4615003692,0.0
334.598870029,452.937370113,41.4615003692,0.0
437.823268692,122.703716036,41.4615003692,0.0
358.150185161,221.353877152,41.4615003692,0.0
66.9446280977,295.776342091,41.4615003692,0.0
461.697913546,204.834625538,41.4615003692,0.0
358.59520571,310.635229609,41.4615003692,0.0
458.908272851,314.80771462,41.4615003692,0.0
266.173620132,179.612221655,41.4615003692,0.0
@ 290 10 0.101847810272 0.267819974262
233.204866319,385.356071154,36.5689118687,0.0
449.525417678,276.656823666,36.5689118687,0.0
212.317117736,305.728797037,36.5689118687,0.0
46.3539385944,471.326648392,36.5689118687,0.0
160.361431446,367.420086645,36.5689118687,0.0
455.833729123,134.215446048,36.5689118687,0.0
169.499922843,51.3119493493,36.5689118687,0.0
314.680372407,439.841368781,36.5689118687,0.0
52.7447393827,88.0698292739,36.5689118687,0.0
108.412212925,312.905430201,36.5689118687,0.0
442.612863917,473.142185335,36.5689118687,0.0
70.1108403005,213.812907253,36.5689118687,0.0
208.05275307,192.749167265,36.5689118687,0.0
@ 300 10 0.101847810272 0.208342087771
286.758820955,433.142908779,41.5299533537,0.0
140.43200572,72.3447443565,41.5299533537,0.0
338.379822134,118.051247389,41.5299533537,0.0
367.103376769,379.035478656,41.5299533537,0.0
226.08417577,75.7864968317,41.5299533537,0.0
459.844330179,54.3053105382,41.5299533537,0.0
66.8540390998,194.108038382,41.5299533537,0.0
213.519797448,369.279713718,41.5299533537,0.0
66.3880840748,443.410873478,41.5299533537,0.0
166.867259321,300.141353327,41.5299533537,0.0
63.7017827521,321.675427538,41.5299533537,0.0
363.383556109,198.253754183,41.5299533537,0.0
411.019098583,270.309414808,41.5299533537,0.0
@ 310 10 0.111075848937 0.268705046454
59.2564576751,142.38325696,40.5601446608,0.0
434.11706024,463.053861965,40.5601446608,0.0
51.6360644595,233.364106062,40.5601446608,0.0
234.64862299,438.774534714,40.5601446608,0.0
154.987451543,42.5745800963,40.5601446608,0.0
427.530047516,340.136273186,40.5601446608,0.0
351.20276805,384.439929306,40.5601446608,0.0
276.513935435,95.3131031279,40.5601446608,0.0
330.761727333,302.902725143,40.5601446608,0.0
393.706699943,193.63567256,40.5601446608,0.0
159.150307397,156.970320873,40.5601446608,0.0
273.76433167,224.472016744,40.5601446608,0.0
142.625432505,452.75578327,40.5601446608,0.0
@ 320 10 0.111075848937 0.256301959654
471.80024005,82.2155396327,36.1158835594,0.0
251.815109902,254.013655215,36.1158835594,0.0
451.762645608,469.365179106,36.1158835594,0.0
81.9558591323,185.302281085,36.1158835594,0.0
188.88184634,212.281844077,36.1158835594,0.0
66.2620454425,299.63285365,36.1158835594,0.0
382.033189913,251.539596492,36.1158835594,0.0
450.623735395,190.886475824,36.1158835594,0.0
282.285214154,174.055841632,36.1158835594,0.0
130.813776688,349.869340394,36.1158835594,0.0
61.3864476933,80.9216572979,36.1158835594,0.0
316.924831403,84.9173821934,36.1158835594,0.0
135.257548165,88.9948361059,36.1158835594,0.0
@ 330 10 0.111075848937 0.203212034792
442.218132982,237.890846405,43.6761640984,0.0
114.527726715,395.878015268,43.6761640984,0.0
57.1169974974,63.922102323,43.6761640984,0.0
418.684212338,457.547613226,43.6761640984,0.0
263.099761449,461.807425472,43.6761640984,0.0
147.471433437,121.948722905,43.6761640984,0.0
407.060964651,339.727145002,43.6761640984,0.0
450.298235272,143.434167613,43.6761640984,0.0
232.783277927,155.965177981,43.6761640984,0.0
323.483854332,235.214234441,43.6761640984,0.0
318.341518221,323.719598419,43.6761640984,0.0
292.103967705,52.1805776454,43.6761640984,0.0
391.494819751,66.0357326494,43.6761640984,0.0
@ 340 10 0.111075848937 0.297195284468
138.471592738,217.149806435,35.6162251476,0.0
422.594304111,130.063930796,35.6162251476,0.0
314.291954364,171.281005785,35.6162251476,0.0
367.964879792,357.27257827,35.6162251476,0.0
274.59139707,396.969612707,35.6162251476,0.0
377.986442655,431.80607273,35.6162251476,0.0
307.937384381,270.110323631,35.6162251476,0.0
49.2816448613,338.814796888,35.6162251476,0.0
125.886157037,408.55491798,35.6162251476,0.0
40.5718952985,76.4278057361,35.6162251476,0.0
106.527016988,286.037720447,35.6162251476,0.0
207.610660871,338.209833358,35.6162251476,0.0
212.68587496,469.25665315,35.6162251476,0.0
@ 350 10 0.111075848937 0.197628107722
257.57837019,442.220034868,42.3776765951,0.0
378.714839233,213.046686021,42.3776765951,0.0
140.925277607,260.467157452,42.3776765951,0.0
94.4106581871,436.814944554,42.3776765951,0.0
386.342998349,107.96450897,42.3776765951,0.0
362.398734302,436.87873144,42.3776765951,0.0
166.82403524,53.5510645677,42.3776765951,0.0
71.7765956249,186.783743343,42.3776765951,0.0
125.620437655,354.929010836,42.3776765951,0.0
461.283260096,410.761918626,42.3776765951,0.0
44.1456184658,50.2957510178,42.3776765951,0.0
267.428182601,265.837244627,42.3776765951,0.0
197.200938572,152.021768681,42.3776765951,0.0
@ 360 10 0.111075848937 0.279786799824
357.761053693,51.6101606627,38.1545293859,0.0
421.893947662,149.27604664,38.1545293859,0.0
303.629163768,119.216113992,38.1545293859,0.0
302.528148788,326.354428203,38.1545293859,0.0
452.732740024,382.306030199,38.1545293859,0.0
148.753973626,108.221797975,38.1545293859,0.0
54.8908718119,239.639157011,38.1545293859,0.0
369.858849109,247.20876033,38.1545293859,0.0
221.066700794,341.101406406,38.1545293859,0.0
234.76110073,63.280294442,38.1545293859,0.0
110.010412437,186.340103505,38.1545293859,0.0
46.5814945305,399.130672413,38.1545293859,0.0
209.986093245,448.446047549,38.1545293859,0.0
@ 370 10 0.111075848937 0.226801090567
145.740265263,172.539902812,47.0834758023,0.0
65.4537359068,229.524476424,47.0834758023,0.0
219.421233917,66.1980984036,47.0834758023,0.0
460.327534281,396.760820581,47.0834758023,0.0
91.5050434826,424.822532131,47.0834758023,0.0
409.160190801,300.750170362,47.0834758023,0.0
53.8322953492,328.366629303,47.0834758023,0.0
299.642404654,236.174717687,47.0834758023,0.0
51.5952152904,95.0902870684,47.0834758023,0.0
444.187664199,176.387242603,47.0834758023,0.0
407.117460517,85.4122965385,47.0834758023,0.0
338.722829984,414.026205826,47.0834758023,0.0
200.891633302,439.682877781,47.0834758023,0.0
@ 380 10 0.111075848937 0.345374260481
72.9820377134,342.858068743,43.620624648,0.0
60.2706143221,65.0307507389,43.620624648,0.0
167.002311623,156.759705919,43.620624648,0.0
421.417450463,368.452251046,43.620624648,0.0
244.411922259,251.023201798,43.620624648,0.0
91.0663682667,246.479005264,43.620624648,0.0
299.691699668,349.517909533,43.620624648,0.0
452.321468633,202.436009867,43.620624648,0.0
92.0206521839,463.40432024,43.620624648,0.0
260.783796094,448.640942715,43.620624648,0.0
334.664401079,214.546359554,43.620624648,0.0
445.66241993,85.318025726,43.620624648,0.0
467.902388676,289.948230446,43.620624648,0.0
@ 390 10 0.111075848937 0.296439926557
272.026244027,56.5829991907,42.7964269799,0.0
313.23417724,451.385289684,42.7964269799,0.0
214.757757417,148.261332249,42.7964269799,0.0
224.268160933,334.671975989,42.7964269799,0.0
80.9762938632,110.838486643,42.7964269799,0.0
402.148109802,374.574176905,42.7964269799,0.0
84.4503466858,234.473148697,42.7964269799,0.0
310.732521332,173.584081441,42.7964269799,0.0
85.6158404475,343.448400063,42.7964269799,0.0
456.792029261,178.203656491,42.7964269799,0.0
370.808644698,76.6974507491,42.7964269799,0.0
212.704736955,428.059921607,42.7964269799,0.0
172.817573658,230.134878018,42.7964269799,0.0
@ 400 10 0.111075848937 0.28534348417
210.818548832,297.177384801,43.2154298747,0.0
365.379722652,353.015019848,43.2154298747,0.0
423.82327561,106.564549041,43.2154298747,0.0
54.8747771902,228.535856383,43.2154298747,0.0
237.773665875,44.7698603225,43.2154298747,0.0
197.708842291,189.101706301,43.2154298747,0.0
126.801716362,445.517151924,43.2154298747,0.0
127.30695326,135.124640598,43.2154298747,0.0
415.173721879,228.832213915,43.2154298747,0.0
463.630120157,346.049944798,43.2154298747,0.0
353.352064163,467.101986685,43.2154298747,0.0
264.25865287,409.342499049,43.2154298747,0.0
286.494732661,146.108180164,43.2154298747,0.0
@ 410 10 0.122142732507 0.290958206493
128.175961342,262.634889604,40.6114442742,0.0
180.192548,70.8031232373,40.6114442742,0.0
60.246729738,349.938707653,40.6114442742,0.0
209.812077184,240.33938577,40.6114442742,0.0
335.993525669,215.355790829,40.6114442742,0.0
447.551641643,330.956251427,40.6114442742,0.0
468.042220083,71.0129276707,40.6114442742,0.0
289.392448701,468.311618907,40.6114442742,0.0
414.40287744,240.218941147,40.6114442742,0.0
51.4521295299,196.97865222,40.6114442742,0.0
163.653365985,159.126010001,40.6114442742,0.0
61.4244271956,75.9314885512,40.6114442742,0.0
397.156203709,130.484397894,40.6114442742,0.0
@ 420 10 0.122142732507 0.25695070025
226.935279871,325.158241996,45.1039382643,0.0
326.569814251,453.216334123,45.1039382643,0.0
371.854168644,47.0148423273,45.1039382643,0.0
445.695882266,460.630202754,45.1039382643,0.0
351.40816977,325.160342877,45.1039382643,0.0
214.816711551,455.082846538,45.1039382643,0.0
159.825982323,210.366558991,45.1039382643,0.0
256.790962574,230.312141013,45.1039382643,0.0
372.723734118,170.209639508,45.1039382643,0.0
448.588832008,299.738306608,45.1039382643,0.0
64.6486868945,162.613543252,45.1039382643,0.0
110.605609341,373.255718075,45.1039382643,0.0
169.244799442,52.2561742176,45.1039382643,0.0
@ 430 10 0.122142732507 0.316943510857
376.919347999,66.995116765,37.4496809181,0.0
380.90957526,283.403057664,37.4496809181,0.0
158.792734889,237.192605111,37.4496809181,0.0
56.7585054285,92.9073515864,37.4496809181,0.0
306.127990918,301.452993042,37.4496809181,0.0
422.206739173,168.289549953,37.4496809181,0.0
252.089040653,439.28244357,37.4496809181,0.0
233.398892424,275.011428158,37.4496809181,0.0
159.767287787,427.810548537,37.4496809181,0.0
216.141537,370.072974019,37.4496809181,0.0
220.515949874,149.115518472,37.4496809181,0.0
59.7427217612,368.819930849,37.4496809181,0.0
132.411269333,100.062700932,37.4496809181,0.0
@ 440 10 0.122142732507 0.218498862152
332.397985288,62.9396460167,42.7247746766,0.0
219.921136409,252.6494378,42.7247746766,0.0
425.364977561,324.689591393,42.7247746766,0.0
44.4897263399,458.547011847,42.7247746766,0.0
461.724550137,442.846339755,42.7247746766,0.0
287.329081565,149.163145973,42.7247746766,0.0
120.1675173,106.756359129,42.7247746766,0.0
275.589347553,456.666733636,42.7247746766,0.0
89.564378042,322.928216243,42.7247746766,0.0
467.438286355,165.419199878,42.7247746766,0.0
428.191461092,52.7960777018,42.7247746766,0.0
376.63904092,469.179366016,42.7247746766,0.0
59.5842511738,222.785601378,42.7247746766,0.0
@ 450 10 0.122142732507 0.284388806231
455.747047025,262.003150826,40.3868208991,0.0
121.668909369,120.458956694,40.3868208991,0.0
159.655683493,268.061263075,40.3868208991,0.0
467.67059358,96.5702209988,40.3868208991,0.0
62.9143800035,62.8696448766,40.3868208991,0.0
317.322047465,232.862609893,40.3868208991,0.0
366.201571018,81.2876135633,40.3868208991,0.0
413.987998545,449.130620736,40.3868208991,0.0
453.544546418,347.630508047,40.3868208991,0.0
161.033632047,395.582488172,40.3868208991,0.0
52.4285542997,436.144415708,40.3868208991,0.0
290.691242717,359.639287503,40.3868208991,0.0
259.306269836,95.8209246506,40.3868208991,0.0
@ 460 10 0.122142732507 0.254116153646
215.79882806,305.401537067,44.1934153726,0.0
76.2822433901,330.749952091,44.1934153726,0.0
443.274216004,180.877927057,44.1934153726,0.0
107.962782712,227.150634109,44.1934153726,0.0
217.917841624,414.974260421,44.1934153726,0.0
433.084176987,409.436807886,44.1934153726,0.0
349.643864322,72.7941086526,44.1934153726,0.0
187.962998073,80.1429080838,44.1934153726,0.0
440.195701253,69.1842762004,44.1934153726,0.0
303.670291254,264.32605639,44.1934153726,0.0
93.5979927476,84.1158043637,44.1934153726,0.0
423.446822965,306.13970292,44.1934153726,0.0
254.469877431,176.652473234,44.1934153726,0.0
@ 470 10 0.122142732507 0.304276259342
165.817315539,331.56980036,37.1787341652,0.0
394.158637321,251.85493945,37.1787341652,0.0
322.338621768,86.3287245223,37.1787341652,0.0
175.485900373,187.552082632,37.1787341652,0.0
293.347879729,435.130973051,37.1787341652,0.0
40.6059889471,159.784733696,37.1787341652,0.0
275.412048698,158.702589584,37.1787341652,0.0
330.865555183,338.420313791,37.1787341652,0.0
64.3052268161,81.0204431474,37.1787341652,0.0
247.269210805,339.933496039,37.1787341652,0.0
156.934707674,445.483718619,37.1787341652,0.0
382.867140482,156.949318651,37.1787341652,0.0
377.070913405,465.060361718,37.1787341652,0.0
@ 480 10 0.122142732507 0.21534864055
404.696280684,292.827479042,45.2508934965,0.0
165.027200744,455.571178165,45.2508934965,0.0
312.757757709,355.509756943,45.2508934965,0.0
367.966181369,198.088372238,45.2508934965,0.0
108.587182403,170.560075387,45.2508934965,0.0
443.002521736,146.985136049,45.2508934965,0.0
234.448408231,279.47435918,45.2508934965,0.0
107.782226956,385.160698749,45.2508934965,0.0
46.8106571992,67.0066293321,45.2508934965,0.0
268.748324652,183.336398582,45.2508934965,0.0
342.342519159,46.4714194704,45.2508934965,0.0
378.142122022,435.682358595,45.2508934965,0.0
105.517690611,291.239609534,45.2508934965,0.0
@ 490 10 0.122142732507 0.319012172068
447.156787036,176.402804587,46.805900916,0.0
169.676163329,445.475479383,46.805900916,0.0
453.756918698,431.579888553,46.805900916,0.0
56.8969591292,54.8509724213,46.805900916,0.0
224.51053372,366.485863208,46.805900916,0.0
313.128225453,151.528052047,46.805900916,0.0
71.6980564982,452.322612636,46.805900916,0.0
172.145284728,236.744187728,46.805900916,0.0
54.7160335489,229.864951656,46.805900916,0.0
326.6851633,386.567911931,46.805900916,0.0
415.984347208,298.844354035,46.805900916,0.0
404.581065768,47.9153824278,46.805900916,0.0
70.4445296354,323.613140639,46.805900916,0.0
@ 500 10 0.122142732507 0.341314040513
345.59668229,422.30081732,39.5480584785,0.0
362.704454807,85.9173788948,39.5480584785,0.0
118.877019509,40.3560222298,39.5480584785,0.0
315.000834479,219.712119185,39.5480584785,0.0
385.011453009,312.207694021,39.5480584785,0.0
425.875371988,393.024618879,39.5480584785,0.0
78.5745538615,354.807525651,39.5480584785,0.0
468.202015351,106.139109683,39.5480584785,0.0
461.222104516,242.903435455,39.5480584785,0.0
150.460292026,258.551606174,39.5480584785,0.0
61.1264598943,194.202799927,39.5480584785,0.0
200.230670915,58.3404719009,39.5480584785,0.0
206.409472377,375.440091764,39.5480584785,0.0
@ 510 10 0.135658914729 0.24367067791
37.9531633529,111.023802394,37.6190777461,0.0
418.074451304,456.794231085,37.6190777461,0.0
431.964636367,372.990079819,37.6190777461,0.0
393.611286219,158.018962121,37.6190777461,0.0
99.1842548797,301.615328066,37.6190777461,0.0
374.411208914,299.032075432,37.6190777461,0.0
256.443709561,55.6839996459,37.6190777461,0.0
265.949622958,345.832399701,37.6190777461,0.0
182.477647841,380.61607184,37.6190777461,0.0
206.331910327,185.39264399,37.6190777461,0.0
87.1114211661,185.851455321,37.6190777461,0.0
145.308828084,38.7025030463,37.6190777461,0.0
267.951690158,132.98444544,37.6190777461,0.0
@ 520 10 0.135658914729 0.220480012544
431.407311079,191.328535389,44.8695678346,0.0
57.1240832417,143.199413867,44.8695678346,0.0
243.566511026,263.361317239,44.8695678346,0.0
375.254872762,77.4035574586,44.8695678346,0.0
95.394856061,373.598966224,44.8695678346,0.0
338.557717428,179.760392947,44.8695678346,0.0
233.548419052,126.692254863,44.8695678346,0.0
87.2009905081,278.665277121,44.8695678346,0.0
148.712968573,193.842493038,44.8695678346,0.0
377.359299017,410.119430865,44.8695678346,0.0
213.721292153,388.708611096,44.8695678346,0.0
146.191003679,47.4539151137,44.8695678346,0.0
303.518468309,463.82359078,44.8695678346,0.0
@ 530 10 0.135658914729 0.313658245932
254.60174765,42.3886252164,41.6292814443,0.0
146.60631501,96.0489700251,41.6292814443,0.0
331.503003648,253.146831547,41.6292814443,0.0
122.833864507,228.714801579,41.6292814443,0.0
68.9670179715,456.121289929,41.6292814443,0.0
426.810911647,252.006371223,41.6292814443,0.0
453.983694336,348.933458129,41.6292814443,0.0
383.523244884,141.659984608,41.6292814443,0.0
324.569303297,424.37126579,41.6292814443,0.0
240.934008984,282.253671459,41.6292814443,0.0
126.084827159,385.440615944,41.6292814443,0.0
242.970989335,382.015604802,41.6292814443,0.0
315.525012835,339.817183638,41.6292814443,0.0
@ 540 10 0.135658914729 0.269991918918
184.732344162,81.2374753278,38.6685810342,0.0
93.0758861857,296.732612443,38.6685810342,0.0
453.643747498,124.372125142,38.6685810342,0.0
161.087984561,334.448375057,38.6685810342,0.0
310.426968932,345.928805592,38.6685810342,0.0
185.249277437,420.783495538,38.6685810342,0.0
195.20350775,162.722139705,38.6685810342,0.0
386.080561383,84.9645373734,38.6685810342,0.0
79.0376090498,460.032436087,38.6685810342,0.0
92.6834428585,180.981936323,38.6685810342,0.0
408.651962809,451.043214014,38.6685810342,0.0
348.442470498,201.38762862,38.6685810342,0.0
295.140414938,133.914368403,38.6685810342,0.0
@ 550 10 0.135658914729 0.232953589956
185.413461937,317.854059766,45.5911432831,0.0
384.314080794,47.4038495156,45.5911432831,0.0
435.391092832,167.929242657,45.5911432831,0.0
142.485950929,62.5503523713,45.5911432831,0.0
413.197804608,413.089680732,45.5911432831,0.0
107.439627786,173.842138021,45.5911432831,0.0
55.3262632804,305.368323392,45.5911432831,0.0
326.431692948,441.316300014,45.5911432831,0.0
279.999512486,103.131195916,45.5911432831,0.0
221.894331536,416.576658928,45.5911432831,0.0
395.52727563,293.71604485,45.5911432831,0.0
247.941980302,239.96949089,45.5911432831,0.0
48.6753620457,410.48611064,45.5911432831,0.0
@ 560 10 0.135658914729 0.323827630748
220.104799719,139.222597662,39.902342686,0.0
421.772457208,70.7552395103,39.902342686,0.0
104.413256541,187.547203144,39.902342686,0.0
245.351338695,256.159233563,39.902342686,0.0
453.012112973,416.088116544,39.902342686,0.0
437.850245408,310.296935681,39.902342686,0.0
85.0684299974,99.8605435563,39.902342686,0.0
161.146348144,309.069644095,39.902342686,0.0
165.158740249,425.089522391,39.902342686,0.0
339.678534595,279.157847011,39.902342686,0.0
266.776625406,345.441599114,39.902342686,0.0
64.4634075041,471.739605793,39.902342686,0.0
305.117441969,176.715097548,39.902342686,0.0
@ 570 10 0.135658914729 0.248055993212
405.609543678,251.997873166,43.111092178,0.0
343.193050135,371.938322697,43.111092178,0.0
255.970211031,139.323393448,43.111092178,0.0
252.345583898,451.494813964,43.111092178,0.0
182.208263355,250.380470679,43.111092178,0.0
169.158558508,160.54214826,43.111092178,0.0
466.710294744,445.354040968,43.111092178,0.0
95.7678088265,212.891314916,43.111092178,0.0
381.665490914,462.211492061,43.111092178,0.0
313.524509899,218.887417951,43.111092178,0.0
342.060779934,47.51746955,43.111092178,0.0
121.762397703,83.7916027157,43.111092178,0.0
61.8652718625,299.556671554,43.111092178,0.0
@ 580 10 0.135658914729 0.289554945589
310.636911614,99.8758460297,40.4035764153,0.0
384.148886121,343.624795032,40.4035764153,0.0
169.354891729,103.512477234,40.4035764153,0.0
111.502024019,40.9418336675,40.4035764153,0.0
50.1556096189,96.7423266717,40.4035764153,0.0
468.760204827,46.4872212127,40.4035764153,0.0
347.790356824,220.362647124,40.4035764153,0.0
269.953839112,362.657044101,40.4035764153,0.0
259.014503069,459.122697913,40.4035764153,0.0
453.063441588,426.539501613,40.4035764153,0.0
160.471944078,231.181626612,40.4035764153,0.0
45.5832177762,396.601744924,40.4035764153,0.0
72.1258588713,217.431409066,40.4035764153,0.0
@ 590 10 0.135658914729 0.254327050689
438.250808719,128.770663536,41.79055776,0.0
292.253836594,467.484483313,41.79055776,0.0
147.609371555,193.490656278,41.79055776,0.0
165.301684869,408.825248132,41.79055776,0.0
339.314808401,395.789185756,41.79055776,0.0
462.833796238,220.388477006,41.79055776,0.0
390.55454582,50.9616502132,41.79055776,0.0
276.385770933,143.053093529,41.79055776,0.0
442.762242421,403.808694887,41.79055776,0.0
178.159784772,282.04289392,41.79055776,0.0
124.586358465,48.5995271709,41.79055776,0.0
293.439692296,268.244571984,41.79055776,0.0
372.544945114,187.334694356,41.79055776,0.0
@ 600 10 0.135658914729 0.272087926639
464.971742057,407.941298167,45.1177045875,0.0
340.953974096,288.255824481,45.1177045875,0.0
341.904872925,383.448055606,45.1177045875,0.0
225.569601231,205.729682935,45.1177045875,0.0
128.598567467,104.889904122,45.1177045875,0.0
263.085635796,75.4348134489,45.1177045875,0.0
51.824912924,296.788659579,45.1177045875,0.0
145.328118866,454.592630372,45.1177045875,0.0
465.468145985,174.125607335,45.1177045875,0.0
179.577210082,365.026245146,45.1177045875,0.0
133.878666315,253.36867479,45.1177045875,0.0
341.161644728,156.822725117,45.1177045875,0.0
441.96404035,315.58184302,45.1177045875,0.0
@ 610 10 0.152538679451 0.317137011151
376.216718406,260.889718932,45.0158533357,0.0
264.68058126,371.645835083,45.0158533357,0.0
78.216235909,114.065869495,45.0158533357,0.0
462.357382215,208.869168474,45.0158533357,0.0
49.2571351638,397.465848935,45.0158533357,0.0
459.544525371,92.9654008451,45.0158533357,0.0
170.915477905,440.910669491,45.0158533357,0.0
273.547547092,211.937141275,45.0158533357,0.0
345.058271504,154.87981123,45.0158533357,0.0
454.690949651,341.594357616,45.0158533357,0.0
250.486445755,76.9986131927,45.0158533357,0.0
66.1137627946,241.867676241,45.0158533357,0.0
458.631530797,441.688611176,45.0158533357,0.0
@ 620 10 0.152538679451 0.315706781353
96.5446220878,104.51058249,47.588403661,0.0
242.321114931,300.452997282,47.588403661,0.0
410.400982971,185.179217388,47.588403661,0.0
188.180778534,75.8948655693,47.588403661,0.0
344.197904404,321.484304936,47.588403661,0.0
105.997765882,308.778931645,47.588403661,0.0
412.675008857,76.5430505861,47.588403661,0.0
445.601600184,274.064009101,47.588403661,0.0
53.3352990115,420.132839376,47.588403661,0.0
444.042380299,427.111903568,47.588403661,0.0
136.814841596,203.598865768,47.588403661,0.0
205.398373276,458.599455384,47.588403661,0.0
313.639537668,113.145839239,47.588403661,0.0
@ 630 10 0.152538679451 0.352821636263
212.102794628,283.768120043,37.9783565979,0.0
156.507095902,364.275390134,37.9783565979,0.0
448.729349461,309.606232421,37.9783565979,0.0
294.540667688,82.5684735971,37.9783565979,0.0
288.979445918,262.521789492,37.9783565979,0.0
444.400122749,130.001412986,37.9783565979,0.0
109.113778684,45.3933948119,37.9783565979,0.0
311.225350604,465.030021536,37.9783565979,0.0
199.384324622,85.2426865714,37.9783565979,0.0
100.845957832,290.207889433,37.9783565979,0.0
91.425904365,206.457537366,37.9783565979,0.0
139.385832917,463.6317944,37.9783565979,0.0
230.669843712,190.081999099,37.9783565979,0.0
@ 640 10 0.152538679451 0.224711486252
