10 13 0.0873362445415 0.203511747121 0.0345203614504 149.018451 0 0.1 0.38873 0.389423076923 200.679668755 70 0.34143532346
20 13 0.0873362445415 0.269372382094 0.0310270187377 54.9038472059 0 0.1 0.40496 0.393148450245 151.61416951 70 0.34143532346
30 13 0.0873362445415 0.323714029974 0.0445803032398 36.9202566301 0 0.1 0.35598 0.388888888889 126.162804878 70 0.34143532346
40 13 0.0873362445415 0.161331471866 0.0294462991239 81.9708863482 0 0.1 0.40131 0.421296296296 253.147569583 70 0.34143532346
50 13 0.0873362445415 0.25693265876 0.0563284426227 36.000615906 0 0.1 0.40068 0.45718901454 158.954763467 70 0.34143532346
60 13 0.0873362445415 0.252141120901 0.0341276100485 56.4213151501 0 0.1 0.3597 0.350734094617 161.975443966 70 0.34143532346
70 13 0.0873362445415 0.283251858269 0.0346100766153 41.5867982016 0 0.1 0.37094 0.375816993464 144.185002879 70 0.34143532346
80 13 0.0873362445415 0.261986619557 0.0333927815821 50.2151554331 0 0.1 0.44318 0.455974842767 155.888381128 70 0.34143532346
90 13 0.0873362445415 0.142291427355 0.0463367142495 64.2025569364 0 0.1 0.38698 0.385852090032 287.021296778 70 0.34143532346
100 13 0.0873362445415 0.212110196696 0.0301359799018 60.9177036337 0 0.1 0.43948 0.449455676516 192.544585956 70 0.34143532346
110 13 0.0940354648039 0.361215754117 0.051862256857 25.9038191261 0 0.1 0.40292 0.348111658456 113.064476105 0 0.371481144347
120 13 0.0940354648039 0.246153035903 0.0276696691712 52.6372059181 0 0.1 0.37858 0.338095238095 165.915768011 0 0.371481144347
130 13 0.0940354648039 0.259325468261 0.0253846943097 57.5268292841 0 0.1 0.4283 0.406557377049 157.488079647 0 0.371481144347
140 13 0.0940354648039 0.239846310652 0.0219306346468 46.1495246463 0 0.1 0.41838 0.42071197411 170.278499965 0 0.371481144347
150 13 0.0940354648039 0.248715885796 0.0203580955374 44.647678118 0 0.1 0.36004 0.339314845024 164.206117632 0 0.371481144347
160 13 0.0940354648039 0.229508432059 0.0503790418464 33.3906237013 0 0.1 0.36418 0.368852459016 177.948451103 0 0.371481144347
170 13 0.0940354648039 0.288555981141 0.0485907533333 28.2202947619 0 0.1 0.44181 0.460587326121 141.534650706 0 0.371481144347
180 13 0.0940354648039 0.247467779233 0.0412466963026 58.4824651764 0 0.1 0.37322 0.397129186603 165.034293057 0 0.371481144347
190 13 0.0940354648039 0.225924758993 0.0281168754658 31.5491420257 0 0.1 0.42712 0.410459587956 180.771112392 0 0.371481144347
200 13 0.0940354648039 0.25164777159 0.0322327590634 63.5759403854 0 0.1 0.43898 0.431561996779 162.292992868 0 0.371481144347
210 13 0.101847810272 0.343571725226 0.0381065360758 41.4459959761 0 0.1 0.39643 0.363184079602 118.870870335 0 0.371481144347
220 13 0.101847810272 0.214560066782 0.0212358800324 42.4357229876 0 0.1 0.40146 0.388106416275 190.346091015 0 0.371481144347
230 13 0.101847810272 0.285188257847 0.0236730125323 33.392363389 0 0.1 0.39532 0.453149001536 143.206001216 0 0.371481144347
240 13 0.101847810272 0.217337545984 0.0535155270846 38.2591979019 0 0.1 0.4206 0.3984 187.913550855 0 0.37511247059
250 13 0.101847810272 0.245085678961 0.0248294795304 51.7197102743 0 0.1 0.3985 0.428120063191 166.638337144 0 0.37511247059
260 13 0.101847810272 0.373511414084 0.041717759322 28.4822129308 0 0.1 0.42872 0.4375 109.342495196 0 0.37511247059
270 13 0.101847810272 0.250390492111 0.0428842727409 40.9950777385 0 0.1 0.39967 0.425742574257 163.107910591 0 0.37511247059
280 13 0.101847810272 0.294171137678 0.044254093906 37.0092246503 0 0.1 0.44559 0.355155482815 138.8330287 0 0.37511247059
290 13 0.101847810272 0.233343476972 0.0407477136664 58.2813993075 0 0.1 0.38081 0.35534591195 175.023834092 0 0.37511247059
300 13 0.101847810272 0.286880714975 0.0289288027463 34.7824443054 0 0.1 0.43317 0.409309791332 142.36115524 0 0.37511247059
310 13 0.111075848937 0.298857580221 0.0352347490337 40.8478568516 0 0.1 0.40725 0.350237717908 136.655961578 0 0.37511247059
320 13 0.111075848937 0.237160150303 0.0467383310635 41.7772579241 0 0.1 0.38506 0.407633587786 172.207134916 0 0.37511247059
330 13 0.111075848937 0.290409394624 0.0258808167892 49.8043560087 0 0.1 0.41805 0.371794871795 140.631366464 0 0.37511247059
340 13 0.111075848937 0.288743740414 0.0257020201283 25.3400491072 0 0.1 0.37214 0.403565640194 141.442616008 0 0.37511247059
350 13 0.111075848937 0.295302583909 0.0481868740609 37.0582016703 0 0.1 0.43668 0.389067524116 138.301092593 0 0.37511247059
360 13 0.111075848937 0.265142995618 0.0318279727479 27.1372764739 0 0.1 0.40027 0.447409733124 154.032618908 0 0.37511247059
370 13 0.111075848937 0.256916633777 0.0268039127718 24.5017030255 0 0.1 0.38849 0.396774193548 158.964678151 0 0.37511247059
380 13 0.111075848937 0.283009128113 0.0358447289485 30.0187713443 0 0.1 0.42227 0.436597110754 144.308666905 0 0.37511247059
390 13 0.111075848937 0.2924164519 0.0413468849119 35.5504102435 0 0.1 0.37746 0.395384615385 139.666115687 0 0.37511247059
400 13 0.111075848937 0.283199652827 0.0201861495686 40.545732367 0 0.1 0.40546 0.430359937402 144.211582155 0 0.37511247059
410 13 0.122142732507 0.26879023027 0.0312145130439 28.2394566045 0 0.1 0.39159 0.398753894081 151.942538831 0 0.37511247059
420 13 0.122142732507 0.296398920277 0.027509019642 29.6588357327 0 0.1 0.43513 0.451219512195 137.789537026 0 0.37511247059
430 13 0.122142732507 0.217345319025 0.0265820735411 38.8437402201 0 0.1 0.4269 0.432432432432 187.906830399 0 0.37511247059
440 13 0.122142732507 0.276205082607 0.0243474893219 40.3524216069 0 0.1 0.38608 0.374803149606 147.86357157 0 0.37511247059
450 13 0.122142732507 0.28030788834 0.0303328478083 36.8784072965 0 0.1 0.41722 0.450331125828 145.69932456 0 0.37511247059
460 13 0.122142732507 0.259808795644 0.0340009304371 44.4982168158 0 0.1 0.37939 0.381180223285 157.195101493 0 0.37511247059
470 13 0.122142732507 0.284548760448 0.0539904164422 47.6956092463 0 0.1 0.39321 0.392405063291 143.527843648 0 0.388820057065
480 13 0.122142732507 0.274101297089 0.0348013088689 46.7462847596 0 0.1 0.4538 0.454954954955 148.998455803 0 0.388820057065
490 13 0.122142732507 0.281090668217 0.0498428902407 20.6389401492 0 0.1 0.42315 0.450858034321 145.293581815 0 0.388820057065
500 13 0.122142732507 0.270287009001 0.0514239475093 23.4562415121 0 0.1 0.38882 0.431561996779 151.101120808 0 0.391686994616
510 13 0.135658914729 0.237626631883 0.0360525442361 27.3769244873 0 0.1 0.38195 0.342281879195 171.869077453 0 0.391686994616
520 13 0.135658914729 0.215168521476 0.041273671038 50.1505200524 0 0.1 0.40601 0.381493506494 189.807829323 0 0.391686994616
530 13 0.135658914729 0.322630739696 0.0364632024269 42.974068354 0 0.1 0.36236 0.432216905901 126.586419008 0 0.391686994616
540 13 0.135658914729 0.368086883845 0.0487170769432 27.103576239 0 0.1 0.42147 0.402866242038 110.953885597 0 0.391686994616
550 13 0.135658914729 0.249869326971 0.0318071579453 46.8954945036 0 0.1 0.33652 0.295081967213 163.44811304 0 0.391686994616
560 13 0.135658914729 0.310091407641 0.030225185345 27.6441196208 0 0.1 0.40909 0.393939393939 131.705261719 0 0.391686994616
570 13 0.135658914729 0.34228571377 0.0331089479647 29.4810115143 0 0.1 0.38446 0.479750778816 119.317483485 0 0.391686994616
580 13 0.135658914729 0.273196546259 0.0290287315835 28.9090296198 0 0.1 0.39534 0.390625 149.491897168 0 0.391686994616
590 13 0.135658914729 0.240621028728 0.0311046665346 43.5393330738 0 0.1 0.46218 0.46835443038 169.730260966 0 0.391686994616
600 13 0.135658914729 0.278789834277 0.0195507111425 41.6672595401 0 0.1 0.4008 0.375 146.492680072 0 0.391686994616
610 13 0.152538679451 0.323409863201 0.0512582358711 24.9328225745 0 0.1 0.41543 0.380560131796 126.281460917 0 0.391686994616
620 13 0.152538679451 0.244395120653 0.0442749912986 65.9578406942 0 0.1 0.35693 0.378246753247 167.109187331 0 0.411536852543
630 13 0.152538679451 0.327250745865 0.0453017728019 41.80353858 0 0.1 0.40559 0.428343949045 124.799318309 0 0.411536852543
640 13 0.152538679451 0.261073029777 0.0255420053446 51.3296028647 0 0.1 0.39779 0.458670988655 156.433891447 0 0.411536852543
650 13 0.152538679451 0.359617615132 0.0316187955638 29.4419340658 0 0.1 0.36692 0.335483870968 113.566934103 0 0.411536852543
660 13 0.152538679451 0.286154756306 0.0424949532486 35.0598411967 0 0.1 0.4428 0.410174880763 142.722317557 0 0.411536852543
670 13 0.152538679451 0.293781944648 0.0376216912701 38.1243640957 0 0.1 0.4141 0.354471544715 139.016950306 0 0.411536852543
680 13 0.152538679451 0.284041837703 0.0430057809215 37.162411273 0 0.1 0.40088 0.477917981073 143.783994394 0 0.411536852543
690 13 0.152538679451 0.280258487392 0.0345571303715 32.5294045272 0 0.1 0.34416 0.376722817764 145.725006868 0 0.411536852543
700 13 0.152538679451 0.259259175378 0.0634383155765 39.4288342478 0 0.1 0.3835 0.429712460064 157.528349538 0 0.425155206614
710 13 0.174216027875 0.274043773204 0.0273005906308 46.0515310082 0 0.1 0.43956 0.411483253589 149.02973172 0 0.425155206614
720 13 0.174216027875 0.301470728585 0.0324582992035 46.8161366032 0 0.1 0.42356 0.385365853659 135.471427663 0 0.425155206614
730 13 0.174216027875 0.30154854579 0.0338538907646 39.0310169924 0 0.1 0.35088 0.377450980392 135.436468092 0 0.425155206614
740 13 0.174216027875 0.325691856695 0.037889097366 33.010600545 0 0.1 0.40129 0.36569579288 125.396656872 0 0.425155206614
750 13 0.174216027875 0.263352444203 0.0352356559837 41.4233695336 0 0.1 0.37877 0.425925925926 155.079897297 0 0.425155206614
760 13 0.174216027875 0.291821492761 0.0385445103602 43.2293325795 0 0.1 0.39732 0.408293460925 139.950863843 0 0.425155206614
770 13 0.174216027875 0.338376228488 0.0487473245556 24.9922212988 0 0.1 0.43922 0.38338658147 120.69603761 0 0.425155206614
780 13 0.174216027875 0.379747235395 0.0308279016251 22.0278944483 0 0.1 0.40127 0.383886255924 107.546984397 0 0.425155206614
790 13 0.174216027875 0.276324645937 0.0527813249563 37.8282248945 0 0.1 0.40294 0.459293394777 147.799592257 0 0.428474011242
800 13 0.174216027875 0.312878967035 0.0258056343559 40.9411285578 0 0.1 0.3599 0.40412044374 130.531848743 0 0.428474011242
810 13 0.203075137801 0.315451235762 0.0244467181191 29.3097485146 0 0.1 0.40653 0.373182552504 129.467459214 0 0.454556259833
820 13 0.203075137801 0.33542120737 0.0246769401683 23.9971844735 0 0.1 0.37364 0.392537313433 121.759355409 0 0.454556259833
830 13 0.203075137801 0.386605482134 0.0366939798436 33.0681736248 0 0.1 0.39298 0.413373860182 105.639138314 0 0.454556259833
840 13 0.203075137801 0.403734716798 0.0397607847921 30.4341477853 0 0.1 0.42632 0.429457364341 101.157191346 0 0.454556259833
850 13 0.203075137801 0.386211225861 0.044614107883 33.6202724435 0 0.1 0.3908 0.395041322314 105.746977988 0 0.454556259833
860 13 0.203075137801 0.392631920928 0.0330217737575 31.1923365796 0 0.1 0.4288 0.405063291139 104.017701626 0 0.454556259833
870 13 0.203075137801 0.316814860151 0.0269450577133 38.7785515561 0 0.1 0.38629 0.400635930048 128.910209517 0 0.454556259833
880 13 0.203075137801 0.314948244212 0.0438160392566 32.8344547495 0 0.1 0.4245 0.351081530782 129.674226641 0 0.454556259833
890 13 0.203075137801 0.392563412145 0.0340288008578 32.5832722236 0 0.1 0.38243 0.359677419355 104.035854429 0 0.454556259833
900 13 0.203075137801 0.421505063023 0.037570395672 24.9158760158 0 0.1 0.45796 0.465818759936 96.8924778912 0 0.454556259833
910 13 0.243393602225 0.435472413655 0.0392109175926 23.0752899607 0 0.1 0.43535 0.416938110749 93.7847466783 0 0.454556259833
920 13 0.243393602225 0.41479848758 0.0331649870242 34.7623247502 0 0.1 0.36929 0.335570469799 98.4590619852 0 0.454556259833
930 13 0.243393602225 0.399644374698 0.0278359959194 29.8860058645 0 0.1 0.39814 0.332794830372 102.192530624 0 0.454556259833
940 13 0.243393602225 0.418535859442 0.0339974231031 30.8084939578 0 0.1 0.45947 0.402457757296 97.5798586397 0 0.454556259833
950 13 0.243393602225 0.292324046957 0.0313658351222 20.8403815933 0 0.1 0.41075 0.33655394525 139.710264773 0 0.454556259833
960 13 0.243393602225 0.350945671766 0.0427947697865 28.1383502023 0 0.1 0.40974 0.403624382208 116.373197579 0 0.454556259833
970 13 0.243393602225 0.376878984225 0.0400860788051 37.3578130315 0 0.1 0.34033 0.346534653465 108.36547462 0 0.454556259833
980 13 0.243393602225 0.402685467986 0.0419135478478 29.4004137097 0 0.1 0.396 0.391025641026 101.420769427 0 0.454556259833
990 13 0.243393602225 0.359400123737 0.0258131284757 18.0346569755 0 0.1 0.42401 0.444444444444 113.635659263 0 0.454556259833
1000 13 0.243393602225 0.379321616272 0.0409215359177 27.9937842501 0 0.1 0.379 0.391167192429 107.667657861 0 0.454556259833
1010 13 0.303687635575 0.513128267822 0.0442960487068 18.432364903 0 0.1 0.42278 0.396850393701 79.5915418446 0 0.513128267822
1020 13 0.303687635575 0.411616329666 0.0227795546795 28.9933191008 0 0.1 0.36979 0.446009389671 99.2202375283 0 0.513128267822
1030 13 0.303687635575 0.366806853388 0.0213430320353 42.6418246135 0 0.1 0.44418 0.4272 111.341076708 0 0.513128267822
1040 13 0.303687635575 0.395486405439 0.0325388330958 17.2609012885 0 0.1 0.39324 0.40487804878 103.266937721 0 0.513128267822
1050 13 0.303687635575 0.398477341015 0.0197257639968 20.2377906867 0 0.1 0.43375 0.365573770492 102.491825247 0 0.513128267822
1060 13 0.303687635575 0.408115079306 0.0483514754134 19.5595532477 0 0.1 0.38676 0.354785478548 100.071455506 0 0.513128267822
1070 13 0.303687635575 0.371947527412 0.0295483804256 23.4243026174 0 0.1 0.47028 0.447284345048 109.802235504 0 0.513128267822
1080 13 0.303687635575 0.360085042927 0.035308681037 36.3659180359 0 0.1 0.37232 0.378912685338 113.419512424 0 0.513128267822
1090 13 0.303687635575 0.417969322112 0.0316577188263 23.0273122673 0 0.1 0.42334 0.420807453416 97.7121234488 0 0.513128267822
1100 13 0.303687635575 0.373681134306 0.0325824542193 23.4491286331 0 0.1 0.4438 0.436274509804 109.292833517 0 0.513128267822
1110 13 0.40369088812 0.431614246328 0.0211407987691 23.705922361 0 0.1 0.40303 0.371666666667 94.623081484 10 0.513128267822
1120 13 0.40369088812 0.366952549456 0.0271831575417 28.0134356782 0 0.1 0.39685 0.400326797386 111.296869474 10 0.513128267822
1130 13 0.40369088812 0.450855214125 0.0452245064613 22.2431795795 0 0.1 0.41287 0.391236306729 90.58489005 10 0.513128267822
1140 13 0.40369088812 0.409024390441 0.027399182176 19.8692351239 0 0.1 0.38717 0.365573770492 99.8489844481 10 0.513128267822
1150 13 0.40369088812 0.430115132028 0.026471562606 16.2645748746 0 0.1 0.37908 0.392801251956 94.9528787965 10 0.513128267822
1160 13 0.40369088812 0.407004010742 0.0301035350505 27.1272588392 0 0.1 0.44064 0.448795180723 100.344637699 10 0.513128267822
1170 13 0.40369088812 0.419625947767 0.0314710492964 13.7600361305 0 0.1 0.40336 0.405103668262 97.3263693947 10 0.513128267822
1180 13 0.40369088812 0.390852002551 0.0155217767547 29.7106406794 0 0.1 0.36035 0.377049180328 104.49139248 10 0.513128267822
1190 13 0.40369088812 0.450348405244 0.0408856159101 24.4405064189 0 0.1 0.42175 0.437603993344 90.6868316273 10 0.513128267822
1200 13 0.40369088812 0.332698744878 0.0479841210931 40.5477981112 0 0.1 0.36237 0.384737678855 122.755708065 10 0.524522371123
1210 13 0.601891659501 0.48999184448 0.0328474448373 29.670707116 0 0.1 0.38525 0.327814569536 83.349693388 0 0.529379555422
1220 13 0.601891659501 0.487475284791 0.0268487459061 24.5517100819 0 0.1 0.40273 0.349606299213 83.7799807995 0 0.529379555422
1230 13 0.601891659501 0.51143986946 0.0323699870655 18.3623907804 0 0.1 0.38 0.383012820513 79.8542945882 0 0.529379555422
1240 13 0.601891659501 0.466415013767 0.0337082146542 30.2062136911 0 0.1 0.41994 0.412202380952 87.5629402882 0 0.536197313079
1250 13 0.601891659501 0.417924336644 0.0261780779282 19.8429859361 0 0.1 0.4041 0.405660377358 97.7226412032 0 0.536197313079
1260 13 0.601891659501 0.474781397013 0.0278129488141 18.3807634912 0 0.1 0.33504 0.367088607595 86.0199457202 0 0.536197313079
1270 13 0.601891659501 0.491114667589 0.0290198888425 18.2095256438 0 0.1 0.383 0.371610845295 83.1591330809 0 0.536197313079
1280 13 0.601891659501 0.503220275654 0.0291615451959 23.3968902299 0 0.1 0.40168 0.4192 81.1586336559 0 0.536197313079
1290 13 0.601891659501 0.502561563407 0.0274773306377 18.050157792 0 0.1 0.37916 0.40490797546 81.2650090531 0 0.536197313079
1300 13 0.601891659501 0.495458179437 0.0298507738329 24.6016036954 0 0.1 0.44764 0.406666666667 82.4301054963 0 0.536197313079
1310 13 1.18243243243 0.555068957084 0.0239634271755 17.3788997803 0 0.1 0.40299 0.36569579288 73.5776509906 50 0.597090314546
1320 13 1.18243243243 0.546071067075 0.0212675806776 11.1693454296 0 0.1 0.38689 0.383223684211 74.7900272739 50 0.597090314546
1330 13 1.18243243243 0.537187017472 0.0225533482728 6.98888815199 0 0.1 0.41799 0.48 76.0269118048 50 0.597090314546
1340 13 1.18243243243 0.574206279791 0.021729890605 13.1024588747 0 0.1 0.38097 0.357371794872 71.1254325098 50 0.597090314546
1350 13 1.18243243243 0.561239730237 0.0250443299096 11.413307165 0 0.1 0.37873 0.388012618297 72.7686722798 50 0.614044676984
1360 13 1.18243243243 0.522676997368 0.0302820140544 16.3297398377 0 0.1 0.46488 0.46214511041 78.1374925731 50 0.614044676984
1370 13 1.18243243243 0.557349021251 0.0130187525584 11.6768644041 0 0.1 0.42396 0.43769470405 73.2766515106 50 0.614044676984
1380 13 1.18243243243 0.56670686387 0.0217526297612 7.25925171066 0 0.1 0.37568 0.374795417349 72.0666584504 50 0.614044676984
1390 13 1.18243243243 0.554355800839 0.0189615278591 5.55742478419 0 0.1 0.404 0.409448818898 73.6723056531 50 0.614044676984
1400 13 1.18243243243 0.511775186399 0.0173415610157 11.392160136 0 0.1 0.40477 0.42928452579 79.8019737677 50 0.614044676984
1410 13 33.3333333333 0.702245523093 0.0588806776084 0.203797745029 0 0.1 0.79115 0.734527687296 58.1572522102 300 0.702245523093
1420 13 33.3333333333 0.70358953429 0.000886461454552 0.00460999213395 0 0.1 0.40484 0.337078651685 58.0461590311 300 0.705588498426
1430 13 33.3333333333 0.706066909089 0.000968098608099 0.00179474445993 0 0.1 0.35454 0.38698630137 57.8424926509 300 0.706066909089
1440 13 33.3333333333 0.704004698788 0.00107129883798 0.00285588643856 0 0.1 0.35029 0.323777403035 58.0119281452 300 0.707165816567
1450 13 33.3333333333 0.706582113414 0.000639469850535 0.00224139143418 0 0.1 0.39835 0.361904761905 57.8003167993 300 0.707165816567
1460 13 33.3333333333 0.704521495444 0.00149831815847 0.00412241606324 0 0.1 0.43025 0.427701674277 57.9693739142 300 0.708290568568
1470 13 33.3333333333 0.704226594265 0.00183928664582 0.00406889021162 0 0.1 0.37235 0.381967213115 57.9936491076 300 0.708436488028
1480 13 33.3333333333 0.704839567783 0.00141495275758 0.00271520561992 0 0.1 0.45307 0.460674157303 57.9432141253 300 0.708436488028
1490 13 33.3333333333 0.703259296173 0.00128043115397 0.00386762699122 0 0.1 0.38848 0.398473282443 58.0734164799 300 0.708436488028
1500 13 33.3333333333 0.704030020048 0.001017127583 0.00417676480531 0 0.1 0.48165 0.496240601504 58.0098416787 300 0.708436488028
