10 13 0.0873362445415 0.293302788602 0.0353502798811 70.1812201159 3 0.1 0.43533 0.425894378194 139.244056269 60 0.345029916937
20 13 0.0873362445415 0.249992454948 0.0295234682906 63.2648188187 3 0.1 0.40647 0.350649350649 163.367610469 60 0.345029916937
30 13 0.0873362445415 0.187132675624 0.0386257070336 65.975858678 3 0.1 0.33596 0.384364820847 218.244461389 60 0.345029916937
40 13 0.0873362445415 0.294517551842 0.0401582118526 40.6114185066 3 0.1 0.39038 0.405103668262 138.669732057 60 0.345029916937
50 13 0.0873362445415 0.254191419244 0.0306869523104 45.5827675545 3 0.1 0.42434 0.370192307692 160.668956181 60 0.345029916937
60 13 0.0873362445415 0.282616945429 0.0387739168967 41.7578968409 3 0.1 0.37489 0.36393442623 144.508921565 60 0.345029916937
70 13 0.0873362445415 0.266088159926 0.0412416513061 25.8469533046 3 0.1 0.40759 0.378594249201 153.485483951 60 0.345029916937
80 13 0.0873362445415 0.172648407111 0.039988913306 61.2893646102 3 0.1 0.37271 0.390243902439 236.553992495 60 0.345029916937
90 13 0.0873362445415 0.244989796742 0.0387266269662 53.3167683716 3 0.1 0.39828 0.467862481315 166.703554773 60 0.345029916937
100 13 0.0873362445415 0.326220692662 0.0518871789606 39.2542961111 3 0.1 0.45979 0.451515151515 125.193376505 60 0.345029916937
110 13 0.0940354648039 0.245831639297 0.0423809500556 40.0252960192 3 0.1 0.40167 0.368595041322 166.132683803 0 0.345029916937
120 13 0.0940354648039 0.221366347516 0.0441227905749 65.3543491845 3 0.1 0.35551 0.419871794872 184.49358025 0 0.345029916937
130 13 0.0940354648039 0.301866945046 0.0427705350991 38.3310721203 3 0.1 0.37537 0.375 135.293614191 0 0.345029916937
140 13 0.0940354648039 0.256151781196 0.0271562799216 47.2561707508 3 0.1 0.41643 0.433070866142 159.439336355 0 0.345029916937
150 13 0.0940354648039 0.255200757244 0.0332750226882 38.2078832178 3 0.1 0.40897 0.451559934319 160.033498493 0 0.345029916937
160 13 0.0940354648039 0.233061437127 0.0348686839991 41.2494475869 3 0.1 0.34643 0.339344262295 175.235639596 0 0.345029916937
170 13 0.0940354648039 0.244447540555 0.0376148868145 38.8469125899 3 0.1 0.41432 0.441455696203 167.073352046 0 0.345029916937
180 13 0.0940354648039 0.265862967094 0.0268545494641 49.7281739938 3 0.1 0.36255 0.387312186978 153.615490139 0 0.345029916937
190 13 0.0940354648039 0.229284667977 0.0376537330535 38.4207813719 3 0.1 0.41297 0.383627608347 178.122115012 0 0.345029916937
200 13 0.0940354648039 0.258726765129 0.0327548060602 40.3951698487 3 0.1 0.37382 0.440729483283 157.852512783 0 0.345029916937
210 13 0.101847810272 0.18358507088 0.0373979415804 57.209473528 3 0.1 0.34781 0.383333333333 222.461825487 0 0.345029916937
220 13 0.101847810272 0.19960942791 0.0271300650756 63.8991114062 3 0.1 0.39556 0.4134762634 204.602910933 0 0.345029916937
230 13 0.101847810272 0.208745034592 0.0369578049694 34.6733096065 3 0.1 0.44311 0.428341384863 195.648581916 0 0.345029916937
240 13 0.101847810272 0.273137753151 0.0324373554723 36.3418505959 3 0.1 0.40134 0.398724082935 149.524075412 0 0.345029916937
250 13 0.101847810272 0.198460466751 0.0379175581593 52.0415614729 3 0.1 0.39003 0.421585160202 205.787432977 0 0.345029916937
260 13 0.101847810272 0.251731062758 0.0271571554966 40.4908366427 3 0.1 0.41413 0.427876823339 162.239294399 0 0.345029916937
270 13 0.101847810272 0.262439701416 0.0338677527695 52.8856070733 3 0.1 0.39217 0.370253164557 155.619251888 0 0.345029916937
280 13 0.101847810272 0.236074412577 0.0375327137054 49.1317483598 3 0.1 0.39486 0.376 172.99913851 0 0.345029916937
290 13 0.101847810272 0.267819974262 0.0405296089526 26.0285455902 3 0.1 0.42616 0.392523364486 152.492995015 0 0.345029916937
300 13 0.101847810272 0.208342087771 0.0285479491503 49.1970727843 3 0.1 0.43045 0.489430894309 196.026978692 0 0.345029916937
310 13 0.111075848937 0.268705046454 0.0324918926774 39.108212019 3 0.1 0.40258 0.4359375 151.990707056 0 0.345029916937
320 13 0.111075848937 0.256301959654 0.0376134686393 50.4781455761 3 0.1 0.37268 0.404153354633 159.345913918 0 0.362707165099
330 13 0.111075848937 0.203212034792 0.0367962353753 62.2647071181 3 0.1 0.38684 0.328308207705 200.975646161 0 0.362707165099
340 13 0.111075848937 0.297195284468 0.0390080472841 37.6711801968 3 0.1 0.43337 0.406593406593 137.420316318 0 0.362707165099
350 13 0.111075848937 0.197628107722 0.041019841951 74.3430559037 3 0.1 0.39301 0.378194207836 206.654156996 0 0.362707165099
360 13 0.111075848937 0.279786799824 0.046339281283 35.9949313015 3 0.1 0.41144 0.396774193548 145.970682054 0 0.362707165099
370 13 0.111075848937 0.226801090567 0.0611636905345 52.9590559472 3 0.1 0.39712 0.4 180.072635003 0 0.374144565277
380 13 0.111075848937 0.345374260481 0.0620922680036 28.2106325159 3 0.1 0.41801 0.407012195122 118.250473973 0 0.374144565277
390 13 0.111075848937 0.296439926557 0.0362780126023 32.2561862541 3 0.1 0.39249 0.383667180277 137.770476718 0 0.374144565277
400 13 0.111075848937 0.28534348417 0.0247543004536 43.0857812111 3 0.1 0.43427 0.384136858476 143.128097419 0 0.374144565277
410 13 0.122142732507 0.290958206493 0.0471661239173 27.6670455645 3 0.1 0.43999 0.398461538462 140.366104439 0 0.375221708987
420 13 0.122142732507 0.25695070025 0.0355230587316 62.529114953 3 0.1 0.39808 0.401898734177 158.943602645 0 0.375221708987
430 13 0.122142732507 0.316943510857 0.040858590258 40.154816432 3 0.1 0.41111 0.381260096931 128.857883506 0 0.375487256651
440 13 0.122142732507 0.218498862152 0.0502448781478 48.3613304194 3 0.1 0.38761 0.414156626506 186.914794877 0 0.391801931949
450 13 0.122142732507 0.284388806231 0.0231423488505 32.4970957934 3 0.1 0.45862 0.437001594896 143.608570749 0 0.391801931949
460 13 0.122142732507 0.254116153646 0.0460502630694 70.7931722507 3 0.1 0.39353 0.365539452496 160.716544045 0 0.391801931949
470 13 0.122142732507 0.304276259342 0.0327421452786 38.9266153877 3 0.1 0.45168 0.448598130841 134.222334954 0 0.391801931949
480 13 0.122142732507 0.21534864055 0.0406995119679 48.3973687549 3 0.1 0.43838 0.495081967213 189.649072758 0 0.391801931949
490 13 0.122142732507 0.319012172068 0.0283863631211 37.4709878077 3 0.1 0.40073 0.385852090032 128.022293743 0 0.391801931949
500 13 0.122142732507 0.341314040513 0.0444340534744 21.1857887467 3 0.1 0.35599 0.432475884244 119.657163645 0 0.391801931949
510 13 0.135658914729 0.24367067791 0.0391348732689 60.1543959094 3 0.1 0.41143 0.367741935484 167.606009678 0 0.391801931949
520 13 0.135658914729 0.220480012544 0.0647825857773 56.2808219784 3 0.1 0.35271 0.360708534622 185.235248896 0 0.421641855162
530 13 0.135658914729 0.313658245932 0.0269763959293 30.2117682219 3 0.1 0.44076 0.434022257552 130.207544452 0 0.421641855162
540 13 0.135658914729 0.269991918918 0.0219456687777 28.707037957 3 0.1 0.36401 0.394944707741 151.26626813 0 0.421641855162
550 13 0.135658914729 0.232953589956 0.0416248727228 31.9122580787 3 0.1 0.44618 0.435658914729 175.316765918 0 0.421641855162
560 13 0.135658914729 0.323827630748 0.0426720358379 35.0005712505 3 0.1 0.37714 0.406752411576 126.118546171 0 0.421641855162
570 13 0.135658914729 0.248055993212 0.0392146768117 38.0228273726 3 0.1 0.40491 0.385761589404 164.642948034 0 0.421641855162
580 13 0.135658914729 0.289554945589 0.0439597982858 43.727557434 3 0.1 0.38632 0.397151898734 141.046356217 0 0.421641855162
590 13 0.135658914729 0.254327050689 0.0247495393558 35.2474083315 3 0.1 0.42643 0.47947454844 160.583272166 0 0.421641855162
600 13 0.135658914729 0.272087926639 0.0395717979821 35.535071225 3 0.1 0.38043 0.375987361769 150.101000454 0 0.421641855162
610 13 0.152538679451 0.317137011151 0.0265327338131 32.095097377 3 0.1 0.45838 0.378421900161 128.779261215 0 0.421641855162
620 13 0.152538679451 0.315706781353 0.0225017713219 27.1944629564 3 0.1 0.39279 0.405660377358 129.362663117 0 0.421641855162
630 13 0.152538679451 0.352821636263 0.0343853259257 40.5114563921 3 0.1 0.43172 0.354200988468 115.754437377 0 0.421641855162
640 13 0.152538679451 0.224711486252 0.0401192468111 36.0064321357 3 0.1 0.3954 0.385448916409 181.747140216 0 0.421641855162
