239.315765493,470.519927858,40.7851373229,0.0
362.028214043,98.773122692,40.7851373229,0.0
460.691334907,355.397558057,40.7851373229,0.0
95.596751431,50.7177847492,40.7851373229,0.0
186.313532276,267.41223764,40.7851373229,0.0
417.46952526,470.021751715,40.7851373229,0.0
302.763316045,42.239063612,40.7851373229,0.0
424.288448828,195.874455427,40.7851373229,0.0
108.739705522,411.460901084,40.7851373229,0.0
165.543543698,150.114354663,40.7851373229,0.0
76.7352665535,166.2798671,40.7851373229,0.0
369.833932926,321.920096422,40.7851373229,0.0
328.232731159,235.847596972,40.7851373229,0.0
@ 10 10 0.0873362445415 0.259153330202
199.718178131,235.889935901,35.9697552312,0.0
215.833658325,103.183575006,35.9697552312,0.0
462.125310221,395.805940593,35.9697552312,0.0
419.803143007,316.904880567,35.9697552312,0.0
314.359128268,228.723696089,35.9697552312,0.0
386.976343049,236.369915781,35.9697552312,0.0
363.708180091,436.614751194,35.9697552312,0.0
45.9491111239,152.765721948,35.9697552312,0.0
271.321500634,364.19731272,35.9697552312,0.0
168.070251856,48.0886013689,35.9697552312,0.0
116.236188231,459.9349628,35.9697552312,0.0
192.634502321,421.356924075,35.9697552312,0.0
114.319082263,221.31824024,35.9697552312,0.0
@ 20 10 0.0873362445415 0.201570930794
429.140391574,298.109060654,36.5904452079,0.0
452.477728287,163.630381282,36.5904452079,0.0
298.832198726,143.892608167,36.5904452079,0.0
454.806321774,43.3360387226,36.5904452079,0.0
280.456485702,324.818079052,36.5904452079,0.0
358.875927988,407.666426864,36.5904452079,0.0
434.184979638,400.778070771,36.5904452079,0.0
312.338276203,217.79288542,36.5904452079,0.0
168.273010946,292.777734461,36.5904452079,0.0
39.1633490934,417.697560019,36.5904452079,0.0
194.039836592,221.560216606,36.5904452079,0.0
175.549607693,77.2786008939,36.5904452079,0.0
141.133069809,368.749089198,36.5904452079,0.0
@ 30 10 0.0873362445415 0.208587521472
232.980089589,88.5518123143,44.6005194182,0.0
88.4530125039,73.4357013195,44.6005194182,0.0
50.8164991918,449.558634847,44.6005194182,0.0
256.991284153,466.203180809,44.6005194182,0.0
57.3963370051,300.346895899,44.6005194182,0.0
315.570070603,242.711074025,44.6005194182,0.0
455.335581807,93.2121819748,44.6005194182,0.0
174.511847331,318.508807966,44.6005194182,0.0
141.350556082,434.635470316,44.6005194182,0.0
414.247769111,312.667952127,44.6005194182,0.0
107.476977165,210.007202812,44.6005194182,0.0
355.823888898,62.4083543159,44.6005194182,0.0
366.078554008,398.706911571,44.6005194182,0.0
@ 40 10 0.0873362445415 0.309907987146
371.659807941,351.300233149,35.1075443483,0.0
442.980458234,103.440983825,35.1075443483,0.0
306.823194186,168.033400597,35.1075443483,0.0
248.416383599,106.383588848,35.1075443483,0.0
184.606755837,48.9792768561,35.1075443483,0.0
143.595528405,387.412163813,35.1075443483,0.0
108.109053789,457.628441699,35.1075443483,0.0
462.546248781,279.904468959,35.1075443483,0.0
475.546044328,470.026315718,35.1075443483,0.0
82.1625779064,158.084195867,35.1075443483,0.0
162.812283275,275.214088275,35.1075443483,0.0
362.653941512,234.902005193,35.1075443483,0.0
238.540790476,277.98041762,35.1075443483,0.0
@ 50 10 0.0873362445415 0.192023261761
329.489109277,403.531988823,38.8756329415,0.0
468.127104422,216.371296215,38.8756329415,0.0
45.9960466084,442.720082336,38.8756329415,0.0
289.924111864,246.586123259,38.8756329415,0.0
151.980852409,194.002794929,38.8756329415,0.0
422.114089986,413.403804972,38.8756329415,0.0
211.535709077,68.3264630274,38.8756329415,0.0
380.020598962,264.481567553,38.8756329415,0.0
364.419588494,99.9203942578,38.8756329415,0.0
61.6823763913,220.432769489,38.8756329415,0.0
263.271854762,135.415474692,38.8756329415,0.0
438.104208058,319.546916429,38.8756329415,0.0
120.530965577,85.2552147437,38.8756329415,0.0
@ 60 10 0.0873362445415 0.23545498088
99.068063644,185.785556155,34.5617604009,0.0
80.3988282572,71.7219058649,34.5617604009,0.0
292.80255547,444.69941844,34.5617604009,0.0
83.9747978678,325.189722365,34.5617604009,0.0
266.896263587,52.2215571969,34.5617604009,0.0
426.565046285,452.833927989,34.5617604009,0.0
302.405325496,315.053937393,34.5617604009,0.0
132.918771053,273.324307063,34.5617604009,0.0
134.318295443,125.295396692,34.5617604009,0.0
192.453652767,170.274470456,34.5617604009,0.0
467.719891213,272.59034378,34.5617604009,0.0
360.216204724,267.370638251,34.5617604009,0.0
377.025643997,87.4066621964,34.5617604009,0.0
@ 70 10 0.0873362445415 0.186099260111
468.568447192,171.189503176,39.1986742612,0.0
427.0057779,258.018786554,39.1986742612,0.0
383.944405856,108.489869431,39.1986742612,0.0
131.87566823,294.338690923,39.1986742612,0.0
194.162939622,189.779159816,39.1986742612,0.0
128.716056863,390.144131251,39.1986742612,0.0
44.2449757395,197.395295198,39.1986742612,0.0
232.818714026,407.828665401,39.1986742612,0.0
472.683267794,368.668213719,39.1986742612,0.0
322.340984552,435.313638029,39.1986742612,0.0
217.040858887,285.843777369,39.1986742612,0.0
469.234361007,54.3935168241,39.1986742612,0.0
384.952366176,331.801560444,39.1986742612,0.0
@ 80 10 0.0873362445415 0.239384316736
245.736874668,168.879365483,38.7244152068,0.0
469.433772431,399.675544672,38.7244152068,0.0
98.1829523125,304.805409515,38.7244152068,0.0
442.766074104,299.434731093,38.7244152068,0.0
322.118304166,69.6552196692,38.7244152068,0.0
360.73572236,202.468354575,38.7244152068,0.0
225.762452032,391.35471774,38.7244152068,0.0
388.313574009,388.729233634,38.7244152068,0.0
259.369560236,472.160022663,38.7244152068,0.0
77.6401626164,421.658288331,38.7244152068,0.0
176.557703752,295.669704629,38.7244152068,0.0
207.557142387,82.0672829392,38.7244152068,0.0
453.912995049,125.848902667,38.7244152068,0.0
@ 90 10 0.0873362445415 0.233626806346
40.8939775782,216.203059254,37.3978353157,0.0
94.8745815275,100.611046103,37.3978353157,0.0
259.470087078,303.038823911,37.3978353157,0.0
300.32057156,369.489717807,37.3978353157,0.0
156.135591172,277.902956548,37.3978353157,0.0
453.43507578,459.889073698,37.3978353157,0.0
462.544918729,356.182691981,37.3978353157,0.0
377.802107426,375.93791448,37.3978353157,0.0
427.447036443,206.714145771,37.3978353157,0.0
408.214798074,124.460392755,37.3978353157,0.0
41.7169237586,371.844750498,37.3978353157,0.0
294.046063824,136.697138904,37.3978353157,0.0
387.762924545,292.798704409,37.3978353157,0.0
@ 100 10 0.0873362445415 0.217894298192
337.962829096,270.145351981,45.1792496843,0.0
450.100811194,150.989434047,45.1792496843,0.0
225.537414795,48.9617575762,45.1792496843,0.0
371.633359883,78.887176821,45.1792496843,0.0
85.0498780172,450.479036387,45.1792496843,0.0
256.314447051,421.382387467,45.1792496843,0.0
166.654813986,295.533510832,45.1792496843,0.0
413.855118255,400.864028609,45.1792496843,0.0
233.957875218,215.356055195,45.1792496843,0.0
56.9530588822,205.686710119,45.1792496843,0.0
60.4937385697,322.178507188,45.1792496843,0.0
350.729251208,176.074194796,45.1792496843,0.0
88.5668185045,52.0103999316,45.1792496843,0.0
@ 110 10 0.0940354648039 0.31800281497
209.110333715,465.111351827,39.35523334,0.0
49.8453434511,360.354128932,39.35523334,0.0
136.084520996,83.3309361846,39.35523334,0.0
465.536124651,62.3271480313,39.35523334,0.0
236.240928516,281.891250441,39.35523334,0.0
445.512954438,159.020519101,39.35523334,0.0
76.999647784,139.136014725,39.35523334,0.0
365.758751303,96.608782302,39.35523334,0.0
335.19757213,438.632153423,39.35523334,0.0
338.754579792,241.833848123,39.35523334,0.0
266.741873921,205.158800482,39.35523334,0.0
116.921678206,295.508551944,39.35523334,0.0
427.534233159,249.306304125,39.35523334,0.0
@ 120 10 0.0940354648039 0.241300332098
413.928181303,78.0226131989,43.1120186446,0.0
377.058668468,305.600641769,43.1120186446,0.0
433.292012419,397.162511002,43.1120186446,0.0
152.304182337,422.046476136,43.1120186446,0.0
172.727241341,43.7502781405,43.1120186446,0.0
411.744145891,166.814936853,43.1120186446,0.0
123.541990443,242.979740232,43.1120186446,0.0
218.641784088,324.06597863,43.1120186446,0.0
215.338424375,182.126737173,43.1120186446,0.0
463.827750526,303.378129149,43.1120186446,0.0
81.8069423025,358.826233156,43.1120186446,0.0
283.905648898,389.083706534,43.1120186446,0.0
297.211802349,51.432410955,43.1120186446,0.0
@ 130 10 0.0940354648039 0.289567390918
469.209229702,345.634455532,40.3517398183,0.0
56.1972610739,124.453034018,40.3517398183,0.0
219.616116418,281.608827549,40.3517398183,0.0
328.871630667,316.620384056,40.3517398183,0.0
85.3724420479,399.438171976,40.3517398183,0.0
303.197739847,421.621426873,40.3517398183,0.0
441.910968135,442.507624174,40.3517398183,0.0
156.604783497,467.839302472,40.3517398183,0.0
311.731015034,231.1001831,40.3517398183,0.0
438.517364888,264.395835885,40.3517398183,0.0
65.5150365015,296.48792413,40.3517398183,0.0
382.159320353,53.3669216076,40.3517398183,0.0
387.311350583,185.483384275,40.3517398183,0.0
@ 140 10 0.0940354648039 0.253674881104
165.096991614,409.563794904,41.4743950251,0.0
141.960525939,247.559517588,41.4743950251,0.0
101.868857284,469.455326375,41.4743950251,0.0
346.717726265,292.227631604,41.4743950251,0.0
300.010937597,444.653686018,41.4743950251,0.0
250.843999196,266.609157995,41.4743950251,0.0
314.990526033,101.654485801,41.4743950251,0.0
400.717066593,57.6030512562,41.4743950251,0.0
72.4689772154,170.684171237,41.4743950251,0.0
86.7254250076,41.7873351638,41.4743950251,0.0
407.123399055,222.483248281,41.4743950251,0.0
418.30025822,449.20684478,41.4743950251,0.0
63.4515241506,368.305861301,41.4743950251,0.0
@ 150 10 0.0940354648039 0.267986585861
442.530561839,446.907147153,41.8101543422,0.0
200.687805825,417.244873428,41.8101543422,0.0
71.2682524658,378.987397223,41.8101543422,0.0
406.979855299,334.466508155,41.8101543422,0.0
310.239303326,64.4046079437,41.8101543422,0.0
177.051737195,169.611549778,41.8101543422,0.0
382.600709315,236.258474891,41.8101543422,0.0
313.161117654,396.829915059,41.8101543422,0.0
278.66594132,191.333217454,41.8101543422,0.0
83.181552616,193.882227016,41.8101543422,0.0
92.650521765,283.597940651,41.8101543422,0.0
421.157624913,146.720860491,41.8101543422,0.0
125.082730684,52.1339886888,41.8101543422,0.0
@ 160 10 0.0940354648039 0.272343163412
404.41624038,432.439553844,39.8521831856,0.0
154.660402897,464.283207343,39.8521831856,0.0
247.832554254,462.915876139,39.8521831856,0.0
158.625247954,112.660738241,39.8521831856,0.0
311.596937569,395.174566486,39.8521831856,0.0
162.9546928,301.178442098,39.8521831856,0.0
467.385298606,357.166816363,39.8521831856,0.0
456.753073154,104.591925621,39.8521831856,0.0
253.360366737,138.808186286,39.8521831856,0.0
380.905141571,303.912999923,39.8521831856,0.0
415.875133376,184.382299824,39.8521831856,0.0
61.7383878888,101.102374205,39.8521831856,0.0
76.5465128369,252.986071548,39.8521831856,0.0
@ 170 10 0.0940354648039 0.247432744376
352.113094165,346.58919864,39.120415603,0.0
380.510101197,151.75297105,39.120415603,0.0
257.673332338,154.049220277,39.120415603,0.0
335.942889296,424.476421223,39.120415603,0.0
234.702755775,426.303780991,39.120415603,0.0
70.5570554314,56.5228954027,39.120415603,0.0
158.659320475,232.581292741,39.120415603,0.0
431.958988905,437.798608455,39.120415603,0.0
75.5000384374,335.391735136,39.120415603,0.0
51.7205214756,427.656404782,39.120415603,0.0
211.812942809,315.452759196,39.120415603,0.0
447.709647552,283.288162036,39.120415603,0.0
151.884914763,98.3378924759,39.120415603,0.0
@ 180 10 0.0940354648039 0.23842942757
220.391368779,457.149511573,36.8385616694,0.0
277.611666341,248.997428772,36.8385616694,0.0
472.238923298,427.084171389,36.8385616694,0.0
114.373679055,202.676579934,36.8385616694,0.0
450.646968163,58.7626283216,36.8385616694,0.0
203.445382245,358.031901684,36.8385616694,0.0
374.229350267,351.649900745,36.8385616694,0.0
383.26625225,106.066999963,36.8385616694,0.0
185.170756254,107.361679104,36.8385616694,0.0
359.310167408,254.738072135,36.8385616694,0.0
439.665265432,202.729372266,36.8385616694,0.0
305.541646466,431.650736284,36.8385616694,0.0
236.038571953,173.810358618,36.8385616694,0.0
@ 190 10 0.0940354648039 0.211425938278
181.715247428,61.8684430017,40.4794788551,0.0
96.3258786181,58.9417816661,40.4794788551,0.0
92.252347374,218.592878135,40.4794788551,0.0
256.506642514,285.263046649,40.4794788551,0.0
120.950716012,397.362883724,40.4794788551,0.0
470.715050169,48.3243642711,40.4794788551,0.0
431.39362554,120.741808795,40.4794788551,0.0
155.262094142,143.868417154,40.4794788551,0.0
354.276758652,89.5903963633,40.4794788551,0.0
355.908041896,358.927712894,40.4794788551,0.0
388.706715445,209.19936747,40.4794788551,0.0
182.316828651,324.008456176,40.4794788551,0.0
465.497755238,320.532033438,40.4794788551,0.0
@ 200 10 0.0940354648039 0.255283509385
143.525090211,323.846534251,41.7019316455,0.0
247.269545957,446.163033775,41.7019316455,0.0
437.270317825,123.522743574,41.7019316455,0.0
183.133057097,42.1077248771,41.7019316455,0.0
376.055715708,58.0318117108,41.7019316455,0.0
78.183626827,87.4249683936,41.7019316455,0.0
358.135258613,414.460791816,41.7019316455,0.0
297.829887853,335.81238096,41.7019316455,0.0
466.525354652,385.932897379,41.7019316455,0.0
297.683782701,171.102532245,41.7019316455,0.0
237.608349563,234.783230154,41.7019316455,0.0
152.472099471,417.214202247,41.7019316455,0.0
343.29248091,248.139176245,41.7019316455,0.0
@ 210 10 0.101847810272 0.270935105168
466.609751399,163.837581245,41.6712669733,0.0
181.376004467,331.850149376,41.6712669733,0.0
65.3154340424,213.502439748,41.6712669733,0.0
371.074229103,52.8111159636,41.6712669733,0.0
85.7705235202,433.76619116,41.6712669733,0.0
280.860189604,163.980243973,41.6712669733,0.0
95.8175866783,322.83154029,41.6712669733,0.0
161.42778591,219.241329547,41.6712669733,0.0
420.96761679,245.783127029,41.6712669733,0.0
222.521564749,56.4736691004,41.6712669733,0.0
52.2183768348,107.86330609,41.6712669733,0.0
140.387961925,84.1795294878,41.6712669733,0.0
462.411594246,400.440422383,41.6712669733,0.0
@ 220 10 0.101847810272 0.270536798363
147.856536694,186.061056231,39.1734405237,0.0
225.611412897,119.765357093,39.1734405237,0.0
48.6638953266,186.240175021,39.1734405237,0.0
212.975917779,279.195659185,39.1734405237,0.0
93.8208239865,432.093877453,39.1734405237,0.0
239.851802833,205.193909758,39.1734405237,0.0
75.0554021737,300.907885826,39.1734405237,0.0
401.18101631,297.238909218,39.1734405237,0.0
461.059748932,39.8549297468,39.1734405237,0.0
471.209362529,370.728367068,39.1734405237,0.0
289.371891468,70.7350076614,39.1734405237,0.0
145.419179828,54.2946946947,39.1734405237,0.0
324.114725297,227.577112875,39.1734405237,0.0
@ 230 10 0.101847810272 0.239076213624
231.237083246,351.836014259,37.7249565852,0.0
132.113405393,344.911347517,37.7249565852,0.0
325.744634343,37.8869044701,37.7249565852,0.0
104.284882896,424.021091366,37.7249565852,0.0
395.75181482,73.0089633946,37.7249565852,0.0
348.276572625,307.702737779,37.7249565852,0.0
175.978604337,474.123080388,37.7249565852,0.0
438.485688003,211.147059421,37.7249565852,0.0
332.930115929,471.687859841,37.7249565852,0.0
231.922678049,175.217693527,37.7249565852,0.0
50.8317741012,232.9392703,37.7249565852,0.0
45.1597027609,80.0983583699,37.7249565852,0.0
313.353017627,380.276808763,37.7249565852,0.0
@ 240 10 0.101847810272 0.221722840397
46.1773582914,278.37328273,37.6476563219,0.0
169.391963234,256.059568372,37.6476563219,0.0
41.7786557279,387.937153909,37.6476563219,0.0
455.449462184,149.133851044,37.6476563219,0.0
171.661846493,405.373942238,37.6476563219,0.0
99.3631169017,186.554687859,37.6476563219,0.0
404.419983251,275.724224781,37.6476563219,0.0
48.8161841779,58.9293645073,37.6476563219,0.0
460.413207058,471.05285403,37.6476563219,0.0
180.083572338,46.0262351853,37.6476563219,0.0
288.66731964,80.225862353,37.6476563219,0.0
451.656620437,355.801087956,37.6476563219,0.0
319.340586526,249.112771382,37.6476563219,0.0
@ 250 10 0.101847810272 0.220815129644
88.2168845695,332.087047293,45.6114606973,0.0
352.870759656,51.4976595201,45.6114606973,0.0
195.516691414,406.443147243,45.6114606973,0.0
457.734914395,58.884297691,45.6114606973,0.0
369.402080707,145.729482541,45.6114606973,0.0
66.1474467182,67.1226533985,45.6114606973,0.0
420.819191517,313.631514559,45.6114606973,0.0
94.7240253033,229.028643461,45.6114606973,0.0
174.914066374,122.377459422,45.6114606973,0.0
390.236306749,404.561773161,45.6114606973,0.0
233.649544496,305.287379616,45.6114606973,0.0
328.502199788,312.259038689,45.6114606973,0.0
267.343033667,215.476495435,45.6114606973,0.0
@ 260 10 0.101847810272 0.324116318667
463.564508221,146.206990806,40.8105113143,0.0
212.825949171,266.326692027,40.8105113143,0.0
455.459427758,299.508126175,40.8105113143,0.0
167.260384486,395.462869222,40.8105113143,0.0
338.809393371,284.652036591,40.8105113143,0.0
60.1869696335,287.38061997,40.8105113143,0.0
421.952806713,219.215163038,40.8105113143,0.0
228.518945685,44.5934578968,40.8105113143,0.0
300.739902838,450.224722871,40.8105113143,0.0
283.86580925,211.358089987,40.8105113143,0.0
41.2765796025,207.155525867,40.8105113143,0.0
197.981636167,127.891583425,40.8105113143,0.0
97.2369143551,107.122234524,40.8105113143,0.0
@ 270 10 0.101847810272 0.259475888875
86.1924347362,44.314483349,41.8093126665,0.0
353.510634637,100.57535261,41.8093126665,0.0
257.903099393,50.4062873301,41.8093126665,0.0
147.19510134,459.552351651,41.8093126665,0.0
449.56735199,267.134599676,41.8093126665,0.0
147.159790036,116.050504846,41.8093126665,0.0
249.554951796,179.71051687,41.8093126665,0.0
45.8898959995,385.621572763,41.8093126665,0.0
48.3411045477,298.983336838,41.8093126665,0.0
180.614774713,376.486695086,41.8093126665,0.0
337.503300757,336.982829987,41.8093126665,0.0
433.757949917,406.70637334,41.8093126665,0.0
421.559008395,49.890872628,41.8093126665,0.0
@ 280 10 0.101847810272 0.272332198501
321.970146651,263.7145205,42.085501849,0.0
374.912427597,333.391840145,42.085501849,0.0
263.596618198,413.997942043,42.085501849,0.0
57.1620358355,446.430576646,42.085501849,0.0
161.180932554,47.8610793839,42.085501849,0.0
43.0993854845,321.028246005,42.085501849,0.0
67.336314562,178.970899447,42.085501849,0.0
181.688530636,227.74711627,42.085501849,0.0
438.826977457,265.155565951,42.085501849,0.0
457.419821981,133.270163722,42.085501849,0.0
341.379460839,127.113092481,42.085501849,0.0
123.093283684,353.23126278,42.085501849,0.0
411.259542136,52.9684930894,42.085501849,0.0
@ 290 10 0.101847810272 0.27594209474
66.3695154581,57.9355070868,34.7357604685,0.0
471.133354955,320.893892312,34.7357604685,0.0
41.6499855499,437.376911447,34.7357604685,0.0
46.3201832511,227.736099677,34.7357604685,0.0
125.2767921,393.558017996,34.7357604685,0.0
153.148070087,65.4019985148,34.7357604685,0.0
462.298754805,448.469495332,34.7357604685,0.0
307.72966734,394.132591991,34.7357604685,0.0
447.642208598,79.8596892022,34.7357604685,0.0
286.926337157,186.791894181,34.7357604685,0.0
53.7640017851,362.74574719,34.7357604685,0.0
156.112405296,248.63824005,34.7357604685,0.0
254.892775492,280.631160558,34.7357604685,0.0
@ 300 10 0.101847810272 0.187977798399
107.01829549,152.342445826,40.3366206829,0.0
271.015098705,57.8961704588,40.3366206829,0.0
415.364388514,299.523488854,40.3366206829,0.0
285.213056076,326.56256072,40.3366206829,0.0
254.992251435,227.689471641,40.3366206829,0.0
352.681268431,399.455169243,40.3366206829,0.0
391.551855895,470.168896849,40.3366206829,0.0
99.3544739994,469.638647938,40.3366206829,0.0
464.300307599,228.679643071,40.3366206829,0.0
73.0954854996,320.17100646,40.3366206829,0.0
340.34598854,144.707009533,40.3366206829,0.0
465.874802425,85.2394096525,40.3366206829,0.0
166.180657641,215.646332917,40.3366206829,0.0
@ 310 10 0.111075848937 0.253484821078
462.167428857,311.368679645,39.6594907524,0.0
50.4163916792,451.047996002,39.6594907524,0.0
166.094634458,303.573989294,39.6594907524,0.0
50.3767751751,241.458635776,39.6594907524,0.0
467.401801845,420.367731421,39.6594907524,0.0
143.214550416,116.233134741,39.6594907524,0.0
470.150535021,211.746230522,39.6594907524,0.0
230.973844621,80.6199264748,39.6594907524,0.0
355.413410192,223.539343435,39.6594907524,0.0
376.964064588,335.456467142,39.6594907524,0.0
242.839099888,460.677819172,39.6594907524,0.0
367.939442379,136.261081965,39.6594907524,0.0
115.308040524,399.55470261,39.6594907524,0.0
@ 320 10 0.111075848937 0.245045765952
245.756155126,359.582626573,38.8071530283,0.0
296.581337553,203.040503586,38.8071530283,0.0
431.107476537,268.587949535,38.8071530283,0.0
217.665290514,280.400922416,38.8071530283,0.0
372.928067694,61.6256089383,38.8071530283,0.0
464.268818567,41.894108632,38.8071530283,0.0
172.925322564,196.456868947,38.8071530283,0.0
90.7931844593,189.574448476,38.8071530283,0.0
447.746792099,363.093746018,38.8071530283,0.0
462.286117795,446.095606104,38.8071530283,0.0
150.819506466,107.954855025,38.8071530283,0.0
115.253638453,431.031910759,38.8071530283,0.0
454.097650288,120.869389564,38.8071530283,0.0
@ 330 10 0.111075848937 0.234626197697
447.737480096,433.351705893,43.1090032366,0.0
467.028294174,305.309271157,43.1090032366,0.0
183.963284451,52.132989393,43.1090032366,0.0
277.205808157,52.8539425793,43.1090032366,0.0
364.351088961,350.70627181,43.1090032366,0.0
404.746309328,212.005234058,43.1090032366,0.0
94.7789659846,410.860913035,43.1090032366,0.0
48.5086331791,164.734621455,43.1090032366,0.0
438.362440578,129.878193851,43.1090032366,0.0
246.325654136,341.112776553,43.1090032366,0.0
267.004310896,228.952237929,43.1090032366,0.0
59.6007089599,318.794003841,43.1090032366,0.0
401.023035583,46.1414201004,43.1090032366,0.0
@ 340 10 0.111075848937 0.289526885587
359.697133738,415.145306182,40.3312430389,0.0
88.5162726803,145.979711636,40.3312430389,0.0
399.667328712,215.423869885,40.3312430389,0.0
220.028176707,457.766134116,40.3312430389,0.0
457.76334584,437.328814765,40.3312430389,0.0
344.315507892,314.170901882,40.3312430389,0.0
142.479904049,308.755453771,40.3312430389,0.0
327.038847503,132.951440365,40.3312430389,0.0
67.05866375,353.939059692,40.3312430389,0.0
449.794205796,315.907334114,40.3312430389,0.0
171.568848588,144.776387704,40.3312430389,0.0
80.3887515635,442.836883656,40.3312430389,0.0
381.68198943,70.2174543665,40.3312430389,0.0
@ 350 10 0.111075848937 0.253417236821
436.571660644,107.157076345,40.5187512306,0.0
268.841204419,302.157495869,40.5187512306,0.0
414.298683068,185.170138453,40.5187512306,0.0
211.528351304,123.29388641,40.5187512306,0.0
431.90302947,420.443959752,40.5187512306,0.0
434.851514152,286.543025102,40.5187512306,0.0
172.460872442,345.030962489,40.5187512306,0.0
207.475876731,428.286752248,40.5187512306,0.0
301.960491592,142.165675474,40.5187512306,0.0
348.112132262,343.152218975,40.5187512306,0.0
113.193017782,422.811300548,40.5187512306,0.0
139.923982707,224.630165884,40.5187512306,0.0
293.358467116,465.225435189,40.5187512306,0.0
@ 360 10 0.111075848937 0.255779091515
252.086952518,184.001084359,40.6912918826,0.0
68.8746934821,247.104209339,40.6912918826,0.0
41.3204926851,359.867879628,40.6912918826,0.0
294.214117527,63.4777966103,40.6912918826,0.0
145.856512285,184.410098785,40.6912918826,0.0
55.6763224686,50.4518361708,40.6912918826,0.0
354.415339295,143.597679492,40.6912918826,0.0
357.300025387,299.284020727,40.6912918826,0.0
237.939534204,306.279308207,40.6912918826,0.0
62.1151685014,462.219344693,40.6912918826,0.0
399.424536384,459.117392899,40.6912918826,0.0
161.584484429,43.4287884752,40.6912918826,0.0
323.967350097,423.669829601,40.6912918826,0.0
@ 370 10 0.111075848937 0.257962093407
326.012870532,50.8124289444,44.1631127866,0.0
151.282532678,463.991937079,44.1631127866,0.0
439.14465331,210.665611849,44.1631127866,0.0
265.526633471,463.460585999,44.1631127866,0.0
286.634855268,270.017174812,44.1631127866,0.0
202.83170478,130.338079545,44.1631127866,0.0
93.5042133454,176.424724939,44.1631127866,0.0
373.513015441,125.867525981,44.1631127866,0.0
453.518506721,319.338610318,44.1631127866,0.0
187.598556965,349.681127931,44.1631127866,0.0
88.7137175465,321.234328683,44.1631127866,0.0
50.9795009958,428.251542009,44.1631127866,0.0
425.053202692,455.457536014,44.1631127866,0.0
@ 380 10 0.111075848937 0.30385912949
243.741767495,466.72363247,42.9638510914,0.0
191.122640399,146.497966202,42.9638510914,0.0
52.7999202049,383.662666216,42.9638510914,0.0
89.1579855225,255.238196194,42.9638510914,0.0
450.223644383,88.3648810063,42.9638510914,0.0
259.850358256,223.484232158,42.9638510914,0.0
163.898604851,371.666026974,42.9638510914,0.0
260.826723644,341.765995522,42.9638510914,0.0
453.821996498,251.927543,42.9638510914,0.0
449.156471313,392.853656154,42.9638510914,0.0
44.572478393,48.1945429893,42.9638510914,0.0
316.102991688,409.703803974,42.9638510914,0.0
273.077574585,104.041135508,42.9638510914,0.0
@ 390 10 0.111075848937 0.28758043851
247.093415409,280.571279039,37.3681698894,0.0
412.966805958,146.24502537,37.3681698894,0.0
270.546368806,82.0205912353,37.3681698894,0.0
295.570643828,430.970168288,37.3681698894,0.0
126.287269676,208.284813953,37.3681698894,0.0
41.9504791464,183.097745111,37.3681698894,0.0
302.689279178,192.507285147,37.3681698894,0.0
399.503810967,400.631404962,37.3681698894,0.0
218.361709719,189.066865794,37.3681698894,0.0
119.774699254,343.253723176,37.3681698894,0.0
353.507157328,286.854450859,37.3681698894,0.0
43.6957010053,274.898036646,37.3681698894,0.0
449.366680581,274.733623907,37.3681698894,0.0
@ 400 10 0.111075848937 0.217548750731
401.47842307,364.225825326,43.6289608394,0.0
462.267780856,281.652763453,43.6289608394,0.0
214.135455152,465.288012021,43.6289608394,0.0
328.80429691,448.593345391,43.6289608394,0.0
461.486917044,181.555437571,43.6289608394,0.0
49.8138288182,223.013543978,43.6289608394,0.0
183.766822482,197.721831327,43.6289608394,0.0
359.966191639,232.048418824,43.6289608394,0.0
420.94116008,87.6094560366,43.6289608394,0.0
141.267411655,325.612208327,43.6289608394,0.0
52.2873158011,380.564928408,43.6289608394,0.0
217.114407989,101.769881833,43.6289608394,0.0
126.345840273,74.6385638925,43.6289608394,0.0
@ 410 10 0.122142732507 0.296553240666
81.7568793243,117.663174195,40.8461122006,0.0
232.781060456,338.289655056,40.8461122006,0.0
332.065204661,294.265255895,40.8461122006,0.0
96.5107068117,203.437542423,40.8461122006,0.0
273.001451732,138.822110614,40.8461122006,0.0
426.19917823,61.6237298153,40.8461122006,0.0
231.282702682,446.849079497,40.8461122006,0.0
467.209950137,198.986410866,40.8461122006,0.0
130.931938102,336.744058106,40.8461122006,0.0
457.742182229,360.849884215,40.8461122006,0.0
368.217230707,461.848735822,40.8461122006,0.0
406.870586293,257.55363776,40.8461122006,0.0
453.338110279,449.374904368,40.8461122006,0.0
@ 420 10 0.122142732507 0.25992879184
428.674270365,363.933953715,40.3056353328,0.0
371.767821281,275.968115943,40.3056353328,0.0
439.317646209,465.865785572,40.3056353328,0.0
286.806096715,296.362699843,40.3056353328,0.0
99.4782370972,373.260761321,40.3056353328,0.0
89.9521872244,267.523284455,40.3056353328,0.0
189.610676519,325.674924037,40.3056353328,0.0
40.5919646797,152.789888788,40.3056353328,0.0
385.653378765,79.7379298991,40.3056353328,0.0
256.290014195,432.877063624,40.3056353328,0.0
333.937975083,189.642484056,40.3056353328,0.0
468.339123771,267.240026662,40.3056353328,0.0
141.85694937,63.8075319198,40.3056353328,0.0
@ 430 10 0.122142732507 0.253095532185
117.765497553,200.868271033,40.5697377216,0.0
204.515801279,250.783093901,40.5697377216,0.0
198.055707391,407.683630087,40.5697377216,0.0
79.9795893889,387.966531302,40.5697377216,0.0
446.917951472,253.021184011,40.5697377216,0.0
108.825729598,64.1081837656,40.5697377216,0.0
311.651088363,464.069503489,40.5697377216,0.0
268.448579745,345.30058372,40.5697377216,0.0
310.970881837,152.34700208,40.5697377216,0.0
190.040953444,128.876363318,40.5697377216,0.0
114.712325736,310.177390224,40.5697377216,0.0
349.267966185,276.502462013,40.5697377216,0.0
347.342682902,51.6666572382,40.5697377216,0.0
@ 440 10 0.122142732507 0.256423212232
285.729282378,277.623928716,48.1612285339,0.0
102.788701706,463.679169914,48.1612285339,0.0
463.231303622,367.848734551,48.1612285339,0.0
381.65154988,312.361940628,48.1612285339,0.0
148.711550234,299.087451809,48.1612285339,0.0
428.799873116,152.92406532,48.1612285339,0.0
78.5543527945,91.3726473255,48.1612285339,0.0
88.2103783265,187.738854266,48.1612285339,0.0
50.9136304964,281.479941775,48.1612285339,0.0
394.231884467,56.1880801066,48.1612285339,0.0
189.731946961,174.413082969,48.1612285339,0.0
217.438532788,423.594316119,48.1612285339,0.0
269.218369155,116.839970294,48.1612285339,0.0
@ 450 10 0.122142732507 0.361366633331
420.026855105,72.3670262646,44.2475171552,0.0
153.829703563,258.349274471,44.2475171552,0.0
286.46952051,116.477814361,44.2475171552,0.0
234.438546963,367.489233634,44.2475171552,0.0
357.266582907,431.242665788,44.2475171552,0.0
232.49292945,463.404537638,44.2475171552,0.0
387.081636622,313.741674767,44.2475171552,0.0
461.687003266,445.483120444,44.2475171552,0.0
167.617560911,132.444828011,44.2475171552,0.0
147.563927393,406.960432222,44.2475171552,0.0
52.7979124654,458.894059212,44.2475171552,0.0
74.0922209603,114.407043207,44.2475171552,0.0
427.938192393,173.29010083,44.2475171552,0.0
@ 460 10 0.122142732507 0.305021708149
111.419506343,397.8037744,38.5534262706,0.0
329.863284945,313.616540251,38.5534262706,0.0
201.839192121,338.560024767,38.5534262706,0.0
444.694918473,351.604714026,38.5534262706,0.0
52.0995484605,285.843785717,38.5534262706,0.0
369.414223509,407.902572596,38.5534262706,0.0
127.644306425,311.18579061,38.5534262706,0.0
341.487879879,177.921572558,38.5534262706,0.0
201.381424348,76.7482082945,38.5534262706,0.0
138.411180198,160.389431483,38.5534262706,0.0
279.765630384,108.600965136,38.5534262706,0.0
397.11137441,61.3545694542,38.5534262706,0.0
201.969617978,216.709917704,38.5534262706,0.0
@ 470 10 0.122142732507 0.231568187571
184.921958712,246.680290464,47.5434940061,0.0
382.631294639,145.935611324,47.5434940061,0.0
370.658969447,347.458420919,47.5434940061,0.0
443.045844473,258.757527961,47.5434940061,0.0
308.184211612,223.216514054,47.5434940061,0.0
149.415054726,57.2545707214,47.5434940061,0.0
245.34842785,139.271643489,47.5434940061,0.0
63.7846023441,339.7447231,47.5434940061,0.0
195.483045395,457.490638332,47.5434940061,0.0
56.4625083851,204.177388418,47.5434940061,0.0
73.1612978475,456.936202822,47.5434940061,0.0
393.584714337,456.821519107,47.5434940061,0.0
380.324449795,50.7931033027,47.5434940061,0.0
@ 480 10 0.122142732507 0.352156027832
125.652360281,324.438916628,41.0908078593,0.0
330.424423077,98.9476632331,41.0908078593,0.0
226.100863445,328.424035859,41.0908078593,0.0
432.80294344,67.3235141726,41.0908078593,0.0
463.560735101,457.1879761,41.0908078593,0.0
383.981106175,165.483500731,41.0908078593,0.0
452.304303064,284.258609019,41.0908078593,0.0
211.284509762,111.615397696,41.0908078593,0.0
144.126107112,411.816216567,41.0908078593,0.0
104.043927498,217.400191814,41.0908078593,0.0
256.496703579,234.584982305,41.0908078593,0.0
51.522567179,465.368437194,41.0908078593,0.0
235.907505941,441.006534413,41.0908078593,0.0
@ 490 10 0.122142732507 0.263052416449
85.9151843756,379.171381685,42.8868144366,0.0
216.340497586,217.977013941,42.8868144366,0.0
74.1788838551,466.7674532,42.8868144366,0.0
329.510051033,68.7935881947,42.8868144366,0.0
74.6768727298,72.3006139281,42.8868144366,0.0
465.783701554,463.16237495,42.8868144366,0.0
371.921150277,460.638631295,42.8868144366,0.0
403.83858906,337.096024019,42.8868144366,0.0
296.695766593,274.728794258,42.8868144366,0.0
178.541379364,44.2204470619,42.8868144366,0.0
231.621609587,396.063421051,42.8868144366,0.0
370.874901614,162.448126791,42.8868144366,0.0
125.271473918,278.671662516,42.8868144366,0.0
@ 500 10 0.122142732507 0.286550066581
264.367064347,214.686990324,41.5560710991,0.0
457.597330896,194.632371118,41.5560710991,0.0
463.990903854,357.735443431,41.5560710991,0.0
356.027463926,121.369932472,41.5560710991,0.0
463.044565324,444.015324564,41.5560710991,0.0
107.425720874,341.656372464,41.5560710991,0.0
457.760977149,87.4772482494,41.5560710991,0.0
296.253413724,49.4162380525,41.5560710991,0.0
378.030554187,225.576787238,41.5560710991,0.0
258.131298963,356.166460258,41.5560710991,0.0
375.507789151,412.82956234,41.5560710991,0.0
152.103090927,215.922426639,41.5560710991,0.0
183.593093466,457.936694258,41.5560710991,0.0
@ 510 10 0.135658914729 0.269043124212
277.842702669,296.592966598,38.3715368669,0.0
339.850840647,150.324888207,38.3715368669,0.0
452.45333171,126.045993715,38.3715368669,0.0
294.838194411,60.6719869276,38.3715368669,0.0
213.804686972,467.609762454,38.3715368669,0.0
208.718312841,359.076667795,38.3715368669,0.0
426.878630431,439.418481482,38.3715368669,0.0
49.1474599504,386.930577445,38.3715368669,0.0
123.564884757,323.003856509,38.3715368669,0.0
404.128639562,357.62202755,38.3715368669,0.0
432.422514743,225.938988809,38.3715368669,0.0
112.443795317,109.847671563,38.3715368669,0.0
295.791247106,432.032947793,38.3715368669,0.0
@ 520 10 0.135658914729 0.22938833244
237.165212503,456.510401633,44.3365927871,0.0
51.7749128028,420.042080205,44.3365927871,0.0
48.7420896617,282.537317836,44.3365927871,0.0
158.719001045,315.107940732,44.3365927871,0.0
427.97854911,302.576455392,44.3365927871,0.0
362.585864153,403.53209622,44.3365927871,0.0
205.002848275,147.347191335,44.3365927871,0.0
66.8645335195,154.890028055,44.3365927871,0.0
404.554922604,60.2117531001,44.3365927871,0.0
307.529372674,95.2928138728,44.3365927871,0.0
59.625864738,51.3160420516,44.3365927871,0.0
191.958621548,58.0619422995,44.3365927871,0.0
396.161038829,216.081073751,44.3365927871,0.0
@ 530 10 0.135658914729 0.306251035867
280.370579688,116.44362195,40.8397126943,0.0
81.876357374,111.679194994,40.8397126943,0.0
372.855531535,389.928874831,40.8397126943,0.0
157.791096611,61.8598742258,40.8397126943,0.0
466.575391558,465.637027701,40.8397126943,0.0
461.226587122,101.558779381,40.8397126943,0.0
353.887348338,54.7740103043,40.8397126943,0.0
130.438550038,302.939965231,40.8397126943,0.0
96.7630220787,204.986659076,40.8397126943,0.0
428.063279627,176.779174156,40.8397126943,0.0
419.504616423,268.314333645,40.8397126943,0.0
58.8302085857,434.106279858,40.8397126943,0.0
193.584863509,152.8036092,40.8397126943,0.0
@ 540 10 0.135658914729 0.259847350276
298.907675746,410.900208077,42.487776909,0.0
452.319706352,319.649296109,42.487776909,0.0
200.321432433,49.2012848766,42.487776909,0.0
111.34924615,444.114814268,42.487776909,0.0
193.766882472,350.88760129,42.487776909,0.0
60.0406898103,327.256446775,42.487776909,0.0
450.529735539,437.20294376,42.487776909,0.0
427.549627737,186.720126348,42.487776909,0.0
347.505778069,76.2780735965,42.487776909,0.0
182.787212052,228.417830364,42.487776909,0.0
109.879279623,166.72308154,42.487776909,0.0
46.4369252143,236.70211026,42.487776909,0.0
307.280405278,291.313827369,42.487776909,0.0
@ 550 10 0.135658914729 0.28124250166
403.497232175,41.5001718172,40.9429636154,0.0
61.499270091,264.176289589,40.9429636154,0.0
123.796413792,346.979946851,40.9429636154,0.0
70.725949003,456.148901921,40.9429636154,0.0
378.139748527,386.845416438,40.9429636154,0.0
307.563643134,321.429805093,40.9429636154,0.0
273.853952128,231.077395801,40.9429636154,0.0
393.806831249,202.662920812,40.9429636154,0.0
48.3500041801,160.110205681,40.9429636154,0.0
458.408918786,270.629040867,40.9429636154,0.0
313.899285663,53.4613273466,40.9429636154,0.0
210.233361669,348.442126404,40.9429636154,0.0
156.736840758,106.821287694,40.9429636154,0.0
@ 560 10 0.135658914729 0.261162902793
413.654641905,75.4579708806,41.4168053012,0.0
262.137763992,260.078913529,41.4168053012,0.0
328.661082249,437.476040408,41.4168053012,0.0
89.2165156692,240.573854551,41.4168053012,0.0
457.88047477,447.203643057,41.4168053012,0.0
185.092566912,52.0802224965,41.4168053012,0.0
366.648764317,314.872128227,41.4168053012,0.0
429.259032458,168.172998101,41.4168053012,0.0
57.0729212027,354.690396156,41.4168053012,0.0
304.318320501,151.166350665,41.4168053012,0.0
277.841786497,47.2337816347,41.4168053012,0.0
150.774159093,391.171434618,41.4168053012,0.0
187.0289394,174.896815843,41.4168053012,0.0
@ 570 10 0.135658914729 0.267242871168
426.262149777,346.552708059,43.746805251,0.0
56.2875054712,114.777018144,43.746805251,0.0
266.348659858,249.536618438,43.746805251,0.0
221.336473174,326.002910432,43.746805251,0.0
93.3480176848,329.899444152,43.746805251,0.0
418.402144233,116.374301535,43.746805251,0.0
313.102980692,335.828282005,43.746805251,0.0
450.584931448,468.103237787,43.746805251,0.0
318.003112318,176.419467432,43.746805251,0.0
164.332894528,447.794352895,43.746805251,0.0
221.74248533,54.5853234684,43.746805251,0.0
47.8982859395,410.742681885,43.746805251,0.0
132.221099153,193.351447149,43.746805251,0.0
@ 580 10 0.135658914729 0.298157420028
254.493186497,388.996263703,41.9920859428,0.0
415.389163864,49.2516082269,41.9920859428,0.0
318.53217769,75.3396492303,41.9920859428,0.0
443.536389367,429.725416144,41.9920859428,0.0
451.764763019,130.075011093,41.9920859428,0.0
435.299222196,304.508017222,41.9920859428,0.0
318.477722058,466.995185241,41.9920859428,0.0
59.7394774413,440.662223415,41.9920859428,0.0
77.0739146058,348.836638362,41.9920859428,0.0
52.7559561284,52.5468179489,41.9920859428,0.0
265.543458898,245.33789116,41.9920859428,0.0
371.391080672,381.794728387,41.9920859428,0.0
97.2987989144,234.960867914,41.9920859428,0.0
@ 590 10 0.135658914729 0.274718453768
455.599052858,58.5474637492,42.1638573035,0.0
269.395328914,239.358320738,42.1638573035,0.0
310.358913952,315.608951986,42.1638573035,0.0
167.81119067,49.1562892213,42.1638573035,0.0
367.909971173,414.675962457,42.1638573035,0.0
88.9773493094,431.066313216,42.1638573035,0.0
270.985673381,138.20524661,42.1638573035,0.0
206.892790697,395.165262117,42.1638573035,0.0
468.446281312,447.964901869,42.1638573035,0.0
42.5145513002,60.604238568,42.1638573035,0.0
66.9827660405,322.173879312,42.1638573035,0.0
69.3125825711,208.898969803,42.1638573035,0.0
348.587454929,196.778201062,42.1638573035,0.0
@ 600 10 0.135658914729 0.276970557987
70.048113615,223.141038524,42.1528976057,0.0
266.095033605,158.502880588,42.1528976057,0.0
66.245507883,348.467623014,42.1528976057,0.0
438.050450766,281.384128934,42.1528976057,0.0
375.021364112,193.59732472,42.1528976057,0.0
245.832037051,435.235069048,42.1528976057,0.0
233.518600272,56.3012169168,42.1528976057,0.0
128.632871934,415.157345041,42.1528976057,0.0
316.181647266,380.21779801,42.1528976057,0.0
320.85691733,53.6910146074,42.1528976057,0.0
249.660749552,280.779645739,42.1528976057,0.0
171.27688162,182.12566512,42.1528976057,0.0
406.920512801,114.5746348,42.1528976057,0.0
@ 610 10 0.152538679451 0.276826590177
332.593022277,265.789145177,39.4495089345,0.0
155.411090088,198.348490929,39.4495089345,0.0
443.868154043,375.288722407,39.4495089345,0.0
64.9276424365,361.3625186,39.4495089345,0.0
66.5735691625,112.005263928,39.4495089345,0.0
457.280137024,75.8235367251,39.4495089345,0.0
465.027118081,453.794709041,39.4495089345,0.0
441.991189842,294.631691339,39.4495089345,0.0
246.584586868,264.19259366,39.4495089345,0.0
159.746344962,104.023577615,39.4495089345,0.0
292.252302123,414.711222671,39.4495089345,0.0
124.818819824,285.951243903,39.4495089345,0.0
174.461046322,361.655327077,39.4495089345,0.0
@ 620 10 0.152538679451 0.242457788307
76.6410476866,431.689414763,43.2553289685,0.0
73.8546832064,246.550123776,43.2553289685,0.0
457.116365227,142.205900129,43.2553289685,0.0
446.822691119,240.518023364,43.2553289685,0.0
60.2178806894,138.471563021,43.2553289685,0.0
291.036448675,185.044681519,43.2553289685,0.0
296.191731268,46.9300621383,43.2553289685,0.0
163.439888129,337.462541295,43.2553289685,0.0
430.834468576,350.500706375,43.2553289685,0.0
262.214557313,454.511069803,43.2553289685,0.0
222.409139409,101.790053861,43.2553289685,0.0
461.600155084,51.0735644368,43.2553289685,0.0
140.143843342,61.1847162731,43.2553289685,0.0
@ 630 10 0.152538679451 0.291495714872
141.572591738,70.5860567516,42.2290651987,0.0
407.375159202,88.7449417486,42.2290651987,0.0
42.7337822419,152.32017846,42.2290651987,0.0
257.812563275,463.107569019,42.2290651987,0.0
318.912666044,47.9903905152,42.2290651987,0.0
166.808319814,464.436922452,42.2290651987,0.0
401.692730245,293.790077343,42.2290651987,0.0
318.851953138,138.107825791,42.2290651987,0.0
59.7157045128,271.333190687,42.2290651987,0.0
404.304086163,180.306128922,42.2290651987,0.0
310.995387696,229.661344346,42.2290651987,0.0
217.556526112,375.805932853,42.2290651987,0.0
166.547306091,218.07693269,42.2290651987,0.0
@ 640 10 0.152538679451 0.277827909947
271.620326795,125.916026735,42.6099217088,0.0
43.5070623036,465.611306152,42.6099217088,0.0
81.566487627,291.719848091,42.6099217088,0.0
410.620013282,56.6015166742,42.6099217088,0.0
142.898372203,47.5551775287,42.6099217088,0.0
336.121622327,290.981821563,42.6099217088,0.0
87.2848378746,166.148121041,42.6099217088,0.0
246.85232406,426.35744599,42.6099217088,0.0
166.272239783,465.240673032,42.6099217088,0.0
216.690586089,280.608867256,42.6099217088,0.0
405.92208809,434.694643021,42.6099217088,0.0
457.477597283,311.167368602,42.6099217088,0.0
350.753113831,190.73852375,42.6099217088,0.0
@ 650 10 0.152538679451 0.282861870332
135.326734094,351.054002629,44.0343652596,0.0
61.4583754375,298.536906708,44.0343652596,0.0
336.509034602,348.37818971,44.0343652596,0.0
420.073429978,45.7216615174,44.0343652596,0.0
329.262250503,258.938311955,44.0343652596,0.0
56.1361963746,406.845404314,44.0343652596,0.0
405.593595571,141.159115902,44.0343652596,0.0
327.376607806,448.186628131,44.0343652596,0.0
441.10902447,354.774362419,44.0343652596,0.0
161.473416763,52.6757562279,44.0343652596,0.0
72.5366115562,132.059267967,44.0343652596,0.0
267.621528258,175.056047732,44.0343652596,0.0
174.030354018,439.917423492,44.0343652596,0.0
@ 660 10 0.152538679451 0.302090047347
232.13012084,164.870020053,44.0817126244,0.0
437.266992393,185.531721126,44.0817126244,0.0
232.443427486,50.7278421515,44.0817126244,0.0
45.0003211073,339.513533472,44.0817126244,0.0
204.737214946,266.142659755,44.0817126244,0.0
112.48986907,276.075995892,44.0817126244,0.0
62.4137577496,143.702226894,44.0817126244,0.0
139.178941201,99.3311696204,44.0817126244,0.0
341.187854826,88.2868524193,44.0817126244,0.0
382.558949219,317.738895159,44.0817126244,0.0
467.358821922,364.266686876,44.0817126244,0.0
254.348312328,375.015422087,44.0817126244,0.0
68.2436420622,428.704948746,44.0817126244,0.0
@ 670 10 0.152538679451 0.302740033203
102.404918827,235.151899502,42.0619652629,0.0
52.2024209246,126.71767316,42.0619652629,0.0
407.10537074,106.447853871,42.0619652629,0.0
424.189461136,383.897762461,42.0619652629,0.0
259.230452018,348.897137622,42.0619652629,0.0
305.536732839,456.613725069,42.0619652629,0.0
329.07261319,211.68069041,42.0619652629,0.0
51.5947347684,432.751816769,42.0619652629,0.0
156.003538758,362.066886199,42.0619652629,0.0
389.114991708,294.07920799,42.0619652629,0.0
208.384774957,44.8763898517,42.0619652629,0.0
205.117866475,454.259053451,42.0619652629,0.0
198.612243401,231.047862629,42.0619652629,0.0
@ 680 10 0.152538679451 0.275633536283
368.241814945,269.440849891,48.7505654137,0.0
171.791349073,245.609245175,48.7505654137,0.0
234.818931593,320.112822844,48.7505654137,0.0
325.052770285,359.783232882,48.7505654137,0.0
125.766472339,337.71685942,48.7505654137,0.0
458.598608353,309.936441591,48.7505654137,0.0
50.1048154534,401.720486503,48.7505654137,0.0
446.227827424,87.4546071991,48.7505654137,0.0
434.743795149,189.68121713,48.7505654137,0.0
334.62448227,65.038287161,48.7505654137,0.0
195.932473758,425.82635845,48.7505654137,0.0
49.6868207062,232.376904835,48.7505654137,0.0
202.451424566,132.974755321,48.7505654137,0.0
@ 690 10 0.152538679451 0.370264649458
228.182316877,325.129230749,44.1421088795,0.0
235.019512601,457.863476772,44.1421088795,0.0
95.7191706295,462.8197369,44.1421088795,0.0
322.477354091,291.14478515,44.1421088795,0.0
87.9441073261,89.844673068,44.1421088795,0.0
177.444945031,210.826598796,44.1421088795,0.0
299.14930554,204.215995245,44.1421088795,0.0
324.855978343,397.53451542,44.1421088795,0.0
428.954711554,126.224390812,44.1421088795,0.0
90.23265072,244.421074091,44.1421088795,0.0
94.3846016838,354.692393933,44.1421088795,0.0
413.982422087,404.896885324,44.1421088795,0.0
429.613082129,235.453414162,44.1421088795,0.0
@ 700 10 0.152538679451 0.303570168372
409.09464671,198.924236278,40.7840355751,0.0
233.185519486,451.946659301,40.7840355751,0.0
212.309094155,123.028676669,40.7840355751,0.0
332.942792973,299.630966271,40.7840355751,0.0
131.576437269,202.400626461,40.7840355751,0.0
431.88128556,440.104716211,40.7840355751,0.0
465.702248172,63.8226076674,40.7840355751,0.0
310.782248571,178.577350794,40.7840355751,0.0
463.496595346,277.500000131,40.7840355751,0.0
65.5687514728,289.011928391,40.7840355751,0.0
138.492626567,462.818468033,40.7840355751,0.0
363.944481477,113.007365196,40.7840355751,0.0
118.777224594,118.222709369,40.7840355751,0.0
@ 710 10 0.174216027875 0.259139329134
57.9069409963,263.841556394,47.9929154252,0.0
78.1829081352,163.322540336,47.9929154252,0.0
186.079799527,163.203729436,47.9929154252,0.0
264.914789968,283.64860696,47.9929154252,0.0
239.89234192,461.631412374,47.9929154252,0.0
394.284428425,264.936595673,47.9929154252,0.0
408.427738264,120.068976625,47.9929154252,0.0
367.600766997,362.701229861,47.9929154252,0.0
123.832399803,346.843440252,47.9929154252,0.0
48.8392353127,408.441998846,47.9929154252,0.0
52.0082655668,57.2345209198,47.9929154252,0.0
257.058214827,71.5034777255,47.9929154252,0.0
444.70202177,425.837913056,47.9929154252,0.0
@ 720 10 0.174216027875 0.358845249965
318.466043363,178.409704447,48.9158658357,0.0
57.0852171461,255.139809344,48.9158658357,0.0
375.197273145,378.009180928,48.9158658357,0.0
179.796974334,382.144223883,48.9158658357,0.0
270.83929629,91.6913613696,48.9158658357,0.0
447.88031331,453.795831608,48.9158658357,0.0
436.436378063,244.439764891,48.9158658357,0.0
104.330230312,54.6794387756,48.9158658357,0.0
251.305202836,279.426839373,48.9158658357,0.0
450.934986639,133.459686147,48.9158658357,0.0
287.877806945,434.609055889,48.9158658357,0.0
172.960351432,180.547027959,48.9158658357,0.0
57.5513069606,356.755512657,48.9158658357,0.0
@ 730 10 0.174216027875 0.372779847681
268.913872458,407.688207166,42.8759153197,0.0
61.7037062814,465.276198931,42.8759153197,0.0
75.394033423,355.84599473,42.8759153197,0.0
161.015144548,428.771599653,42.8759153197,0.0
48.2850112193,48.3073472601,42.8759153197,0.0
408.258773529,446.763131939,42.8759153197,0.0
227.694066776,228.095032272,42.8759153197,0.0
203.381322805,85.6538980982,42.8759153197,0.0
360.816810577,77.3701309258,42.8759153197,0.0
49.8968886994,214.667000037,42.8759153197,0.0
363.811571166,237.621186293,42.8759153197,0.0
454.039590424,238.353167139,42.8759153197,0.0
146.46290782,270.827560758,42.8759153197,0.0
@ 740 10 0.174216027875 0.286404439265
370.851798181,73.5078860044,44.4330164731,0.0
262.888855945,254.540208653,44.4330164731,0.0
464.986233191,46.8332207193,44.4330164731,0.0
260.534725839,423.24489223,44.4330164731,0.0
273.17468266,45.0778754,44.4330164731,0.0
74.7907936841,165.770085841,44.4330164731,0.0
47.5087578829,446.391686044,44.4330164731,0.0
156.056874845,426.541391868,44.4330164731,0.0
155.714549319,50.8738367153,44.4330164731,0.0
370.942954,346.928598301,44.4330164731,0.0
171.643833674,180.870687468,44.4330164731,0.0
439.747345309,194.426682834,44.4330164731,0.0
461.768752891,404.636923982,44.4330164731,0.0
@ 750 10 0.174216027875 0.30758456029
364.093957684,284.728287345,43.1253571085,0.0
140.930425913,53.5377419394,43.1253571085,0.0
237.143270055,210.068135674,43.1253571085,0.0
146.174588809,361.248847917,43.1253571085,0.0
297.000866645,349.216452859,43.1253571085,0.0
53.1767835514,466.469441938,43.1253571085,0.0
367.704160883,128.566892162,43.1253571085,0.0
267.303733934,51.4538941109,43.1253571085,0.0
373.809225498,447.333828772,43.1253571085,0.0
236.342265957,426.527357475,43.1253571085,0.0
87.4870293963,207.216923302,43.1253571085,0.0
461.061602437,48.5558844755,43.1253571085,0.0
427.738457214,211.262405,43.1253571085,0.0
@ 760 10 0.174216027875 0.289746597636
253.22151467,375.450898148,44.3785947506,0.0
377.36660217,402.181122034,44.3785947506,0.0
209.692685488,279.146295265,44.3785947506,0.0
327.914719749,263.050862849,44.3785947506,0.0
46.0922980773,283.509258934,44.3785947506,0.0
141.39370751,398.731372835,44.3785947506,0.0
467.492135493,335.272022073,44.3785947506,0.0
449.392614842,109.133622435,44.3785947506,0.0
271.810871264,55.6750156212,44.3785947506,0.0
280.352225219,183.113815702,44.3785947506,0.0
346.46563797,117.991807711,44.3785947506,0.0
428.357887079,216.490862878,44.3785947506,0.0
152.346207701,121.90903798,44.3785947506,0.0
@ 770 10 0.174216027875 0.306831560303
346.91375348,364.852387664,43.0407069022,0.0
351.454583562,62.8340941491,43.0407069022,0.0
450.131997851,230.059819443,43.0407069022,0.0
386.140120421,162.879098824,43.0407069022,0.0
134.963344953,429.667923264,43.0407069022,0.0
457.87455413,89.1261691622,43.0407069022,0.0
232.120148323,185.808628812,43.0407069022,0.0
146.013262815,124.696236971,43.0407069022,0.0
252.531341522,450.563104205,43.0407069022,0.0
169.310747425,281.37669658,43.0407069022,0.0
213.438396344,62.781131375,43.0407069022,0.0
72.7492883524,185.848626392,43.0407069022,0.0
98.5884882468,48.8468069612,43.0407069022,0.0
@ 780 10 0.174216027875 0.288610234302
452.033292489,175.677713719,48.9707361784,0.0
308.790747018,212.988697603,48.9707361784,0.0
413.787629599,285.704946032,48.9707361784,0.0
227.490253883,278.021600079,48.9707361784,0.0
449.524102878,407.756458369,48.9707361784,0.0
122.78551657,432.748772409,48.9707361784,0.0
246.048927041,406.120646124,48.9707361784,0.0
170.807142832,136.256542606,48.9707361784,0.0
58.5235055336,121.268620783,48.9707361784,0.0
394.221555125,57.8148828346,48.9707361784,0.0
274.49635837,112.965634046,48.9707361784,0.0
348.981668171,397.800681825,48.9707361784,0.0
112.73143886,235.936361193,48.9707361784,0.0
@ 790 10 0.174216027875 0.373616632633
316.183643235,169.297163086,40.6748203393,0.0
206.824900254,180.17539161,40.6748203393,0.0
342.936472982,466.215202191,40.6748203393,0.0
447.349139766,349.100874042,40.6748203393,0.0
266.859780754,66.3182712891,40.6748203393,0.0
92.3712187405,230.078307163,40.6748203393,0.0
118.249501537,57.9839345267,40.6748203393,0.0
350.217152994,343.607852481,40.6748203393,0.0
254.559789797,394.521721161,40.6748203393,0.0
393.742530834,228.777195505,40.6748203393,0.0
157.205493095,354.189044838,40.6748203393,0.0
57.1489154497,327.598730826,40.6748203393,0.0
266.504212843,310.37781878,40.6748203393,0.0
@ 800 10 0.174216027875 0.257753293262
377.957305337,55.4422097563,44.4720896211,0.0
187.538947305,182.441993726,44.4720896211,0.0
70.0368539153,347.735347402,44.4720896211,0.0
126.997148847,459.948850156,44.4720896211,0.0
400.547300845,408.863466108,44.4720896211,0.0
423.266136346,228.903273725,44.4720896211,0.0
452.02475662,328.734621821,44.4720896211,0.0
211.493373189,408.877227283,44.4720896211,0.0
454.137552921,143.186825287,44.4720896211,0.0
64.4771419226,95.8232929336,44.4720896211,0.0
348.815316254,311.802638748,44.4720896211,0.0
168.14397895,86.3797461907,44.4720896211,0.0
295.728389847,216.825386034,44.4720896211,0.0
@ 810 10 0.203075137801 0.308125760607
84.3871703915,51.6031707765,44.5969504101,0.0
96.635851256,292.111680828,44.5969504101,0.0
337.531252133,351.836212274,44.5969504101,0.0
345.261782994,176.777826389,44.5969504101,0.0
183.470107753,365.868128847,44.5969504101,0.0
401.124944733,80.4054705392,44.5969504101,0.0
62.2120842504,408.961862331,44.5969504101,0.0
83.5101289857,199.359888348,44.5969504101,0.0
174.432076887,247.714445689,44.5969504101,0.0
458.002151572,186.25526792,44.5969504101,0.0
350.930045938,450.319749305,44.5969504101,0.0
225.720054942,451.95098703,44.5969504101,0.0
294.767790667,45.4217496806,44.5969504101,0.0
@ 820 10 0.203075137801 0.30985839042
143.629973237,239.316220933,48.4033371527,0.0
56.4356685873,134.602706753,48.4033371527,0.0
211.715116385,61.9242451588,48.4033371527,0.0
454.185251877,218.539339988,48.4033371527,0.0
199.230504352,348.041474902,48.4033371527,0.0
440.024821119,91.1809146865,48.4033371527,0.0
328.015369737,238.404451179,48.4033371527,0.0
69.9587899533,315.192144189,48.4033371527,0.0
281.568560494,422.636431831,48.4033371527,0.0
462.150617138,457.904553767,48.4033371527,0.0
92.673782915,414.347249518,48.4033371527,0.0
321.78646361,67.3812487355,48.4033371527,0.0
368.153236075,364.106496968,48.4033371527,0.0
@ 830 10 0.203075137801 0.365008977479
301.222153585,408.906127839,45.3415959769,0.0
363.457923393,206.398638146,45.3415959769,0.0
76.4597139493,152.641944806,45.3415959769,0.0
419.888014857,310.129878379,45.3415959769,0.0
455.178780241,181.740961904,45.3415959769,0.0
107.770636368,346.469091158,45.3415959769,0.0
361.325866144,76.3128723144,45.3415959769,0.0
266.436288183,127.823266855,45.3415959769,0.0
101.228560153,443.298987053,45.3415959769,0.0
113.485332603,63.5157413671,45.3415959769,0.0
396.984099185,398.251481821,45.3415959769,0.0
460.498330792,46.7882551616,45.3415959769,0.0
169.747002197,253.728006476,45.3415959769,0.0
@ 840 10 0.203075137801 0.32029233219
260.046907973,62.3136311291,46.8384868887,0.0
48.87258373,445.20772,46.8384868887,0.0
66.0868041425,341.218895922,46.8384868887,0.0
443.07653746,463.034715425,46.8384868887,0.0
465.069471774,314.581633885,46.8384868887,0.0
256.09110158,280.640501216,46.8384868887,0.0
368.783624503,286.125852789,46.8384868887,0.0
300.746606342,174.162491381,46.8384868887,0.0
427.684711671,98.1382082927,46.8384868887,0.0
353.992428182,394.72396975,46.8384868887,0.0
72.7363703616,126.032425562,46.8384868887,0.0
154.53219069,237.697297278,46.8384868887,0.0
144.858373724,414.662122007,46.8384868887,0.0
@ 850 10 0.203075137801 0.341789447303
53.6248785827,57.4087884222,51.282958894,0.0
193.786162143,244.59557479,51.282958894,0.0
188.444024894,125.625241564,51.282958894,0.0
79.1290698308,200.853933842,51.282958894,0.0
58.8943277317,313.513123147,51.282958894,0.0
460.644552186,278.311717624,51.282958894,0.0
164.721349123,353.262032471,51.282958894,0.0
206.120273573,455.693776471,51.282958894,0.0
72.3943637097,437.697587134,51.282958894,0.0
407.507563966,410.892745024,51.282958894,0.0
445.997426369,97.511392713,51.282958894,0.0
306.088093271,426.578844488,51.282958894,0.0
354.35408029,218.848452423,51.282958894,0.0
@ 860 10 0.203075137801 0.409731247525
329.947925088,155.592303027,42.5123169241,0.0
329.341307459,267.374889887,42.5123169241,0.0
337.900154805,398.159438319,42.5123169241,0.0
372.172390021,60.245614948,42.5123169241,0.0
177.617518366,247.745758326,42.5123169241,0.0
151.895960823,451.134961333,42.5123169241,0.0
413.61485866,331.663914413,42.5123169241,0.0
416.259039969,453.275490432,42.5123169241,0.0
134.675225034,96.3515913156,42.5123169241,0.0
455.815508302,122.420307062,42.5123169241,0.0
202.012807057,43.8222808024,42.5123169241,0.0
250.647916147,442.287936028,42.5123169241,0.0
48.4580424167,353.172538823,42.5123169241,0.0
@ 870 10 0.203075137801 0.281567474575
457.492518409,334.628915964,44.1528969149,0.0
92.0810600054,129.374817866,44.1528969149,0.0
76.6324425696,367.64541201,44.1528969149,0.0
453.186260287,439.344811489,44.1528969149,0.0
194.977146005,44.5371116836,44.1528969149,0.0
337.425447184,371.214403709,44.1528969149,0.0
209.674016322,329.51525005,44.1528969149,0.0
271.747512603,253.978077886,44.1528969149,0.0
267.286142699,425.019152995,44.1528969149,0.0
366.484219001,459.894346233,44.1528969149,0.0
371.198430646,192.924706379,44.1528969149,0.0
135.857263782,271.834910652,44.1528969149,0.0
151.485458255,437.935380378,44.1528969149,0.0
@ 880 10 0.203075137801 0.303718567531
401.230478411,227.324287434,48.4373102218,0.0
79.488672421,392.764585655,48.4373102218,0.0
191.320710476,438.054720446,48.4373102218,0.0
268.24230095,372.417618347,48.4373102218,0.0
437.775116753,321.435449359,48.4373102218,0.0
302.579830928,231.129893693,48.4373102218,0.0
432.641679886,456.019697402,48.4373102218,0.0
425.383897021,128.354084737,48.4373102218,0.0
52.9179173769,81.3752985702,48.4373102218,0.0
188.837179652,251.434752279,48.4373102218,0.0
72.0724631007,261.461216415,48.4373102218,0.0
208.69606867,94.046408652,48.4373102218,0.0
307.175692448,77.8495290706,48.4373102218,0.0
@ 890 10 0.203075137801 0.365521538296
131.050787829,153.584383484,50.5133692098,0.0
284.820851331,295.339096996,50.5133692098,0.0
71.9551813525,438.148024254,50.5133692098,0.0
451.886420322,96.4542347738,50.5133692098,0.0
53.6841304936,284.853419937,50.5133692098,0.0
349.666285689,438.688789796,50.5133692098,0.0
458.834787096,354.343690846,50.5133692098,0.0
351.837004546,82.0310030488,50.5133692098,0.0
222.375377864,101.818965959,50.5133692098,0.0
176.540917477,317.167652527,50.5133692098,0.0
87.2194544553,60.285414837,50.5133692098,0.0
232.560917342,446.808349725,50.5133692098,0.0
456.062708752,198.774131174,50.5133692098,0.0
@ 900 10 0.203075137801 0.397526064771
172.124473768,354.572052888,52.0706317185,0.0
428.204997757,243.601686639,52.0706317185,0.0
322.657763092,302.467890514,52.0706317185,0.0
101.417333122,160.3485881,52.0706317185,0.0
335.081350024,149.163182664,52.0706317185,0.0
205.426267907,458.568642112,52.0706317185,0.0
432.386427423,349.784647099,52.0706317185,0.0
67.2352095956,59.872374105,52.0706317185,0.0
411.972757064,52.5233874899,52.0706317185,0.0
206.84851479,235.338427028,52.0706317185,0.0
187.88930473,102.232354799,52.0706317185,0.0
58.745796384,328.912183373,52.0706317185,0.0
344.040901801,446.557006752,52.0706317185,0.0
@ 910 10 0.243393602225 0.422414316883
332.932910511,257.516417515,48.8082528243,0.0
222.089044094,183.635638739,48.8082528243,0.0
280.072824384,104.557591433,48.8082528243,0.0
455.843611007,91.5369807187,48.8082528243,0.0
49.3701021498,314.41077223,48.8082528243,0.0
357.135390468,459.593279187,48.8082528243,0.0
109.741473207,184.351730317,48.8082528243,0.0
453.262027495,440.281145272,48.8082528243,0.0
440.516174443,315.480310005,48.8082528243,0.0
166.576995732,444.589019101,48.8082528243,0.0
150.855120863,321.309808113,48.8082528243,0.0
370.27546694,162.416566036,48.8082528243,0.0
92.9170338477,67.4612561979,48.8082528243,0.0
@ 920 10 0.243393602225 0.3711414494
229.78148171,81.2447491114,48.0024114109,0.0
112.392228496,157.559854272,48.0024114109,0.0
290.574419186,356.57428104,48.0024114109,0.0
368.06515393,248.498760859,48.0024114109,0.0
267.715977879,450.279911871,48.0024114109,0.0
198.327365211,296.810992764,48.0024114109,0.0
139.914576943,454.934791392,48.0024114109,0.0
400.046905085,74.6084853964,48.0024114109,0.0
418.871915672,446.191124129,48.0024114109,0.0
51.8353219139,415.723143868,48.0024114109,0.0
75.9034136392,297.275615309,48.0024114109,0.0
254.113522016,181.680738996,48.0024114109,0.0
421.413616987,345.173579835,48.0024114109,0.0
@ 930 10 0.243393602225 0.358987267863
345.515491382,443.11126375,43.9269563587,0.0
224.497817105,49.1942880359,43.9269563587,0.0
89.7789883808,330.385150064,43.9269563587,0.0
423.596542512,232.701529414,43.9269563587,0.0
150.12529199,126.126668325,43.9269563587,0.0
93.679657571,234.752108322,43.9269563587,0.0
112.464875468,417.765334282,43.9269563587,0.0
244.584120423,429.045195716,43.9269563587,0.0
466.20806703,341.030757829,43.9269563587,0.0
208.835549068,248.873389124,43.9269563587,0.0
56.0484839059,93.4054682571,43.9269563587,0.0
307.084521445,89.7859971221,43.9269563587,0.0
235.736211278,156.504935728,43.9269563587,0.0
@ 940 10 0.243393602225 0.300618124811
141.639777247,181.81611328,50.1539404199,0.0
210.859836737,415.039370424,50.1539404199,0.0
59.6391491816,113.396031037,50.1539404199,0.0
53.9993536434,232.076293887,50.1539404199,0.0
138.269703585,294.518508624,50.1539404199,0.0
262.238615634,297.173731416,50.1539404199,0.0
346.074769317,361.912283619,50.1539404199,0.0
320.166592376,50.8399779373,50.1539404199,0.0
457.259569648,386.410947399,50.1539404199,0.0
428.511184509,94.5104453748,50.1539404199,0.0
340.537578914,180.588426789,50.1539404199,0.0
194.457987776,88.6077711186,50.1539404199,0.0
439.442870956,221.823291719,50.1539404199,0.0
@ 950 10 0.243393602225 0.391888983981
444.225843104,322.167898519,52.3786537274,0.0
113.718482203,340.955459127,52.3786537274,0.0
449.119952908,59.1822698439,52.3786537274,0.0
97.9848293233,451.763801295,52.3786537274,0.0
55.2019167721,88.5316107262,52.3786537274,0.0
451.389220532,443.891057937,52.3786537274,0.0
62.33774078,246.165544,52.3786537274,0.0
369.112279265,192.872159096,52.3786537274,0.0
236.121123083,239.280936855,52.3786537274,0.0
266.819045724,123.912154616,52.3786537274,0.0
303.188007501,334.800520686,52.3786537274,0.0
172.166184559,54.5308114139,52.3786537274,0.0
313.264315981,453.726021767,52.3786537274,0.0
@ 960 10 0.243393602225 0.427426652681
341.916314301,39.0129500762,38.9763640852,0.0
212.191314899,205.128706964,38.9763640852,0.0
119.895165845,146.414144404,38.9763640852,0.0
335.434691365,419.383631181,38.9763640852,0.0
381.058345337,347.600629997,38.9763640852,0.0
128.542546787,386.302735029,38.9763640852,0.0
304.634962547,295.631031608,38.9763640852,0.0
173.825360954,292.480908866,38.9763640852,0.0
430.83789936,421.864004503,38.9763640852,0.0
395.311002478,123.497787815,38.9763640852,0.0
424.534054875,221.622588661,38.9763640852,0.0
59.7666154536,426.378972822,38.9763640852,0.0
228.167635707,123.459071997,38.9763640852,0.0
@ 970 10 0.243393602225 0.236676742444
251.598298171,334.41505006,47.4385755161,0.0
461.589105709,268.360472835,47.4385755161,0.0
136.386708919,404.710901839,47.4385755161,0.0
329.163857881,252.677005346,47.4385755161,0.0
229.442264124,453.813735537,47.4385755161,0.0
187.569252508,242.304979914,47.4385755161,0.0
317.386030355,147.112388706,47.4385755161,0.0
190.64378346,81.8192309624,47.4385755161,0.0
76.7435500413,246.420638783,47.4385755161,0.0
318.581981451,47.7120769337,47.4385755161,0.0
447.608753115,151.094319041,47.4385755161,0.0
361.686867264,360.246561647,47.4385755161,0.0
83.5183003477,52.1105661036,47.4385755161,0.0
@ 980 10 0.243393602225 0.350603474257
120.207021245,426.572521767,49.0354366307,0.0
119.971386317,101.709995968,49.0354366307,0.0
372.995799186,141.79994294,49.0354366307,0.0
407.855234264,461.19423086,49.0354366307,0.0
212.966622269,160.039541102,49.0354366307,0.0
279.265372365,413.672856936,49.0354366307,0.0
149.08753161,250.809612181,49.0354366307,0.0
229.877911483,325.58186967,49.0354366307,0.0
289.954747533,70.8915428328,49.0354366307,0.0
343.015916051,266.22831729,49.0354366307,0.0
440.874236868,52.4844754913,49.0354366307,0.0
399.987246186,362.552168925,49.0354366307,0.0
447.503067281,209.306944319,49.0354366307,0.0
@ 990 10 0.243393602225 0.374604534219
350.640774064,256.754151405,49.6845848657,0.0
196.173397502,112.726008861,49.6845848657,0.0
82.3738552105,108.237882196,49.6845848657,0.0
333.751341968,78.0137839665,49.6845848657,0.0
218.750907356,280.993621029,49.6845848657,0.0
455.352425244,282.577984699,49.6845848657,0.0
176.284945424,377.84181781,49.6845848657,0.0
94.9011628253,440.504168097,49.6845848657,0.0
364.939986922,441.071377721,49.6845848657,0.0
97.3887816278,297.304997304,49.6845848657,0.0
443.153782113,51.3799349718,49.6845848657,0.0
401.565331033,168.947557553,49.6845848657,0.0
299.248237168,344.22158982,49.6845848657,0.0
@ 1000 10 0.243393602225 0.38458847642
215.894658692,232.254067761,49.0954903271,0.0
255.122804928,76.7476365091,49.0954903271,0.0
75.7043435667,427.266833059,49.0954903271,0.0
440.12174014,83.4284283665,49.0954903271,0.0
320.70415103,193.849513902,49.0954903271,0.0
384.917942911,325.94604834,49.0954903271,0.0
202.042593513,422.38301008,49.0954903271,0.0
141.653209711,302.454774861,49.0954903271,0.0
306.781133078,391.575228446,49.0954903271,0.0
90.3641441331,212.301750196,49.0954903271,0.0
55.8471539675,88.9857142367,49.0954903271,0.0
457.897859243,410.510642183,49.0954903271,0.0
451.49906384,204.825619015,49.0954903271,0.0
@ 1010 10 0.303687635575 0.375522652387
445.704999343,328.714664921,47.6293021258,0.0
358.956487038,102.94803341,47.6293021258,0.0
63.3950801973,58.9147549494,47.6293021258,0.0
368.023326549,449.751171674,47.6293021258,0.0
151.365572919,335.053522832,47.6293021258,0.0
208.147817177,243.436200254,47.6293021258,0.0
460.898873842,158.507847564,47.6293021258,0.0
163.610770872,111.9237017,47.6293021258,0.0
106.603416828,433.380041093,47.6293021258,0.0
91.6449686005,258.700721971,47.6293021258,0.0
348.055688665,214.249694155,47.6293021258,0.0
263.579519739,65.6412013358,47.6293021258,0.0
339.926511534,310.217081494,47.6293021258,0.0
@ 1020 10 0.303687635575 0.353428341377
149.769832143,373.009208654,50.8592568704,0.0
195.410565301,159.299084732,50.8592568704,0.0
119.892313371,75.4093415057,50.8592568704,0.0
229.788566552,268.649012639,50.8592568704,0.0
79.0802362121,192.938625455,50.8592568704,0.0
430.042220232,120.91967043,50.8592568704,0.0
65.400521949,439.652767553,50.8592568704,0.0
215.908281403,451.511978693,50.8592568704,0.0
310.277997329,335.777352422,50.8592568704,0.0
447.808396831,242.467977931,50.8592568704,0.0
337.508286345,459.546880253,50.8592568704,0.0
250.504299732,54.8052944941,50.8592568704,0.0
344.094165287,230.959757668,50.8592568704,0.0
@ 1030 10 0.303687635575 0.402988781774
437.423653196,318.878770345,53.3836439142,0.0
440.872763747,211.866854411,53.3836439142,0.0
215.661294051,154.238893237,53.3836439142,0.0
119.716820271,205.197309496,53.3836439142,0.0
201.766628366,349.050791644,53.3836439142,0.0
444.307884892,95.3087549732,53.3836439142,0.0
85.4826674075,343.620026382,53.3836439142,0.0
88.5656580149,58.8387508996,53.3836439142,0.0
140.26203477,442.82001077,53.3836439142,0.0
326.717331951,240.749413323,53.3836439142,0.0
318.613373044,57.8904967954,53.3836439142,0.0
313.669156968,355.703883216,53.3836439142,0.0
441.433561787,434.235372237,53.3836439142,0.0
@ 1040 10 0.303687635575 0.443986092242
100.87897763,445.750085045,50.0803952352,0.0
330.624568884,78.0302465505,50.0803952352,0.0
458.012876325,296.723895488,50.0803952352,0.0
52.0339169608,285.101873483,50.0803952352,0.0
428.21192845,460.239562483,50.0803952352,0.0
347.725549292,199.245222076,50.0803952352,0.0
185.432638187,179.091862078,50.0803952352,0.0
326.519624903,424.67241966,50.0803952352,0.0
139.158128197,349.190752225,50.0803952352,0.0
205.035573989,68.3594074096,50.0803952352,0.0
439.73278178,50.1575898339,50.0803952352,0.0
80.5015786302,172.755736244,50.0803952352,0.0
303.184577724,309.656177539,50.0803952352,0.0
@ 1050 10 0.303687635575 0.390740503297
124.817933501,150.277792679,46.4009767627,0.0
83.3252835008,389.271034825,46.4009767627,0.0
315.244511653,359.189951707,46.4009767627,0.0
360.907106792,447.796658648,46.4009767627,0.0
195.547700922,347.723573243,46.4009767627,0.0
438.143387349,318.847037023,46.4009767627,0.0
231.060510102,461.343057415,46.4009767627,0.0
342.783413368,147.258695865,46.4009767627,0.0
276.768684147,257.591304361,46.4009767627,0.0
46.6159785744,53.7109029235,46.4009767627,0.0
47.0994938168,244.839356946,46.4009767627,0.0
433.330206781,73.6208830177,46.4009767627,0.0
265.51596556,81.6627825736,46.4009767627,0.0
@ 1060 10 0.303687635575 0.335434077708
83.0042128573,249.531623035,44.4167781484,0.0
456.871845275,141.441161617,44.4167781484,0.0
229.366673461,183.106155014,44.4167781484,0.0
49.3295371905,165.651973053,44.4167781484,0.0
403.294051846,381.0479371,44.4167781484,0.0
175.606564349,60.3651158553,44.4167781484,0.0
266.02903953,390.33591953,44.4167781484,0.0
365.181567663,463.141797467,44.4167781484,0.0
381.663616957,207.017594822,44.4167781484,0.0
172.228738212,331.895947657,44.4167781484,0.0
76.5107596703,53.148420621,44.4167781484,0.0
326.856815694,286.605902023,44.4167781484,0.0
49.1214944615,446.599543754,44.4167781484,0.0
@ 1070 10 0.303687635575 0.307359783956
381.232500977,57.0568415023,49.5957144593,0.0
311.621067029,354.186925681,49.5957144593,0.0
390.944620059,455.150702271,49.5957144593,0.0
452.762249671,371.852919031,49.5957144593,0.0
185.479082274,201.38942295,49.5957144593,0.0
94.6667326264,421.561032961,49.5957144593,0.0
137.251134152,293.383719011,49.5957144593,0.0
322.14036257,237.211961092,49.5957144593,0.0
90.7733327798,162.940990792,49.5957144593,0.0
288.0548369,106.664907534,49.5957144593,0.0
54.5523074299,51.4688303848,49.5957144593,0.0
192.047918952,60.0100003738,49.5957144593,0.0
453.791607713,201.271326397,49.5957144593,0.0
@ 1080 10 0.303687635575 0.383213886419
47.1113769593,405.182308028,47.0805896129,0.0
333.474020569,308.864253271,47.0805896129,0.0
269.88876951,47.7653884415,47.0805896129,0.0
457.631594683,83.3815523685,47.0805896129,0.0
141.119260156,325.620141367,47.0805896129,0.0
422.149074519,357.155537691,47.0805896129,0.0
362.8691043,68.8465003322,47.0805896129,0.0
209.860105193,152.216008155,47.0805896129,0.0
49.0167558353,265.285519308,47.0805896129,0.0
256.801292858,387.435652824,47.0805896129,0.0
250.50262203,244.188737083,47.0805896129,0.0
357.718741228,437.88612708,47.0805896129,0.0
88.6514056742,105.292103915,47.0805896129,0.0
@ 1090 10 0.303687635575 0.345331919301
300.546456637,293.700085872,52.7485012815,0.0
159.852011713,445.804757059,52.7485012815,0.0
57.2778020936,62.7601163078,52.7485012815,0.0
181.659194195,259.529631047,52.7485012815,0.0
261.999046839,77.4702183407,52.7485012815,0.0
440.274653552,95.2294723544,52.7485012815,0.0
61.5889739522,380.916464416,52.7485012815,0.0
453.402972955,223.460149283,52.7485012815,0.0
76.2862849999,237.955001945,52.7485012815,0.0
331.795328679,442.478690628,52.7485012815,0.0
444.251453734,417.63149097,52.7485012815,0.0
335.702376115,163.916028742,52.7485012815,0.0
127.549765913,141.472419226,52.7485012815,0.0
@ 1100 10 0.303687635575 0.43348411329
208.287649108,184.532795796,50.9407041655,0.0
307.009081801,304.206492499,50.9407041655,0.0
184.866304105,306.560204836,50.9407041655,0.0
154.901240646,433.01361568,50.9407041655,0.0
63.5020354065,248.236407175,50.9407041655,0.0
418.070182483,51.1659386988,50.9407041655,0.0
454.534826943,287.317104526,50.9407041655,0.0
372.1136414,182.95540019,50.9407041655,0.0
235.898133624,76.3263979798,50.9407041655,0.0
66.1445042043,71.4478357462,50.9407041655,0.0
279.599319054,450.653629415,50.9407041655,0.0
53.2867119019,363.783957947,50.9407041655,0.0
416.712681375,396.02128942,50.9407041655,0.0
@ 1110 10 0.40369088812 0.404280528036
306.912493577,209.568419541,51.9697055497,0.0
445.679490503,92.6429851751,51.9697055497,0.0
323.614558485,458.625840248,51.9697055497,0.0
144.274804322,333.871326844,51.9697055497,0.0
439.303251264,448.830110919,51.9697055497,0.0
61.1068535697,117.957542573,51.9697055497,0.0
192.178753911,112.717745276,51.9697055497,0.0
392.561375779,343.223130807,51.9697055497,0.0
178.621406905,230.5493619,51.9697055497,0.0
189.515041837,429.959379328,51.9697055497,0.0
53.6633911723,417.605017124,51.9697055497,0.0
426.421651483,210.851455145,51.9697055497,0.0
290.326274423,317.37163879,51.9697055497,0.0
@ 1120 10 0.40369088812 0.420778410394
196.726830563,419.438985297,57.1912259323,0.0
326.212643351,406.279793748,57.1912259323,0.0
448.684822666,76.3787646889,57.1912259323,0.0
453.889556138,446.651773027,57.1912259323,0.0
71.8350258323,434.715708491,57.1912259323,0.0
446.266109956,206.668110504,57.1912259323,0.0
57.7368869613,300.391337927,57.1912259323,0.0
187.82322869,297.188182997,57.1912259323,0.0
303.621893287,105.940822735,57.1912259323,0.0
206.220740411,182.599987209,57.1912259323,0.0
98.0107460631,76.8389185882,57.1912259323,0.0
305.034778442,273.311941384,57.1912259323,0.0
414.239235433,326.566371791,57.1912259323,0.0
@ 1130 10 0.40369088812 0.509579265281
430.839478264,61.7416982095,50.4532884607,0.0
266.733455661,265.525543786,50.4532884607,0.0
61.0192716967,432.032837667,50.4532884607,0.0
342.320145369,114.170942256,50.4532884607,0.0
62.4974855005,142.164504842,50.4532884607,0.0
230.315089718,114.472273197,50.4532884607,0.0
166.369976171,209.92813829,50.4532884607,0.0
382.172766417,297.714988914,50.4532884607,0.0
420.699236602,197.320784702,50.4532884607,0.0
88.5356903701,284.829916911,50.4532884607,0.0
306.009367233,404.522517649,50.4532884607,0.0
141.003458165,64.5928000443,50.4532884607,0.0
412.670205256,457.476808993,50.4532884607,0.0
@ 1140 10 0.40369088812 0.396580989813
214.50759101,440.046641971,53.7438098548,0.0
88.8295522668,416.948716032,53.7438098548,0.0
368.994718204,55.6168491731,53.7438098548,0.0
82.0046022483,59.2038926358,53.7438098548,0.0
323.010878784,425.345868126,53.7438098548,0.0
273.014690003,257.002784412,53.7438098548,0.0
170.627620962,191.598431984,53.7438098548,0.0
191.50597757,333.501130749,53.7438098548,0.0
221.380699646,63.4300545425,53.7438098548,0.0
392.07891079,195.261465316,53.7438098548,0.0
54.4043060047,270.878478842,53.7438098548,0.0
432.42270772,316.00023926,53.7438098548,0.0
428.185771527,448.082723647,53.7438098548,0.0
@ 1150 10 0.40369088812 0.449997225557
226.240606447,200.407485462,51.5786885179,0.0
339.567566558,221.844839882,51.5786885179,0.0
234.661532384,87.7248788122,51.5786885179,0.0
256.762380507,437.270675782,51.5786885179,0.0
126.265375174,159.204014465,51.5786885179,0.0
121.373322123,283.649178938,51.5786885179,0.0
239.158274205,304.920525035,51.5786885179,0.0
132.580709111,420.502524061,51.5786885179,0.0
352.287465645,99.9794000208,51.5786885179,0.0
426.748214199,448.689291154,51.5786885179,0.0
353.006022787,339.259900487,51.5786885179,0.0
133.816905395,53.1218986642,51.5786885179,0.0
444.858101666,231.551829717,51.5786885179,0.0
@ 1160 10 0.40369088812 0.414470406123
276.497604846,243.538870098,49.8194365913,0.0
304.214224457,341.925740645,49.8194365913,0.0
50.423909417,332.866541496,49.8194365913,0.0
142.241635005,187.135179678,49.8194365913,0.0
448.251528173,58.1082913077,49.8194365913,0.0
374.906505129,458.871384149,49.8194365913,0.0
399.992501062,278.426740958,49.8194365913,0.0
70.4535555295,68.705051026,49.8194365913,0.0
54.6606953501,447.800990251,49.8194365913,0.0
203.469449309,389.08205941,49.8194365913,0.0
349.927355728,109.465633502,49.8194365913,0.0
448.011703047,367.532928048,49.8194365913,0.0
236.289660887,119.287056858,49.8194365913,0.0
@ 1170 10 0.40369088812 0.386678975965
398.45654832,200.279184604,50.6478540962,0.0
433.148367564,446.913568533,50.6478540962,0.0
60.8706012531,314.490397385,50.6478540962,0.0
326.312765796,94.9173190906,50.6478540962,0.0
194.017946687,395.697952168,50.6478540962,0.0
457.474933382,301.906474435,50.6478540962,0.0
297.142621229,205.146031444,50.6478540962,0.0
116.432718367,71.3348579336,50.6478540962,0.0
258.708888949,302.954997974,50.6478540962,0.0
50.7510533686,194.115245224,50.6478540962,0.0
329.832597439,391.651967726,50.6478540962,0.0
429.093364916,55.6581307571,50.6478540962,0.0
78.3388999753,455.574693906,50.6478540962,0.0
@ 1180 10 0.40369088812 0.399645599266
115.436348723,293.883801553,56.2053958992,0.0
435.419847944,86.9698703543,56.2053958992,0.0
65.0332994294,432.076214636,56.2053958992,0.0
210.683628449,434.045621501,56.2053958992,0.0
430.478151602,309.393967798,56.2053958992,0.0
173.873696661,191.110933817,56.2053958992,0.0
314.42488069,373.612235905,56.2053958992,0.0
270.526978896,258.344883321,56.2053958992,0.0
372.965344131,188.991695993,56.2053958992,0.0
423.24528092,447.36666834,56.2053958992,0.0
175.164305042,71.6262729973,56.2053958992,0.0
58.1592905131,65.5042712836,56.2053958992,0.0
295.190116003,61.3446658311,56.2053958992,0.0
@ 1190 10 0.40369088812 0.492162997331
159.619120285,89.9934889824,50.8449761115,0.0
174.413824199,323.691351602,50.8449761115,0.0
380.129525551,343.354769895,50.8449761115,0.0
294.657355915,105.727520912,50.8449761115,0.0
439.599333586,194.639397333,50.8449761115,0.0
63.7018243022,453.889044837,50.8449761115,0.0
260.948735202,391.541859057,50.8449761115,0.0
274.536008129,256.614559552,50.8449761115,0.0
184.62179313,201.417841183,50.8449761115,0.0
366.456886381,458.778549154,50.8449761115,0.0
57.0082543139,83.4522860342,50.8449761115,0.0
80.5789437397,270.670714576,50.8449761115,0.0
394.784606515,69.8320825975,50.8449761115,0.0
@ 1200 10 0.40369088812 0.402762503294
170.08906987,239.926501096,55.5084345898,0.0
202.58091819,97.0675104,55.5084345898,0.0
67.0019779384,90.2618818104,55.5084345898,0.0
68.0790608812,431.08406733,55.5084345898,0.0
312.302417999,79.527553621,55.5084345898,0.0
56.3070417409,286.339152066,55.5084345898,0.0
421.083368528,193.678521537,55.5084345898,0.0
423.339519698,79.206687065,55.5084345898,0.0
414.310812922,449.202995838,55.5084345898,0.0
323.296276924,354.865476299,55.5084345898,0.0
449.533827312,319.882971616,55.5084345898,0.0
224.290877252,439.373393944,55.5084345898,0.0
303.064047903,234.885581934,55.5084345898,0.0
@ 1210 10 0.601891659501 0.480032780916
312.298750147,430.663026658,54.9910558391,0.0
303.303780606,68.1279220259,54.9910558391,0.0
194.013493691,316.414477635,54.9910558391,0.0
456.467965609,58.8953245373,54.9910558391,0.0
431.397221869,368.78154023,54.9910558391,0.0
55.6478079493,334.221894397,54.9910558391,0.0
349.837812726,201.165249512,54.9910558391,0.0
450.214362253,255.127452527,54.9910558391,0.0
87.6136660948,222.073948782,54.9910558391,0.0
133.661737816,452.663653404,54.9910558391,0.0
243.132427935,172.103046651,54.9910558391,0.0
334.237594357,315.709804799,54.9910558391,0.0
80.9815279695,58.7000935372,54.9910558391,0.0
@ 1220 10 0.601891659501 0.471125978888
158.084700882,347.982009071,50.5943478862,0.0
74.7608039518,55.0241112423,50.5943478862,0.0
353.757557965,388.632949489,50.5943478862,0.0
73.0915623096,265.703148952,50.5943478862,0.0
168.441663255,211.814304136,50.5943478862,0.0
198.188802468,111.798292974,50.5943478862,0.0
259.705210465,459.102992887,50.5943478862,0.0
315.654160026,96.1767244594,50.5943478862,0.0
456.941594742,407.304040393,50.5943478862,0.0
424.427871469,253.597827937,50.5943478862,0.0
260.02238228,280.639747679,50.5943478862,0.0
414.572988537,61.0219660927,50.5943478862,0.0
85.0930872618,451.898076992,50.5943478862,0.0
@ 1230 10 0.601891659501 0.398801645398
280.783298313,451.456664609,54.5366661807,0.0
449.950844737,135.709853629,54.5366661807,0.0
79.8751658718,59.673093526,54.5366661807,0.0
316.947561269,337.351053074,54.5366661807,0.0
423.921761168,451.010535477,54.5366661807,0.0
180.566793702,392.155611435,54.5366661807,0.0
67.1978338783,388.300688882,54.5366661807,0.0
56.5908855138,189.813596917,54.5366661807,0.0
127.306504422,287.442116624,54.5366661807,0.0
415.971677118,240.318550772,54.5366661807,0.0
204.417028113,73.4483069198,54.5366661807,0.0
356.295164322,55.4830859096,54.5366661807,0.0
260.596156822,169.940803513,54.5366661807,0.0
@ 1240 10 0.601891659501 0.463372342511
210.78477122,187.263100665,56.0417553347,0.0
69.7345880233,71.0560231627,56.0417553347,0.0
369.203758553,96.6079847886,56.0417553347,0.0
84.8363240434,207.35607995,56.0417553347,0.0
198.408572822,62.6952200418,56.0417553347,0.0
362.614239219,390.876724036,56.0417553347,0.0
72.1008701473,451.803959381,56.0417553347,0.0
314.392994432,240.978320387,56.0417553347,0.0
244.798909718,442.028962172,56.0417553347,0.0
91.9639247108,324.84754057,56.0417553347,0.0
455.134162383,455.435258382,56.0417553347,0.0
208.79999375,301.683933214,56.0417553347,0.0
448.511112135,239.909046105,56.0417553347,0.0
@ 1250 10 0.601891659501 0.489301329425
232.082032657,369.647982759,53.5518317448,0.0
367.752581918,322.041954945,53.5518317448,0.0
168.671852612,182.378278997,53.5518317448,0.0
142.83508179,298.887077431,53.5518317448,0.0
342.88052429,430.012895937,53.5518317448,0.0
432.986903088,100.349852021,53.5518317448,0.0
136.185581216,449.087965054,53.5518317448,0.0
265.241194257,266.557232465,53.5518317448,0.0
456.274353334,412.333936338,53.5518317448,0.0
56.5276911781,91.37362342,53.5518317448,0.0
205.702105312,74.2381554586,53.5518317448,0.0
452.279585581,220.486228393,53.5518317448,0.0
61.6661804941,218.907108037,53.5518317448,0.0
@ 1260 10 0.601891659501 0.446788099854
281.47454326,399.32317505,52.3634332507,0.0
446.480015153,231.619836171,52.3634332507,0.0
456.964642589,106.748343661,52.3634332507,0.0
77.5883392835,57.331621907,52.3634332507,0.0
345.820966765,146.208547174,52.3634332507,0.0
143.181872284,410.016664581,52.3634332507,0.0
362.771213664,301.736634515,52.3634332507,0.0
55.6132808209,289.971755866,52.3634332507,0.0
200.918840269,308.326673263,52.3634332507,0.0
268.216424336,223.869659098,52.3634332507,0.0
457.662985956,384.887862125,52.3634332507,0.0
196.077955472,82.7100840208,52.3634332507,0.0
138.435300983,193.745513026,52.3634332507,0.0
@ 1270 10 0.601891659501 0.427178280807
293.657825669,200.605054101,56.8717438344,0.0
68.4046081457,208.759630329,56.8717438344,0.0
421.394265669,198.106306971,56.8717438344,0.0
333.674373643,74.8253852872,56.8717438344,0.0
427.035052506,333.32352189,56.8717438344,0.0
217.618767201,438.67883177,56.8717438344,0.0
249.428118647,325.184158401,56.8717438344,0.0
78.3389867335,448.693882116,56.8717438344,0.0
453.28970783,73.4686536817,56.8717438344,0.0
176.35481235,167.070533558,56.8717438344,0.0
118.586750313,316.54293717,56.8717438344,0.0
110.124896083,70.3792783796,56.8717438344,0.0
334.301427674,429.908262588,56.8717438344,0.0
@ 1280 10 0.601891659501 0.503901935283
283.239829892,283.029743381,54.2783060752,0.0
87.0453309356,64.2410699514,54.2783060752,0.0
95.8520471499,420.852902863,54.2783060752,0.0
69.2278086714,283.361680048,54.2783060752,0.0
205.80419282,82.8830311996,54.2783060752,0.0
252.356251881,431.716531253,54.2783060752,0.0
420.477726112,224.464089524,54.2783060752,0.0
178.691266961,329.724953315,54.2783060752,0.0
439.596885889,456.236955312,54.2783060752,0.0
297.231217358,162.437439498,54.2783060752,0.0
401.268192938,81.5541294364,54.2783060752,0.0
135.714804509,185.723171936,54.2783060752,0.0
353.776852778,377.245614815,54.2783060752,0.0
@ 1290 10 0.601891659501 0.458992413768
458.408813549,262.554650508,52.2110013555,0.0
207.67126361,257.933065553,52.2110013555,0.0
56.3384638236,271.084558387,52.2110013555,0.0
105.155219175,164.110960966,52.2110013555,0.0
250.82990059,452.473954216,52.2110013555,0.0
395.928321839,85.8816510847,52.2110013555,0.0
278.071806956,349.400271091,52.2110013555,0.0
294.096177361,59.3916595256,52.2110013555,0.0
148.197795576,351.934728266,52.2110013555,0.0
62.0528474433,52.5619237126,52.2110013555,0.0
296.184323215,173.830939103,52.2110013555,0.0
64.8176923606,458.429839779,52.2110013555,0.0
387.249559839,424.219247008,52.2110013555,0.0
@ 1300 10 0.601891659501 0.424694837153
191.706332296,361.25395451,57.6513271228,0.0
423.052068046,303.715474164,57.6513271228,0.0
157.081436074,71.4872769089,57.6513271228,0.0
449.703838855,63.7148196677,57.6513271228,0.0
400.124398511,172.871060063,57.6513271228,0.0
79.7847722059,165.872355053,57.6513271228,0.0
303.984685466,317.473185119,57.6513271228,0.0
434.954477566,438.841282892,57.6513271228,0.0
299.122921107,59.1041511604,57.6513271228,0.0
244.609209942,177.038413199,57.6513271228,0.0
74.5927235077,295.790871591,57.6513271228,0.0
64.4118226601,451.827270124,57.6513271228,0.0
277.632160882,444.293938538,57.6513271228,0.0
@ 1310 10 1.18243243243 0.517811336744
77.6624031462,74.7435878605,58.5935005794,0.0
314.901793007,158.973137869,58.5935005794,0.0
242.063055585,66.8896941302,58.5935005794,0.0
447.246816721,199.12682503,58.5935005794,0.0
453.361843336,70.2631456671,58.5935005794,0.0
187.732276108,182.973666083,58.5935005794,0.0
304.23895039,332.542113487,58.5935005794,0.0
429.856364048,337.816045112,58.5935005794,0.0
160.797898086,299.741597757,58.5935005794,0.0
63.1971999657,435.591888657,58.5935005794,0.0
59.3538142397,211.922922514,58.5935005794,0.0
346.491405884,449.859293844,58.5935005794,0.0
190.580089211,431.50662335,58.5935005794,0.0
@ 1320 10 1.18243243243 0.534874417227
449.03079559,200.137043977,59.076825138,0.0
316.410332259,256.904014546,59.076825138,0.0
449.463826328,68.8363561774,59.076825138,0.0
180.668013774,59.6787107222,59.076825138,0.0
442.625842617,323.312500832,59.076825138,0.0
199.229441088,221.960287156,59.076825138,0.0
198.394675813,436.314333565,59.076825138,0.0
325.780681007,130.071316445,59.076825138,0.0
88.3313613386,275.720514686,59.076825138,0.0
80.8364182319,401.876578895,59.076825138,0.0
61.6909902445,100.485976649,59.076825138,0.0
418.205154916,445.484744107,59.076825138,0.0
308.354454624,385.010769117,59.076825138,0.0
@ 1330 10 1.18243243243 0.543734927936
448.627416724,233.658366414,59.4460149818,0.0
112.246134289,212.7597853,59.4460149818,0.0
448.830935514,80.0879988528,59.4460149818,0.0
189.591369698,120.667825133,59.4460149818,0.0
108.404484818,449.074241419,59.4460149818,0.0
75.0300464647,73.7845735912,59.4460149818,0.0
237.53399241,294.177811448,59.4460149818,0.0
351.894539977,357.406196132,59.4460149818,0.0
306.142773397,89.6053314545,59.4460149818,0.0
73.7369264049,327.608994196,59.4460149818,0.0
332.306248056,207.594558288,59.4460149818,0.0
438.330676959,443.532540962,59.4460149818,0.0
241.181371378,426.083960727,59.4460149818,0.0
@ 1340 10 1.18243243243 0.550552107467
445.336941134,263.740073529,61.7562715295,0.0
321.311485824,190.73669333,61.7562715295,0.0
334.318724243,63.226828467,61.7562715295,0.0
76.8889454825,68.8899124804,61.7562715295,0.0
231.9924399,443.90881456,61.7562715295,0.0
66.0421715091,226.525890045,61.7562715295,0.0
197.554206427,207.680716984,61.7562715295,0.0
148.16386148,322.837524938,61.7562715295,0.0
203.038559816,64.0391531205,61.7562715295,0.0
67.6522605261,444.853687531,61.7562715295,0.0
436.431343092,133.538991603,61.7562715295,0.0
438.867252211,445.545744377,61.7562715295,0.0
341.004331428,338.527126621,61.7562715295,0.0
@ 1350 10 1.18243243243 0.594175954214
441.267604531,445.533056107,60.0929339431,0.0
204.723463935,80.5189784494,60.0929339431,0.0
336.796302451,100.149236069,60.0929339431,0.0
308.800002134,235.463100635,60.0929339431,0.0
193.720433276,436.510426757,60.0929339431,0.0
70.5019556228,450.101506596,60.0929339431,0.0
77.4747956572,283.536818508,60.0929339431,0.0
212.049398242,316.941497127,60.0929339431,0.0
175.09871323,199.757456964,60.0929339431,0.0
70.1273737066,66.5996090088,60.0929339431,0.0
449.705480161,181.466274595,60.0929339431,0.0
319.953209976,408.992233646,60.0929339431,0.0
450.372316448,314.634656368,60.0929339431,0.0
@ 1360 10 1.18243243243 0.56260003231
309.616894805,340.06181704,57.5260701364,0.0
185.216305685,61.6118690411,57.5260701364,0.0
68.7148530659,88.4526397113,57.5260701364,0.0
441.762480441,144.508078401,57.5260701364,0.0
270.69181785,450.607770819,57.5260701364,0.0
66.8469226534,206.870542362,57.5260701364,0.0
68.4340154983,333.24933482,57.5260701364,0.0
92.5771690799,454.421245867,57.5260701364,0.0
297.827945286,96.1604056558,57.5260701364,0.0
206.173688699,230.367855124,57.5260701364,0.0
433.387064125,306.013690839,57.5260701364,0.0
412.598529363,430.441387558,57.5260701364,0.0
190.264353828,351.683317517,57.5260701364,0.0
@ 1370 10 1.18243243243 0.515563720536
286.477608639,433.500294841,57.2870422138,0.0
270.459212784,80.9769731718,57.2870422138,0.0
346.048912597,181.488438675,57.2870422138,0.0
109.973268537,215.310003028,57.2870422138,0.0
70.5561182904,326.470114853,57.2870422138,0.0
231.421808986,198.217438381,57.2870422138,0.0
117.871021173,70.8422212627,57.2870422138,0.0
200.746670949,350.206242687,57.2870422138,0.0
434.85689663,62.1348880551,57.2870422138,0.0
423.703100362,389.723444191,57.2870422138,0.0
452.614666046,231.515752694,57.2870422138,0.0
329.46037942,303.968814556,57.2870422138,0.0
59.632451318,443.678191404,57.2870422138,0.0
@ 1380 10 1.18243243243 0.511288159967
281.108073942,450.353510225,59.806314036,0.0
310.398515861,200.074315967,59.806314036,0.0
451.761007809,113.339274498,59.806314036,0.0
151.784906223,60.927972002,59.806314036,0.0
59.8736555724,143.706794356,59.806314036,0.0
450.686133549,240.932151844,59.806314036,0.0
187.577007443,178.463144101,59.806314036,0.0
203.254546633,326.456040099,59.806314036,0.0
279.898327755,62.5165025135,59.806314036,0.0
355.506148939,335.501955549,59.806314036,0.0
444.046614133,434.366949449,59.806314036,0.0
63.1492316001,301.126460796,59.806314036,0.0
138.741779365,446.069717959,59.806314036,0.0
@ 1390 10 1.18243243243 0.557246064615
445.770867253,382.901738844,57.7330073177,0.0
188.654811469,431.034148101,57.7330073177,0.0
438.348383482,99.9211524523,57.7330073177,0.0
96.2633521747,60.27789666,57.7330073177,0.0
209.710830398,301.918520818,57.7330073177,0.0
337.420635287,186.158600819,57.7330073177,0.0
87.8243554086,210.491430946,57.7330073177,0.0
61.2752368465,448.928862828,57.7330073177,0.0
80.3940749123,330.310078844,57.7330073177,0.0
308.648951781,66.9581751544,57.7330073177,0.0
442.427197736,253.782301572,57.7330073177,0.0
208.608552145,162.469099613,57.7330073177,0.0
326.064125566,325.785510517,57.7330073177,0.0
@ 1400 10 1.18243243243 0.519279642667
440.390827133,443.523510124,66.8042188582,0.0
230.488100733,444.506950773,66.8042188582,0.0
440.596298525,69.4475946958,66.8042188582,0.0
142.462103427,66.9017325485,66.8042188582,0.0
203.088371041,311.344188735,66.8042188582,0.0
354.645774438,185.918342432,66.8042188582,0.0
67.1569275086,178.317314558,66.8042188582,0.0
87.528764217,444.849646895,66.8042188582,0.0
68.0578091245,312.173075552,66.8042188582,0.0
293.028285299,67.3485688248,66.8042188582,0.0
445.171494678,284.21701074,66.8042188582,0.0
217.607873613,178.049242525,66.8042188582,0.0
330.308002461,353.041735707,66.8042188582,0.0
@ 1410 10 33.3333333333 0.695281568301
443.624696898,442.85186023,67.2456134354,0.0
210.167563821,444.620407688,67.2456134354,0.0
443.758923176,85.5208045933,67.2456134354,0.0
154.436503752,67.5421022291,67.2456134354,0.0
202.118528646,310.134549769,67.2456134354,0.0
365.930791225,196.210613678,67.2456134354,0.0
68.1777355818,170.987048911,67.2456134354,0.0
71.4288728304,443.856694972,67.2456134354,0.0
67.5790149077,308.666375532,67.2456134354,0.0
310.337023813,67.3415228424,67.2456134354,0.0
443.690000895,307.185240405,67.2456134354,0.0
232.480675334,177.828850913,67.2456134354,0.0
324.708660287,371.786979042,67.2456134354,0.0
@ 1420 10 33.3333333333 0.704499769958
442.909821761,440.243570928,67.2655494674,0.0
209.822464971,444.21480968,67.2655494674,0.0
442.615258366,75.2966772497,67.2655494674,0.0
151.657939366,67.4347083351,67.2655494674,0.0
204.342115646,309.721368783,67.2655494674,0.0
367.383376319,189.285827937,67.2655494674,0.0
67.3853026399,173.304840929,67.2655494674,0.0
70.0706648196,444.496442201,67.2655494674,0.0
68.6513270076,309.09587619,67.2655494674,0.0
308.057640619,67.7287149613,67.2655494674,0.0
443.16981933,305.221384737,67.2655494674,0.0
229.364060469,177.393820761,67.2655494674,0.0
325.055498185,372.946231952,67.2655494674,0.0
@ 1430 10 33.3333333333 0.704917552208
442.669859451,444.552408922,67.4152989452,0.0
207.575348838,444.491778834,67.4152989452,0.0
444.319604155,67.5473873967,67.4152989452,0.0
152.481705871,67.416699434,67.4152989452,0.0
202.625974544,309.705709376,67.4152989452,0.0
373.992163134,188.169952977,67.4152989452,0.0
67.8800438343,172.793124115,67.4152989452,0.0
71.3689767718,442.759002511,67.4152989452,0.0
67.6530867369,307.69219716,67.4152989452,0.0
308.737685055,67.6359828231,67.4152989452,0.0
443.836992786,305.140676262,67.4152989452,0.0
230.093108354,177.694755191,67.4152989452,0.0
322.966254682,372.546517544,67.4152989452,0.0
@ 1440 10 33.3333333333 0.708059681827
443.847047546,444.509005448,67.4152764974,0.0
204.697972878,444.47222698,67.4152764974,0.0
444.394527646,74.2856480244,67.4152764974,0.0
150.831513477,67.5230834347,67.4152764974,0.0
204.304231498,309.211068174,67.4152764974,0.0
364.642694425,191.836003647,67.4152764974,0.0
67.9246167236,174.236611793,67.4152764974,0.0
69.1061707321,444.496184554,67.4152764974,0.0
69.1940449079,309.503151319,67.4152764974,0.0
309.585522442,67.6828292821,67.4152764974,0.0
441.310058045,304.773327274,67.4152764974,0.0
230.327877281,176.818722563,67.4152764974,0.0
325.456991419,374.90070901,67.4152764974,0.0
@ 1450 10 33.3333333333 0.70805921029
441.507107447,440.405031282,67.3138170332,0.0
213.940719234,444.53505341,67.3138170332,0.0
444.6095658,68.9146619,67.3138170332,0.0
153.306231522,67.5548919885,67.3138170332,0.0
202.583942807,310.195893163,67.3138170332,0.0
369.395696488,193.508719251,67.3138170332,0.0
67.6192803603,172.736841267,67.3138170332,0.0
68.3240934747,443.937971298,67.3138170332,0.0
67.3842738557,309.151299306,67.3138170332,0.0
309.102715922,68.6320999974,67.3138170332,0.0
444.634705372,305.333981356,67.3138170332,0.0
230.292346945,178.067244114,67.3138170332,0.0
325.890396017,369.197917896,67.3138170332,0.0
@ 1460 10 33.3333333333 0.705929566891
444.192320475,444.652268944,67.2820314514,0.0
208.13802097,444.556972629,67.2820314514,0.0
443.474924813,73.7210324638,67.2820314514,0.0
149.724881926,67.4898039062,67.2820314514,0.0
206.972473059,309.716053738,67.2820314514,0.0
372.198934419,190.270018446,67.2820314514,0.0
67.4396908543,174.558104201,67.2820314514,0.0
73.2659063768,444.016306951,67.2820314514,0.0
68.4237053063,309.524026009,67.2820314514,0.0
308.137300483,67.2871710238,67.2820314514,0.0
443.560765063,308.994915253,67.2820314514,0.0
228.993926115,176.91533642,67.2820314514,0.0
327.344231107,377.417824388,67.2820314514,0.0
@ 1470 10 33.3333333333 0.705263044465
439.334100588,443.482886244,67.0939763125,0.0
204.674582267,444.847507558,67.0939763125,0.0
443.366357051,75.8219035058,67.0939763125,0.0
153.788011483,67.5208797683,67.0939763125,0.0
202.398320777,310.406678216,67.0939763125,0.0
368.213772941,194.026485266,67.0939763125,0.0
67.9386472473,172.396925067,67.0939763125,0.0
68.564142106,444.195963028,67.0939763125,0.0
67.4324414964,307.251508593,67.0939763125,0.0
306.984138263,68.0835337263,67.0939763125,0.0
443.321967557,306.159059377,67.0939763125,0.0
231.544687597,179.104151435,67.0939763125,0.0
321.640629212,372.014149089,67.0939763125,0.0
@ 1480 10 33.3333333333 0.701326094673
438.853951873,444.523710716,67.1179999734,0.0
207.393528639,443.932864431,67.1179999734,0.0
443.807393303,81.4211352575,67.1179999734,0.0
149.211638326,68.7341134694,67.1179999734,0.0
203.127063432,309.708003216,67.1179999734,0.0
363.249265571,196.260506891,67.1179999734,0.0
68.1574340122,175.894901199,67.1179999734,0.0
69.1393241072,444.774301254,67.1179999734,0.0
67.6527028738,310.28740653,67.1179999734,0.0
306.782213829,68.7887528703,67.1179999734,0.0
444.450092505,304.280452188,67.1179999734,0.0
228.356926874,177.76281716,67.1179999734,0.0
326.852515318,369.567156354,67.1179999734,0.0
@ 1490 10 33.3333333333 0.701828418058
442.080802905,444.302476787,67.2208397285,0.0
208.390249401,444.755695772,67.2208397285,0.0
441.666456179,68.865373277,67.2208397285,0.0
153.268534497,67.3438312467,67.2208397285,0.0
203.999144641,310.368769924,67.2208397285,0.0
369.985671135,188.340771445,67.2208397285,0.0
67.5994266723,172.547518928,67.2208397285,0.0
72.2701082572,442.383591548,67.2208397285,0.0
67.8492650312,307.598249049,67.2208397285,0.0
307.209526319,67.3972249425,67.2208397285,0.0
442.780148102,308.084218677,67.2208397285,0.0
230.059953151,178.456130043,67.2208397285,0.0
324.256508575,375.799095678,67.2208397285,0.0
@ 1500 10 33.3333333333 0.703980781284
