10 14 0.0873362445415 0.229452861225 0.0299594756526 112.719433138 2 0.1 0.46732 0.388978930308 191.683205715 60 0.345800983989
20 14 0.0873362445415 0.165409340076 0.0380341032066 56.887693008 2 0.1 0.38983 0.366220735786 265.899495034 60 0.345800983989
30 14 0.0873362445415 0.186531446358 0.0434471720184 51.438042138 2 0.1 0.41481 0.397496087637 235.790055022 60 0.345800983989
40 14 0.0873362445415 0.262219406034 0.0362685095669 27.367298917 2 0.1 0.39122 0.433656957929 167.730759005 60 0.345800983989
50 14 0.0873362445415 0.19811105516 0.0332219019405 51.0277646008 2 0.1 0.45099 0.426073131955 222.008105325 60 0.345800983989
60 14 0.0873362445415 0.257918711312 0.0499772852789 40.5294962946 2 0.1 0.37395 0.362876254181 170.527604517 60 0.345800983989
70 14 0.0873362445415 0.233088054413 0.0169684710664 57.8573443051 2 0.1 0.40026 0.36 188.693754001 60 0.345800983989
80 14 0.0873362445415 0.213779433203 0.0262960763844 53.4405512993 2 0.1 0.42526 0.459069020867 205.736629296 60 0.345800983989
90 14 0.0873362445415 0.30208631606 0.0402917527752 40.9015912925 2 0.1 0.35527 0.375 145.595009313 60 0.345800983989
100 14 0.0873362445415 0.199199439084 0.0424502236159 68.6080680389 2 0.1 0.38007 0.365177195686 220.795099636 60 0.345800983989
110 14 0.0940354648039 0.242977217564 0.0178592479419 72.278428087 2 0.1 0.39344 0.423393739703 181.013925671 0 0.345800983989
120 14 0.0940354648039 0.264653442397 0.0258747432076 59.4319265717 2 0.1 0.43321 0.420869565217 166.188127393 0 0.345800983989
130 14 0.0940354648039 0.20148750707 0.0300116903309 59.6985537956 2 0.1 0.38663 0.38487394958 218.287776942 0 0.345800983989
140 14 0.0940354648039 0.249541582984 0.0311790434689 43.2366435647 2 0.1 0.44321 0.420472440945 176.252228082 0 0.345800983989
150 14 0.0940354648039 0.28110657744 0.0531745326667 34.0079093581 2 0.1 0.39883 0.357605177994 156.461155767 0 0.345800983989
160 14 0.0940354648039 0.241272995242 0.0448394891753 50.8314011973 2 0.1 0.40888 0.334951456311 182.292510423 0 0.352719294613
170 14 0.0940354648039 0.287330100585 0.0291928428004 41.7143320469 2 0.1 0.41919 0.45652173913 153.072232636 0 0.352719294613
180 14 0.0940354648039 0.227992329272 0.0228300384376 52.2577030743 2 0.1 0.36394 0.394568690096 192.911139337 0 0.352719294613
190 14 0.0940354648039 0.26121684072 0.0392181852513 41.1677148765 2 0.1 0.38016 0.394184168013 168.374519341 0 0.352719294613
200 14 0.0940354648039 0.257336782833 0.035433589311 48.9859458666 2 0.1 0.41369 0.44952681388 170.913227078 0 0.352719294613
210 14 0.101847810272 0.272471168434 0.0325922738578 53.7375640122 2 0.1 0.35665 0.341137123746 161.419867844 0 0.352719294613
220 14 0.101847810272 0.270385606366 0.0421406264577 34.6383654234 2 0.1 0.36293 0.399350649351 162.664945783 0 0.352719294613
230 14 0.101847810272 0.23155722631 0.022049052547 61.9934862238 2 0.1 0.42316 0.414826498423 189.941211081 0 0.352719294613
240 14 0.101847810272 0.24524866155 0.0327931599587 48.4024861002 2 0.1 0.38137 0.375 179.337410945 0 0.352719294613
250 14 0.101847810272 0.231600442928 0.0435772722102 29.234418123 2 0.1 0.42604 0.438791732909 189.905768072 0 0.352719294613
260 14 0.101847810272 0.353076731664 0.0450218895968 38.9457972746 2 0.1 0.38486 0.393987341772 124.568559907 0 0.353076731664
270 14 0.101847810272 0.296675701193 0.0388039613237 45.9382690537 2 0.1 0.44644 0.441041347626 148.250294255 0 0.353076731664
280 14 0.101847810272 0.242166415368 0.0327714138252 44.7985742154 2 0.1 0.38628 0.3772070626 181.619981999 0 0.353076731664
290 14 0.101847810272 0.282081558691 0.0438320815593 31.9476323237 2 0.1 0.45386 0.503225806452 155.920366451 0 0.353076731664
300 14 0.101847810272 0.290273364582 0.0295147844702 49.1528613177 2 0.1 0.39282 0.417956656347 151.520137107 0 0.353076731664
310 14 0.111075848937 0.218702762794 0.0295176536083 41.6128921903 2 0.1 0.39413 0.4265625 201.105186958 0 0.353076731664
320 14 0.111075848937 0.312696570071 0.044325556956 21.9163470954 2 0.1 0.40718 0.3453125 140.654756751 0 0.394946563802
330 14 0.111075848937 0.357248644773 0.0278686048308 38.840595444 2 0.1 0.39399 0.418940609952 123.113861014 0 0.394946563802
340 14 0.111075848937 0.27304692067 0.0384943847169 21.7366164223 2 0.1 0.40931 0.372580645161 161.07949466 0 0.394946563802
350 14 0.111075848937 0.253604756847 0.0348054865042 38.2231739397 2 0.1 0.40411 0.423135464231 173.42837156 0 0.394946563802
360 14 0.111075848937 0.265569172224 0.0315462990519 31.1860920906 2 0.1 0.38015 0.363184079602 165.615081117 0 0.394946563802
370 14 0.111075848937 0.241248022762 0.0359369787402 23.2328357318 2 0.1 0.40442 0.437403400309 182.311380199 0 0.394946563802
380 14 0.111075848937 0.223862236693 0.0395794500006 62.8545075611 2 0.1 0.40654 0.406752411576 196.470207078 0 0.394946563802
390 14 0.111075848937 0.266203136523 0.0416241556549 49.1582491878 2 0.1 0.34667 0.387959866221 165.22066785 0 0.394946563802
400 14 0.111075848937 0.209375837466 0.0327028453547 46.8285872918 2 0.1 0.38852 0.386324786325 210.063685152 0 0.394946563802
410 14 0.122142732507 0.221365668936 0.0311158461092 47.1609792575 2 0.1 0.44118 0.437398373984 198.68600317 0 0.394946563802
420 14 0.122142732507 0.235332190735 0.0203272183244 55.4222689693 2 0.1 0.41433 0.416403785489 186.894363506 0 0.394946563802
430 14 0.122142732507 0.337716123548 0.0307634156244 34.4126446404 2 0.1 0.35111 0.336052202284 130.234409711 0 0.394946563802
440 14 0.122142732507 0.338255455605 0.0213039988977 40.5202568225 2 0.1 0.38015 0.364842454395 130.026757207 0 0.394946563802
450 14 0.122142732507 0.278042208313 0.0378012230165 56.7397306209 2 0.1 0.4328 0.402866242038 158.185551276 0 0.394946563802
460 14 0.122142732507 0.299337051647 0.0423836235701 47.1763352812 2 0.1 0.42089 0.405909797823 146.932228263 0 0.394946563802
470 14 0.122142732507 0.18978133604 0.0384305962978 67.7660968012 2 0.1 0.38251 0.385579937304 231.752294075 0 0.394946563802
480 14 0.122142732507 0.283366890699 0.0507242927795 40.2432674737 2 0.1 0.40692 0.409090909091 155.213122788 0 0.417607953474
490 14 0.122142732507 0.273689849494 0.0248861183759 54.3883806523 2 0.1 0.40134 0.391373801917 160.701100466 0 0.417607953474
500 14 0.122142732507 0.231549423064 0.0318295836872 55.6791950868 2 0.1 0.34709 0.395238095238 189.947612126 0 0.417607953474
510 14 0.135658914729 0.281208645628 0.0319869475792 45.9647601144 2 0.1 0.38736 0.357843137255 156.404366238 0 0.417607953474
520 14 0.135658914729 0.276194223797 0.0128124807492 39.6489841039 2 0.1 0.46459 0.44262295082 159.243953025 0 0.417607953474
530 14 0.135658914729 0.38882880123 0.0442197879343 27.0030407325 2 0.1 0.43272 0.429752066116 113.114717482 0 0.417607953474
540 14 0.135658914729 0.307300095372 0.024566764608 54.078519889 2 0.1 0.36875 0.346972176759 143.124784738 0 0.417607953474
550 14 0.135658914729 0.273739925308 0.0406659770987 51.8726894464 2 0.1 0.36758 0.291139240506 160.671703079 0 0.417607953474
560 14 0.135658914729 0.294619995915 0.0312903261146 40.0513968942 2 0.1 0.44342 0.384375 149.284707793 0 0.417607953474
570 14 0.135658914729 0.306134141326 0.0186795028838 39.8410779371 2 0.1 0.40309 0.416932907348 143.669895195 0 0.417607953474
580 14 0.135658914729 0.325572569533 0.0308238253896 41.6660861047 2 0.1 0.3539 0.380952380952 135.092032056 0 0.417607953474
590 14 0.135658914729 0.245132790654 0.0234963605406 31.1941628109 2 0.1 0.42264 0.417061611374 179.42218127 0 0.417607953474
600 14 0.135658914729 0.305349446667 0.0341274927859 40.1140572436 2 0.1 0.38229 0.411858974359 144.039101692 0 0.417607953474
610 14 0.152538679451 0.295171694477 0.0345158095124 28.37352358 2 0.1 0.39935 0.333876221498 149.005683211 0 0.417607953474
620 14 0.152538679451 0.287713606992 0.0252333422915 42.755915522 2 0.1 0.45676 0.398148148148 152.868195772 0 0.417607953474
630 14 0.152538679451 0.29496288984 0.016349802797 42.3862308433 2 0.1 0.42675 0.392063492063 149.11116454 0 0.417607953474
640 14 0.152538679451 0.259254662971 0.0238402411866 54.1336847273 2 0.1 0.40853 0.475683890578 169.648867627 0 0.417607953474
650 14 0.152538679451 0.329295230519 0.0333055281657 30.7512452285 2 0.1 0.37965 0.4296875 133.564825493 0 0.417607953474
660 14 0.152538679451 0.315252964967 0.029595701381 33.057931239 2 0.1 0.40339 0.426948051948 139.51418349 0 0.417607953474
670 14 0.152538679451 0.326921303268 0.0410700444972 33.372465374 2 0.1 0.38933 0.373417721519 134.534701656 0 0.417607953474
680 14 0.152538679451 0.318590430816 0.0287644544629 28.4154874048 2 0.1 0.41681 0.439297124601 138.052671222 0 0.417607953474
690 14 0.152538679451 0.338621156667 0.0307811966924 28.4751161301 2 0.1 0.38164 0.386541471049 129.886332068 0 0.417607953474
700 14 0.152538679451 0.296096457628 0.0410505920161 58.8361460741 2 0.1 0.4414 0.437304075235 148.540311331 0 0.417607953474
710 14 0.174216027875 0.320174860426 0.0307999768018 26.0823140176 2 0.1 0.40677 0.390804597701 137.369498472 0 0.423311840802
720 14 0.174216027875 0.316334654406 0.0392293449646 48.0336581327 2 0.1 0.38123 0.433497536946 139.037122198 0 0.423311840802
730 14 0.174216027875 0.344137954305 0.0333209931768 28.4514898061 2 0.1 0.38892 0.363636363636 127.804153683 0 0.423311840802
740 14 0.174216027875 0.317615342767 0.0307515547349 36.1897739071 2 0.1 0.44491 0.440310077519 138.476496811 0 0.423311840802
750 14 0.174216027875 0.259989189134 0.0372604289873 65.835793817 2 0.1 0.39645 0.396411092985 169.169572575 0 0.423311840802
760 14 0.174216027875 0.335589249199 0.033576210585 53.3118529419 2 0.1 0.46532 0.461912479741 131.059800351 0 0.423311840802
770 14 0.174216027875 0.367139476826 0.0352080712841 33.638904782 2 0.1 0.42681 0.395041322314 119.797141894 0 0.423311840802
780 14 0.174216027875 0.327529076746 0.0501461579113 43.5600645968 2 0.1 0.36224 0.385737439222 134.285054741 0 0.423311840802
790 14 0.174216027875 0.285635369932 0.0273621778262 48.3183354646 2 0.1 0.38883 0.431314623338 153.980440204 0 0.423311840802
800 14 0.174216027875 0.249856752785 0.0441439901414 58.1799767428 2 0.1 0.45809 0.438759689922 176.029903173 0 0.423311840802
810 14 0.203075137801 0.338695745033 0.0423087124453 38.3830596733 2 0.1 0.4263 0.373397435897 129.857728197 0 0.423311840802
820 14 0.203075137801 0.367805081373 0.0201427426678 32.2994577593 2 0.1 0.38535 0.421553090333 119.580349015 0 0.423311840802
830 14 0.203075137801 0.293113399211 0.0191836531011 41.8773089126 2 0.1 0.45045 0.412151067323 150.052028049 0 0.423311840802
840 14 0.203075137801 0.307834513277 0.0355830334627 39.0349407413 2 0.1 0.41292 0.421221864952 142.876312119 0 0.423311840802
850 14 0.203075137801 0.334088833653 0.0291554948372 50.9511437127 2 0.1 0.34916 0.307952622673 131.648398778 0 0.423311840802
860 14 0.203075137801 0.394218740726 0.0334930533964 23.3725886801 2 0.1 0.41265 0.388617886179 111.568161166 0 0.423311840802
870 14 0.203075137801 0.362522184557 0.0253149515662 31.2880247296 2 0.1 0.34977 0.3578125 121.322947598 0 0.423311840802
880 14 0.203075137801 0.32543139732 0.0327970366689 46.5884624261 2 0.1 0.38708 0.346749226006 135.15063501 0 0.423311840802
890 14 0.203075137801 0.307824599801 0.0350175848603 41.9685700061 2 0.1 0.43575 0.457231726283 142.880913444 0 0.423311840802
900 14 0.203075137801 0.325913336832 0.0185342655376 39.1405688786 2 0.1 0.43326 0.449404761905 134.950783013 0 0.423311840802
910 14 0.243393602225 0.438649055649 0.047052282359 27.4264458308 2 0.1 0.39117 0.39263803681 100.267536049 0 0.438649055649
920 14 0.243393602225 0.358926233947 0.0285454536162 30.0085524332 2 0.1 0.39459 0.356783919598 122.538437819 0 0.438649055649
930 14 0.243393602225 0.2520074416 0.0389229081076 32.6269739994 2 0.1 0.48537 0.485714285714 174.527623949 0 0.438649055649
940 14 0.243393602225 0.442731264305 0.0399940486157 27.8614010274 2 0.1 0.42949 0.441176470588 99.3430180927 0 0.442731264305
950 14 0.243393602225 0.318989437803 0.0277314241579 30.9619593496 2 0.1 0.39847 0.357945425361 137.87998845 0 0.442731264305
960 14 0.243393602225 0.347430833812 0.018744813395 33.5893081842 2 0.1 0.4359 0.434439178515 126.59285164 0 0.442731264305
970 14 0.243393602225 0.331050729348 0.0415192213721 40.2211914201 2 0.1 0.38533 0.37 132.856556718 0 0.443203627793
980 14 0.243393602225 0.280913507808 0.043198056868 29.8002431498 2 0.1 0.43863 0.414442700157 156.568690282 0 0.443203627793
990 14 0.243393602225 0.336508798 0.0326013588463 35.4000763656 2 0.1 0.4221 0.390205371248 130.701664448 0 0.443203627793
1000 14 0.243393602225 0.33161447664 0.0217762008739 36.2562112269 2 0.1 0.3668 0.418711656442 132.630699497 0 0.443203627793
1010 14 0.303687635575 0.373529651995 0.0550589124843 28.3425936734 2 0.1 0.39677 0.363939899833 117.74770695 0 0.485623186137
1020 14 0.303687635575 0.45151727098 0.0475259216597 24.3416973656 2 0.1 0.40284 0.400313971743 97.4099172432 0 0.485623186137
1030 14 0.303687635575 0.436908228548 0.0248257262544 20.4328466385 2 0.1 0.36256 0.33606557377 100.667044304 0 0.485623186137
1040 14 0.303687635575 0.28486485216 0.0394124227499 41.3526427799 2 0.1 0.44151 0.375609756098 154.39693478 0 0.485623186137
1050 14 0.303687635575 0.350342998695 0.0412046747163 36.8125703683 2 0.1 0.40812 0.471962616822 125.540570709 0 0.485623186137
1060 14 0.303687635575 0.36351755213 0.0281390044844 28.0620846932 2 0.1 0.40214 0.452418096724 120.990746505 0 0.485623186137
1070 14 0.303687635575 0.358557065113 0.0303812207432 43.2638539662 2 0.1 0.37005 0.396411092985 122.664602875 0 0.485623186137
1080 14 0.303687635575 0.348118736981 0.0238114176946 31.2180242908 2 0.1 0.40724 0.448553054662 126.342696694 0 0.485623186137
1090 14 0.303687635575 0.38113774983 0.0529296781564 27.5870447369 2 0.1 0.35723 0.390127388535 115.397280956 0 0.485623186137
1100 14 0.303687635575 0.405554027411 0.0233811148834 18.8143635234 2 0.1 0.37863 0.4064 108.449816861 0 0.485623186137
1110 14 0.40369088812 0.347349647392 0.0276044549414 27.8597006253 2 0.1 0.4317 0.365482233503 126.622440328 0 0.485623186137
1120 14 0.40369088812 0.425971951347 0.0249042452254 18.3902300428 2 0.1 0.40345 0.384615384615 103.251540062 0 0.485623186137
1130 14 0.40369088812 0.390965229751 0.0537101521164 31.9747599259 2 0.1 0.35383 0.402866242038 112.496602391 0 0.525460709667
1140 14 0.40369088812 0.428487896721 0.0385343602832 34.514545318 2 0.1 0.37246 0.328178694158 102.645279684 0 0.525460709667
1150 14 0.40369088812 0.347433599817 0.0412085816363 33.9799915992 2 0.1 0.39416 0.378594249201 126.591843803 0 0.525460709667
1160 14 0.40369088812 0.417283790961 0.026733605807 24.1211706902 2 0.1 0.43128 0.416536661466 105.401314292 0 0.525460709667
1170 14 0.40369088812 0.442719679692 0.0384136105368 27.708529856 2 0.1 0.42254 0.40522875817 99.345617594 0 0.525460709667
1180 14 0.40369088812 0.437110107813 0.029777421429 26.5945805821 2 0.1 0.39261 0.384742951907 100.620551238 0 0.525460709667
1190 14 0.40369088812 0.390821131032 0.0335047366379 36.7612962143 2 0.1 0.44921 0.424342105263 112.538080743 0 0.525460709667
1200 14 0.40369088812 0.419274213848 0.0237363991401 19.3688012784 2 0.1 0.38363 0.367066895369 104.900942026 0 0.525460709667
1210 14 0.601891659501 0.43589771138 0.0257112046193 24.7606054806 2 0.1 0.43045 0.376582278481 100.900415056 10 0.563126931888
1220 14 0.601891659501 0.505349279758 0.0269236223404 20.963721608 2 0.1 0.40032 0.397058823529 87.0333881174 10 0.563126931888
1230 14 0.601891659501 0.447593015571 0.0306118226152 22.3922680109 2 0.1 0.37928 0.439873417722 98.2639551333 10 0.563126931888
1240 14 0.601891659501 0.480418211995 0.0275379040011 20.5714904247 2 0.1 0.38919 0.354267310789 91.5499431576 10 0.563126931888
1250 14 0.601891659501 0.492783922504 0.022501717299 13.3417215032 2 0.1 0.3953 0.392971246006 89.2526277572 10 0.563126931888
1260 14 0.601891659501 0.502352419831 0.027323200771 22.2716435039 2 0.1 0.42855 0.43064516129 87.5525990594 10 0.563126931888
1270 14 0.601891659501 0.509384320364 0.0295299470709 17.468629558 2 0.1 0.39634 0.388888888889 86.343961213 10 0.563126931888
1280 14 0.601891659501 0.519605648484 0.0321278336845 14.834014974 2 0.1 0.42273 0.459330143541 84.6454616656 10 0.57332018512
1290 14 0.601891659501 0.413629881484 0.0336437285689 29.2975131956 2 0.1 0.44352 0.438202247191 106.332404811 10 0.57332018512
1300 14 0.601891659501 0.484795696102 0.0312344675462 28.7699770022 2 0.1 0.41449 0.392405063291 90.7232889104 10 0.57332018512
1310 14 1.18243243243 0.581161409201 0.0321224842491 13.7566423549 2 0.1 0.41615 0.358890701468 75.6799390044 40 0.638825946479
1320 14 1.18243243243 0.520874180183 0.0168953009215 17.9717493298 2 0.1 0.39374 0.425496688742 84.4393169662 40 0.638825946479
1330 14 1.18243243243 0.566320534058 0.0293148020504 16.7533464642 2 0.1 0.39321 0.361111111111 77.6631913465 40 0.638825946479
1340 14 1.18243243243 0.606299714383 0.0267469381687 7.17961148873 2 0.1 0.42563 0.370253164557 72.5421090537 40 0.638825946479
1350 14 1.18243243243 0.58867479412 0.0167991684042 12.3448069167 2 0.1 0.36924 0.389507154213 74.7140194201 40 0.638825946479
1360 14 1.18243243243 0.549660315114 0.0220959659275 7.99038335031 2 0.1 0.40567 0.415241057543 80.0171647663 40 0.638825946479
1370 14 1.18243243243 0.57489596657 0.0236345352988 11.2590274404 2 0.1 0.39769 0.431034482759 76.5047287814 40 0.638825946479
1380 14 1.18243243243 0.541761620052 0.0190940692632 13.0637228013 2 0.1 0.46913 0.40061633282 81.1837870608 40 0.638825946479
1390 14 1.18243243243 0.534647705908 0.0339285667804 12.9340678041 2 0.1 0.39398 0.366720516963 82.264002097 40 0.638825946479
1400 14 1.18243243243 0.58694652524 0.0182394475949 11.2798632246 2 0.1 0.45653 0.38141025641 74.9340154659 40 0.638825946479
1410 14 33.3333333333 0.700808966628 0.0306511548431 0.135285318327 2 0.1 0.57343 0.515410958904 62.7592712057 260 0.71837909398
1420 14 33.3333333333 0.699700478802 0.000846856721697 0.00250154957644 2 0.1 0.38542 0.335025380711 62.8586964458 260 0.71837909398
1430 14 33.3333333333 0.70257515503 0.00157954335396 0.0289869396519 2 0.1 0.36635 0.339721254355 62.6015020388 260 0.71837909398
1440 14 33.3333333333 0.703156035302 0.00121662329973 0.000996678578432 2 0.1 0.31639 0.333333333333 62.5497866645 260 0.71837909398
1450 14 33.3333333333 0.70387616735 0.00142956910698 0.000364616886727 2 0.1 0.4055 0.402618657938 62.4857923029 260 0.71837909398
1460 14 33.3333333333 0.704888756686 0.000907928401932 0.00186486001483 2 0.1 0.34439 0.3390625 62.3960299875 260 0.71837909398
1470 14 33.3333333333 0.703068901686 0.00185444057985 0.00495972849281 2 0.1 0.42197 0.384737678855 62.557538663 260 0.71837909398
1480 14 33.3333333333 0.701251796461 0.00125364406898 0.00795081795291 2 0.1 0.33093 0.352180936995 62.7196396815 260 0.71837909398
1490 14 33.3333333333 0.702761698667 0.000913256708217 0.00435453788975 2 0.1 0.43376 0.452950558214 62.584884867 260 0.71837909398
1500 14 33.3333333333 0.704981380338 0.001205802732 0.00588866675409 2 0.1 0.32011 0.34460547504 62.387832114 260 0.71837909398
