10 14 0.0873362445415 0.226207389897 0.0490746427004 116.800383072 0 0.1 0.41045 0.36393442623 194.433347292 60 0.360564816628
20 14 0.0873362445415 0.244740736124 0.050645514487 24.3168849018 0 0.1 0.34061 0.31186440678 179.709600848 60 0.360564816628
30 14 0.0873362445415 0.257330230914 0.0360303485834 48.1636077293 0 0.1 0.4086 0.392617449664 170.917578723 60 0.360564816628
40 14 0.0873362445415 0.207066039752 0.0383383589372 55.7784993836 0 0.1 0.38212 0.433172302738 212.406921254 60 0.360564816628
50 14 0.0873362445415 0.284298022845 0.0280854614766 35.6988519122 0 0.1 0.40466 0.38198757764 154.704769171 60 0.360564816628
60 14 0.0873362445415 0.267277250774 0.028732942225 46.4170274075 0 0.1 0.3718 0.394302848576 164.556691123 60 0.360564816628
70 14 0.0873362445415 0.306602465067 0.0337889938094 30.3871491461 0 0.1 0.4102 0.458135860979 143.450444831 60 0.360564816628
80 14 0.0873362445415 0.21542107376 0.0301570041646 43.2026062796 0 0.1 0.40771 0.481012658228 204.168790139 60 0.360564816628
90 14 0.0873362445415 0.254242347103 0.0325850399164 50.8771495727 0 0.1 0.37379 0.430441898527 172.993447005 60 0.360564816628
100 14 0.0873362445415 0.312363415831 0.0387432057698 34.018473574 0 0.1 0.36394 0.346469622332 140.804773449 60 0.360564816628
110 14 0.0940354648039 0.286593986321 0.0531573771349 38.1354954653 0 0.1 0.35654 0.312989045383 153.465397389 0 0.360564816628
120 14 0.0940354648039 0.233700225361 0.029707000705 57.7860812534 0 0.1 0.39785 0.338283828383 188.199476197 0 0.360564816628
130 14 0.0940354648039 0.212302197642 0.0369151623262 31.7915426259 0 0.1 0.44398 0.396604938272 207.168180492 0 0.360564816628
140 14 0.0940354648039 0.295789158652 0.0308103630834 27.9801232415 0 0.1 0.43369 0.460587326121 148.694631678 0 0.360564816628
150 14 0.0940354648039 0.236241077335 0.0348416141267 62.3380459812 0 0.1 0.37921 0.416536661466 186.175327746 0 0.360564816628
160 14 0.0940354648039 0.252987355849 0.0308418237686 48.1007147302 0 0.1 0.43427 0.421474358974 173.851613463 0 0.360564816628
170 14 0.0940354648039 0.235847563072 0.0348486569627 71.2416883283 0 0.1 0.42024 0.381619937695 186.485963336 0 0.360564816628
180 14 0.0940354648039 0.248233938245 0.0412895702916 52.1625460885 0 0.1 0.37164 0.413793103448 177.180688148 0 0.360564816628
190 14 0.0940354648039 0.252042398999 0.0352846001978 25.3193312679 0 0.1 0.38327 0.341158059468 174.503417579 0 0.360564816628
200 14 0.0940354648039 0.287494293847 0.0310145497225 43.599875338 0 0.1 0.41401 0.399681528662 152.984810277 0 0.360564816628
210 14 0.101847810272 0.240126756237 0.0375846214946 43.6914597063 0 0.1 0.41716 0.380952380952 183.162679117 0 0.360564816628
220 14 0.101847810272 0.295929711185 0.0566440477747 46.3823056025 0 0.1 0.38699 0.383280757098 148.624008802 0 0.360564816628
230 14 0.101847810272 0.292187621731 0.0422980711425 36.8953137809 0 0.1 0.42232 0.402190923318 150.527458143 0 0.360564816628
240 14 0.101847810272 0.285086335111 0.0414185383908 35.0387177105 0 0.1 0.36054 0.357142857143 154.276984138 0 0.384205923812
250 14 0.101847810272 0.248630229834 0.0314678994159 43.8895023431 0 0.1 0.41666 0.443932411674 176.898279945 0 0.384205923812
260 14 0.101847810272 0.21197341221 0.0334916322731 54.8954236104 0 0.1 0.38327 0.379537953795 207.489512678 0 0.384205923812
270 14 0.101847810272 0.240411699746 0.0241927550823 56.5539171848 0 0.1 0.4435 0.446227929374 182.945588948 0 0.384205923812
280 14 0.101847810272 0.263609885076 0.0293001422024 43.3419899754 0 0.1 0.40058 0.4272 166.846019402 0 0.384205923812
290 14 0.101847810272 0.221891314436 0.0341343428564 51.4012971636 0 0.1 0.38769 0.401913875598 198.215329481 0 0.384205923812
300 14 0.101847810272 0.237317331447 0.0280522171636 33.4612015889 0 0.1 0.40433 0.336012861736 185.331006934 0 0.384205923812
310 14 0.111075848937 0.287743546528 0.0264945595149 35.4184088043 0 0.1 0.39281 0.353870458136 152.852289932 0 0.384205923812
320 14 0.111075848937 0.303377033733 0.0325053671013 42.2927611225 0 0.1 0.43322 0.443217665615 144.975575306 0 0.384205923812
330 14 0.111075848937 0.346798272125 0.0503281132531 41.114515446 0 0.1 0.34302 0.299843014129 126.8237576 0 0.40200546165
340 14 0.111075848937 0.300992544891 0.0336865235855 53.3562929213 0 0.1 0.42818 0.416408668731 146.124084289 0 0.40200546165
350 14 0.111075848937 0.32790514545 0.032312718795 32.524210172 0 0.1 0.3952 0.390749601276 134.131045549 0 0.40200546165
360 14 0.111075848937 0.263843514939 0.0353663767105 51.7426390973 0 0.1 0.40412 0.382075471698 166.698279509 0 0.40200546165
370 14 0.111075848937 0.329078213837 0.03806475453 52.360967914 0 0.1 0.39624 0.480176211454 133.652907274 0 0.40200546165
380 14 0.111075848937 0.262316661337 0.0168793241417 40.4627625923 0 0.1 0.4215 0.418383518225 167.668571931 0 0.40200546165
390 14 0.111075848937 0.249083847688 0.0261087580964 21.6239085901 0 0.1 0.41898 0.434853420195 176.576122492 0 0.40200546165
400 14 0.111075848937 0.257434763641 0.0271526634041 37.0194892972 0 0.1 0.38532 0.39674796748 170.84817675 0 0.40200546165
410 14 0.122142732507 0.270567885977 0.040441174073 42.5424894724 0 0.1 0.44188 0.421052631579 162.555359595 0 0.40200546165
420 14 0.122142732507 0.306296722067 0.0352907088948 48.2930695642 0 0.1 0.39532 0.396351575456 143.593635946 0 0.40200546165
430 14 0.122142732507 0.279170017275 0.0246814917754 41.3708323959 0 0.1 0.44285 0.412052117264 157.546503128 0 0.40200546165
440 14 0.122142732507 0.237988026936 0.0389141142362 57.947028056 0 0.1 0.42912 0.430441898527 184.808708935 0 0.40200546165
450 14 0.122142732507 0.26249453883 0.0419040279496 49.5177620026 0 0.1 0.38265 0.380032206119 167.554952557 0 0.40200546165
460 14 0.122142732507 0.275380771395 0.0359191012876 46.8017629996 0 0.1 0.41299 0.356302521008 159.714346711 0 0.40200546165
470 14 0.122142732507 0.210089433305 0.0402118503829 67.6172814772 0 0.1 0.3759 0.423197492163 209.350176771 0 0.40200546165
480 14 0.122142732507 0.278304703341 0.0339826003076 50.974631218 0 0.1 0.42328 0.379934210526 158.036351783 0 0.40200546165
490 14 0.122142732507 0.292993532279 0.0349085515658 37.0926544416 0 0.1 0.38143 0.417818740399 150.113416012 0 0.40200546165
500 14 0.122142732507 0.299428488839 0.0373912027488 32.8465444206 0 0.1 0.42668 0.383855024712 146.887359217 0 0.40200546165
510 14 0.135658914729 0.247352209608 0.0245580649737 48.3362542987 0 0.1 0.42247 0.444444444444 177.812278571 0 0.40200546165
520 14 0.135658914729 0.270891885424 0.0360023172478 39.4231274423 0 0.1 0.35934 0.333333333333 162.360935733 0 0.40200546165
530 14 0.135658914729 0.329885414269 0.0235759377813 37.9183528668 0 0.1 0.38522 0.409160305344 133.325870431 0 0.40200546165
540 14 0.135658914729 0.295250090098 0.0249401322913 55.0652419297 0 0.1 0.42867 0.390168970814 148.966118809 0 0.40200546165
550 14 0.135658914729 0.276506807141 0.0282805535137 51.2907602366 0 0.1 0.41798 0.46974522293 159.063932114 0 0.40200546165
560 14 0.135658914729 0.323724876707 0.039320667586 23.464846265 0 0.1 0.3819 0.385579937304 135.863083639 0 0.40200546165
570 14 0.135658914729 0.295048481178 0.0391044659367 42.7098946549 0 0.1 0.43281 0.466141732283 149.067908516 0 0.40200546165
580 14 0.135658914729 0.340596893422 0.0358573460295 37.6426298894 0 0.1 0.37264 0.432258064516 129.132886557 0 0.40200546165
590 14 0.135658914729 0.28275914343 0.0457854118477 46.3391562039 0 0.1 0.41535 0.399671052632 155.546729511 0 0.407404222131
600 14 0.135658914729 0.315055442253 0.0472748571761 57.7391702357 0 0.1 0.37378 0.37984496124 139.601651333 0 0.407404222131
610 14 0.152538679451 0.305607724686 0.041062749445 51.163321958 0 0.1 0.37059 0.370491803279 143.917370038 0 0.407404222131
620 14 0.152538679451 0.383827757849 0.0374155394458 27.8713184868 0 0.1 0.38647 0.427652733119 114.588533791 0 0.407404222131
630 14 0.152538679451 0.314588018668 0.0272688741471 42.3632562276 0 0.1 0.44917 0.432601880878 139.80907533 0 0.407404222131
640 14 0.152538679451 0.331693389045 0.0332933125687 47.3313419094 0 0.1 0.3854 0.367622259696 132.599145635 0 0.407404222131
650 14 0.152538679451 0.333461757183 0.0357815695304 29.8810758536 0 0.1 0.41938 0.388632872504 131.895964238 0 0.407404222131
660 14 0.152538679451 0.375273967742 0.035147443447 25.7062433171 0 0.1 0.3864 0.364500792393 117.200402321 0 0.407404222131
670 14 0.152538679451 0.341653363666 0.0368672720236 22.4732929296 0 0.1 0.41969 0.406940063091 128.733578174 0 0.415999588893
680 14 0.152538679451 0.369460988729 0.0487337472745 33.0909834479 0 0.1 0.42946 0.445987654321 119.044395327 0 0.415999588893
690 14 0.152538679451 0.37397349752 0.037881633521 27.9872504959 0 0.1 0.37077 0.40664556962 117.607959632 0 0.415999588893
700 14 0.152538679451 0.296333379873 0.0303848207275 44.2014479003 0 0.1 0.37486 0.296610169492 148.421551493 0 0.415999588893
710 14 0.174216027875 0.323939711087 0.0392150244997 46.2762782469 0 0.1 0.41177 0.400974025974 135.772980264 0 0.415999588893
720 14 0.174216027875 0.283839049881 0.0310540960322 44.0334627061 0 0.1 0.37004 0.365891472868 154.954929628 0 0.415999588893
730 14 0.174216027875 0.279460326472 0.0474223255564 38.5420741659 0 0.1 0.40793 0.364928909953 157.382840546 0 0.415999588893
740 14 0.174216027875 0.290011128041 0.0331949154996 26.5776857002 0 0.1 0.33044 0.357487922705 151.657146045 0 0.415999588893
750 14 0.174216027875 0.386895625267 0.0332445840246 35.7967311535 0 0.1 0.41045 0.478873239437 113.679910363 0 0.415999588893
760 14 0.174216027875 0.321999316935 0.0333244365904 34.3054501346 0 0.1 0.35244 0.378254211332 136.591159319 0 0.415999588893
770 14 0.174216027875 0.277562483995 0.0390912954792 58.2037959679 0 0.1 0.42733 0.454407294833 158.458950817 0 0.415999588893
780 14 0.174216027875 0.3344188541 0.0465704921979 30.0528368189 0 0.1 0.3745 0.442367601246 131.51848187 0 0.415999588893
790 14 0.174216027875 0.309176880796 0.0375119797884 39.22434151 0 0.1 0.39211 0.370542635659 142.255979447 0 0.425692134899
800 14 0.174216027875 0.290846957513 0.0397103007897 64.5902448611 0 0.1 0.4542 0.448818897638 151.221317135 0 0.425692134899
810 14 0.203075137801 0.242080780306 0.0336574551277 56.3718740003 0 0.1 0.38141 0.403594771242 181.684229308 0 0.425692134899
820 14 0.203075137801 0.349247357591 0.0501852896967 33.7555653632 0 0.1 0.40957 0.382165605096 125.934410223 0 0.425692134899
830 14 0.203075137801 0.263171238675 0.0337422650391 54.7662466791 0 0.1 0.35575 0.350237717908 167.124113644 0 0.425692134899
840 14 0.203075137801 0.369146008093 0.0252451338539 24.4397393491 0 0.1 0.39566 0.406752411576 119.145972151 0 0.425692134899
850 14 0.203075137801 0.290243453209 0.0324083707662 46.7302367859 0 0.1 0.42726 0.394389438944 151.535752189 0 0.425692134899
860 14 0.203075137801 0.381108031593 0.0464589288108 34.9441420302 0 0.1 0.39234 0.423263327948 115.406279464 0 0.425692134899
870 14 0.203075137801 0.31627595829 0.0190667681314 31.6944955415 0 0.1 0.44644 0.438511326861 139.062925421 0 0.425692134899
880 14 0.203075137801 0.29790010262 0.0433318580978 37.2898362969 0 0.1 0.40747 0.392917369309 147.640969617 0 0.425692134899
890 14 0.203075137801 0.318455724949 0.045037927104 43.1873756273 0 0.1 0.39386 0.426948051948 138.11106711 0 0.425692134899
900 14 0.203075137801 0.31326021253 0.0223736309288 38.6507158716 0 0.1 0.41872 0.386934673367 140.401679629 0 0.425692134899
910 14 0.243393602225 0.363258933397 0.0215590854143 28.0034648814 0 0.1 0.41746 0.415335463259 121.076884713 0 0.444888304072
920 14 0.243393602225 0.432225437428 0.057637106585 31.3669781959 0 0.1 0.34489 0.333870967742 101.757685206 0 0.46992815581
930 14 0.243393602225 0.378215896052 0.0254644290381 28.347916492 0 0.1 0.33979 0.325082508251 116.28876644 0 0.46992815581
940 14 0.243393602225 0.320435068365 0.0290216416276 46.2147481641 0 0.1 0.44104 0.421374045802 137.257948153 0 0.46992815581
950 14 0.243393602225 0.382255084093 0.0282513246888 45.0329484971 0 0.1 0.42178 0.416129032258 115.059973903 0 0.46992815581
960 14 0.243393602225 0.381260921125 0.0287427492033 38.4536750796 0 0.1 0.39155 0.419672131148 115.360000365 0 0.46992815581
970 14 0.243393602225 0.343179909799 0.0283065634864 28.5751433246 0 0.1 0.43254 0.373970345964 128.160940498 0 0.46992815581
980 14 0.243393602225 0.350867675773 0.0403662526316 42.5378420007 0 0.1 0.34623 0.368248772504 125.352841076 0 0.46992815581
990 14 0.243393602225 0.393029825014 0.0178681861055 33.1905824053 0 0.1 0.39211 0.375816993464 111.905654993 0 0.46992815581
1000 14 0.243393602225 0.317990414056 0.0314746291406 44.5774834574 0 0.1 0.45425 0.458860759494 138.313163089 0 0.46992815581
1010 14 0.303687635575 0.412667177351 0.0328263583015 25.4230152838 0 0.1 0.34784 0.389351081531 106.580465843 0 0.46992815581
1020 14 0.303687635575 0.357321133168 0.0346326274221 38.9844761708 0 0.1 0.34628 0.349919743178 123.088885368 0 0.46992815581
1030 14 0.303687635575 0.433403280431 0.0378213785963 24.8702645869 0 0.1 0.40338 0.452380952381 101.481142358 0 0.46992815581
1040 14 0.303687635575 0.370643246587 0.0235472862881 41.130863604 0 0.1 0.37147 0.396825396825 118.664673928 0 0.46992815581
1050 14 0.303687635575 0.324750285956 0.0451919217907 17.7501038979 0 0.1 0.38437 0.411023622047 135.434091676 0 0.487548401025
1060 14 0.303687635575 0.374891528069 0.0216808441225 25.6507968564 0 0.1 0.43713 0.391705069124 117.319962461 0 0.487548401025
1070 14 0.303687635575 0.374983469444 0.0293094349821 24.0487882841 0 0.1 0.39772 0.423255813953 117.291197037 0 0.487548401025
1080 14 0.303687635575 0.416707019688 0.0313573614217 29.3557675775 0 0.1 0.42602 0.410296411856 105.547202044 0 0.487548401025
1090 14 0.303687635575 0.389149090046 0.0500190072102 35.3141027085 0 0.1 0.39229 0.387820512821 113.021618513 0 0.487548401025
1100 14 0.303687635575 0.343989663799 0.0404804071846 34.1160611573 0 0.1 0.48117 0.431924882629 127.859248776 0 0.487548401025
1110 14 0.40369088812 0.397113930524 0.0416085224757 38.9354070802 0 0.1 0.42762 0.335974643423 110.754764866 10 0.501086610095
1120 14 0.40369088812 0.379260998096 0.030142099931 33.4110367023 0 0.1 0.38363 0.354066985646 115.968317915 10 0.501086610095
1130 14 0.40369088812 0.417504516312 0.0261414573855 21.1036056734 0 0.1 0.4384 0.444270015699 105.345590961 10 0.501086610095
1140 14 0.40369088812 0.379345628846 0.0231230733109 30.1800909504 0 0.1 0.41525 0.4375 115.942445769 10 0.501086610095
1150 14 0.40369088812 0.370724495818 0.0339594207802 28.571003831 0 0.1 0.35082 0.35867768595 118.638666978 10 0.501086610095
1160 14 0.40369088812 0.418038955348 0.0392955156971 31.334154978 0 0.1 0.41951 0.428104575163 105.210912613 10 0.501086610095
1170 14 0.40369088812 0.404209821023 0.0299939664586 19.3026719988 0 0.1 0.37573 0.35379644588 108.810468505 10 0.501086610095
1180 14 0.40369088812 0.452209121931 0.028734083495 34.1010157676 0 0.1 0.40081 0.396103896104 97.2608863179 10 0.501086610095
1190 14 0.40369088812 0.428823021906 0.0283157456552 14.3859592512 0 0.1 0.36388 0.391912908243 102.565062399 10 0.501086610095
1200 14 0.40369088812 0.454234409902 0.0220507287691 28.6402132394 0 0.1 0.38448 0.429223744292 96.8272307011 10 0.501086610095
1210 14 0.601891659501 0.521618438135 0.0206012944439 18.146874546 0 0.1 0.37736 0.368852459016 84.3188368824 10 0.538501352458
1220 14 0.601891659501 0.467480489882 0.0318036556876 25.9332724464 0 0.1 0.41109 0.366559485531 94.0836269148 10 0.540834812444
1230 14 0.601891659501 0.530559815657 0.0328274786449 18.4076259958 0 0.1 0.3962 0.420382165605 82.8978348945 10 0.540834812444
1240 14 0.601891659501 0.427230073071 0.0278388593822 18.4121095711 0 0.1 0.42663 0.44375 102.947481398 10 0.540834812444
1250 14 0.601891659501 0.494934154631 0.0365436461559 29.0589447819 0 0.1 0.38923 0.377708978328 88.8648713944 10 0.540834812444
1260 14 0.601891659501 0.470412970354 0.0167766827717 17.0315109488 0 0.1 0.44029 0.392248062016 93.4971243819 10 0.540834812444
1270 14 0.601891659501 0.404016249326 0.0572842932923 28.8943791672 0 0.1 0.41167 0.420180722892 108.862601624 10 0.540834812444
1280 14 0.601891659501 0.381383448779 0.0439720946208 27.9596261939 0 0.1 0.41677 0.502362204724 115.322938478 10 0.540834812444
1290 14 0.601891659501 0.480740424521 0.0362162928449 27.7042343381 0 0.1 0.33687 0.382495948136 91.488582521 10 0.540834812444
1300 14 0.601891659501 0.54099386387 0.023567943341 24.0226648702 0 0.1 0.34212 0.400943396226 81.2989997434 10 0.54099386387
1310 14 1.18243243243 0.5334259857 0.0209666980524 4.22019683956 0 0.1 0.39544 0.324546952224 82.4524136039 20 0.609816022538
1320 14 1.18243243243 0.551447482898 0.0219036019292 9.48001255527 0 0.1 0.39892 0.335628227194 79.7578398017 20 0.609816022538
1330 14 1.18243243243 0.574639109945 0.0221594990566 8.78260523996 0 0.1 0.4152 0.344103392569 76.5389254557 20 0.617223123987
1340 14 1.18243243243 0.592259683906 0.0244932579346 7.79544358246 0 0.1 0.3836 0.410130718954 74.2617827874 20 0.617223123987
1350 14 1.18243243243 0.524074276468 0.0221434919896 6.81530776241 0 0.1 0.42488 0.363939899833 83.9237145857 20 0.617223123987
1360 14 1.18243243243 0.532881178672 0.0356340816067 13.9319964823 0 0.1 0.39755 0.386623164763 82.5367112976 20 0.627193064715
1370 14 1.18243243243 0.593703006241 0.0249464386987 6.94933408719 0 0.1 0.43423 0.432 74.0812486001 20 0.627193064715
1380 14 1.18243243243 0.616289964083 0.0234534788637 11.9773502546 0 0.1 0.38403 0.3546875 71.3661791741 20 0.627193064715
1390 14 1.18243243243 0.560224638665 0.0338681749439 14.1443939228 0 0.1 0.40875 0.3875 78.5082571605 20 0.628979703982
1400 14 1.18243243243 0.587278864652 0.0177682629456 7.07016811231 0 0.1 0.36221 0.420647149461 74.8916105232 20 0.628979703982
1410 14 33.3333333333 0.7115728772 0.032935245427 0.234357506721 0 0.1 0.68269 0.53275862069 61.8099163266 270 0.726430953778
1420 14 33.3333333333 0.713071504744 0.00114429703136 0.006543267243 0 0.1 0.44685 0.332225913621 61.6800134452 270 0.726430953778
1430 14 33.3333333333 0.709820583884 0.00175850145277 0.0152935317207 0 0.1 0.3928 0.335 61.9625029178 270 0.726430953778
1440 14 33.3333333333 0.71387773427 0.00181879654365 0.0152341151593 0 0.1 0.41979 0.337370242215 61.6103541105 270 0.726430953778
1450 14 33.3333333333 0.714662118051 0.00171944108181 0.0170719756242 0 0.1 0.31097 0.381493506494 61.5427331169 270 0.726430953778
1460 14 33.3333333333 0.714811806945 0.00108634533841 0.0136967768481 0 0.1 0.41932 0.406885758998 61.52984544 270 0.726430953778
1470 14 33.3333333333 0.715025748179 0.00217990047542 0.0152532213202 0 0.1 0.35276 0.373376623377 61.5114352344 270 0.726430953778
1480 14 33.3333333333 0.713170814114 0.00125333744731 0.00265890755878 0 0.1 0.41272 0.392914653784 61.6714244744 270 0.726430953778
1490 14 33.3333333333 0.714017289792 0.00130316606135 0.00342060778706 0 0.1 0.30741 0.424342105263 61.5983122941 270 0.726430953778
1500 14 33.3333333333 0.717486194888 0.00144621544033 0.00241819429108 0 0.1 0.37547 0.391167192429 61.3004965299 270 0.726430953778
