10 14 0.0873362445415 0.198965573743 0.0386991711395 121.495163852 1 0.1 0.39277 0.366718027735 221.054623534 70 0.357947926897
20 14 0.0873362445415 0.271767176733 0.0347691320013 46.1478594546 1 0.1 0.42169 0.380165289256 161.838013438 70 0.357947926897
30 14 0.0873362445415 0.271878886299 0.0471694738577 50.2425692091 1 0.1 0.41531 0.468217054264 161.771517453 70 0.357947926897
40 14 0.0873362445415 0.301335235169 0.0472064681069 39.1601371078 1 0.1 0.35127 0.402243589744 145.957906235 70 0.357947926897
50 14 0.0873362445415 0.21541763947 0.0493939134948 51.0096283291 1 0.1 0.37465 0.365506329114 204.172045095 70 0.357947926897
60 14 0.0873362445415 0.239700211828 0.0441708737409 58.4124327785 1 0.1 0.42994 0.427860696517 183.488615486 70 0.357947926897
70 14 0.0873362445415 0.20747003997 0.0254765477326 67.1913820576 1 0.1 0.3961 0.36525974026 211.993307594 70 0.357947926897
80 14 0.0873362445415 0.18521118163 0.0355804224739 59.1953870954 1 0.1 0.43831 0.443410852713 237.470867649 70 0.357947926897
90 14 0.0873362445415 0.260834071211 0.0339043640622 47.7735513912 1 0.1 0.39513 0.335570469799 168.62160605 70 0.357947926897
100 14 0.0873362445415 0.272990223637 0.0376891175431 45.4336292758 1 0.1 0.42426 0.397708674304 161.112949079 70 0.357947926897
110 14 0.0940354648039 0.30691606081 0.0317236252182 30.9497099906 1 0.1 0.39003 0.372093023256 143.303872348 0 0.357947926897
120 14 0.0940354648039 0.254653380392 0.0390546192511 33.8385739203 1 0.1 0.43698 0.399371069182 172.714220138 0 0.357947926897
130 14 0.0940354648039 0.208423944327 0.0352847427182 57.6928990398 1 0.1 0.41191 0.408293460925 211.023067153 0 0.357947926897
140 14 0.0940354648039 0.206637540097 0.0304646565686 51.4054265078 1 0.1 0.39898 0.439065108514 212.847384746 0 0.357947926897
150 14 0.0940354648039 0.265482491801 0.0465643872503 44.3275115803 1 0.1 0.39734 0.342327150084 165.669154684 0 0.357947926897
160 14 0.0940354648039 0.225816154609 0.0146797716326 35.8653073473 1 0.1 0.44202 0.418070444104 194.770210644 0 0.357947926897
170 14 0.0940354648039 0.209883296232 0.0306396085631 64.6947018726 1 0.1 0.42594 0.414790996785 209.55579024 0 0.357947926897
180 14 0.0940354648039 0.250882753231 0.033346416423 54.5286109811 1 0.1 0.39786 0.39238410596 175.31001806 0 0.357947926897
190 14 0.0940354648039 0.343178654624 0.0499124913495 34.8619685126 1 0.1 0.43716 0.425897035881 128.161409247 0 0.357947926897
200 14 0.0940354648039 0.27550954839 0.0329308077906 33.3352742905 1 0.1 0.38133 0.357605177994 159.639694004 0 0.357947926897
210 14 0.101847810272 0.245840695779 0.0221691608956 49.8130054659 1 0.1 0.4148 0.372549019608 178.905530106 0 0.357947926897
220 14 0.101847810272 0.332696104179 0.0401857281961 47.8020234531 1 0.1 0.3701 0.381102362205 132.199504135 0 0.357947926897
230 14 0.101847810272 0.30429570403 0.0410039248455 43.8252277603 1 0.1 0.40153 0.427469135802 144.537893298 0 0.357947926897
240 14 0.101847810272 0.192376276104 0.0361889095441 58.5488784313 1 0.1 0.38217 0.406611570248 228.62621572 0 0.357947926897
250 14 0.101847810272 0.26655904771 0.0375116473426 42.0765361044 1 0.1 0.42272 0.390476190476 165.000064255 0 0.357947926897
260 14 0.101847810272 0.277011918727 0.0396285258477 37.4203688667 1 0.1 0.36283 0.41935483871 158.773890315 0 0.357947926897
270 14 0.101847810272 0.187995300858 0.0396506149295 56.0734428017 1 0.1 0.39568 0.36319218241 233.954039273 0 0.357947926897
280 14 0.101847810272 0.242016587421 0.0408306967489 63.2179878442 1 0.1 0.41982 0.415213946117 181.732419536 0 0.357947926897
290 14 0.101847810272 0.208583334625 0.0252783563199 51.6374767321 1 0.1 0.45122 0.414075286416 210.861812518 0 0.357947926897
300 14 0.101847810272 0.278253686246 0.0296859076663 41.7739022376 1 0.1 0.39135 0.321666666667 158.06532734 0 0.357947926897
310 14 0.111075848937 0.267744192937 0.0425320044116 38.7283627262 1 0.1 0.36559 0.387888707038 164.269706534 0 0.357947926897
320 14 0.111075848937 0.301072771185 0.0357042250545 30.4140037163 1 0.1 0.3859 0.370992366412 146.085146879 0 0.357947926897
330 14 0.111075848937 0.252977386393 0.0271475004422 38.9761106486 1 0.1 0.40799 0.426494345719 173.858464692 0 0.357947926897
340 14 0.111075848937 0.227225750782 0.0489142236386 50.1913528911 1 0.1 0.40868 0.414110429448 193.56195259 0 0.357947926897
350 14 0.111075848937 0.262387568306 0.0409715828642 41.931129997 1 0.1 0.36823 0.395695364238 167.623261589 0 0.357947926897
360 14 0.111075848937 0.267422467295 0.0291254455977 29.3333397969 1 0.1 0.41201 0.425956738769 164.467333074 0 0.357947926897
370 14 0.111075848937 0.212915218961 0.0367263562055 49.0422308694 1 0.1 0.36138 0.372274143302 206.571705933 0 0.357947926897
380 14 0.111075848937 0.308494877529 0.0375328488399 28.848173076 1 0.1 0.37849 0.365203761755 142.570471031 0 0.36096911883
390 14 0.111075848937 0.233402680336 0.0548655257648 47.5581488906 1 0.1 0.41157 0.368421052632 188.43939554 0 0.371210766323
400 14 0.111075848937 0.254925083227 0.0425693309276 46.1450997161 1 0.1 0.43001 0.481481481481 172.530138828 0 0.371210766323
410 14 0.122142732507 0.31494199194 0.039818861207 36.3905202303 1 0.1 0.40511 0.51261829653 139.651939486 0 0.371210766323
420 14 0.122142732507 0.280609828784 0.0340231225889 42.438800216 1 0.1 0.39267 0.431818181818 156.73813063 0 0.371210766323
430 14 0.122142732507 0.31153356175 0.0262783443834 25.6788863586 1 0.1 0.38233 0.409698996656 141.179845128 0 0.371210766323
440 14 0.122142732507 0.303076296232 0.0332853039163 43.8779131736 1 0.1 0.44494 0.379194630872 145.119432126 0 0.371210766323
450 14 0.122142732507 0.204217447087 0.0438990272643 53.0774903475 1 0.1 0.40111 0.402821316614 215.369747431 0 0.371210766323
460 14 0.122142732507 0.279486741565 0.0256752184733 48.3233703931 1 0.1 0.36427 0.327476038339 157.367965843 0 0.371210766323
470 14 0.122142732507 0.256798146997 0.0406328557093 40.5219081792 1 0.1 0.43703 0.451863354037 171.271718719 0 0.371210766323
480 14 0.122142732507 0.289350443254 0.047599636749 48.04667749 1 0.1 0.36962 0.342902711324 152.00343053 0 0.401801537696
490 14 0.122142732507 0.340470522243 0.0525246210179 32.7300518359 1 0.1 0.38957 0.380327868852 129.180816331 0 0.423870788232
500 14 0.122142732507 0.277117465577 0.0277938427509 58.9377952355 1 0.1 0.44757 0.450236966825 158.713417461 0 0.423870788232
510 14 0.135658914729 0.362912023826 0.0376280554165 38.314043797 1 0.1 0.39545 0.384969325153 121.192622764 0 0.423870788232
520 14 0.135658914729 0.410950605764 0.052299418255 31.5082080864 1 0.1 0.39375 0.429252782194 107.025660464 0 0.423870788232
530 14 0.135658914729 0.270984459132 0.0159571222064 37.8281872174 1 0.1 0.44729 0.418566775244 162.305469992 0 0.423870788232
540 14 0.135658914729 0.369307365654 0.0455470198744 25.2519807026 1 0.1 0.40908 0.416129032258 119.093914962 0 0.423870788232
550 14 0.135658914729 0.225195826291 0.0367117649815 54.8561649801 1 0.1 0.40013 0.373355263158 195.306728035 0 0.423870788232
560 14 0.135658914729 0.322821080394 0.0352037988768 26.2555807456 1 0.1 0.33002 0.365415986949 136.243457045 0 0.423870788232
570 14 0.135658914729 0.30020025369 0.0268799378298 25.164711752 1 0.1 0.38311 0.410459587956 146.509736282 0 0.423870788232
580 14 0.135658914729 0.346496298899 0.049941975625 28.0750232378 1 0.1 0.40567 0.387358184765 126.934285127 0 0.423870788232
590 14 0.135658914729 0.295473579754 0.0374554698202 26.5683603329 1 0.1 0.3745 0.393650793651 148.853444144 0 0.423870788232
600 14 0.135658914729 0.280768283501 0.0352758983772 47.6756269072 1 0.1 0.42011 0.481481481481 156.649673715 0 0.423870788232
610 14 0.152538679451 0.266614800135 0.0436513168176 33.5531693699 1 0.1 0.4198 0.455128205128 164.965560718 0 0.423870788232
620 14 0.152538679451 0.251454222442 0.0410608932441 50.402712582 1 0.1 0.37054 0.4 174.911598512 0 0.423870788232
630 14 0.152538679451 0.332818841768 0.036400641596 33.1875310666 1 0.1 0.40326 0.412322274882 132.150751341 0 0.423870788232
640 14 0.152538679451 0.303802158233 0.0419258019887 41.7102601562 1 0.1 0.37447 0.361486486486 144.772704236 0 0.423870788232
650 14 0.152538679451 0.289279965382 0.0442170398969 45.3852364534 1 0.1 0.40086 0.39336492891 152.040463438 0 0.423870788232
660 14 0.152538679451 0.294104433824 0.027358594645 36.8865371515 1 0.1 0.3641 0.388978930308 149.546402372 0 0.423870788232
670 14 0.152538679451 0.280152702624 0.0404572448725 34.4475207932 1 0.1 0.40371 0.421800947867 156.993880794 0 0.423870788232
680 14 0.152538679451 0.194648770242 0.0349230055265 47.3044967963 1 0.1 0.40468 0.467336683417 225.957040188 0 0.423870788232
690 14 0.152538679451 0.376302344025 0.0317047149436 39.3881144596 1 0.1 0.34382 0.355519480519 116.880111693 0 0.423870788232
700 14 0.152538679451 0.32911243568 0.0361724576713 20.0329539095 1 0.1 0.38024 0.42251223491 133.639009748 0 0.423870788232
710 14 0.174216027875 0.276607986711 0.038749712262 45.8752159512 1 0.1 0.35999 0.313725490196 159.005748615 0 0.423870788232
720 14 0.174216027875 0.339528339039 0.0235891417343 30.3224435353 1 0.1 0.39129 0.351485148515 129.539290076 0 0.423870788232
730 14 0.174216027875 0.263500685803 0.0376679178837 50.5005974785 1 0.1 0.44599 0.437395659432 166.915163298 0 0.423870788232
740 14 0.174216027875 0.284681920048 0.0301784128358 33.5385283184 1 0.1 0.41002 0.401612903226 154.496147815 0 0.423870788232
750 14 0.174216027875 0.3518765641 0.0370491086043 26.5554024072 1 0.1 0.38305 0.382207578254 124.993433742 0 0.423870788232
760 14 0.174216027875 0.271991754135 0.0539815585728 37.9141205282 1 0.1 0.40207 0.323763955343 161.704387472 0 0.423870788232
770 14 0.174216027875 0.351627499648 0.0239998761764 35.4119397026 1 0.1 0.38826 0.390205371248 125.08196897 0 0.423870788232
780 14 0.174216027875 0.362948352686 0.0402660069366 26.5938362216 1 0.1 0.41223 0.451816745656 121.18049214 0 0.423870788232
790 14 0.174216027875 0.317111555413 0.0262507080704 38.2990212048 1 0.1 0.39552 0.428571428571 138.696491027 0 0.423870788232
800 14 0.174216027875 0.349971446077 0.0534902018084 33.3690471813 1 0.1 0.38612 0.35 125.673852804 0 0.4403361887
810 14 0.203075137801 0.307846467916 0.0435232817728 38.5830781649 1 0.1 0.43188 0.444089456869 142.870763786 0 0.4403361887
820 14 0.203075137801 0.361080075712 0.0395573727599 28.6788915485 1 0.1 0.36005 0.374581939799 121.807496338 0 0.442635337411
830 14 0.203075137801 0.378505982721 0.0240552992793 23.8960804811 1 0.1 0.40129 0.377850162866 116.199642827 0 0.442635337411
840 14 0.203075137801 0.381345347178 0.0317281343134 27.8580041681 1 0.1 0.3421 0.393026941363 115.334460812 0 0.442635337411
850 14 0.203075137801 0.347402289486 0.0335119975441 28.6928642216 1 0.1 0.37521 0.422712933754 126.603253148 0 0.442635337411
860 14 0.203075137801 0.363026155131 0.0382101134554 26.3765895984 1 0.1 0.44898 0.430555555556 121.154521178 0 0.442635337411
870 14 0.203075137801 0.358805823388 0.0473233392924 26.4214290152 1 0.1 0.39865 0.3904 122.579560122 0 0.442635337411
880 14 0.203075137801 0.38400195538 0.0441387610433 32.090172908 1 0.1 0.44663 0.41277258567 114.536552181 0 0.442635337411
890 14 0.203075137801 0.34319437695 0.0284588549163 43.1150926702 1 0.1 0.41906 0.404605263158 128.155537952 0 0.442635337411
900 14 0.203075137801 0.437812163584 0.0431783314666 16.7990630938 1 0.1 0.39346 0.386287625418 100.459200676 0 0.442635337411
910 14 0.243393602225 0.403197266571 0.0315006707292 28.9550861521 1 0.1 0.38291 0.350237717908 109.083725627 0 0.44312745404
920 14 0.243393602225 0.359981593517 0.0326548132931 30.2463194313 1 0.1 0.42107 0.360655737705 122.179191359 0 0.44312745404
930 14 0.243393602225 0.385933296247 0.0230009060888 17.3107828544 1 0.1 0.40487 0.385779122542 113.963372499 0 0.44312745404
940 14 0.243393602225 0.443651562211 0.0338051135963 23.8023622629 1 0.1 0.40013 0.493333333333 99.1369438231 0 0.443651562211
950 14 0.243393602225 0.242584339158 0.0466800865347 56.7722396857 1 0.1 0.39118 0.493333333333 181.307087476 0 0.443651562211
960 14 0.243393602225 0.369475425959 0.0437612966061 36.6378699911 1 0.1 0.40459 0.3952 119.039743674 0 0.443651562211
970 14 0.243393602225 0.387977815012 0.0397369963569 46.0278594127 1 0.1 0.39089 0.491875923191 113.362822043 0 0.443651562211
980 14 0.243393602225 0.388867297639 0.0378157990217 27.4484112624 1 0.1 0.38752 0.4336 113.103519548 0 0.443651562211
990 14 0.243393602225 0.332535609587 0.0149831782213 38.4572009319 1 0.1 0.41777 0.387459807074 132.263308747 0 0.443651562211
1000 14 0.243393602225 0.42143300071 0.0307680771714 23.3325361448 1 0.1 0.39703 0.395348837209 104.363587868 0 0.443651562211
1010 14 0.303687635575 0.378078170816 0.0340291290377 36.5515606891 1 0.1 0.42038 0.421553090333 116.33112778 0 0.454170745292
1020 14 0.303687635575 0.400804804703 0.0442348668294 32.6633833711 1 0.1 0.41517 0.419713831479 109.734862167 0 0.454170745292
1030 14 0.303687635575 0.437966320075 0.0327709510288 27.968271771 1 0.1 0.39533 0.38808373591 100.423840793 0 0.454170745292
1040 14 0.303687635575 0.382970518542 0.0379877054875 27.8899009609 1 0.1 0.3982 0.381967213115 114.845028195 0 0.467588063512
1050 14 0.303687635575 0.385236969439 0.034405874203 33.7890041018 1 0.1 0.44328 0.44391025641 114.169364545 0 0.467588063512
1060 14 0.303687635575 0.408195613263 0.038069299784 25.9821060394 1 0.1 0.37739 0.376237623762 107.747997702 0 0.467588063512
1070 14 0.303687635575 0.367821812049 0.0305197228856 36.7467808193 1 0.1 0.43278 0.399366085578 119.574909805 0 0.467588063512
1080 14 0.303687635575 0.375188084278 0.020213428015 32.9821700153 1 0.1 0.42833 0.478658536585 117.227230403 0 0.467588063512
1090 14 0.303687635575 0.370333216147 0.0192653036769 27.5079593449 1 0.1 0.37356 0.458528951487 118.764015979 0 0.467588063512
1100 14 0.303687635575 0.305575195351 0.0307800856549 46.5800802382 1 0.1 0.42346 0.423137876387 143.932690445 0 0.467588063512
1110 14 0.40369088812 0.425856274206 0.0289006486513 21.1933401873 1 0.1 0.40161 0.383627608347 103.279586715 10 0.509979519527
1120 14 0.40369088812 0.436598638211 0.0265220415396 11.1623677209 1 0.1 0.35565 0.369668246445 100.7384269 10 0.509979519527
1130 14 0.40369088812 0.437759541221 0.0306679017776 23.7699699062 1 0.1 0.40564 0.4039408867 100.471276714 10 0.509979519527
1140 14 0.40369088812 0.317074505245 0.0538695701176 28.251700366 1 0.1 0.37133 0.408360128617 138.712697717 10 0.509979519527
1150 14 0.40369088812 0.418969731215 0.0260239822922 19.4854344263 1 0.1 0.38731 0.330670926518 104.97717788 10 0.509979519527
1160 14 0.40369088812 0.40570808445 0.0360550702605 38.1679211632 1 0.1 0.46108 0.419968304279 108.408635878 10 0.509979519527
1170 14 0.40369088812 0.468521635351 0.0414656559122 24.9912946269 1 0.1 0.42356 0.337704918033 93.8745549435 10 0.509979519527
1180 14 0.40369088812 0.382404927226 0.0311696225469 36.4336420624 1 0.1 0.38171 0.397435897436 115.014888325 10 0.509979519527
1190 14 0.40369088812 0.472366366502 0.0324915804859 25.9095391695 1 0.1 0.4402 0.418641390205 93.1104818611 10 0.509979519527
1200 14 0.40369088812 0.385020206109 0.0353329335374 28.5269939891 1 0.1 0.37755 0.419463087248 114.233640994 10 0.509979519527
1210 14 0.601891659501 0.458049240304 0.0273482323318 36.9138393716 1 0.1 0.40326 0.3536 96.0208120219 20 0.545817597776
1220 14 0.601891659501 0.438225204227 0.0294048579254 32.4830523907 1 0.1 0.38887 0.429027113238 100.36451481 20 0.545817597776
1230 14 0.601891659501 0.495777720773 0.019771810914 26.5600370391 1 0.1 0.39113 0.363636363636 88.713667753 20 0.545817597776
1240 14 0.601891659501 0.467887213519 0.0296101461021 14.3626577779 1 0.1 0.408 0.398703403566 94.001842173 20 0.545817597776
1250 14 0.601891659501 0.51501990684 0.0285786206096 22.0290937701 1 0.1 0.39221 0.394568690096 85.3991455784 20 0.545817597776
1260 14 0.601891659501 0.511301654011 0.0316477829342 20.4380125625 1 0.1 0.40922 0.444270015699 86.0201793891 20 0.545817597776
1270 14 0.601891659501 0.42679093783 0.0260929831848 21.7075437048 1 0.1 0.38838 0.369696969697 103.053406484 20 0.545817597776
1280 14 0.601891659501 0.52756472307 0.0209563775591 10.6920451383 1 0.1 0.43416 0.465838509317 83.3684628192 20 0.545817597776
1290 14 0.601891659501 0.471002941154 0.0309465747826 12.59589112 1 0.1 0.40286 0.424437299035 93.3800113695 20 0.545817597776
1300 14 0.601891659501 0.467919789857 0.0268416249434 10.7315773059 1 0.1 0.33257 0.359271523179 93.9952978127 20 0.545817597776
1310 14 1.18243243243 0.563002138997 0.0235658029986 6.44881461257 1 0.1 0.3605 0.335034013605 78.1209465355 20 0.610423171653
1320 14 1.18243243243 0.548530010205 0.0161598478899 11.353953545 1 0.1 0.41632 0.372822299652 80.1820487152 20 0.610423171653
1330 14 1.18243243243 0.620282920991 0.020192353345 14.8992816705 1 0.1 0.35086 0.365289256198 70.9067725575 20 0.620282920991
1340 14 1.18243243243 0.551846931747 0.018334909362 7.91501480978 1 0.1 0.36559 0.41277258567 79.7001078918 20 0.620282920991
1350 14 1.18243243243 0.557223942541 0.0201519436957 9.31981139124 1 0.1 0.43976 0.3824 78.9310304927 20 0.620282920991
1360 14 1.18243243243 0.577392507836 0.0296837893768 10.1720823742 1 0.1 0.44145 0.401854714065 76.173936106 20 0.620282920991
1370 14 1.18243243243 0.561368576889 0.012609859556 7.02433085462 1 0.1 0.38488 0.42131147541 78.3482756441 20 0.620282920991
1380 14 1.18243243243 0.535850147236 0.0260002700486 9.13063183759 1 0.1 0.43524 0.388178913738 82.0794026593 20 0.620282920991
1390 14 1.18243243243 0.545890361047 0.0173716793068 18.3798332465 1 0.1 0.37886 0.387147335423 80.5697684708 20 0.620282920991
1400 14 1.18243243243 0.586210562199 0.0278014318077 9.00936762071 1 0.1 0.43664 0.437403400309 75.0280920136 20 0.620282920991
1410 14 33.3333333333 0.704745256559 0.0333428346966 0.251552509168 1 0.1 0.72284 0.662116040956 62.408735058 300 0.718209125746
1420 14 33.3333333333 0.718623702523 0.00435543937482 0.13265758559 1 0.1 0.40565 0.375420875421 61.2034641295 300 0.720130796291
1430 14 33.3333333333 0.72050304805 0.00163509260394 0.0317562189071 1 0.1 0.34679 0.361904761905 61.0438222559 300 0.722787064972
1440 14 33.3333333333 0.719891920266 0.00169158996051 0.00343110598888 1 0.1 0.33379 0.384615384615 61.0956433346 300 0.726453032454
1450 14 33.3333333333 0.724274089053 0.00198187774982 0.00237942685593 1 0.1 0.41157 0.46511627907 60.7259884963 300 0.726453032454
1460 14 33.3333333333 0.723392480365 0.00147474987005 0.00210551293007 1 0.1 0.33208 0.373590982287 60.7999961208 300 0.726453032454
1470 14 33.3333333333 0.724352663749 0.00203660782908 0.00280796429227 1 0.1 0.37991 0.40031152648 60.7194011993 300 0.726453032454
1480 14 33.3333333333 0.721000424087 0.0013811802296 0.00181651716416 1 0.1 0.38986 0.390357698289 61.0017116921 300 0.726453032454
1490 14 33.3333333333 0.718850344916 0.00191188533431 0.00679334959124 1 0.1 0.4835 0.459330143541 61.1841676241 300 0.726453032454
1500 14 33.3333333333 0.722350544625 0.00141070220231 0.00407319027457 1 0.1 0.39033 0.390205371248 60.8876954926 300 0.726453032454
