10 14 0.0873362445415 0.217463567347 0.0301535001893 135.971542354 3 0.1 0.39969 0.373534338358 202.251165731 40 0.3176937973
20 14 0.0873362445415 0.224603073751 0.0351858603523 42.0813223403 3 0.1 0.37528 0.289473684211 195.822164254 40 0.3176937973
30 14 0.0873362445415 0.231466697359 0.0286962532696 47.2504423855 3 0.1 0.4153 0.347417840376 190.015498998 40 0.3176937973
40 14 0.0873362445415 0.238082876767 0.03545042838 54.9397890278 3 0.1 0.39532 0.413629160063 184.735082998 40 0.3176937973
50 14 0.0873362445415 0.295215788929 0.0322107427468 37.2281306721 3 0.1 0.40886 0.312605042017 148.983427206 40 0.3176937973
60 14 0.0873362445415 0.214154282429 0.0267898617703 66.4232174839 3 0.1 0.36974 0.377742946708 205.376514078 40 0.3176937973
70 14 0.0873362445415 0.293059678526 0.0357744266959 43.7753042482 3 0.1 0.40268 0.356340288925 150.079534043 40 0.3176937973
80 14 0.0873362445415 0.256107466442 0.0240594157585 43.2787981059 3 0.1 0.39872 0.478939157566 171.733610937 40 0.3176937973
90 14 0.0873362445415 0.230720910607 0.0280148004571 47.262337245 3 0.1 0.411 0.364392678869 190.629708787 40 0.3176937973
100 14 0.0873362445415 0.288259945231 0.0466254702553 35.8975292651 3 0.1 0.35985 0.368 152.578465124 40 0.323269977842
110 14 0.0940354648039 0.270398389555 0.0460079253718 56.6346500639 3 0.1 0.40645 0.422535211268 162.657255734 0 0.362029005395
120 14 0.0940354648039 0.192623120851 0.0336694463051 83.0460347076 3 0.1 0.41454 0.460122699387 228.33323334 0 0.362029005395
130 14 0.0940354648039 0.223569936975 0.0223838724904 47.0897989008 3 0.1 0.37445 0.420807453416 196.727076078 0 0.362029005395
140 14 0.0940354648039 0.339589671033 0.0339625439256 24.2347105108 3 0.1 0.41346 0.371517027864 129.51589448 0 0.362029005395
150 14 0.0940354648039 0.218122480867 0.0327445486378 55.825518817 3 0.1 0.3985 0.447852760736 201.640196944 0 0.362029005395
160 14 0.0940354648039 0.267866884932 0.0405257284015 30.0066048649 3 0.1 0.38819 0.338235294118 164.194465513 0 0.362029005395
170 14 0.0940354648039 0.216019731178 0.0337495963653 55.1054364002 3 0.1 0.44416 0.393700787402 203.60297534 0 0.362029005395
180 14 0.0940354648039 0.27045182262 0.0301822226703 28.4487893893 3 0.1 0.43251 0.438569206843 162.625119602 0 0.362029005395
190 14 0.0940354648039 0.163239673584 0.0350496887964 72.9307452926 3 0.1 0.39257 0.394088669951 269.433643392 0 0.362029005395
200 14 0.0940354648039 0.235743399548 0.0299706340445 57.3156421289 3 0.1 0.44204 0.489675516224 186.568362399 0 0.362029005395
210 14 0.101847810272 0.276691998085 0.0238847762298 49.3954012346 3 0.1 0.42861 0.354785478548 158.957470055 0 0.362029005395
220 14 0.101847810272 0.305456705652 0.0331020000191 33.2431085918 3 0.1 0.38512 0.392125984252 143.988523369 0 0.362029005395
230 14 0.101847810272 0.320176755734 0.0226031710216 24.666348368 3 0.1 0.4095 0.378086419753 137.368685304 0 0.362029005395
240 14 0.101847810272 0.240803382295 0.0320015677275 49.0158997187 3 0.1 0.39009 0.482496194825 182.648015908 0 0.362029005395
250 14 0.101847810272 0.26458387686 0.0262502461431 46.0629429949 3 0.1 0.41596 0.422727272727 166.231822294 0 0.362029005395
260 14 0.101847810272 0.318655117645 0.0345801872232 48.7216397554 3 0.1 0.37546 0.371428571429 138.024646599 0 0.362029005395
270 14 0.101847810272 0.338276053573 0.0476880007898 39.985091697 3 0.1 0.41171 0.431309904153 130.018839748 0 0.362029005395
280 14 0.101847810272 0.294317910074 0.0277885980692 43.1631681703 3 0.1 0.3851 0.38351822504 149.437932571 0 0.362029005395
290 14 0.101847810272 0.2602014566 0.0432238757703 54.2864534409 3 0.1 0.43096 0.454404945904 169.031567212 0 0.362029005395
300 14 0.101847810272 0.285858002629 0.0186760648439 44.7868472906 3 0.1 0.41071 0.4625 153.860516744 0 0.362029005395
310 14 0.111075848937 0.251669770417 0.0341148167008 46.9572529789 3 0.1 0.36586 0.3984 174.761791721 0 0.362029005395
320 14 0.111075848937 0.355102188073 0.0400461998193 42.7043912953 3 0.1 0.41558 0.403125 123.858037143 0 0.362029005395
330 14 0.111075848937 0.244138405964 0.0372479568982 55.2244958191 3 0.1 0.40643 0.421947449768 180.152974401 0 0.362029005395
340 14 0.111075848937 0.264562740734 0.022741514545 45.8147177045 3 0.1 0.35596 0.38127090301 166.245102685 0 0.362029005395
350 14 0.111075848937 0.30789889615 0.0313150536149 31.8413739193 3 0.1 0.38171 0.376884422111 142.846436119 0 0.362029005395
360 14 0.111075848937 0.243635494651 0.0406722457103 42.465668898 3 0.1 0.42804 0.417417417417 180.524845376 0 0.370286617054
370 14 0.111075848937 0.22153291926 0.0438051082372 44.7586148182 3 0.1 0.41214 0.452100840336 198.536001543 0 0.370286617054
380 14 0.111075848937 0.246692166081 0.0392917117497 37.2061097637 3 0.1 0.37439 0.328968903437 178.288028756 0 0.370286617054
390 14 0.111075848937 0.353956225045 0.0453954372892 40.0806177689 3 0.1 0.41828 0.45696400626 124.259037949 0 0.370286617054
400 14 0.111075848937 0.276512974366 0.0445373581922 60.5694059463 3 0.1 0.37566 0.34328358209 159.060384421 0 0.370286617054
410 14 0.122142732507 0.297744281619 0.0229410598038 36.0751124475 3 0.1 0.4361 0.434504792332 147.718235799 0 0.370286617054
420 14 0.122142732507 0.284892113627 0.0388790812578 46.0564297079 3 0.1 0.40704 0.425081433225 154.382160461 0 0.370286617054
430 14 0.122142732507 0.244916645794 0.0389917486292 56.2536690643 3 0.1 0.34641 0.340136054422 179.580525682 0 0.370286617054
440 14 0.122142732507 0.18708091352 0.0427017893747 34.0551452352 3 0.1 0.43111 0.414191419142 235.097526372 0 0.370286617054
450 14 0.122142732507 0.241812441695 0.0184846298215 53.1542897297 3 0.1 0.38442 0.36790923825 181.885843804 0 0.370286617054
460 14 0.122142732507 0.195754096155 0.0417056931641 58.5099648597 3 0.1 0.43702 0.431340872375 224.681173288 0 0.370286617054
470 14 0.122142732507 0.231257891978 0.0362833834634 55.7604945044 3 0.1 0.35208 0.329073482428 190.187066153 0 0.370286617054
480 14 0.122142732507 0.318887198049 0.0268757887621 42.2823162187 3 0.1 0.38073 0.358085808581 137.924194728 0 0.370286617054
490 14 0.122142732507 0.297662541128 0.0262174208874 38.6776135106 3 0.1 0.44627 0.408099688474 147.758800396 0 0.370286617054
500 14 0.122142732507 0.304371070185 0.0415100959065 41.2561063934 3 0.1 0.41656 0.416024653313 144.502103874 0 0.370286617054
510 14 0.135658914729 0.294873411179 0.0337788787641 37.2919902942 3 0.1 0.41621 0.354889589905 149.156411981 0 0.370286617054
520 14 0.135658914729 0.262989567311 0.0296789377343 59.2726237151 3 0.1 0.37343 0.418006430868 167.239561819 0 0.370286617054
530 14 0.135658914729 0.179821214249 0.0510544437058 43.4738548151 3 0.1 0.40802 0.378861788618 244.588827762 0 0.370286617054
540 14 0.135658914729 0.264034652665 0.0451990059575 43.8996708083 3 0.1 0.38335 0.4016 166.577604705 0 0.370286617054
550 14 0.135658914729 0.355657440235 0.0531204812356 30.3411908385 3 0.1 0.3747 0.345047923323 123.664670057 0 0.417993124708
560 14 0.135658914729 0.30813188932 0.0446474658925 34.1693902796 3 0.1 0.42075 0.35993485342 142.738423138 0 0.417993124708
570 14 0.135658914729 0.304146697117 0.0374847089479 41.1981151335 3 0.1 0.41978 0.426626323752 144.608704999 0 0.417993124708
580 14 0.135658914729 0.33801551464 0.0504834069285 38.9482284827 3 0.1 0.38736 0.4390625 130.119056952 0 0.417993124708
590 14 0.135658914729 0.385539877165 0.0379762050787 27.9762006469 3 0.1 0.40049 0.362295081967 114.079664919 0 0.417993124708
600 14 0.135658914729 0.254792881897 0.0272134031464 45.4997518334 3 0.1 0.40166 0.414330218069 172.619657474 0 0.417993124708
610 14 0.152538679451 0.265959823335 0.0335149733204 40.5849731373 3 0.1 0.39311 0.379471228616 165.371819881 0 0.417993124708
620 14 0.152538679451 0.334113108546 0.0519800928449 45.26826985 3 0.1 0.41049 0.425499231951 131.638833901 0 0.417993124708
630 14 0.152538679451 0.289304198305 0.0241888437951 54.7228785022 3 0.1 0.3426 0.309719934102 152.027728106 0 0.417993124708
640 14 0.152538679451 0.251801943559 0.0346725877724 59.7897104248 3 0.1 0.40987 0.436018957346 174.670057659 0 0.417993124708
650 14 0.152538679451 0.278333192203 0.030232795217 33.3084942344 3 0.1 0.40893 0.430176565008 158.020175933 0 0.417993124708
660 14 0.152538679451 0.30515112928 0.0366744636614 42.0702440551 3 0.1 0.34352 0.370994940978 144.132712547 0 0.417993124708
670 14 0.152538679451 0.294953067412 0.0296382401097 31.807919271 3 0.1 0.36811 0.384615384615 149.116130189 0 0.417993124708
680 14 0.152538679451 0.249897788795 0.0402442280962 34.0000063004 3 0.1 0.41131 0.440677966102 176.000997096 0 0.417993124708
690 14 0.152538679451 0.316809197431 0.0268668380816 32.5946211717 3 0.1 0.38797 0.403877221325 138.828860894 0 0.417993124708
700 14 0.152538679451 0.236293601839 0.043633766363 43.8919870245 3 0.1 0.42273 0.360374414977 186.133943779 0 0.417993124708
710 14 0.174216027875 0.301576642925 0.0323129662849 42.9024666071 3 0.1 0.40209 0.390675241158 145.841069034 0 0.417993124708
720 14 0.174216027875 0.34041295019 0.0343937536377 46.0459952892 3 0.1 0.39863 0.451313755796 129.202663928 0 0.417993124708
730 14 0.174216027875 0.333226695767 0.0432859215605 45.5452013533 3 0.1 0.40958 0.435897435897 131.989004959 0 0.417993124708
740 14 0.174216027875 0.317280327563 0.0373293786528 50.3185137321 3 0.1 0.36327 0.364379084967 138.622713667 0 0.417993124708
750 14 0.174216027875 0.312210285663 0.0359206464397 47.3374491474 3 0.1 0.38062 0.388178913738 140.873834142 0 0.429394818738
760 14 0.174216027875 0.317721840221 0.0181966506341 41.2486836813 3 0.1 0.44301 0.451274362819 138.430080757 0 0.429394818738
770 14 0.174216027875 0.331180492062 0.0292825705244 27.913059924 3 0.1 0.40003 0.370731707317 132.804501032 0 0.429394818738
780 14 0.174216027875 0.282407240918 0.040418391572 35.0868389296 3 0.1 0.36512 0.410094637224 155.740553454 0 0.429394818738
790 14 0.174216027875 0.301355511877 0.0231204717855 28.0965117241 3 0.1 0.40067 0.36815920398 145.948085456 0 0.429394818738
800 14 0.174216027875 0.320997336677 0.0363630970387 32.9616440505 3 0.1 0.41826 0.496721311475 137.017523121 0 0.429394818738
810 14 0.203075137801 0.234869348948 0.0451394822115 62.8547708944 3 0.1 0.35059 0.388429752066 187.262664102 0 0.429394818738
820 14 0.203075137801 0.34348145089 0.0296789816589 34.3396870123 3 0.1 0.38007 0.384364820847 128.048428484 0 0.429394818738
830 14 0.203075137801 0.370056782502 0.0344992966347 20.3126111661 3 0.1 0.42691 0.434991974318 118.852733093 0 0.429394818738
840 14 0.203075137801 0.377261640492 0.0426176752605 28.3020723193 3 0.1 0.36744 0.387987012987 116.582910318 0 0.429394818738
850 14 0.203075137801 0.336429073487 0.0261318961374 45.4097912676 3 0.1 0.43336 0.485271317829 130.732637177 0 0.429394818738
860 14 0.203075137801 0.323654161654 0.0239114853344 25.7114261763 3 0.1 0.40387 0.432389937107 135.892768303 0 0.429394818738
870 14 0.203075137801 0.380048767942 0.0467786783583 40.2014609014 3 0.1 0.35725 0.416408668731 115.727937333 0 0.429394818738
880 14 0.203075137801 0.327318907047 0.035169361939 49.2526727124 3 0.1 0.3688 0.358108108108 134.371278448 0 0.429394818738
890 14 0.203075137801 0.369641855989 0.0342423804358 27.5698035284 3 0.1 0.43886 0.388797364086 118.986146421 0 0.429394818738
900 14 0.203075137801 0.366064049712 0.0348756201988 31.8439540954 3 0.1 0.40657 0.448553054662 120.149083294 0 0.429394818738
910 14 0.243393602225 0.350205364204 0.0301995301092 39.7600566568 3 0.1 0.38675 0.392063492063 125.589909509 0 0.429394818738
920 14 0.243393602225 0.363219968688 0.0317272824843 33.3843926956 3 0.1 0.43452 0.43720190779 121.089873332 0 0.429394818738
930 14 0.243393602225 0.38766964316 0.02917767146 24.1186341383 3 0.1 0.35201 0.343185550082 113.452938026 0 0.447004146633
940 14 0.243393602225 0.31620400405 0.033189358856 35.3068977565 3 0.1 0.43618 0.428125 139.094570077 0 0.447004146633
950 14 0.243393602225 0.366780444595 0.0305657466373 30.9523208385 3 0.1 0.38179 0.35917721519 119.914408328 0 0.447004146633
960 14 0.243393602225 0.392487348726 0.0323232773802 31.4204004503 3 0.1 0.42251 0.432558139535 112.060325365 0 0.447004146633
970 14 0.243393602225 0.352261706776 0.0298704244724 27.2011582006 3 0.1 0.40243 0.400316455696 124.856773115 0 0.447004146633
980 14 0.243393602225 0.304917063001 0.021307320857 39.0575274013 3 0.1 0.37172 0.357259380098 144.243354462 0 0.447004146633
990 14 0.243393602225 0.351347788774 0.0333178666279 23.7566071432 3 0.1 0.41611 0.426282051282 125.181547758 0 0.447004146633
1000 14 0.243393602225 0.34477039527 0.0429449697896 27.9763103399 3 0.1 0.33741 0.332807570978 127.569711911 0 0.468476186903
