131.41345702,280.255033141,36.0018190077,0.0
36.1415838653,111.314990368,36.0018190077,0.0
185.001771042,351.801883991,36.0018190077,0.0
401.034355075,406.784254254,36.0018190077,0.0
294.314198126,88.5186285516,36.0018190077,0.0
85.0046759926,352.425136573,36.0018190077,0.0
111.790824517,439.751895913,36.0018190077,0.0
250.320356915,263.986690088,36.0018190077,0.0
434.826657786,473.399452636,36.0018190077,0.0
431.579056264,81.0992426569,36.0018190077,0.0
367.911886133,133.129468382,36.0018190077,0.0
219.929867197,186.055544877,36.0018190077,0.0
209.788197563,441.262541895,36.0018190077,0.0
408.202954457,248.919044861,36.0018190077,0.0
@ 10 10 0.0873362445415 0.217463567347
130.501859478,99.6155632123,36.5880309601,0.0
76.2305851256,440.518973741,36.5880309601,0.0
341.690212139,100.492528451,36.5880309601,0.0
419.335260122,143.219249914,36.5880309601,0.0
239.877310366,344.203932928,36.5880309601,0.0
322.455903976,281.318251222,36.5880309601,0.0
317.517975465,408.178326214,36.5880309601,0.0
147.618789295,360.670283437,36.5880309601,0.0
277.783322914,157.469048648,36.5880309601,0.0
405.302345033,51.7862515344,36.5880309601,0.0
378.270546603,359.007044586,36.5880309601,0.0
187.6792642,209.831737331,36.5880309601,0.0
420.980644754,434.361936613,36.5880309601,0.0
213.687466314,63.6894893549,36.5880309601,0.0
@ 20 10 0.0873362445415 0.224603073751
327.736162021,364.746730552,37.1428690964,0.0
82.4930009285,207.398169115,37.1428690964,0.0
289.334124061,194.121516638,37.1428690964,0.0
65.5289765204,108.91664832,37.1428690964,0.0
407.651752401,207.242071496,37.1428690964,0.0
248.750087098,127.002736635,37.1428690964,0.0
362.921304535,102.011982287,37.1428690964,0.0
452.907936269,355.857081011,37.1428690964,0.0
177.286074866,55.7364826551,37.1428690964,0.0
269.417123505,55.6444883605,37.1428690964,0.0
468.611286851,37.7736785799,37.1428690964,0.0
287.700647125,272.678985042,37.1428690964,0.0
178.280720783,473.755223518,37.1428690964,0.0
266.013518151,408.015880595,37.1428690964,0.0
@ 30 10 0.0873362445415 0.231466697359
431.982506953,280.860902839,37.6699697068,0.0
284.041013553,353.542126074,37.6699697068,0.0
387.350053957,431.719582609,37.6699697068,0.0
264.317020524,47.9412901131,37.6699697068,0.0
193.206690021,387.078822482,37.6699697068,0.0
63.5544675002,243.916825203,37.6699697068,0.0
394.221216913,161.160313736,37.6699697068,0.0
81.1576262788,59.619924834,37.6699697068,0.0
83.6296242856,146.451901681,37.6699697068,0.0
294.264351333,161.419109073,37.6699697068,0.0
234.42982775,268.645154378,37.6699697068,0.0
357.637366828,39.4035411523,37.6699697068,0.0
437.233591247,89.0049204687,37.6699697068,0.0
187.414611863,50.2116723606,37.6699697068,0.0
@ 40 10 0.0873362445415 0.238082876767
433.232762357,151.829574772,41.9470072112,0.0
191.566007041,462.256661509,41.9470072112,0.0
207.123374984,165.232427428,41.9470072112,0.0
116.094316448,57.8389743684,41.9470072112,0.0
111.864700896,203.474883668,41.9470072112,0.0
383.22665847,396.512741592,41.9470072112,0.0
366.816148046,79.6573806134,41.9470072112,0.0
113.431037133,352.069948956,41.9470072112,0.0
289.864744735,120.629812188,41.9470072112,0.0
272.676646956,407.284004688,41.9470072112,0.0
304.708411387,249.41007656,41.9470072112,0.0
215.04053074,318.750148733,41.9470072112,0.0
459.210873102,434.928620624,41.9470072112,0.0
46.3852581287,433.471242416,41.9470072112,0.0
@ 50 10 0.0873362445415 0.295215788929
329.743938328,459.985921083,35.7268372743,0.0
50.51390381,200.464394195,35.7268372743,0.0
407.030850523,146.01170662,35.7268372743,0.0
72.4277452535,365.965030083,35.7268372743,0.0
251.019161745,458.055465182,35.7268372743,0.0
467.482508752,71.5407430448,35.7268372743,0.0
195.128298372,386.50089427,35.7268372743,0.0
222.373958394,54.5385508646,35.7268372743,0.0
378.308523067,339.26162515,35.7268372743,0.0
353.71471629,196.063225289,35.7268372743,0.0
125.762631085,312.562035949,35.7268372743,0.0
95.0047536776,45.4208698151,35.7268372743,0.0
174.040645257,199.81173035,35.7268372743,0.0
267.933863095,302.475509706,35.7268372743,0.0
@ 60 10 0.0873362445415 0.214154282429
74.1215157374,268.665410214,41.7935463794,0.0
108.513604805,351.495792082,41.7935463794,0.0
371.455330249,317.248139846,41.7935463794,0.0
458.249303432,118.058720686,41.7935463794,0.0
290.388744129,280.27598451,41.7935463794,0.0
46.1365553399,110.307902715,41.7935463794,0.0
244.656902705,96.5999387347,41.7935463794,0.0
128.264650688,92.4138501499,41.7935463794,0.0
179.936393931,467.684996241,41.7935463794,0.0
201.204035682,250.854490833,41.7935463794,0.0
252.216339867,182.327904571,41.7935463794,0.0
416.952799669,201.925689122,41.7935463794,0.0
373.095790938,425.178799355,41.7935463794,0.0
82.3691477681,458.751485146,41.7935463794,0.0
@ 70 10 0.0873362445415 0.293059678526
221.424614162,350.792938866,39.0699009448,0.0
288.780256011,161.407744581,39.0699009448,0.0
468.832630506,324.231207096,39.0699009448,0.0
135.701650401,302.124551256,39.0699009448,0.0
216.504804319,127.252989295,39.0699009448,0.0
406.642389941,188.842019973,39.0699009448,0.0
82.1435354423,391.296349168,39.0699009448,0.0
286.404962313,47.5229926925,39.0699009448,0.0
335.088911693,282.978600969,39.0699009448,0.0
57.9007603925,64.3059240202,39.0699009448,0.0
114.985394759,197.962079369,39.0699009448,0.0
236.094130342,455.268110043,39.0699009448,0.0
320.710322433,433.966276536,39.0699009448,0.0
460.004903842,471.121755087,39.0699009448,0.0
@ 80 10 0.0873362445415 0.256107466442
150.58152863,474.737706818,37.082983573,0.0
411.914273311,184.556664069,37.082983573,0.0
292.176804252,309.211153483,37.082983573,0.0
424.061582196,89.5711400306,37.082983573,0.0
430.521123376,424.596454666,37.082983573,0.0
247.008577163,130.575769383,37.082983573,0.0
181.99619623,306.388069721,37.082983573,0.0
39.4145344134,123.944712124,37.082983573,0.0
446.467653662,253.736766643,37.082983573,0.0
65.5410458309,456.704235808,37.082983573,0.0
59.52231327,227.289397955,37.082983573,0.0
350.757692475,388.540118378,37.082983573,0.0
358.456644588,251.674159639,37.082983573,0.0
154.972782073,83.300352253,37.082983573,0.0
@ 90 10 0.0873362445415 0.230720910607
218.772405731,420.583454539,41.4498859668,0.0
470.063740168,357.209031039,41.4498859668,0.0
430.376604255,75.9837824932,41.4498859668,0.0
390.811390801,279.28327566,41.4498859668,0.0
54.0639294108,181.290595633,41.4498859668,0.0
199.351743532,109.397501939,41.4498859668,0.0
125.901306466,329.311040137,41.4498859668,0.0
160.503843969,248.471296607,41.4498859668,0.0
289.476588515,129.896455194,41.4498859668,0.0
464.133901659,224.071365085,41.4498859668,0.0
51.5483708249,455.45131414,41.4498859668,0.0
42.8113562513,310.080847082,41.4498859668,0.0
369.229206519,371.519109979,41.4498859668,0.0
373.581624993,162.407146317,41.4498859668,0.0
@ 100 10 0.0873362445415 0.288259945231
355.245499711,399.432118595,40.1451643818,0.0
143.016959715,448.252435304,40.1451643818,0.0
241.896482909,303.865940869,40.1451643818,0.0
454.938925072,81.8052792369,40.1451643818,0.0
432.939760517,470.761322396,40.1451643818,0.0
173.540393172,109.949444366,40.1451643818,0.0
299.12871929,203.901257484,40.1451643818,0.0
419.594272069,214.394278052,40.1451643818,0.0
360.476544066,284.615635284,40.1451643818,0.0
249.158155925,464.475266179,40.1451643818,0.0
207.394881057,185.542495713,40.1451643818,0.0
350.012934775,59.6691497999,40.1451643818,0.0
77.7272983515,253.104202964,40.1451643818,0.0
49.0375508824,444.176927359,40.1451643818,0.0
@ 110 10 0.0940354648039 0.270398389555
230.62583842,442.129323995,33.8832763348,0.0
214.377190841,59.3727413788,33.8832763348,0.0
397.714300659,245.463579285,33.8832763348,0.0
119.7735237,472.64010195,33.8832763348,0.0
361.931530206,60.5660516581,33.8832763348,0.0
164.407171438,357.041512217,33.8832763348,0.0
458.37214542,334.049833364,33.8832763348,0.0
72.5462374255,311.402082614,33.8832763348,0.0
290.374848161,355.750789296,33.8832763348,0.0
449.808471725,36.8991928816,33.8832763348,0.0
66.335625449,411.198528214,33.8832763348,0.0
296.812488045,118.166805704,33.8832763348,0.0
58.1179003184,48.3214395094,33.8832763348,0.0
242.040367889,175.724997004,33.8832763348,0.0
@ 120 10 0.0940354648039 0.192623120851
198.134281766,399.680175867,36.5037845406,0.0
71.557063832,332.513901039,36.5037845406,0.0
290.417946905,235.115450813,36.5037845406,0.0
273.35838297,366.895593597,36.5037845406,0.0
164.086216196,58.5396189586,36.5037845406,0.0
406.70951017,107.35083146,36.5037845406,0.0
459.054573246,429.009805422,36.5037845406,0.0
272.282370011,80.9687961628,36.5037845406,0.0
417.614409648,361.618222628,36.5037845406,0.0
41.6629615244,98.2483017641,36.5037845406,0.0
355.786462922,186.420665562,36.5037845406,0.0
187.730017152,141.192762803,36.5037845406,0.0
118.896466318,260.515291295,36.5037845406,0.0
87.2873454299,432.700041573,36.5037845406,0.0
@ 130 10 0.0940354648039 0.223569936975
46.9613852353,67.1678986743,44.9892161341,0.0
70.987022347,219.170249764,44.9892161341,0.0
451.195740412,201.544623706,44.9892161341,0.0
173.731685577,363.328210972,44.9892161341,0.0
422.002338278,65.9314211121,44.9892161341,0.0
269.930565617,163.872274438,44.9892161341,0.0
354.32491186,406.535827996,44.9892161341,0.0
175.428584171,68.0638464226,44.9892161341,0.0
47.9594880432,316.959148089,44.9892161341,0.0
288.763802934,276.342367959,44.9892161341,0.0
365.358606199,155.032866831,44.9892161341,0.0
77.5817418243,416.23374904,44.9892161341,0.0
261.991265186,398.887917698,44.9892161341,0.0
161.491920242,263.453838054,44.9892161341,0.0
@ 140 10 0.0940354648039 0.339589671033
130.403940372,197.009272015,36.0563204199,0.0
429.352018372,437.560186852,36.0563204199,0.0
51.0879533647,411.540311237,36.0563204199,0.0
230.494015667,207.257861699,36.0563204199,0.0
449.457338811,266.315150394,36.0563204199,0.0
101.92190574,292.198464653,36.0563204199,0.0
198.231257546,400.850281361,36.0563204199,0.0
301.020957212,150.357184878,36.0563204199,0.0
379.886653439,185.259247973,36.0563204199,0.0
197.35249006,271.760235885,36.0563204199,0.0
201.264614224,92.08274368,36.0563204199,0.0
434.201743301,364.450649832,36.0563204199,0.0
348.533456591,73.3881915492,36.0563204199,0.0
264.353171297,439.955816294,36.0563204199,0.0
@ 150 10 0.0940354648039 0.218122480867
428.998124594,468.448436526,39.9568003678,0.0
377.379559071,391.119163323,39.9568003678,0.0
269.6182577,305.490954599,39.9568003678,0.0
74.2224877562,104.700844463,39.9568003678,0.0
399.857648861,313.900978211,39.9568003678,0.0
68.9701525836,417.314027974,39.9568003678,0.0
199.417403987,204.38926581,39.9568003678,0.0
191.450539024,42.2054014241,39.9568003678,0.0
45.4558188948,196.676623668,39.9568003678,0.0
301.045522554,424.017693492,39.9568003678,0.0
277.369738239,159.929672384,39.9568003678,0.0
442.924418431,197.067333448,39.9568003678,0.0
412.639130486,114.27154451,39.9568003678,0.0
316.024023743,76.0227449407,39.9568003678,0.0
@ 160 10 0.0940354648039 0.267866884932
42.0951677875,169.100047488,35.8821040196,0.0
139.887084826,408.576335924,35.8821040196,0.0
36.3667808052,244.633207877,35.8821040196,0.0
452.412536129,398.570618887,35.8821040196,0.0
429.129805024,307.732554203,35.8821040196,0.0
52.2934437338,406.256204853,35.8821040196,0.0
158.358429527,272.943917384,35.8821040196,0.0
237.559366007,241.555432012,35.8821040196,0.0
303.345703527,326.988340867,35.8821040196,0.0
291.214960084,472.268451436,35.8821040196,0.0
100.092354163,125.082152452,35.8821040196,0.0
223.949400497,91.4086226088,35.8821040196,0.0
374.18017995,67.6779801413,35.8821040196,0.0
469.306247917,470.263584638,35.8821040196,0.0
@ 170 10 0.0940354648039 0.216019731178
361.430636303,167.580479599,40.149130702,0.0
251.644685665,424.054454738,40.149130702,0.0
179.515539566,291.908727289,40.149130702,0.0
237.382105059,160.219837021,40.149130702,0.0
450.690814819,442.019436532,40.149130702,0.0
328.999769976,464.346275128,40.149130702,0.0
111.442820767,97.0845729461,40.149130702,0.0
132.1608048,362.776532177,40.149130702,0.0
90.766533544,257.973242194,40.149130702,0.0
106.925902395,453.738296782,40.149130702,0.0
266.131793002,68.3956301703,40.149130702,0.0
443.297159281,165.070260254,40.149130702,0.0
469.280496608,88.3038774486,40.149130702,0.0
309.69964884,268.678028307,40.149130702,0.0
@ 180 10 0.0940354648039 0.27045182262
115.957831683,320.066382414,31.1920593875,0.0
346.097871231,63.6547550573,31.1920593875,0.0
425.782317962,408.884037723,31.1920593875,0.0
285.349921682,159.374328083,31.1920593875,0.0
236.83555297,67.2862950803,31.1920593875,0.0
458.881082976,194.484311357,31.1920593875,0.0
391.761268444,223.069478238,31.1920593875,0.0
37.0921392756,307.176920336,31.1920593875,0.0
48.8980750629,204.141274615,31.1920593875,0.0
391.608340158,337.976119606,31.1920593875,0.0
310.394843478,336.850338106,31.1920593875,0.0
156.383047578,385.17847989,31.1920593875,0.0
465.356727057,111.451926197,31.1920593875,0.0
242.279337656,213.587365929,31.1920593875,0.0
@ 190 10 0.0940354648039 0.163239673584
169.426683897,445.892307542,37.484434315,0.0
436.495922578,200.591028894,37.484434315,0.0
466.305560447,335.362065999,37.484434315,0.0
62.4908320599,213.238061999,37.484434315,0.0
364.354653355,444.074839429,37.484434315,0.0
75.6533771838,289.864759399,37.484434315,0.0
89.482011518,375.03434643,37.484434315,0.0
98.9828352899,117.46645316,37.484434315,0.0
275.671296851,432.424059908,37.484434315,0.0
190.327951552,359.561585049,37.484434315,0.0
455.121674002,85.9212835987,37.484434315,0.0
321.027806858,286.177358952,37.484434315,0.0
39.3765258834,436.514544095,37.484434315,0.0
247.248856713,249.205344691,37.484434315,0.0
@ 200 10 0.0940354648039 0.235743399548
293.29386408,370.162087937,40.6096727695,0.0
457.398997496,115.252702384,40.6096727695,0.0
311.066398562,147.583393606,40.6096727695,0.0
452.49023462,430.128702565,40.6096727695,0.0
221.946007244,49.5312083243,40.6096727695,0.0
61.5153945025,128.955341735,40.6096727695,0.0
335.569060004,287.727045445,40.6096727695,0.0
231.181235581,275.792878912,40.6096727695,0.0
374.988486241,380.006646781,40.6096727695,0.0
134.340475175,89.0956242205,40.6096727695,0.0
113.946100165,263.952067006,40.6096727695,0.0
412.811248137,192.763553842,40.6096727695,0.0
356.4690373,60.3585761721,40.6096727695,0.0
211.021572106,456.292192942,40.6096727695,0.0
@ 210 10 0.101847810272 0.276691998085
211.431040432,181.268249963,42.6683670099,0.0
145.619673115,341.460837737,42.6683670099,0.0
355.072381651,326.272346089,42.6683670099,0.0
416.693105675,259.165316824,42.6683670099,0.0
262.126090099,278.677540078,42.6683670099,0.0
63.1093497361,464.475682456,42.6683670099,0.0
72.6276063296,153.643437819,42.6683670099,0.0
392.765007055,431.376324642,42.6683670099,0.0
327.868388205,174.365069786,42.6683670099,0.0
266.417011268,49.3326855124,42.6683670099,0.0
151.44271395,461.823316921,42.6683670099,0.0
254.00046885,432.419889565,42.6683670099,0.0
176.784792683,82.1710883798,42.6683670099,0.0
446.17230457,341.24669023,42.6683670099,0.0
@ 220 10 0.101847810272 0.305456705652
116.275499423,109.757156628,43.6843713285,0.0
137.073994189,287.878028761,43.6843713285,0.0
409.464763482,439.52252027,43.6843713285,0.0
206.451829266,114.363518698,43.6843713285,0.0
401.697839391,52.1661110595,43.6843713285,0.0
219.655141838,440.607012186,43.6843713285,0.0
453.355817705,155.944110632,43.6843713285,0.0
299.646247663,373.851517416,43.6843713285,0.0
294.086866927,67.6899458597,43.6843713285,0.0
464.313954058,268.981087017,43.6843713285,0.0
381.329081653,335.0920986,43.6843713285,0.0
55.0555871207,460.074545972,43.6843713285,0.0
314.801571739,253.809074084,43.6843713285,0.0
319.286531202,155.935175772,43.6843713285,0.0
@ 230 10 0.101847810272 0.320176755734
148.595983424,453.35162537,37.8845804059,0.0
452.726232828,125.248396284,37.8845804059,0.0
422.452479125,435.035884967,37.8845804059,0.0
464.944820826,323.50269222,37.8845804059,0.0
301.404641019,360.259117799,37.8845804059,0.0
318.559777676,245.501622311,37.8845804059,0.0
251.813586145,281.726856076,37.8845804059,0.0
387.206901828,59.8170744421,37.8845804059,0.0
290.800991255,38.7244747387,37.8845804059,0.0
340.268157034,120.131502887,37.8845804059,0.0
392.622000033,346.332951049,37.8845804059,0.0
419.731269609,247.461930233,37.8845804059,0.0
108.850422139,375.001995477,37.8845804059,0.0
123.535474793,189.800109611,37.8845804059,0.0
@ 240 10 0.101847810272 0.240803382295
370.938146675,444.667107693,39.7111878595,0.0
233.836469246,462.780723629,39.7111878595,0.0
61.9958369086,440.921253131,39.7111878595,0.0
197.270445666,64.094417884,39.7111878595,0.0
308.873334062,178.74691226,39.7111878595,0.0
363.080193855,83.9765865651,39.7111878595,0.0
92.1270254977,268.827982366,39.7111878595,0.0
471.520760922,276.969759005,39.7111878595,0.0
342.31047638,302.705922887,39.7111878595,0.0
176.169446701,366.106570321,39.7111878595,0.0
450.22682165,97.899528164,39.7111878595,0.0
210.273618028,262.047880018,39.7111878595,0.0
448.763518864,462.851741246,39.7111878595,0.0
91.2976498702,139.715973485,39.7111878595,0.0
@ 250 10 0.101847810272 0.26458387686
210.614161581,431.171098148,43.5804428467,0.0
451.993229106,142.271204356,43.5804428467,0.0
52.809540033,112.736199872,43.5804428467,0.0
337.083570611,464.374270432,43.5804428467,0.0
45.4268043452,226.945576797,43.5804428467,0.0
233.312330398,226.271592983,43.5804428467,0.0
67.52433435,374.056361427,43.5804428467,0.0
343.216836583,175.454802975,43.5804428467,0.0
436.597831911,241.45054879,43.5804428467,0.0
391.341097769,43.874595534,43.5804428467,0.0
266.204589397,56.8834432835,43.5804428467,0.0
369.803389069,332.90867642,43.5804428467,0.0
169.283995631,54.5827472285,43.5804428467,0.0
439.444169044,439.166452167,43.5804428467,0.0
@ 260 10 0.101847810272 0.318655117645
313.195354153,267.975439864,44.9021170735,0.0
374.512108254,388.098341732,44.9021170735,0.0
62.5311802347,461.839276771,44.9021170735,0.0
466.830170765,332.798196843,44.9021170735,0.0
235.297873145,127.813664254,44.9021170735,0.0
147.157791356,396.033372407,44.9021170735,0.0
400.849869579,94.8053927255,44.9021170735,0.0
287.11511249,414.625480672,44.9021170735,0.0
144.067870082,56.0633617221,44.9021170735,0.0
89.0089649806,127.224988645,44.9021170735,0.0
204.666678863,305.100930987,44.9021170735,0.0
187.620506081,214.624798275,44.9021170735,0.0
328.419238154,173.445291635,44.9021170735,0.0
92.4047948636,223.233389965,44.9021170735,0.0
@ 270 10 0.101847810272 0.338276053573
189.20719757,105.658741556,41.8831691418,0.0
383.789715248,105.545639135,41.8831691418,0.0
264.650038634,338.329231646,41.8831691418,0.0
439.231596936,237.039012345,41.8831691418,0.0
451.217083033,429.909044913,41.8831691418,0.0
292.950606967,98.2501332483,41.8831691418,0.0
131.594066006,170.722450206,41.8831691418,0.0
59.5313995336,239.428937126,41.8831691418,0.0
279.470991047,451.829912631,41.8831691418,0.0
122.053043408,297.051958427,41.8831691418,0.0
369.87476572,465.915423757,41.8831691418,0.0
407.323242599,325.032827328,41.8831691418,0.0
124.00409299,460.130442375,41.8831691418,0.0
236.0245108,249.289627462,41.8831691418,0.0
@ 280 10 0.101847810272 0.294317910074
224.193077346,465.170353364,39.3809376084,0.0
74.1317247946,342.679711584,39.3809376084,0.0
124.213894695,161.354497627,39.3809376084,0.0
45.1956749708,108.474869282,39.3809376084,0.0
415.31553803,121.180553153,39.3809376084,0.0
263.174932538,343.128187305,39.3809376084,0.0
185.096096258,330.011373699,39.3809376084,0.0
96.9704213906,433.544495418,39.3809376084,0.0
284.241972852,62.9511652407,39.3809376084,0.0
359.100589193,437.626905309,39.3809376084,0.0
373.703703211,273.787222475,39.3809376084,0.0
285.8196226,258.244781644,39.3809376084,0.0
467.496519031,415.589506574,39.3809376084,0.0
424.326416955,347.702599403,39.3809376084,0.0
@ 290 10 0.101847810272 0.2602014566
453.260977604,375.716038043,41.2768329377,0.0
347.680883479,336.454740111,41.2768329377,0.0
306.339737645,446.741643292,41.2768329377,0.0
354.10173142,102.638075144,41.2768329377,0.0
222.629112443,324.818588829,41.2768329377,0.0
467.172703474,50.7054648351,41.2768329377,0.0
161.773785276,250.787075761,41.2768329377,0.0
403.61654756,240.247916288,41.2768329377,0.0
237.364426358,107.435679188,41.2768329377,0.0
416.355198367,456.422770681,41.2768329377,0.0
255.527053835,201.707141949,41.2768329377,0.0
422.167546457,150.055564059,41.2768329377,0.0
46.852275728,184.230392392,41.2768329377,0.0
138.056416775,443.921847547,41.2768329377,0.0
@ 300 10 0.101847810272 0.285858002629
111.349390144,126.684293967,38.7299304125,0.0
45.3393444246,471.420160285,38.7299304125,0.0
289.628837837,59.0131060726,38.7299304125,0.0
242.213228151,230.526018176,38.7299304125,0.0
131.604039659,210.099673995,38.7299304125,0.0
440.417359565,389.577403024,38.7299304125,0.0
274.519377463,144.815897336,38.7299304125,0.0
393.227255381,84.4050914447,38.7299304125,0.0
468.652962378,161.950018834,38.7299304125,0.0
424.472428911,289.152000738,38.7299304125,0.0
170.371610281,302.020898969,38.7299304125,0.0
84.9107852146,50.8413348258,38.7299304125,0.0
373.024717658,179.460342718,38.7299304125,0.0
128.012343487,415.324640389,38.7299304125,0.0
@ 310 10 0.111075848937 0.251669770417
455.276605904,204.827863739,46.0052997145,0.0
361.28321886,218.444533968,46.0052997145,0.0
261.307657817,284.029556555,46.0052997145,0.0
54.2847730303,235.380769062,46.0052997145,0.0
143.292074359,443.460872667,46.0052997145,0.0
427.717981783,332.971027287,46.0052997145,0.0
119.985535191,311.029022992,46.0052997145,0.0
134.101480932,51.3901666563,46.0052997145,0.0
293.807063392,386.363827603,46.0052997145,0.0
63.7015009987,138.221528362,46.0052997145,0.0
178.17815735,232.489037467,46.0052997145,0.0
402.930931879,457.895344106,46.0052997145,0.0
315.123106731,89.9583180307,46.0052997145,0.0
443.833058667,105.520243354,46.0052997145,0.0
@ 320 10 0.111075848937 0.355102188073
228.680471387,461.969010623,38.1460209121,0.0
139.663240684,411.721540922,38.1460209121,0.0
417.016279382,59.5878445945,38.1460209121,0.0
414.300965939,285.604913526,38.1460209121,0.0
286.752393814,130.185938231,38.1460209121,0.0
270.093951264,287.182915023,38.1460209121,0.0
306.745184525,459.311766167,38.1460209121,0.0
279.064230941,42.5938505796,38.1460209121,0.0
40.1021666535,271.085845042,38.1460209121,0.0
468.038344373,354.819188777,38.1460209121,0.0
82.4336666562,341.830794174,38.1460209121,0.0
397.009763953,179.9040056,38.1460209121,0.0
173.217726944,269.776995554,38.1460209121,0.0
229.780458124,182.429253052,38.1460209121,0.0
@ 330 10 0.111075848937 0.244138405964
400.141489602,114.245338109,39.7096016754,0.0
281.695485655,53.6778633805,39.7096016754,0.0
102.589595052,352.596180407,39.7096016754,0.0
453.712666304,199.943100644,39.7096016754,0.0
147.433756614,224.328650152,39.7096016754,0.0
308.831275489,318.711920603,39.7096016754,0.0
211.396809758,147.564402318,39.7096016754,0.0
86.3826299912,135.334181309,39.7096016754,0.0
450.120314708,388.817170686,39.7096016754,0.0
453.829920697,299.676385037,39.7096016754,0.0
305.283091772,151.629845496,39.7096016754,0.0
384.372893294,256.532835699,39.7096016754,0.0
81.8863400784,438.617867622,39.7096016754,0.0
149.868985146,55.8595057967,39.7096016754,0.0
@ 340 10 0.111075848937 0.264562740734
64.1481747803,130.635604118,42.8385987044,0.0
449.736635003,281.766298489,42.8385987044,0.0
443.364254396,375.455684068,42.8385987044,0.0
198.198175844,355.889190357,42.8385987044,0.0
322.415687697,435.106231094,42.8385987044,0.0
249.977253537,108.173176137,42.8385987044,0.0
111.083031222,431.862038975,42.8385987044,0.0
135.705751673,76.1620382141,42.8385987044,0.0
439.919627934,152.994456337,42.8385987044,0.0
328.119268975,57.1344815489,42.8385987044,0.0
238.835954813,223.008680324,42.8385987044,0.0
316.182857481,169.517185208,42.8385987044,0.0
69.869175996,321.480364093,42.8385987044,0.0
129.750718513,235.815328469,42.8385987044,0.0
@ 350 10 0.111075848937 0.30789889615
90.4473832641,352.712567074,38.1067113346,0.0
387.233278057,397.920413543,38.1067113346,0.0
174.40764181,379.318955813,38.1067113346,0.0
365.930677898,77.5349421902,38.1067113346,0.0
253.573781701,349.240703069,38.1067113346,0.0
453.47178809,70.2783903108,38.1067113346,0.0
282.542851395,156.858959986,38.1067113346,0.0
423.430250743,322.105732762,38.1067113346,0.0
265.340861998,50.2806713771,38.1067113346,0.0
470.755279215,243.663713764,38.1067113346,0.0
81.5898571248,131.881342654,38.1067113346,0.0
340.238732789,336.268759413,38.1067113346,0.0
182.601798222,297.297694616,38.1067113346,0.0
472.730857638,397.589924921,38.1067113346,0.0
@ 360 10 0.111075848937 0.243635494651
182.012003757,424.848671858,36.3371051344,0.0
451.869934856,189.706358945,36.3371051344,0.0
160.266581039,91.4621524178,36.3371051344,0.0
173.340597304,346.447059239,36.3371051344,0.0
287.060069805,182.608305649,36.3371051344,0.0
277.910263542,435.850316921,36.3371051344,0.0
289.117504395,66.6955281213,36.3371051344,0.0
86.1431129338,344.033617902,36.3371051344,0.0
187.209698547,200.170575646,36.3371051344,0.0
390.721846619,101.368879223,36.3371051344,0.0
45.0788790916,170.081191318,36.3371051344,0.0
339.524851965,284.822124269,36.3371051344,0.0
352.534005558,365.32520688,36.3371051344,0.0
114.61803942,208.874350512,36.3371051344,0.0
@ 370 10 0.111075848937 0.22153291926
382.89795943,470.874661245,38.3450112361,0.0
459.234620746,326.134803033,38.3450112361,0.0
164.571072955,313.528179321,38.3450112361,0.0
164.046424644,199.904002944,38.3450112361,0.0
180.942811612,108.915176714,38.3450112361,0.0
71.9233469401,180.690531824,38.3450112361,0.0
298.485339693,440.876014258,38.3450112361,0.0
325.185672145,112.409537624,38.3450112361,0.0
216.831607078,407.281805025,38.3450112361,0.0
248.251288376,151.565263609,38.3450112361,0.0
65.171526016,40.0485063294,38.3450112361,0.0
445.296318777,121.970777433,38.3450112361,0.0
54.0971405334,404.002420979,38.3450112361,0.0
292.786941802,330.577089519,38.3450112361,0.0
@ 380 10 0.111075848937 0.246692166081
390.750550432,407.668483135,45.9310070503,0.0
111.370207539,287.051088586,45.9310070503,0.0
231.619921722,351.808628884,45.9310070503,0.0
348.113205806,309.245229425,45.9310070503,0.0
305.008547599,137.586440857,45.9310070503,0.0
433.976634976,167.900264733,45.9310070503,0.0
234.412469868,78.4581065898,45.9310070503,0.0
186.888376444,453.531591556,45.9310070503,0.0
385.544028443,51.2041630494,45.9310070503,0.0
465.18374456,350.32470883,45.9310070503,0.0
78.8454391123,419.026367981,45.9310070503,0.0
71.288681226,84.1315117463,45.9310070503,0.0
73.928671911,200.813323741,45.9310070503,0.0
279.526245635,465.467725233,45.9310070503,0.0
@ 390 10 0.111075848937 0.353956225045
274.303008392,265.612798756,40.5965331213,0.0
356.115572676,74.5000470629,40.5965331213,0.0
441.702269377,78.4239717396,40.5965331213,0.0
55.2863821406,159.97856983,40.5965331213,0.0
149.20995285,230.161942192,40.5965331213,0.0
469.4086516,402.578506184,40.5965331213,0.0
71.309672776,344.544338385,40.5965331213,0.0
370.190248032,287.732543782,40.5965331213,0.0
135.223060705,469.901950875,40.5965331213,0.0
101.872212995,84.993419675,40.5965331213,0.0
190.32918178,152.960086826,40.5965331213,0.0
410.081218364,172.084319247,40.5965331213,0.0
251.880279611,367.054639531,40.5965331213,0.0
321.78607121,188.071381952,40.5965331213,0.0
@ 400 10 0.111075848937 0.276512974366
181.078009479,433.236222493,42.1262600975,0.0
465.016747242,63.2537842955,42.1262600975,0.0
141.43506774,269.669269573,42.1262600975,0.0
107.20764335,44.8453692335,42.1262600975,0.0
48.3515338364,338.204415457,42.1262600975,0.0
450.94092978,218.355388741,42.1262600975,0.0
359.481096303,167.125235507,42.1262600975,0.0
180.110647628,119.993988166,42.1262600975,0.0
447.813708095,319.243645113,42.1262600975,0.0
295.233855007,367.336670696,42.1262600975,0.0
55.3331486224,465.730561966,42.1262600975,0.0
216.59522977,197.991816354,42.1262600975,0.0
266.528337808,280.737892944,42.1262600975,0.0
321.863097981,453.708535515,42.1262600975,0.0
@ 410 10 0.122142732507 0.297744281619
235.994241343,466.762674904,41.2070385398,0.0
321.189081037,404.715589606,41.2070385398,0.0
156.399268252,429.259511726,41.2070385398,0.0
357.484107791,192.664789177,41.2070385398,0.0
92.9949632028,288.347276007,41.2070385398,0.0
416.733471446,466.29528313,41.2070385398,0.0
54.0226943233,45.0113292694,41.2070385398,0.0
285.240768708,250.219264481,41.2070385398,0.0
440.025595005,336.589310163,41.2070385398,0.0
147.467101524,185.63679221,41.2070385398,0.0
457.009306348,63.5962942582,41.2070385398,0.0
199.489882763,296.824974408,41.2070385398,0.0
47.1897052659,441.820458644,41.2070385398,0.0
46.4403790388,134.852735164,41.2070385398,0.0
@ 420 10 0.122142732507 0.284892113627
341.836163353,382.719742707,38.2067715592,0.0
157.351427756,146.758493033,38.2067715592,0.0
459.723433942,247.590287138,38.2067715592,0.0
64.0549442586,451.398833091,38.2067715592,0.0
204.459230514,461.875701738,38.2067715592,0.0
243.088574963,395.671537156,38.2067715592,0.0
463.589747403,377.570470736,38.2067715592,0.0
307.647429981,221.047691921,38.2067715592,0.0
224.859153302,52.0929836274,38.2067715592,0.0
391.453683023,310.061109322,38.2067715592,0.0
341.342751494,72.3449747382,38.2067715592,0.0
125.621771166,309.409929776,38.2067715592,0.0
61.763986603,154.418800409,38.2067715592,0.0
359.657570115,152.934525288,38.2067715592,0.0
@ 430 10 0.122142732507 0.244916645794
360.145048024,362.906987698,33.3922690658,0.0
85.8927901894,201.947782992,33.3922690658,0.0
378.708610898,42.5789652116,33.3922690658,0.0
88.3276492759,353.691485579,33.3922690658,0.0
197.775791136,266.706186554,33.3922690658,0.0
346.266260758,161.85652307,33.3922690658,0.0
462.745071249,195.377358893,33.3922690658,0.0
457.046458277,92.4565531157,33.3922690658,0.0
469.990125392,352.485036793,33.3922690658,0.0
450.338052444,476.000044307,33.3922690658,0.0
222.81618523,59.7456512633,33.3922690658,0.0
92.7330233486,112.654371736,33.3922690658,0.0
250.172362198,181.98301326,33.3922690658,0.0
310.657018728,273.446310872,33.3922690658,0.0
@ 440 10 0.122142732507 0.18708091352
337.704115154,160.227603418,37.9638729556,0.0
213.174837143,74.3257161205,37.9638729556,0.0
449.904225789,101.970782357,37.9638729556,0.0
50.9657589858,454.669446968,37.9638729556,0.0
456.328180588,231.699995132,37.9638729556,0.0
467.959068864,432.690726233,37.9638729556,0.0
130.367991225,445.113470121,37.9638729556,0.0
247.097416012,172.655647596,37.9638729556,0.0
92.3643622972,233.806863165,37.9638729556,0.0
127.296113525,131.424354626,37.9638729556,0.0
294.584676438,327.744457421,37.9638729556,0.0
206.115049503,317.080953555,37.9638729556,0.0
425.651071793,307.441099457,37.9638729556,0.0
306.445101042,71.6218837717,37.9638729556,0.0
@ 450 10 0.122142732507 0.241812441695
309.312913268,202.647484229,34.1575426615,0.0
277.794281553,444.101471292,34.1575426615,0.0
224.054186719,238.595923629,34.1575426615,0.0
40.3014331973,71.5624328278,34.1575426615,0.0
148.454724752,36.421046223,34.1575426615,0.0
466.927573542,119.346269609,34.1575426615,0.0
187.198172978,414.085198711,34.1575426615,0.0
294.637813919,295.540331999,34.1575426615,0.0
139.113618426,290.492039349,34.1575426615,0.0
207.115684122,110.604293587,34.1575426615,0.0
311.137143051,372.353100326,34.1575426615,0.0
428.966600561,426.559045091,34.1575426615,0.0
143.037418677,194.89215998,34.1575426615,0.0
34.4968304351,388.447173451,34.1575426615,0.0
@ 460 10 0.122142732507 0.195754096155
49.9398460144,255.365639328,37.1261120837,0.0
64.9300161982,165.960307447,37.1261120837,0.0
399.659367455,247.012468777,37.1261120837,0.0
171.935734637,273.898987605,37.1261120837,0.0
59.5055275462,341.758610507,37.1261120837,0.0
366.969630907,424.34765825,37.1261120837,0.0
305.814677121,312.850435875,37.1261120837,0.0
206.72899708,91.3361293886,37.1261120837,0.0
467.717410019,453.924543816,37.1261120837,0.0
292.400407119,444.869735014,37.1261120837,0.0
43.2772153135,40.3604765781,37.1261120837,0.0
427.767796237,319.660164855,37.1261120837,0.0
312.111947757,87.4073149944,37.1261120837,0.0
200.51310287,425.853814141,37.1261120837,0.0
@ 470 10 0.122142732507 0.231257891978
422.322786319,246.57672436,43.5963100419,0.0
168.284633231,72.7529425441,43.5963100419,0.0
89.0349295982,274.691011658,43.5963100419,0.0
327.296400059,202.35688904,43.5963100419,0.0
366.355692194,319.114603817,43.5963100419,0.0
335.230690116,68.3531262907,43.5963100419,0.0
56.805719715,375.290863977,43.5963100419,0.0
285.424471971,457.199787525,43.5963100419,0.0
454.583732017,92.0615111547,43.5963100419,0.0
187.050284188,443.530105785,43.5963100419,0.0
169.929326581,193.149125507,43.5963100419,0.0
198.667455675,346.35046396,43.5963100419,0.0
58.7470132094,186.254028766,43.5963100419,0.0
248.690339246,108.029941599,43.5963100419,0.0
@ 480 10 0.122142732507 0.318887198049
425.421366329,145.637701987,42.1204771862,0.0
185.686222884,43.8075534564,42.1204771862,0.0
434.682852714,311.979357976,42.1204771862,0.0
268.022225686,466.005358793,42.1204771862,0.0
310.370338892,96.18685733,42.1204771862,0.0
46.141406514,224.62288024,42.1204771862,0.0
138.83368018,295.472147068,42.1204771862,0.0
134.111731342,142.163522668,42.1204771862,0.0
42.1275335369,42.5661638462,42.1204771862,0.0
185.641022784,215.505438114,42.1204771862,0.0
267.745458302,242.443489015,42.1204771862,0.0
44.1330125046,133.447557556,42.1204771862,0.0
223.415770792,379.486644097,42.1204771862,0.0
72.8182682297,349.314142064,42.1204771862,0.0
@ 490 10 0.122142732507 0.297662541128
288.686783469,442.556830523,42.5924748721,0.0
53.3302689651,293.354587704,42.5924748721,0.0
205.093477109,425.51037144,42.5924748721,0.0
405.94149209,432.153211129,42.5924748721,0.0
343.729248623,318.612966143,42.5924748721,0.0
360.38868317,69.5067942001,42.5924748721,0.0
463.609284135,351.610456209,42.5924748721,0.0
230.743918833,187.424145416,42.5924748721,0.0
85.0912226805,427.423250317,42.5924748721,0.0
451.460675532,74.4234024494,42.5924748721,0.0
109.189571894,196.481529603,42.5924748721,0.0
358.870602939,234.064680764,42.5924748721,0.0
146.625433252,362.351378011,42.5924748721,0.0
214.207768671,68.5413901407,42.5924748721,0.0
@ 500 10 0.122142732507 0.304371070185
107.488127598,152.036889717,41.9226760458,0.0
231.83880022,452.609040345,41.9226760458,0.0
191.921109822,250.62720632,41.9226760458,0.0
71.5841595261,412.458361899,41.9226760458,0.0
432.36392855,465.671712124,41.9226760458,0.0
326.52344281,466.036780884,41.9226760458,0.0
188.594032821,372.370244606,41.9226760458,0.0
467.432604365,42.4182617619,41.9226760458,0.0
296.497621112,362.902622122,41.9226760458,0.0
272.835769602,219.719635043,41.9226760458,0.0
162.072167488,88.3389308256,41.9226760458,0.0
389.023254581,256.720426493,41.9226760458,0.0
355.336428296,84.4203988583,41.9226760458,0.0
71.0073359808,58.7837966487,41.9226760458,0.0
@ 510 10 0.135658914729 0.294873411179
199.937411028,128.90805851,39.5913627396,0.0
458.663208402,266.779706915,39.5913627396,0.0
332.087963805,179.927902955,39.5913627396,0.0
316.779684052,52.0915629009,39.5913627396,0.0
440.273712719,380.417419007,39.5913627396,0.0
54.0320301924,58.7877126201,39.5913627396,0.0
400.831650259,44.1798089096,39.5913627396,0.0
40.2085700017,295.846293252,39.5913627396,0.0
117.017053516,215.988371827,39.5913627396,0.0
47.6160485008,142.127101658,39.5913627396,0.0
429.503976743,171.035108959,39.5913627396,0.0
318.00812182,328.687490015,39.5913627396,0.0
225.650898674,339.997387037,39.5913627396,0.0
249.825732236,234.435173437,39.5913627396,0.0
@ 520 10 0.135658914729 0.262989567311
59.1194274426,235.288778917,32.7379629728,0.0
179.441196172,466.622291726,32.7379629728,0.0
103.325015556,43.863051901,32.7379629728,0.0
437.931520989,81.1187053037,32.7379629728,0.0
377.224122731,460.639801492,32.7379629728,0.0
160.593693239,371.968735835,32.7379629728,0.0
442.421549209,176.751780584,32.7379629728,0.0
118.887847433,188.396738895,32.7379629728,0.0
247.686469215,187.812505686,32.7379629728,0.0
41.5911659101,411.5646226,32.7379629728,0.0
468.047053729,266.893550147,32.7379629728,0.0
245.905606621,42.3047843724,32.7379629728,0.0
132.076351777,275.404858124,32.7379629728,0.0
259.803080108,476.501769983,32.7379629728,0.0
@ 530 10 0.135658914729 0.179821214249
314.609150904,109.644154317,39.6699501323,0.0
374.838340952,413.77501646,39.6699501323,0.0
129.886268749,295.30334479,39.6699501323,0.0
44.7836782789,77.4538012377,39.6699501323,0.0
219.159087264,66.236603823,39.6699501323,0.0
224.806267041,437.077045878,39.6699501323,0.0
389.669647214,240.60689445,39.6699501323,0.0
422.775889985,141.474597744,39.6699501323,0.0
219.554867774,301.217215968,39.6699501323,0.0
66.5659939029,185.562240896,39.6699501323,0.0
440.381108115,321.564591672,39.6699501323,0.0
245.534242308,223.883438396,39.6699501323,0.0
84.6048489816,389.228257043,39.6699501323,0.0
471.458442423,59.0632525502,39.6699501323,0.0
@ 540 10 0.135658914729 0.264034652665
138.361332408,190.738415646,46.0412535402,0.0
84.4336907312,463.053485551,46.0412535402,0.0
460.013799168,135.69906839,46.0412535402,0.0
235.936480229,281.121049609,46.0412535402,0.0
54.4985570326,152.099801284,46.0412535402,0.0
307.621715399,218.928856184,46.0412535402,0.0
90.9602911012,292.974378518,46.0412535402,0.0
325.516732019,68.5959887056,46.0412535402,0.0
325.233884535,317.931701707,46.0412535402,0.0
118.306948128,79.4673497451,46.0412535402,0.0
225.551535543,134.398909025,46.0412535402,0.0
355.406459526,419.705774694,46.0412535402,0.0
422.763162129,235.870212317,46.0412535402,0.0
436.589195365,327.05557351,46.0412535402,0.0
@ 550 10 0.135658914729 0.355657440235
52.4514848052,222.348666849,42.8548040457,0.0
261.196204273,378.28251298,42.8548040457,0.0
81.192174926,312.150472007,42.8548040457,0.0
376.113210488,200.215942002,42.8548040457,0.0
345.022580408,326.139828688,42.8548040457,0.0
271.837822958,241.962789183,42.8548040457,0.0
366.563173802,432.888217776,42.8548040457,0.0
171.980466877,345.996032044,42.8548040457,0.0
445.952990071,347.347695813,42.8548040457,0.0
269.616302158,91.5177949552,42.8548040457,0.0
456.846606934,138.25983181,42.8548040457,0.0
458.487435216,464.495309268,42.8548040457,0.0
97.2488284143,59.7797981549,42.8548040457,0.0
182.997159932,438.58096592,42.8548040457,0.0
@ 560 10 0.135658914729 0.30813188932
328.566667042,338.587106602,42.5767730413,0.0
412.153768735,399.944628739,42.5767730413,0.0
190.856412553,139.192129565,42.5767730413,0.0
343.449899617,51.2559337121,42.5767730413,0.0
409.210233563,235.54860901,42.5767730413,0.0
328.73888845,443.918916333,42.5767730413,0.0
102.858574475,319.772830073,42.5767730413,0.0
463.900240962,313.367339546,42.5767730413,0.0
444.443179002,146.015922706,42.5767730413,0.0
202.753961432,316.753957547,42.5767730413,0.0
177.800508253,228.76927358,42.5767730413,0.0
335.102498938,155.425503403,42.5767730413,0.0
94.4158542404,416.42531178,42.5767730413,0.0
465.296339148,60.4945398719,42.5767730413,0.0
@ 570 10 0.135658914729 0.304146697117
456.687967245,225.124044014,44.8848220226,0.0
155.682844531,215.896992333,44.8848220226,0.0
390.711436853,307.863960789,44.8848220226,0.0
62.830402283,260.896846795,44.8848220226,0.0
209.755188543,127.992420045,44.8848220226,0.0
302.886390423,97.654609861,44.8848220226,0.0
225.576143169,451.23889125,44.8848220226,0.0
113.964241078,416.030759418,44.8848220226,0.0
94.3380851962,58.3396960029,44.8848220226,0.0
255.902687822,267.947000682,44.8848220226,0.0
427.404105273,56.2760920905,44.8848220226,0.0
282.912855207,377.345848147,44.8848220226,0.0
165.012477994,330.902194901,44.8848220226,0.0
381.479381422,437.898092335,44.8848220226,0.0
@ 580 10 0.135658914729 0.33801551464
262.792492281,453.094045425,47.9364471221,0.0
300.502208131,146.392731845,47.9364471221,0.0
145.094553637,440.013229999,47.9364471221,0.0
172.021656406,65.7300555713,47.9364471221,0.0
225.90465608,309.948294272,47.9364471221,0.0
440.707683632,314.048269676,47.9364471221,0.0
357.59107818,55.0090980193,47.9364471221,0.0
380.487712861,414.798435731,47.9364471221,0.0
62.7067486682,82.5303776441,47.9364471221,0.0
76.2450054355,354.025123021,47.9364471221,0.0
345.944555006,287.838532949,47.9364471221,0.0
462.353865142,83.565285257,47.9364471221,0.0
120.491332561,189.614525789,47.9364471221,0.0
426.179827645,176.728069228,47.9364471221,0.0
@ 590 10 0.135658914729 0.385539877165
440.52104976,240.454068657,38.9695001908,0.0
467.693945525,53.91473674,38.9695001908,0.0
164.298450742,391.906584631,38.9695001908,0.0
240.040231146,352.335467378,38.9695001908,0.0
308.530297884,219.514823723,38.9695001908,0.0
341.985592618,305.526926631,38.9695001908,0.0
74.4304208031,328.193130688,38.9695001908,0.0
89.4583932228,138.117283139,38.9695001908,0.0
466.445461853,437.63320893,38.9695001908,0.0
79.7581948011,459.899184099,38.9695001908,0.0
173.655963112,220.523659485,38.9695001908,0.0
387.474462406,159.161148841,38.9695001908,0.0
197.729074018,60.2604316092,38.9695001908,0.0
335.093945583,393.191966269,38.9695001908,0.0
@ 600 10 0.135658914729 0.254792881897
391.301709776,438.974672683,39.814311329,0.0
192.563378528,102.794473622,39.814311329,0.0
313.809506177,253.071486241,39.814311329,0.0
471.244060142,109.440767587,39.814311329,0.0
149.916465152,208.22565011,39.814311329,0.0
51.2272725629,189.33063453,39.814311329,0.0
69.07620058,272.642755417,39.814311329,0.0
279.410107989,470.624988734,39.814311329,0.0
77.0648021844,406.127521017,39.814311329,0.0
154.881893783,376.685296346,39.814311329,0.0
72.3890086475,67.7217416976,39.814311329,0.0
250.928135158,370.347249675,39.814311329,0.0
270.548470063,157.736171025,39.814311329,0.0
371.356154171,118.507967239,39.814311329,0.0
@ 610 10 0.152538679451 0.265959823335
180.478513193,103.633846906,44.6249710849,0.0
291.81940426,122.217881322,44.6249710849,0.0
410.249606621,329.786622908,44.6249710849,0.0
65.7387636571,178.440813298,44.6249710849,0.0
313.409649099,351.397822197,44.6249710849,0.0
367.676252402,68.5071913255,44.6249710849,0.0
339.08464485,259.937999731,44.6249710849,0.0
429.80700569,158.45675721,44.6249710849,0.0
239.037527081,240.981299248,44.6249710849,0.0
96.5005664721,313.18988164,44.6249710849,0.0
440.617274348,456.319540574,44.6249710849,0.0
70.8926362631,450.040051103,44.6249710849,0.0
218.63158173,330.097358565,44.6249710849,0.0
201.842102525,447.128234057,44.6249710849,0.0
@ 620 10 0.152538679451 0.334113108546
439.640231807,210.500861111,41.52489646,0.0
149.429597802,64.1362964353,41.52489646,0.0
387.209155608,305.721330423,41.52489646,0.0
109.575326683,405.319030269,41.52489646,0.0
49.3904094042,72.9818456252,41.52489646,0.0
198.014419418,391.699508012,41.52489646,0.0
77.2089072288,153.213443941,41.52489646,0.0
127.43235902,256.5724112,41.52489646,0.0
270.338609948,448.242548585,41.52489646,0.0
351.519249637,470.12927298,41.52489646,0.0
358.609926602,82.8782280249,41.52489646,0.0
463.566488784,86.93776814,41.52489646,0.0
281.340060919,47.6050912244,41.52489646,0.0
432.546618499,441.731821294,41.52489646,0.0
@ 630 10 0.152538679451 0.289304198305
159.461372018,471.4289826,38.7400992632,0.0
354.733467676,466.747473579,38.7400992632,0.0
212.585533884,52.4274850582,38.7400992632,0.0
161.196768207,234.002180571,38.7400992632,0.0
423.502033137,183.447454288,38.7400992632,0.0
94.6690351238,342.297159397,38.7400992632,0.0
58.2839067914,451.090621352,38.7400992632,0.0
433.946261035,392.822783606,38.7400992632,0.0
327.04313599,144.111626286,38.7400992632,0.0
312.077822358,384.316650379,38.7400992632,0.0
241.341529262,169.003286342,38.7400992632,0.0
316.625639921,297.768882595,38.7400992632,0.0
447.835802444,266.775221139,38.7400992632,0.0
367.720165769,67.4751050469,38.7400992632,0.0
@ 640 10 0.152538679451 0.251801943559
189.254130652,303.154784925,40.7299325125,0.0
48.0584286218,432.907882754,40.7299325125,0.0
411.606946348,226.165703875,40.7299325125,0.0
235.724799774,466.154724513,40.7299325125,0.0
288.980328672,113.039149109,40.7299325125,0.0
128.79240291,397.576242512,40.7299325125,0.0
352.398100263,43.325201536,40.7299325125,0.0
379.344103538,418.46917318,40.7299325125,0.0
47.7542411557,102.976657313,40.7299325125,0.0
110.358021218,259.262410247,40.7299325125,0.0
267.334816284,199.301066487,40.7299325125,0.0
120.874476217,147.661626089,40.7299325125,0.0
275.60478847,336.580041859,40.7299325125,0.0
383.025841393,122.428221824,40.7299325125,0.0
@ 650 10 0.152538679451 0.278333192203
53.7240112417,436.580418186,42.6470191281,0.0
443.346964438,218.484845079,42.6470191281,0.0
387.729490759,456.16086103,42.6470191281,0.0
197.195499136,233.68314213,42.6470191281,0.0
241.921257104,452.971686249,42.6470191281,0.0
353.90705898,330.739361366,42.6470191281,0.0
151.906894427,134.024855679,42.6470191281,0.0
264.715088279,165.297360589,42.6470191281,0.0
461.819214527,313.059217649,42.6470191281,0.0
357.527856669,177.699505654,42.6470191281,0.0
139.257215681,416.697574133,42.6470191281,0.0
132.87600911,47.9564280606,42.6470191281,0.0
59.6318855274,254.773429934,42.6470191281,0.0
288.940504584,45.0489583872,42.6470191281,0.0
@ 660 10 0.152538679451 0.30515112928
306.233090436,368.382820847,41.9283380975,0.0
414.236524038,428.375589915,41.9283380975,0.0
50.6508217781,356.412240101,41.9283380975,0.0
209.219136862,313.891478284,41.9283380975,0.0
175.392529275,118.931393117,41.9283380975,0.0
55.0993317398,254.868988692,41.9283380975,0.0
242.411213135,64.3262043342,41.9283380975,0.0
330.550816379,173.214248724,41.9283380975,0.0
446.014355769,350.621601907,41.9283380975,0.0
455.724137695,178.61682391,41.9283380975,0.0
329.00274708,286.299226309,41.9283380975,0.0
237.100122424,183.576883659,41.9283380975,0.0
145.035608454,247.092898721,41.9283380975,0.0
68.0542491847,446.520540302,41.9283380975,0.0
@ 670 10 0.152538679451 0.294953067412
372.60781261,426.830655701,38.5933427843,0.0
83.9506808138,228.7665402,38.5933427843,0.0
286.587786915,319.864867378,38.5933427843,0.0
375.436383428,278.295980308,38.5933427843,0.0
354.200980821,54.1161815355,38.5933427843,0.0
150.551461766,290.064879922,38.5933427843,0.0
88.8196877939,382.568728324,38.5933427843,0.0
458.935861973,319.999015767,38.5933427843,0.0
432.651326762,75.0212609194,38.5933427843,0.0
304.851522134,216.667702998,38.5933427843,0.0
210.466765474,345.536531775,38.5933427843,0.0
403.526900025,154.398784131,38.5933427843,0.0
53.7346270325,306.208467277,38.5933427843,0.0
171.349763672,149.956096434,38.5933427843,0.0
@ 680 10 0.152538679451 0.249897788795
343.180308819,65.9127556159,43.4540321013,0.0
168.0707579,153.071614411,43.4540321013,0.0
465.19525153,44.9646579703,43.4540321013,0.0
362.441981408,311.38259697,43.4540321013,0.0
165.672313324,281.636762375,43.4540321013,0.0
154.553458513,410.97959361,43.4540321013,0.0
448.577808669,434.626945439,43.4540321013,0.0
468.085103896,296.474179871,43.4540321013,0.0
54.6166510679,269.991043932,43.4540321013,0.0
298.189789221,463.463579334,43.4540321013,0.0
75.6177464814,460.119751919,43.4540321013,0.0
447.562884063,190.399544748,43.4540321013,0.0
320.095719692,168.979791521,43.4540321013,0.0
215.885630098,71.9679958968,43.4540321013,0.0
@ 690 10 0.152538679451 0.316809197431
153.204057642,176.847012024,37.5281513439,0.0
85.3107166185,117.860358283,37.5281513439,0.0
317.483804109,131.80937757,37.5281513439,0.0
331.027906697,467.976501042,37.5281513439,0.0
449.636277145,187.704827009,37.5281513439,0.0
238.580910653,373.380693822,37.5281513439,0.0
355.091807321,389.746045601,37.5281513439,0.0
42.6437794354,207.516538802,37.5281513439,0.0
462.681003439,300.814900501,37.5281513439,0.0
59.7772132412,417.015571377,37.5281513439,0.0
113.965922193,305.607293006,37.5281513439,0.0
223.273394395,220.619806085,37.5281513439,0.0
332.838139481,219.060311963,37.5281513439,0.0
157.551371618,455.847391508,37.5281513439,0.0
@ 700 10 0.152538679451 0.236293601839
456.732675782,290.795009772,42.3965035237,0.0
48.2534234853,440.071341109,42.3965035237,0.0
290.456306587,180.678270523,42.3965035237,0.0
251.809583934,380.982654735,42.3965035237,0.0
118.569563713,333.313204292,42.3965035237,0.0
115.828522271,226.69790093,42.3965035237,0.0
270.290141459,282.090022414,42.3965035237,0.0
358.413627421,65.732333189,42.3965035237,0.0
141.995648892,120.669055121,42.3965035237,0.0
161.931703571,436.151185174,42.3965035237,0.0
454.36400643,168.209977242,42.3965035237,0.0
395.447850082,428.190262636,42.3965035237,0.0
255.172463934,102.623706901,42.3965035237,0.0
84.2700367201,46.1733767909,42.3965035237,0.0
@ 710 10 0.174216027875 0.301576642925
61.231422652,50.3549757055,45.0437175894,0.0
407.7869565,130.531775519,45.0437175894,0.0
355.505019464,333.846020113,45.0437175894,0.0
136.022485891,155.994761086,45.0437175894,0.0
60.6425501397,302.769423654,45.0437175894,0.0
94.7116523544,430.919531704,45.0437175894,0.0
286.635388293,52.0100397536,45.0437175894,0.0
206.304447595,343.593759464,45.0437175894,0.0
193.042864709,49.6379306893,45.0437175894,0.0
308.826191433,415.600746336,45.0437175894,0.0
58.6807318575,202.220709562,45.0437175894,0.0
220.543036088,248.947093426,45.0437175894,0.0
400.821661854,226.191650393,45.0437175894,0.0
426.117461152,462.691350688,45.0437175894,0.0
@ 720 10 0.174216027875 0.34041295019
459.555733321,253.446569872,44.5657360319,0.0
456.389398459,434.1492694,44.5657360319,0.0
133.163323453,219.134245508,44.5657360319,0.0
327.01648798,448.847054617,44.5657360319,0.0
218.45793498,255.223737192,44.5657360319,0.0
332.032998043,114.870000103,44.5657360319,0.0
386.744543838,193.581403313,44.5657360319,0.0
428.187432863,341.554602043,44.5657360319,0.0
55.9908808454,431.915773423,44.5657360319,0.0
87.8604112184,341.504297937,44.5657360319,0.0
244.535673385,413.13029218,44.5657360319,0.0
444.229591474,122.272397514,44.5657360319,0.0
91.3904038981,65.5667443099,44.5657360319,0.0
297.558727279,314.29379761,44.5657360319,0.0
@ 730 10 0.174216027875 0.333226695767
110.267124371,69.205405684,43.4863305612,0.0
89.0415749932,364.0541149,43.4863305612,0.0
454.280433552,46.4305467168,43.4863305612,0.0
81.132636898,258.265537528,43.4863305612,0.0
235.53026282,445.251231691,43.4863305612,0.0
462.279051897,138.553077131,43.4863305612,0.0
342.601742095,369.785094304,43.4863305612,0.0
212.642545681,52.0922026327,43.4863305612,0.0
381.33840817,249.889583356,43.4863305612,0.0
205.926339322,358.8975529,43.4863305612,0.0
335.266408156,90.1306647922,43.4863305612,0.0
161.334315703,196.512847955,43.4863305612,0.0
461.901396111,351.126590438,43.4863305612,0.0
329.725324624,179.054647403,43.4863305612,0.0
@ 740 10 0.174216027875 0.317280327563
452.736822766,68.4041338954,43.1374822432,0.0
172.868742149,241.399652878,43.1374822432,0.0
236.463501399,466.464175381,43.1374822432,0.0
204.46652845,102.566712018,43.1374822432,0.0
282.951557225,176.823419011,43.1374822432,0.0
464.985250586,264.275215071,43.1374822432,0.0
189.182186382,347.592783881,43.1374822432,0.0
322.296314452,366.965097515,43.1374822432,0.0
60.2430979154,394.144444582,43.1374822432,0.0
65.560238442,176.616100884,43.1374822432,0.0
466.659628421,420.502917096,43.1374822432,0.0
376.660567388,273.969547588,43.1374822432,0.0
64.2786631306,63.3996438054,43.1374822432,0.0
422.75037239,170.827229468,43.1374822432,0.0
@ 750 10 0.174216027875 0.312210285663
276.554227075,288.540108948,43.5165768277,0.0
99.8099876766,449.810724953,43.5165768277,0.0
185.497353117,88.3756458856,43.5165768277,0.0
153.554806889,210.529407617,43.5165768277,0.0
55.0026457128,51.6430278929,43.5165768277,0.0
294.388179667,76.5577656007,43.5165768277,0.0
358.357338434,450.414796058,43.5165768277,0.0
219.978629398,373.028550406,43.5165768277,0.0
315.731781336,368.095729685,43.5165768277,0.0
370.039807668,208.971833279,43.5165768277,0.0
429.037656891,52.3143872365,43.5165768277,0.0
463.190926599,254.831607683,43.5165768277,0.0
201.39294997,458.066541909,43.5165768277,0.0
71.7440665652,317.542787072,43.5165768277,0.0
@ 760 10 0.174216027875 0.317721840221
432.621619671,411.890730297,44.4286956965,0.0
283.878886597,329.620946015,44.4286956965,0.0
460.682247855,57.0143979238,44.4286956965,0.0
232.302062211,57.3569467451,44.4286956965,0.0
63.4437696742,62.6837083431,44.4286956965,0.0
349.094995548,65.9332484659,44.4286956965,0.0
185.299621769,463.549936139,44.4286956965,0.0
56.9788196847,369.744357684,44.4286956965,0.0
460.48219304,304.398896133,44.4286956965,0.0
192.570432075,358.353676521,44.4286956965,0.0
72.9017741952,166.229812619,44.4286956965,0.0
142.24104541,278.16195282,44.4286956965,0.0
444.720923916,147.984295268,44.4286956965,0.0
190.189602183,157.776144714,44.4286956965,0.0
@ 770 10 0.174216027875 0.331180492062
467.45426273,311.350735969,41.0269379084,0.0
157.986063631,206.554371497,41.0269379084,0.0
106.130489947,468.724627649,41.0269379084,0.0
277.363954566,172.116046365,41.0269379084,0.0
72.0095444658,235.420202335,41.0269379084,0.0
267.919329998,48.3805909929,41.0269379084,0.0
422.870301129,444.731034556,41.0269379084,0.0
396.570736121,255.905625639,41.0269379084,0.0
297.482839121,309.087015166,41.0269379084,0.0
197.283928693,445.320619287,41.0269379084,0.0
94.5870551216,362.874068648,41.0269379084,0.0
123.406694337,68.5375589817,41.0269379084,0.0
228.161990224,365.342301259,41.0269379084,0.0
382.68476854,99.4957146844,41.0269379084,0.0
@ 780 10 0.174216027875 0.282407240918
431.689731404,456.595338468,42.380957057,0.0
171.071875018,98.3541311517,42.380957057,0.0
225.033928423,254.46081348,42.380957057,0.0
62.5006514457,329.637441467,42.380957057,0.0
116.278432608,220.757067803,42.380957057,0.0
267.6182024,98.2433958176,42.380957057,0.0
373.21226442,104.243153123,42.380957057,0.0
59.7239216254,432.109773421,42.380957057,0.0
457.742153997,371.685862774,42.380957057,0.0
333.299387951,341.640664437,42.380957057,0.0
258.834285645,386.355000552,42.380957057,0.0
60.9897445377,137.575927232,42.380957057,0.0
418.712328412,294.173022981,42.380957057,0.0
312.039616533,463.165925688,42.380957057,0.0
@ 790 10 0.174216027875 0.301355511877
457.699756145,440.331125514,43.7403148403,0.0
373.264516743,260.755586264,43.7403148403,0.0
129.164369455,114.308637336,43.7403148403,0.0
460.434005237,51.4748560389,43.7403148403,0.0
165.072945562,274.534286806,43.7403148403,0.0
329.709898098,411.770044423,43.7403148403,0.0
326.304430168,50.8990024453,43.7403148403,0.0
217.663239449,56.2876965077,43.7403148403,0.0
463.408059048,266.480274907,43.7403148403,0.0
459.118950669,140.570669763,43.7403148403,0.0
167.433084884,388.413897772,43.7403148403,0.0
47.8814942967,307.653253475,43.7403148403,0.0
45.6449011485,218.341795661,43.7403148403,0.0
413.425831746,356.225481305,43.7403148403,0.0
@ 800 10 0.174216027875 0.320997336677
63.6085594088,334.727496807,37.4148804752,0.0
124.097409068,278.912404533,37.4148804752,0.0
282.732293864,176.343072254,37.4148804752,0.0
417.593554843,59.1135886703,37.4148804752,0.0
38.6593066589,178.73524046,37.4148804752,0.0
138.028385038,43.621279409,37.4148804752,0.0
160.00862122,412.968688721,37.4148804752,0.0
325.178574881,279.513493584,37.4148804752,0.0
131.626660323,151.507235797,37.4148804752,0.0
230.797606792,320.05240179,37.4148804752,0.0
281.391116848,91.3610401234,37.4148804752,0.0
464.207036041,462.131549223,37.4148804752,0.0
207.902170312,122.352899033,37.4148804752,0.0
324.007901749,436.696593345,37.4148804752,0.0
@ 810 10 0.203075137801 0.234869348948
449.649724627,155.920845519,45.2462753971,0.0
167.031334082,461.137855605,45.2462753971,0.0
413.581035409,417.671483578,45.2462753971,0.0
115.494374786,57.7918874909,45.2462753971,0.0
53.8818168637,240.578147993,45.2462753971,0.0
445.264492165,60.8780987359,45.2462753971,0.0
151.600070069,196.455876954,45.2462753971,0.0
47.8348500023,372.937508015,45.2462753971,0.0
229.241977666,315.428006985,45.2462753971,0.0
307.770777331,71.894961463,45.2462753971,0.0
456.243367403,335.162495119,45.2462753971,0.0
139.932878967,351.378062904,45.2462753971,0.0
196.173572551,109.648420493,45.2462753971,0.0
275.52476895,199.615172687,45.2462753971,0.0
@ 820 10 0.203075137801 0.34348145089
461.141181814,51.5077109183,46.9640319084,0.0
351.099556455,84.5419863898,46.9640319084,0.0
189.585694405,455.658911536,46.9640319084,0.0
56.3899473879,75.0694959271,46.9640319084,0.0
71.9254526816,316.220951246,46.9640319084,0.0
204.951809328,241.396505616,46.9640319084,0.0
83.9066062958,166.000187366,46.9640319084,0.0
217.560516935,351.567828663,46.9640319084,0.0
316.967255038,194.935577392,46.9640319084,0.0
165.435801453,50.2005081204,46.9640319084,0.0
320.062613358,456.088674972,46.9640319084,0.0
328.419481001,346.595131762,46.9640319084,0.0
464.358863759,359.559926554,46.9640319084,0.0
232.156252868,122.169213209,46.9640319084,0.0
@ 830 10 0.203075137801 0.370056782502
442.374558333,375.399503924,47.4190134934,0.0
168.012323082,350.570888091,47.4190134934,0.0
48.1135736484,438.464556488,47.4190134934,0.0
247.639753975,418.780575459,47.4190134934,0.0
64.3101290263,119.393247886,47.4190134934,0.0
285.454448004,119.933547816,47.4190134934,0.0
145.614190798,61.9563214257,47.4190134934,0.0
151.858694832,219.20495141,47.4190134934,0.0
439.223860508,194.944401874,47.4190134934,0.0
52.4461162394,213.851552748,47.4190134934,0.0
331.807188084,236.464814858,47.4190134934,0.0
238.549537571,266.593360231,47.4190134934,0.0
50.5975049471,313.789552907,47.4190134934,0.0
336.947857217,451.182616766,47.4190134934,0.0
@ 840 10 0.203075137801 0.377261640492
176.711491873,298.663374549,44.7793669869,0.0
287.397045092,432.587298302,44.7793669869,0.0
417.536811341,99.1077261654,44.7793669869,0.0
160.030823775,166.57404145,44.7793669869,0.0
453.357581625,226.273568995,44.7793669869,0.0
287.625096459,219.96729458,44.7793669869,0.0
51.2533688937,161.392803164,44.7793669869,0.0
452.607978695,445.211129784,44.7793669869,0.0
192.665852513,466.003585259,44.7793669869,0.0
183.836348081,75.8053279684,44.7793669869,0.0
75.8633505738,64.7342488295,44.7793669869,0.0
81.1640617732,265.087649867,44.7793669869,0.0
373.983113511,381.103882088,44.7793669869,0.0
303.99296331,103.697354834,44.7793669869,0.0
@ 850 10 0.203075137801 0.336429073487
356.199197782,338.424941281,43.9209563531,0.0
349.988727691,464.106813575,43.9209563531,0.0
443.614772626,53.8157729986,43.9209563531,0.0
206.556107731,191.445691028,43.9209563531,0.0
388.701192078,244.552570966,43.9209563531,0.0
178.2960691,445.653153946,43.9209563531,0.0
51.2088401294,323.872510909,43.9209563531,0.0
411.216436406,157.055385453,43.9209563531,0.0
74.7463656535,157.276192096,43.9209563531,0.0
464.778146768,312.384429232,43.9209563531,0.0
77.4474586087,436.335881694,43.9209563531,0.0
254.618251429,368.961627738,43.9209563531,0.0
161.224674857,347.788413814,43.9209563531,0.0
308.18809828,57.4974929527,43.9209563531,0.0
@ 860 10 0.203075137801 0.323654161654
381.713729043,463.395469281,47.5938518812,0.0
86.5253811827,59.3530386137,47.5938518812,0.0
57.1161481251,357.174555695,47.5938518812,0.0
453.972110032,71.8451197272,47.5938518812,0.0
168.423037375,220.034614591,47.5938518812,0.0
353.534062198,313.336127281,47.5938518812,0.0
280.426465333,444.659548842,47.5938518812,0.0
182.697413435,327.295390316,47.5938518812,0.0
301.829286861,120.259377772,47.5938518812,0.0
78.8652988401,254.507090364,47.5938518812,0.0
99.3524159511,445.778789877,47.5938518812,0.0
202.89451713,60.2415551506,47.5938518812,0.0
449.555311558,395.759215003,47.5938518812,0.0
458.749751772,283.12507266,47.5938518812,0.0
@ 870 10 0.203075137801 0.380048767942
460.841219726,363.25856735,44.1689155434,0.0
313.699610417,150.066967299,44.1689155434,0.0
453.161970848,136.717740862,44.1689155434,0.0
112.914929042,429.864955877,44.1689155434,0.0
181.168378788,180.033300831,44.1689155434,0.0
201.44090002,437.126465394,44.1689155434,0.0
77.6519812217,340.17028814,44.1689155434,0.0
99.0099841228,216.895379763,44.1689155434,0.0
379.158795293,454.071750603,44.1689155434,0.0
230.44108907,54.2819632967,44.1689155434,0.0
394.227735042,285.598219563,44.1689155434,0.0
275.014772463,345.524598608,44.1689155434,0.0
70.624486156,61.2536073764,44.1689155434,0.0
332.476789138,45.2387856833,44.1689155434,0.0
@ 880 10 0.203075137801 0.327318907047
61.5807937907,255.617963469,46.9376952915,0.0
351.051655082,206.06685999,46.9376952915,0.0
458.311962013,110.834679445,46.9376952915,0.0
80.6657459691,398.116278859,46.9376952915,0.0
179.94897406,232.887816976,46.9376952915,0.0
56.3362494135,160.505553975,46.9376952915,0.0
117.063020901,67.9767774071,46.9376952915,0.0
195.890737484,457.010907695,46.9376952915,0.0
441.308429772,393.497945154,46.9376952915,0.0
374.536679784,463.966410685,46.9376952915,0.0
201.055178791,134.825618503,46.9376952915,0.0
415.014748156,284.480684221,46.9376952915,0.0
161.271235063,345.867475374,46.9376952915,0.0
307.912045765,289.582660461,46.9376952915,0.0
@ 890 10 0.203075137801 0.369641855989
166.766653498,352.848895272,46.709985253,0.0
225.608182897,171.285022425,46.709985253,0.0
163.346415598,462.279664455,46.709985253,0.0
154.716071249,252.454926036,46.709985253,0.0
456.322009142,55.5647748266,46.709985253,0.0
426.974944414,456.11585845,46.709985253,0.0
47.3832560696,59.8263455169,46.709985253,0.0
280.261560299,449.224084199,46.709985253,0.0
336.071557753,62.0712732698,46.709985253,0.0
340.292464397,228.287597394,46.709985253,0.0
60.6380761389,269.886139696,46.709985253,0.0
440.162751856,336.272948727,46.709985253,0.0
120.035894484,127.230184359,46.709985253,0.0
49.2902872441,423.843592267,46.709985253,0.0
@ 900 10 0.203075137801 0.366064049712
391.673332817,189.943170918,45.6869943005,0.0
341.814875234,453.575224777,45.6869943005,0.0
320.959314141,68.9074829239,45.6869943005,0.0
290.469678222,217.54366689,45.6869943005,0.0
294.033299585,316.000239421,45.6869943005,0.0
451.495430046,261.658972941,45.6869943005,0.0
50.6699904558,80.0683230128,45.6869943005,0.0
84.5964556288,456.335885914,45.6869943005,0.0
238.740033232,447.824309562,45.6869943005,0.0
152.341091775,119.455989482,45.6869943005,0.0
425.974426577,80.3001960894,45.6869943005,0.0
158.791423801,381.919774674,45.6869943005,0.0
118.251721984,230.389451173,45.6869943005,0.0
440.853482373,393.590421976,45.6869943005,0.0
@ 910 10 0.243393602225 0.350205364204
92.3804112296,172.888041361,46.5281782388,0.0
178.201672073,446.90867334,46.5281782388,0.0
295.394305769,461.259708305,46.5281782388,0.0
253.537906291,152.453839683,46.5281782388,0.0
196.714917632,233.028425442,46.5281782388,0.0
239.258153288,60.3926735167,46.5281782388,0.0
305.973005237,361.329260897,46.5281782388,0.0
407.095501501,338.21314055,46.5281782388,0.0
46.6584999755,301.240900267,46.5281782388,0.0
422.837190878,214.25169718,46.5281782388,0.0
349.446515839,116.73950188,46.5281782388,0.0
458.280426466,75.0224338064,46.5281782388,0.0
304.245157835,255.684374421,46.5281782388,0.0
428.236250728,455.223254519,46.5281782388,0.0
@ 920 10 0.243393602225 0.363219968688
167.424557911,450.789894073,48.0686679574,0.0
337.474353765,288.85493728,48.0686679574,0.0
177.553611191,341.492417254,48.0686679574,0.0
59.1891374911,392.221212744,48.0686679574,0.0
270.588699584,381.704711216,48.0686679574,0.0
133.47792086,221.34867518,48.0686679574,0.0
249.854469959,67.9371162289,48.0686679574,0.0
334.359165963,125.69083283,48.0686679574,0.0
51.1602123349,147.599466751,48.0686679574,0.0
247.581459835,188.383175127,48.0686679574,0.0
456.472657084,406.284806624,48.0686679574,0.0
153.204724021,48.7361739537,48.0686679574,0.0
459.086343852,140.291320714,48.0686679574,0.0
446.43900835,261.653078245,48.0686679574,0.0
@ 930 10 0.243393602225 0.38766964316
209.293867511,95.9759007404,43.412507638,0.0
421.757457117,100.039638488,43.412507638,0.0
89.0753995046,69.4055790815,43.412507638,0.0
88.2909841956,172.786552007,43.412507638,0.0
272.115975047,293.931211356,43.412507638,0.0
384.084200892,373.94824338,43.412507638,0.0
314.428238193,438.907668921,43.412507638,0.0
404.914133282,224.517487433,43.412507638,0.0
177.798311351,309.537390593,43.412507638,0.0
176.246738339,414.503683071,43.412507638,0.0
437.114772496,453.863035767,43.412507638,0.0
333.948182243,99.442936291,43.412507638,0.0
78.234774935,452.158589901,43.412507638,0.0
452.229758242,297.486256758,43.412507638,0.0
@ 940 10 0.243393602225 0.31620400405
410.123447135,60.321272488,46.7556691144,0.0
91.5960838751,374.119018574,46.7556691144,0.0
134.679926969,463.792560225,46.7556691144,0.0
357.291734819,206.203590371,46.7556691144,0.0
72.3453480027,263.837787336,46.7556691144,0.0
314.552471889,446.111936498,46.7556691144,0.0
255.013276884,369.15009856,46.7556691144,0.0
459.12728923,228.175004522,46.7556691144,0.0
100.261769385,154.490980874,46.7556691144,0.0
183.497611257,86.1203629297,46.7556691144,0.0
226.481592651,273.469303283,46.7556691144,0.0
410.329082737,330.195346041,46.7556691144,0.0
266.887595484,135.947885548,46.7556691144,0.0
431.433695243,432.879340387,46.7556691144,0.0
@ 950 10 0.243393602225 0.366780444595
462.320325315,348.206875257,48.3664287518,0.0
85.7684267254,73.1693899198,48.3664287518,0.0
441.927935753,167.026494087,48.3664287518,0.0
195.862504652,230.473900404,48.3664287518,0.0
75.7716360656,424.724234359,48.3664287518,0.0
275.570239943,330.682454952,48.3664287518,0.0
177.693095855,328.12901555,48.3664287518,0.0
305.437828162,176.951262154,48.3664287518,0.0
212.746869758,114.701492813,48.3664287518,0.0
290.367427781,451.346482,48.3664287518,0.0
392.857062664,256.816554174,48.3664287518,0.0
179.68025697,463.541715001,48.3664287518,0.0
438.421019826,452.265683551,48.3664287518,0.0
53.0610992566,236.85655711,48.3664287518,0.0
@ 960 10 0.243393602225 0.392487348726
182.527775426,149.196271502,45.8209308601,0.0
167.644817088,409.071731652,45.8209308601,0.0
350.482882228,54.4866767884,45.8209308601,0.0
81.1530739629,184.652566833,45.8209308601,0.0
62.5810229702,53.7383141121,45.8209308601,0.0
302.30175715,137.206940657,45.8209308601,0.0
436.790382127,184.578854657,45.8209308601,0.0
193.819131477,51.5559238024,45.8209308601,0.0
161.444227041,281.670558024,45.8209308601,0.0
399.670335028,436.166058465,45.8209308601,0.0
307.040771179,416.477303895,45.8209308601,0.0
346.467712035,279.088016354,45.8209308601,0.0
261.889148598,230.411586174,45.8209308601,0.0
51.4978194131,364.111707802,45.8209308601,0.0
@ 970 10 0.243393602225 0.352261706776
468.248400359,239.098872869,42.6306597851,0.0
69.1924398432,313.843999049,42.6306597851,0.0
142.131898896,454.602592295,42.6306597851,0.0
231.689281086,181.706813256,42.6306597851,0.0
314.005616259,294.665307316,42.6306597851,0.0
382.805562012,202.003849835,42.6306597851,0.0
84.8912463493,221.175521897,42.6306597851,0.0
250.219765247,399.348403961,42.6306597851,0.0
52.8591217463,433.899493486,42.6306597851,0.0
430.008869318,418.209164147,42.6306597851,0.0
201.183190201,78.0546559554,42.6306597851,0.0
439.262957111,84.3289913062,42.6306597851,0.0
199.952120078,296.832531201,42.6306597851,0.0
57.6077037998,116.980363234,42.6306597851,0.0
@ 980 10 0.243393602225 0.304917063001
451.841138206,52.6686253452,45.7614526802,0.0
268.419829535,298.406050609,45.7614526802,0.0
304.935335577,439.972689273,45.7614526802,0.0
64.1591038092,330.84412625,45.7614526802,0.0
200.465917758,446.853120689,45.7614526802,0.0
434.771572932,185.242282078,45.7614526802,0.0
78.6445784299,107.905064623,45.7614526802,0.0
359.310462574,267.591583285,45.7614526802,0.0
61.3805676278,429.841429437,45.7614526802,0.0
150.705624165,299.552491763,45.7614526802,0.0
371.493110096,374.049321351,45.7614526802,0.0
203.453941899,61.0005525099,45.7614526802,0.0
247.791542146,206.06039944,45.7614526802,0.0
459.884594157,278.340486301,45.7614526802,0.0
@ 990 10 0.243393602225 0.351347788774
310.458516634,53.7564013264,45.3310912175,0.0
430.360190988,381.942044432,45.3310912175,0.0
130.308619009,158.641944932,45.3310912175,0.0
193.734191199,75.9070483984,45.3310912175,0.0
329.567587934,413.808805148,45.3310912175,0.0
183.526326717,413.014445323,45.3310912175,0.0
237.425382423,327.292605915,45.3310912175,0.0
201.844131142,231.957649724,45.3310912175,0.0
328.041248946,305.262080558,45.3310912175,0.0
292.080562589,221.206560109,45.3310912175,0.0
90.915686951,399.717054389,45.3310912175,0.0
421.752536993,253.604820058,45.3310912175,0.0
70.6001113577,288.098443716,45.3310912175,0.0
466.116742483,164.314419177,45.3310912175,0.0
@ 1000 10 0.243393602225 0.34477039527
