10 15 0.0873362445415 0.296696587153 0.043517004731 87.8046050513 2 0.1 0.40744 0.403010033445 158.828419471 70 0.324316414272
20 15 0.0873362445415 0.190666445538 0.028434225147 74.1832838793 2 0.1 0.34518 0.277027027027 247.15334608 70 0.324316414272
30 15 0.0873362445415 0.227608604689 0.0283337004803 42.0690627098 2 0.1 0.38554 0.356902356902 207.038965264 70 0.324316414272
40 15 0.0873362445415 0.249721340885 0.0352530035779 66.6451666759 2 0.1 0.43861 0.418831168831 188.705738296 70 0.324316414272
50 15 0.0873362445415 0.225451723173 0.0299083787391 45.2691588312 2 0.1 0.38432 0.343906510851 209.01969316 70 0.324316414272
60 15 0.0873362445415 0.189576937323 0.0376999568118 72.5139121719 2 0.1 0.39156 0.36790923825 248.573748818 70 0.324316414272
70 15 0.0873362445415 0.219099580734 0.0205872680126 52.0089901405 2 0.1 0.45425 0.414330218069 215.079599158 70 0.324316414272
80 15 0.0873362445415 0.170489542643 0.0528009811981 104.145306412 2 0.1 0.43799 0.400321543408 276.403169775 70 0.344936572036
90 15 0.0873362445415 0.246255673713 0.0342840402352 48.7174337986 2 0.1 0.38305 0.342668863262 191.361479269 70 0.344936572036
100 15 0.0873362445415 0.300575587777 0.0278650489652 47.6151630587 2 0.1 0.40526 0.33064516129 156.778700321 70 0.344936572036
110 15 0.0940354648039 0.248687599255 0.0248202779606 51.9781638434 2 0.1 0.42686 0.432038834951 189.490148046 0 0.391333039314
120 15 0.0940354648039 0.259619042797 0.0181108102507 54.0467192105 2 0.1 0.39309 0.40734557596 181.511531251 0 0.391333039314
130 15 0.0940354648039 0.272171857957 0.039547987376 40.620561649 2 0.1 0.40976 0.366612111293 173.140053324 0 0.391333039314
140 15 0.0940354648039 0.209961784043 0.0401752037216 49.1474372775 2 0.1 0.37653 0.383116883117 224.440129497 0 0.391333039314
150 15 0.0940354648039 0.199137740715 0.0304358690214 63.5480058125 2 0.1 0.42044 0.411669367909 236.639472913 0 0.391333039314
160 15 0.0940354648039 0.238588876663 0.0314222895552 72.7734074661 2 0.1 0.42642 0.4192 197.510674676 0 0.391333039314
170 15 0.0940354648039 0.258001373402 0.0348901186438 60.437905738 2 0.1 0.36572 0.383739837398 182.649609103 0 0.391333039314
180 15 0.0940354648039 0.236574307353 0.0254071975523 44.3526551538 2 0.1 0.41072 0.418679549114 199.192594188 0 0.391333039314
190 15 0.0940354648039 0.28929883218 0.0231451039927 32.6765662078 2 0.1 0.37017 0.359098228663 162.889872887 0 0.391333039314
200 15 0.0940354648039 0.304328437565 0.0339424873056 40.9945520473 2 0.1 0.39171 0.393026941363 154.84537159 0 0.391333039314
210 15 0.101847810272 0.296898796843 0.0489648610574 44.1133642941 2 0.1 0.34719 0.343548387097 158.720245757 0 0.391701111976
220 15 0.101847810272 0.260793158378 0.0368926306152 40.9099780527 2 0.1 0.41662 0.377329192547 180.694349089 0 0.391701111976
230 15 0.101847810272 0.294202392367 0.0249584062884 52.0035364996 2 0.1 0.41403 0.470967741935 160.174938147 0 0.391701111976
240 15 0.101847810272 0.329868491283 0.0461005370969 32.9631170347 2 0.1 0.37551 0.441041347626 142.856475369 0 0.391701111976
250 15 0.101847810272 0.292429009163 0.0291154495353 48.7190480437 2 0.1 0.38951 0.380726698262 161.146290291 0 0.391701111976
260 15 0.101847810272 0.222717974352 0.0378597880748 43.3789709822 2 0.1 0.43826 0.413109756098 211.58530261 0 0.391701111976
270 15 0.101847810272 0.221442414135 0.0349239887703 59.6321114735 2 0.1 0.39991 0.377952755906 212.804083554 0 0.391701111976
280 15 0.101847810272 0.255353470342 0.0372821762811 46.369496368 2 0.1 0.4354 0.444617784711 184.543605132 0 0.391701111976
290 15 0.101847810272 0.275785518141 0.0362267771038 41.528429232 2 0.1 0.4157 0.424382716049 170.871372498 0 0.391701111976
300 15 0.101847810272 0.232529284257 0.0189353166473 47.8601146273 2 0.1 0.36378 0.352750809061 202.657700301 0 0.391701111976
310 15 0.111075848937 0.287443522057 0.0334714434859 50.0697882292 2 0.1 0.39377 0.399339933993 163.94124892 0 0.391701111976
320 15 0.111075848937 0.214175787363 0.0253990551432 54.638107812 2 0.1 0.42904 0.399366085578 220.024170707 0 0.391701111976
330 15 0.111075848937 0.202240374324 0.0520531474406 62.9812313463 2 0.1 0.33827 0.350230414747 233.009111843 0 0.400476083765
340 15 0.111075848937 0.213286234313 0.0433885570066 75.1438142854 2 0.1 0.40008 0.459167950693 220.941825673 0 0.400476083765
350 15 0.111075848937 0.237950528953 0.0265043709497 53.8220948408 2 0.1 0.37284 0.402157164869 198.040534759 0 0.400476083765
360 15 0.111075848937 0.261493130138 0.016623097294 39.759657327 2 0.1 0.42357 0.402356902357 180.210661653 0 0.400476083765
370 15 0.111075848937 0.263957998405 0.044959579949 44.8857736422 2 0.1 0.33073 0.291925465839 178.527835052 0 0.400476083765
380 15 0.111075848937 0.299780749214 0.0254646210813 47.3268418935 2 0.1 0.40763 0.389525368249 157.194383307 0 0.400476083765
390 15 0.111075848937 0.207953138834 0.06369006822 74.5547464928 2 0.1 0.36658 0.405144694534 226.608024598 0 0.400476083765
400 15 0.111075848937 0.277152109276 0.0322404214073 48.4039236988 2 0.1 0.41202 0.407523510972 170.028834069 0 0.400476083765
410 15 0.122142732507 0.253777091632 0.0416617016368 48.7335288905 2 0.1 0.40267 0.39644012945 185.689928499 0 0.400476083765
420 15 0.122142732507 0.273184354199 0.0389302863944 47.5129630087 2 0.1 0.34737 0.376835236542 172.498348737 0 0.400476083765
430 15 0.122142732507 0.343386123993 0.0398396603653 28.4598012349 2 0.1 0.38362 0.391369047619 137.232831228 0 0.400476083765
440 15 0.122142732507 0.216483001649 0.0270569873698 57.4808890041 2 0.1 0.44723 0.47507788162 217.679215647 0 0.400476083765
450 15 0.122142732507 0.287647520004 0.0492586741058 38.5991297768 2 0.1 0.38724 0.410742496051 163.82498274 0 0.410220452986
460 15 0.122142732507 0.317334772147 0.0316008561507 52.0493694282 2 0.1 0.41199 0.395161290323 148.498854006 0 0.410220452986
470 15 0.122142732507 0.34453192182 0.0385436557047 27.4824045333 2 0.1 0.39542 0.409523809524 136.776440775 0 0.410220452986
480 15 0.122142732507 0.305829505521 0.0294489683847 44.7993433793 2 0.1 0.43658 0.405063291139 154.085361776 0 0.410220452986
490 15 0.122142732507 0.294807642301 0.0289491246144 45.0587585192 2 0.1 0.41433 0.368916797488 159.84609365 0 0.410220452986
500 15 0.122142732507 0.301596081017 0.0432576692523 47.9990142165 2 0.1 0.38262 0.430158730159 156.248217288 0 0.410220452986
510 15 0.135658914729 0.23464586829 0.0338695770736 58.1461090046 2 0.1 0.44467 0.405144694534 200.829660217 0 0.410220452986
520 15 0.135658914729 0.269691521337 0.0409164797552 37.2847731436 2 0.1 0.40726 0.363184079602 174.732411929 0 0.410220452986
530 15 0.135658914729 0.356390384041 0.0349170459911 38.4762810341 2 0.1 0.38567 0.414173228346 132.225368894 0 0.410220452986
540 15 0.135658914729 0.310513145847 0.0378010616305 38.2159681053 2 0.1 0.39821 0.298045602606 151.761207634 0 0.410220452986
550 15 0.135658914729 0.274767469695 0.0422423066865 58.2108660303 2 0.1 0.40679 0.359098228663 171.504472681 0 0.410220452986
560 15 0.135658914729 0.317094703134 0.0329357406002 32.4420252016 2 0.1 0.44417 0.453225806452 148.611280902 0 0.410220452986
570 15 0.135658914729 0.314933770483 0.0454017390961 51.6648648615 2 0.1 0.40735 0.400324149109 149.630984088 0 0.410220452986
580 15 0.135658914729 0.284264236086 0.0494137193434 40.0785714822 2 0.1 0.35943 0.37726523888 165.77481096 0 0.410220452986
590 15 0.135658914729 0.335218860297 0.0411870797676 32.6371249135 2 0.1 0.37078 0.375201288245 140.576368401 0 0.410220452986
600 15 0.135658914729 0.359232832386 0.032907807811 43.3624550014 2 0.1 0.42021 0.430359937402 131.179128831 0 0.410220452986
610 15 0.152538679451 0.252944518996 0.0337628062187 56.8100279378 2 0.1 0.40081 0.398119122257 186.301131122 0 0.410220452986
620 15 0.152538679451 0.312941931494 0.0265483488341 48.504862018 2 0.1 0.34932 0.373355263158 150.583367895 0 0.410220452986
630 15 0.152538679451 0.28952461877 0.0196137848335 45.5539963289 2 0.1 0.40669 0.449541284404 162.76284276 0 0.410220452986
640 15 0.152538679451 0.254150381428 0.0366625978119 59.877073791 2 0.1 0.3806 0.4234375 185.417191724 0 0.410220452986
650 15 0.152538679451 0.287281115466 0.0284481201583 46.1112325039 2 0.1 0.39758 0.394230769231 164.033928661 0 0.410220452986
660 15 0.152538679451 0.250177170448 0.0257240037924 82.0461844921 2 0.1 0.44739 0.438291139241 188.361911343 0 0.410220452986
670 15 0.152538679451 0.279588727731 0.0288919112998 59.4682710474 2 0.1 0.43475 0.426332288401 168.547031142 0 0.410220452986
680 15 0.152538679451 0.359594998423 0.0350979222326 40.0633845846 2 0.1 0.39911 0.4096 131.047011796 0 0.410220452986
690 15 0.152538679451 0.274539539319 0.0454221684895 37.3724322733 2 0.1 0.38784 0.335628227194 171.646860474 0 0.412754283763
700 15 0.152538679451 0.31258106878 0.0207361141647 43.0565233298 2 0.1 0.43265 0.357723577236 150.75721055 0 0.412754283763
710 15 0.174216027875 0.403210549093 0.0504217950928 45.4213911197 2 0.1 0.37702 0.370065789474 116.871570216 0 0.412754283763
720 15 0.174216027875 0.277458252789 0.0333408002981 51.1270263766 2 0.1 0.4193 0.402535657686 169.841226658 0 0.412754283763
730 15 0.174216027875 0.236317979934 0.0357593271108 50.2672844108 2 0.1 0.38896 0.344660194175 199.408652753 0 0.412754283763
740 15 0.174216027875 0.279690600523 0.0298545041906 51.8951869771 2 0.1 0.43403 0.427168576105 168.485640604 0 0.412754283763
750 15 0.174216027875 0.333924479256 0.029804504405 41.7627750927 2 0.1 0.36423 0.324915824916 141.121280192 0 0.412754283763
760 15 0.174216027875 0.308067871529 0.0297288104895 55.1359162884 2 0.1 0.43322 0.4 152.96580512 0 0.412754283763
770 15 0.174216027875 0.37865173759 0.0384503252296 25.9691866796 2 0.1 0.382 0.385232744783 124.451693527 0 0.412754283763
780 15 0.174216027875 0.2765143 0.0291056357928 38.6892175135 2 0.1 0.41517 0.415094339623 170.421023433 0 0.412754283763
790 15 0.174216027875 0.351342382813 0.0361683530202 47.8961286597 2 0.1 0.35662 0.347334410339 134.12515058 0 0.412754283763
800 15 0.174216027875 0.31734198552 0.0381419373598 50.96951649 2 0.1 0.42288 0.374009508716 148.495478538 0 0.412754283763
810 15 0.203075137801 0.3332249823 0.0350097113244 42.3240324483 2 0.1 0.40155 0.394088669951 141.417518202 0 0.433675442743
820 15 0.203075137801 0.270462865313 0.0294972924466 34.8656263538 2 0.1 0.39205 0.456355283308 174.234085502 0 0.433675442743
830 15 0.203075137801 0.2838003611 0.0157143858187 41.6763387559 2 0.1 0.43604 0.5 166.045771814 0 0.433675442743
840 15 0.203075137801 0.324437388574 0.0373238981146 54.5882904064 2 0.1 0.37999 0.412974683544 145.247901936 0 0.433675442743
850 15 0.203075137801 0.300926255465 0.0372672055854 46.7450085404 2 0.1 0.41394 0.393148450245 156.596006976 0 0.433675442743
860 15 0.203075137801 0.331428380354 0.0336288208638 44.2226487863 2 0.1 0.38028 0.371428571429 142.184112144 0 0.433675442743
870 15 0.203075137801 0.369578117385 0.0334834849996 33.2362769752 2 0.1 0.40434 0.38141025641 127.50714337 0 0.433675442743
880 15 0.203075137801 0.413493698563 0.0481871466283 28.6006873098 2 0.1 0.37061 0.442477876106 113.965098292 0 0.433675442743
890 15 0.203075137801 0.29298502178 0.0316705378084 54.1948163539 2 0.1 0.40111 0.432078559738 160.840474758 0 0.433675442743
900 15 0.203075137801 0.339589926397 0.0226911082382 50.7044786754 2 0.1 0.41124 0.447284345048 138.76692545 0 0.433675442743
910 15 0.243393602225 0.361031864814 0.0283629629592 42.3224596064 2 0.1 0.36579 0.438110749186 130.525459364 0 0.440901546091
920 15 0.243393602225 0.327603968574 0.0276898272932 47.969604264 2 0.1 0.37304 0.345575959933 143.843953433 0 0.440901546091
930 15 0.243393602225 0.403033539695 0.039491270721 29.5391478232 2 0.1 0.40698 0.325581395349 116.922899359 0 0.471490217659
940 15 0.243393602225 0.341067008079 0.0368427793687 33.0705902712 2 0.1 0.38365 0.391585760518 138.165958254 0 0.471490217659
950 15 0.243393602225 0.346988779673 0.0343024572493 29.0736969738 2 0.1 0.43018 0.417565485362 135.807993689 0 0.471490217659
960 15 0.243393602225 0.352073969619 0.0524533408972 33.4395943622 2 0.1 0.37702 0.373956594324 133.846447242 0 0.490858648494
970 15 0.243393602225 0.358756009788 0.0296533452654 45.2113108102 2 0.1 0.45143 0.457851239669 131.353479006 0 0.490858648494
980 15 0.243393602225 0.394072128126 0.0369721179586 37.9804984475 2 0.1 0.38707 0.385113268608 119.581788806 0 0.490858648494
990 15 0.243393602225 0.370413493767 0.0331807563689 31.670543544 2 0.1 0.41496 0.40916271722 127.21958242 0 0.490858648494
1000 15 0.243393602225 0.337608350167 0.0452802439101 38.372562532 2 0.1 0.37292 0.418238993711 139.581411351 0 0.490858648494
1010 15 0.303687635575 0.439912203192 0.0339317104479 39.6155809136 2 0.1 0.36908 0.345454545455 107.121033829 0 0.490858648494
1020 15 0.303687635575 0.461902973455 0.0383909437831 31.6749845392 2 0.1 0.4032 0.32183908046 102.021101201 0 0.490858648494
1030 15 0.303687635575 0.337702299924 0.0476127760304 46.9457119566 2 0.1 0.37586 0.411229135053 139.542579398 0 0.490858648494
1040 15 0.303687635575 0.376473583616 0.0277412447948 28.2077702681 2 0.1 0.4335 0.43125 125.171730636 0 0.490858648494
1050 15 0.303687635575 0.3612361635 0.0308850481546 34.1128590085 2 0.1 0.39467 0.369205298013 130.451640122 0 0.490858648494
1060 15 0.303687635575 0.398174758894 0.0291348047594 21.4487413656 2 0.1 0.41725 0.403594771242 118.349666691 0 0.490858648494
1070 15 0.303687635575 0.400921520918 0.0313939417463 31.8108888463 2 0.1 0.39188 0.379598662207 117.538838754 0 0.490858648494
1080 15 0.303687635575 0.35627226657 0.0236491211426 39.8219119183 2 0.1 0.39636 0.383012820513 132.269206508 0 0.490858648494
1090 15 0.303687635575 0.378560392989 0.0283258640366 28.1800110723 2 0.1 0.42305 0.379194630872 124.481723056 0 0.490858648494
1100 15 0.303687635575 0.396964013412 0.0348642792888 37.5643408996 2 0.1 0.42406 0.443561208267 118.710634737 0 0.490858648494
1110 15 0.40369088812 0.438538976593 0.0276665573159 23.8522135864 2 0.1 0.36448 0.358139534884 107.456469129 0 0.490858648494
1120 15 0.40369088812 0.406709433942 0.0290836922723 36.701345529 2 0.1 0.44268 0.412457912458 115.86613456 0 0.490858648494
1130 15 0.40369088812 0.443185224402 0.0352987190106 26.9708702364 2 0.1 0.39117 0.422291993721 106.329921228 0 0.493531923528
1140 15 0.40369088812 0.544735254515 0.0556701861036 27.6525994161 2 0.1 0.39938 0.352445193929 86.5078028444 0 0.544735254515
1150 15 0.40369088812 0.432055959591 0.0337833278743 42.190494159 2 0.1 0.40167 0.3203125 109.068857758 0 0.544735254515
1160 15 0.40369088812 0.393045659737 0.0279802727192 38.7706234432 2 0.1 0.41821 0.421383647799 119.894085668 0 0.544735254515
1170 15 0.40369088812 0.432559598525 0.0263201693777 28.406814235 2 0.1 0.37291 0.396850393701 108.941866417 0 0.544735254515
1180 15 0.40369088812 0.35279249864 0.0290360500937 40.0352002187 2 0.1 0.42898 0.387096774194 133.573843496 0 0.544735254515
1190 15 0.40369088812 0.388564722232 0.021287093812 36.8543882323 2 0.1 0.40119 0.434022257552 121.276707081 0 0.544735254515
1200 15 0.40369088812 0.490852596467 0.0211784090796 18.8586780306 2 0.1 0.31507 0.369885433715 96.004076049 0 0.544735254515
1210 15 0.601891659501 0.479857499833 0.0186108421879 19.1324205442 2 0.1 0.36587 0.350758853288 98.2038417997 0 0.544735254515
1220 15 0.601891659501 0.444096172424 0.0377473954902 23.3510227747 2 0.1 0.37162 0.385103011094 106.111812995 0 0.548550076622
1230 15 0.601891659501 0.516975846235 0.0202604875725 12.3975130724 2 0.1 0.41581 0.411392405063 91.1529046148 0 0.548550076622
1240 15 0.601891659501 0.549102141373 0.0325015897896 14.105429238 2 0.1 0.36875 0.360522022838 85.8198255832 0 0.549102141373
1250 15 0.601891659501 0.486766037672 0.0219961282389 23.3078969211 2 0.1 0.38284 0.378164556962 96.8100614113 0 0.549102141373
1260 15 0.601891659501 0.437606153687 0.0237138231388 25.8208901699 2 0.1 0.47122 0.459935897436 107.685528649 0 0.549102141373
1270 15 0.601891659501 0.405546827424 0.0389597108572 28.193636413 2 0.1 0.42654 0.428797468354 116.198295273 0 0.549102141373
1280 15 0.601891659501 0.463048591234 0.042707065606 20.4288368073 2 0.1 0.42133 0.41924959217 101.768693161 0 0.549102141373
1290 15 0.601891659501 0.489973243342 0.0151019072537 23.74646958 2 0.1 0.36099 0.355960264901 96.1763742008 0 0.549102141373
1300 15 0.601891659501 0.501440118079 0.0315038644888 24.5696934411 2 0.1 0.39487 0.440310077519 93.9770239775 0 0.549102141373
1310 15 1.18243243243 0.635411797817 0.0279341612518 1.46646967254 2 0.1 0.33247 0.298217179903 74.1626928583 30 0.643842675017
1320 15 1.18243243243 0.574066867818 0.023819876777 5.27983798782 2 0.1 0.39848 0.310402684564 82.0877368853 30 0.643842675017
1330 15 1.18243243243 0.627309884234 0.0307060467164 6.56375245398 2 0.1 0.44251 0.368167202572 75.1205284412 30 0.643842675017
1340 15 1.18243243243 0.562417036617 0.0213004744007 4.3530962372 2 0.1 0.3692 0.316912972085 83.7880912773 30 0.643842675017
1350 15 1.18243243243 0.598834418729 0.0158564819898 3.30918754696 2 0.1 0.4104 0.372488408037 78.6926210755 30 0.643842675017
1360 15 1.18243243243 0.536931970478 0.0243326023055 4.99443182282 2 0.1 0.39168 0.48686244204 87.7650290744 30 0.643842675017
1370 15 1.18243243243 0.591114377654 0.0188138860286 2.25274254811 2 0.1 0.42502 0.412238325282 79.720358329 30 0.643842675017
1380 15 1.18243243243 0.570967778085 0.0139279558389 5.88990376269 2 0.1 0.40893 0.42671009772 82.5332913848 30 0.643842675017
1390 15 1.18243243243 0.576476393746 0.0273288091887 3.90389578679 2 0.1 0.42327 0.415807560137 81.7446308492 30 0.643842675017
1400 15 1.18243243243 0.580484284494 0.0240843773073 4.34579223808 2 0.1 0.38041 0.370994940978 81.1802339163 30 0.643842675017
1410 15 33.3333333333 0.733735812692 0.0449771562427 0.287942336611 2 0.1 0.70364 0.594915254237 64.224546744 280 0.755872332471
1420 15 33.3333333333 0.740951464817 0.00292183159887 0.0327092756273 2 0.1 0.44303 0.326889279438 63.5991049854 280 0.755872332471
1430 15 33.3333333333 0.750840942788 0.00336407426352 0.00424822997933 2 0.1 0.3661 0.32582322357 62.761428306 280 0.755872332471
1440 15 33.3333333333 0.752560719793 0.00162884797987 0.00136406489023 2 0.1 0.28574 0.318027210884 62.6180037844 280 0.755872332471
1450 15 33.3333333333 0.750922640912 0.0010989907052 0.00140480255229 2 0.1 0.36893 0.328903654485 62.7546000514 280 0.755872332471
1460 15 33.3333333333 0.749103028093 0.00114472807751 0.00208617673163 2 0.1 0.44724 0.40127388535 62.9070344569 280 0.755872332471
1470 15 33.3333333333 0.746708268181 0.00159201699398 0.00198002415902 2 0.1 0.36571 0.392156862745 63.1087829184 280 0.755872332471
1480 15 33.3333333333 0.754288218482 0.00223248261161 0.000997861297761 2 0.1 0.43763 0.422945205479 62.4745937234 280 0.755872332471
1490 15 33.3333333333 0.753139850908 0.00133874867415 0.000432898643312 2 0.1 0.33966 0.36525974026 62.569853319 280 0.755872332471
1500 15 33.3333333333 0.750274369032 0.00157318999235 0.00103119966679 2 0.1 0.38858 0.3824 62.8088229387 280 0.755872332471
