49.3264388315,64.6117514126,40.4586993191,0.0
424.927536565,199.334163386,40.4586993191,0.0
379.016253129,47.0505324147,40.4586993191,0.0
73.2538956313,160.609918157,40.4586993191,0.0
466.053245015,287.015214267,40.4586993191,0.0
245.760644967,414.601182835,40.4586993191,0.0
465.009189707,86.0681134104,40.4586993191,0.0
341.50261382,139.079292715,40.4586993191,0.0
369.984613438,302.26721019,40.4586993191,0.0
147.01547498,311.523846793,40.4586993191,0.0
64.8617463831,386.045780481,40.4586993191,0.0
302.894404066,241.030807674,40.4586993191,0.0
270.898132994,91.29023537,40.4586993191,0.0
152.864515691,60.5337400111,40.4586993191,0.0
415.604618077,398.201810666,40.4586993191,0.0
@ 10 10 0.0873362445415 0.29425555927
476.310174801,84.4034168022,33.9375169597,0.0
333.033817452,391.977010381,33.9375169597,0.0
213.473927294,306.310222155,33.9375169597,0.0
115.121407307,247.30597846,33.9375169597,0.0
384.73690328,176.218493359,33.9375169597,0.0
293.692541147,230.347222832,33.9375169597,0.0
142.140212064,328.846917047,33.9375169597,0.0
186.830424279,381.368224359,33.9375169597,0.0
71.904237674,38.9629478358,33.9375169597,0.0
453.311511176,389.074021998,33.9375169597,0.0
299.089792851,49.010726018,33.9375169597,0.0
367.297617675,98.0652449629,33.9375169597,0.0
345.130177252,472.812942473,33.9375169597,0.0
154.620269734,172.984607897,33.9375169597,0.0
441.478657538,315.018063385,33.9375169597,0.0
@ 20 10 0.0873362445415 0.207043199773
254.736699556,274.9229447,36.6963008687,0.0
191.277635802,93.1580233574,36.6963008687,0.0
142.105531191,221.803122501,36.6963008687,0.0
331.471705941,93.2195267064,36.6963008687,0.0
461.260976267,75.5856126482,36.6963008687,0.0
161.062004342,293.345877541,36.6963008687,0.0
415.796294607,324.376944944,36.6963008687,0.0
347.944870816,383.841456427,36.6963008687,0.0
114.853212734,134.401114342,36.6963008687,0.0
445.815120261,249.327305358,36.6963008687,0.0
204.386537635,172.010882172,36.6963008687,0.0
398.559112688,440.325045933,36.6963008687,0.0
311.905373806,197.247378049,36.6963008687,0.0
57.0212345266,471.21623226,36.6963008687,0.0
71.7429648265,198.68586399,36.6963008687,0.0
@ 30 10 0.0873362445415 0.242072479556
41.3903708522,60.5657596749,36.6925943247,0.0
249.02093923,461.646769902,36.6925943247,0.0
163.395516591,266.344528272,36.6925943247,0.0
406.996010818,277.641410865,36.6925943247,0.0
427.034897659,205.06296253,36.6925943247,0.0
70.2262619661,213.169746334,36.6925943247,0.0
289.937448223,110.988480693,36.6925943247,0.0
474.653200803,352.823305987,36.6925943247,0.0
241.923043816,275.566951885,36.6925943247,0.0
432.610487406,115.520469505,36.6925943247,0.0
85.2878344256,346.785558854,36.6925943247,0.0
101.174982818,427.619685211,36.6925943247,0.0
331.657424913,49.5912993081,36.6925943247,0.0
319.777661477,285.066974032,36.6925943247,0.0
172.179051841,403.381129023,36.6925943247,0.0
@ 40 10 0.0873362445415 0.242023580514
285.209997087,410.769753051,36.3832941169,0.0
83.1371631724,410.6713361,36.3832941169,0.0
179.66848333,271.08713616,36.3832941169,0.0
45.247757675,302.035438049,36.3832941169,0.0
384.899553845,38.5682389597,36.3832941169,0.0
361.924289916,268.777334982,36.3832941169,0.0
253.03473602,260.328903519,36.3832941169,0.0
326.11536977,84.0399416128,36.3832941169,0.0
229.255343328,357.954645238,36.3832941169,0.0
45.5946670079,92.1069763957,36.3832941169,0.0
221.298797285,190.23150743,36.3832941169,0.0
368.970898738,176.986118306,36.3832941169,0.0
445.511081684,250.082517149,36.3832941169,0.0
322.139000435,336.557894997,36.3832941169,0.0
79.8384239057,204.743689776,36.3832941169,0.0
@ 50 10 0.0873362445415 0.237960502522
336.258052271,370.671525515,39.2676936934,0.0
165.073767643,243.259926495,39.2676936934,0.0
246.61858394,351.023843926,39.2676936934,0.0
308.737100725,133.461049171,39.2676936934,0.0
302.47270766,266.102937138,39.2676936934,0.0
468.333738241,231.255009449,39.2676936934,0.0
422.258240559,437.136188325,39.2676936934,0.0
251.339069007,68.6276582715,39.2676936934,0.0
59.5060291582,116.994919445,39.2676936934,0.0
141.084279625,380.182710027,39.2676936934,0.0
72.5805816269,214.283503219,39.2676936934,0.0
254.923947794,447.772367072,39.2676936934,0.0
45.0184612741,325.979877469,39.2676936934,0.0
352.233353043,53.4618662175,39.2676936934,0.0
402.991595646,304.511440124,39.2676936934,0.0
@ 60 10 0.0873362445415 0.277186217584
375.878801516,412.761835889,37.9527089064,0.0
285.189625725,396.883317045,37.9527089064,0.0
363.257819159,163.445061406,37.9527089064,0.0
448.543079465,52.4173062361,37.9527089064,0.0
70.344427022,346.4881437,37.9527089064,0.0
457.755361579,208.387106686,37.9527089064,0.0
367.083179156,62.3460534945,37.9527089064,0.0
233.056854018,165.324837724,37.9527089064,0.0
436.849021631,459.190980274,37.9527089064,0.0
86.6438359994,450.150025057,37.9527089064,0.0
177.523507053,38.16908086,37.9527089064,0.0
427.470934041,287.379388197,37.9527089064,0.0
193.062216646,236.476709065,37.9527089064,0.0
279.844447674,88.0931759153,37.9527089064,0.0
218.698897883,320.884321921,37.9527089064,0.0
@ 70 10 0.0873362445415 0.258932403075
130.31303082,295.455136442,38.5007728345,0.0
49.9453874775,384.632206358,38.5007728345,0.0
213.822261474,280.444423237,38.5007728345,0.0
180.953072365,178.819534025,38.5007728345,0.0
45.9617989866,53.3167830422,38.5007728345,0.0
391.172137759,463.421771187,38.5007728345,0.0
352.171851776,135.794096145,38.5007728345,0.0
162.370719031,467.982198924,38.5007728345,0.0
69.5268327794,205.489350144,38.5007728345,0.0
290.809263567,267.169586065,38.5007728345,0.0
337.989494409,394.255515496,38.5007728345,0.0
148.284075644,76.7173509984,38.5007728345,0.0
232.147928902,383.028283016,38.5007728345,0.0
440.805069246,191.418332132,38.5007728345,0.0
455.663792309,368.405174334,38.5007728345,0.0
@ 80 10 0.0873362445415 0.266464732929
123.376531274,342.00878103,41.619906829,0.0
53.5457299918,410.576552941,41.619906829,0.0
329.958035567,317.953270391,41.619906829,0.0
145.663683381,462.262374702,41.619906829,0.0
352.316028476,447.25211936,41.619906829,0.0
284.53968048,242.055542594,41.619906829,0.0
434.391521938,57.0482370867,41.619906829,0.0
350.904025633,77.9515397701,41.619906829,0.0
168.42681344,241.532461718,41.619906829,0.0
95.2165196541,132.773906281,41.619906829,0.0
460.298233822,206.789120984,41.619906829,0.0
163.857377168,63.2629656091,41.619906829,0.0
372.044392742,159.123676036,41.619906829,0.0
222.076827205,333.429949279,41.619906829,0.0
456.604535955,297.689034649,41.619906829,0.0
@ 90 10 0.0873362445415 0.311388844761
228.550484197,432.355230601,36.6226822729,0.0
440.755688252,306.883302466,36.6226822729,0.0
72.0239312827,252.125335055,36.6226822729,0.0
112.256619499,76.9371855994,36.6226822729,0.0
194.759108213,90.0278372035,36.6226822729,0.0
150.61517166,442.255664637,36.6226822729,0.0
202.624491228,178.243364487,36.6226822729,0.0
124.519190461,168.383836875,36.6226822729,0.0
121.621078011,337.994660697,36.6226822729,0.0
326.52876619,180.612508183,36.6226822729,0.0
469.669286475,68.2682889295,36.6226822729,0.0
407.494441297,407.967531928,36.6226822729,0.0
252.832738263,312.841020674,36.6226822729,0.0
467.80128955,228.943589461,36.6226822729,0.0
311.235265791,437.14885292,36.6226822729,0.0
@ 100 10 0.0873362445415 0.241102182295
325.450128033,470.753311854,36.4414212356,0.0
65.3193725344,127.167496876,36.4414212356,0.0
276.81072342,339.702518878,36.4414212356,0.0
55.4953279155,431.894471811,36.4414212356,0.0
177.397825599,254.383438214,36.4414212356,0.0
376.255836639,201.231241457,36.4414212356,0.0
373.059700065,99.3767816423,36.4414212356,0.0
209.116702875,381.973827742,36.4414212356,0.0
301.891841969,181.899492356,36.4414212356,0.0
409.066238413,324.493910038,36.4414212356,0.0
455.128943851,148.368301024,36.4414212356,0.0
296.719275083,85.0023788136,36.4414212356,0.0
247.543320919,233.71590001,36.4414212356,0.0
449.012341508,45.6785888366,36.4414212356,0.0
419.762655625,419.050219868,36.4414212356,0.0
@ 110 10 0.0940354648039 0.238721456576
339.199339368,389.492388072,37.5715759571,0.0
222.802571773,128.511291892,37.5715759571,0.0
467.179356851,114.159086754,37.5715759571,0.0
235.346598281,336.598856218,37.5715759571,0.0
117.79189806,164.227105664,37.5715759571,0.0
73.178282844,268.045869478,37.5715759571,0.0
48.9397592967,112.224057944,37.5715759571,0.0
438.373342266,213.449523433,37.5715759571,0.0
297.139813404,200.104973369,37.5715759571,0.0
427.227350796,351.19834675,37.5715759571,0.0
463.895955298,447.449786741,37.5715759571,0.0
380.01038735,148.282693634,37.5715759571,0.0
100.746086683,364.048580478,37.5715759571,0.0
292.343706434,87.8592710509,37.5715759571,0.0
162.058096294,232.788938828,37.5715759571,0.0
@ 120 10 0.0940354648039 0.25375795587
73.3125135648,463.349702207,34.9021076769,0.0
155.968159083,184.245215704,34.9021076769,0.0
287.340387422,387.092701034,34.9021076769,0.0
322.672614357,472.345963525,34.9021076769,0.0
67.8611273077,365.843920137,34.9021076769,0.0
369.54233319,119.007173814,34.9021076769,0.0
250.760538537,66.5104960989,34.9021076769,0.0
378.020324063,224.869586117,34.9021076769,0.0
444.446047222,144.064505348,34.9021076769,0.0
35.8062625759,159.75831874,34.9021076769,0.0
418.355393817,405.317974945,34.9021076769,0.0
46.8006405596,263.463669303,34.9021076769,0.0
252.621855483,465.192909094,34.9021076769,0.0
366.26095359,354.627009902,34.9021076769,0.0
454.719658275,302.840786193,34.9021076769,0.0
@ 130 10 0.0940354648039 0.21897984853
346.57897332,45.3127162309,40.1824503337,0.0
361.509754655,373.369789385,40.1824503337,0.0
129.413880229,158.839959045,40.1824503337,0.0
121.528361985,334.386932755,40.1824503337,0.0
401.404897717,296.437881424,40.1824503337,0.0
67.5244256739,45.2130695244,40.1824503337,0.0
263.981992528,118.86150231,40.1824503337,0.0
208.628621761,183.690739791,40.1824503337,0.0
350.673044811,154.5196043,40.1824503337,0.0
252.023912341,308.069459422,40.1824503337,0.0
316.051936757,258.762198632,40.1824503337,0.0
322.24352806,464.652316728,40.1824503337,0.0
243.663634781,421.424330247,40.1824503337,0.0
404.375390634,449.709914983,40.1824503337,0.0
62.8147558061,254.300172968,40.1824503337,0.0
@ 140 10 0.0940354648039 0.290250967549
170.619646418,265.971400752,38.0204508116,0.0
250.714149691,159.225076952,38.0204508116,0.0
244.284072735,235.343708736,38.0204508116,0.0
111.848055135,149.275680675,38.0204508116,0.0
419.09174071,450.106470914,38.0204508116,0.0
362.379542386,379.223260909,38.0204508116,0.0
111.411026716,403.742863329,38.0204508116,0.0
450.662471441,341.898770322,38.0204508116,0.0
289.367589429,82.949861221,38.0204508116,0.0
41.8463451711,446.359432027,38.0204508116,0.0
228.772673765,448.964458948,38.0204508116,0.0
72.8064479809,73.8594981224,38.0204508116,0.0
425.669179801,211.969473609,38.0204508116,0.0
337.389152875,218.29852096,38.0204508116,0.0
436.273229172,99.2199937992,38.0204508116,0.0
@ 150 10 0.0940354648039 0.259857566464
353.586274961,263.505968391,31.9504120885,0.0
432.718717118,64.8438054447,31.9504120885,0.0
71.554499348,268.961286172,31.9504120885,0.0
458.659470929,318.713336576,31.9504120885,0.0
133.375834674,108.541814211,31.9504120885,0.0
415.86124044,385.227831177,31.9504120885,0.0
179.474950298,38.6255762525,31.9504120885,0.0
237.557978419,98.8043184032,31.9504120885,0.0
473.765986799,231.181008516,31.9504120885,0.0
276.828749004,285.893187541,31.9504120885,0.0
32.7246231997,351.486878832,31.9504120885,0.0
248.417505625,475.605205288,31.9504120885,0.0
221.301392737,174.68791712,31.9504120885,0.0
135.260966464,314.419905884,31.9504120885,0.0
326.094373462,110.303355739,31.9504120885,0.0
@ 160 10 0.0940354648039 0.183507479799
442.613452582,339.834533558,39.328131604,0.0
263.257893621,132.111218681,39.328131604,0.0
462.582085805,126.262592229,39.328131604,0.0
276.940081509,319.286525993,39.328131604,0.0
420.463702566,203.280065633,39.328131604,0.0
96.9658250663,212.970001791,39.328131604,0.0
400.500440043,430.814979368,39.328131604,0.0
205.104442622,457.481739093,39.328131604,0.0
75.6191589237,59.2211015093,39.328131604,0.0
290.254018263,41.8906207563,39.328131604,0.0
355.970528887,364.867567007,39.328131604,0.0
308.672622975,459.038418614,39.328131604,0.0
65.5697299143,352.679152793,39.328131604,0.0
381.331464951,108.451778732,39.328131604,0.0
140.765375362,139.072117946,39.328131604,0.0
@ 170 10 0.0940354648039 0.278040122991
53.773104113,89.1014056742,36.4739582372,0.0
65.5652263703,183.69450722,36.4739582372,0.0
136.476959031,249.972428596,36.4739582372,0.0
368.97617882,53.9085114592,36.4739582372,0.0
243.604424501,349.663618247,36.4739582372,0.0
357.835119678,134.36145177,36.4739582372,0.0
462.886597936,177.422096463,36.4739582372,0.0
155.798103422,54.7208936206,36.4739582372,0.0
257.296652741,442.218541874,36.4739582372,0.0
106.724471919,439.419136872,36.4739582372,0.0
123.910542294,127.715100548,36.4739582372,0.0
291.21118237,170.954592171,36.4739582372,0.0
378.562954876,261.214645601,36.4739582372,0.0
212.035662284,118.627473498,36.4739582372,0.0
400.413095261,380.638232177,36.4739582372,0.0
@ 180 10 0.0940354648039 0.239147935438
457.679543514,258.367023434,45.7607561879,0.0
282.145318183,173.42168083,45.7607561879,0.0
447.909602996,409.120191445,45.7607561879,0.0
454.545680641,117.655673589,45.7607561879,0.0
268.495250935,52.3533873303,45.7607561879,0.0
184.587320644,316.49968976,45.7607561879,0.0
121.759293448,47.8483659644,45.7607561879,0.0
337.444522603,387.63047977,45.7607561879,0.0
173.168210075,218.50874852,45.7607561879,0.0
170.338185507,423.074517183,45.7607561879,0.0
362.057866343,50.6776471438,45.7607561879,0.0
54.646712292,358.926291767,45.7607561879,0.0
54.4083576223,172.661587203,45.7607561879,0.0
271.769435491,452.061354769,45.7607561879,0.0
374.176163463,183.040544434,45.7607561879,0.0
@ 190 10 0.0940354648039 0.376432600482
307.902923085,371.168631191,35.344795107,0.0
254.46341388,471.585827902,35.344795107,0.0
116.089744524,403.295727582,35.344795107,0.0
456.477386306,260.997420357,35.344795107,0.0
48.7535974997,239.413336473,35.344795107,0.0
467.25996872,182.852993328,35.344795107,0.0
71.2393893182,44.1591981984,35.344795107,0.0
224.271299811,252.786038867,35.344795107,0.0
462.393505058,47.1729740941,35.344795107,0.0
312.822496088,127.676108309,35.344795107,0.0
118.877480126,230.462601256,35.344795107,0.0
160.118896795,113.096552722,35.344795107,0.0
48.4049978289,130.696828036,35.344795107,0.0
418.248063179,412.863806192,35.344795107,0.0
413.138600706,324.512480245,35.344795107,0.0
@ 200 10 0.0940354648039 0.224570021093
437.505945886,427.004359822,34.8058390025,0.0
257.559464216,140.802040238,34.8058390025,0.0
126.181995187,338.073298889,34.8058390025,0.0
49.6830050353,63.994147806,34.8058390025,0.0
246.12766591,317.997908095,34.8058390025,0.0
63.9248611641,430.218353798,34.8058390025,0.0
260.651917981,71.1678573527,34.8058390025,0.0
180.006958644,389.316320385,34.8058390025,0.0
129.433140672,65.4534675109,34.8058390025,0.0
361.923494499,191.420871793,34.8058390025,0.0
189.564187479,267.05224798,34.8058390025,0.0
252.713446924,389.415559465,34.8058390025,0.0
404.615242156,348.267703675,34.8058390025,0.0
142.223340011,152.183027178,34.8058390025,0.0
311.755347748,248.450526354,34.8058390025,0.0
@ 210 10 0.101847810272 0.217773512983
42.2953770603,476.395955109,35.3968408615,0.0
454.976440031,127.88583828,35.3968408615,0.0
224.216421208,328.31218162,35.3968408615,0.0
450.218373122,473.375018312,35.3968408615,0.0
90.3097267397,187.865735472,35.3968408615,0.0
86.7207383552,110.790181645,35.3968408615,0.0
295.095495861,39.32647839,35.3968408615,0.0
357.856261463,399.124773111,35.3968408615,0.0
235.150172896,148.725290046,35.3968408615,0.0
43.5021656702,371.823193833,35.3968408615,0.0
325.348335743,225.983055783,35.3968408615,0.0
455.485492864,202.187395693,35.3968408615,0.0
282.618654449,385.330744788,35.3968408615,0.0
430.862859716,40.3637239617,35.3968408615,0.0
143.265083261,475.461818984,35.3968408615,0.0
@ 220 10 0.101847810272 0.225231873649
168.703629921,304.490532896,41.7470238883,0.0
60.2057643897,252.52815211,41.7470238883,0.0
82.6450680575,339.739855533,41.7470238883,0.0
452.516241303,133.487254478,41.7470238883,0.0
304.638013814,68.43178941,41.7470238883,0.0
146.499577897,192.64079475,41.7470238883,0.0
271.77318594,160.707907784,41.7470238883,0.0
377.101791145,422.097418157,41.7470238883,0.0
141.464878946,457.083047385,41.7470238883,0.0
193.638302237,68.7254620234,41.7470238883,0.0
428.413560741,355.296156057,41.7470238883,0.0
364.841872016,261.218594459,41.7470238883,0.0
260.80023412,287.511402059,41.7470238883,0.0
48.5651844804,54.5318794883,41.7470238883,0.0
227.603313155,431.383163307,41.7470238883,0.0
@ 230 10 0.101847810272 0.31329386017
321.799902071,142.119660861,44.1515557117,0.0
52.8072434827,78.0661604563,44.1515557117,0.0
227.045257372,462.125674773,44.1515557117,0.0
427.550267239,313.989964253,44.1515557117,0.0
258.278643309,66.0425420634,44.1515557117,0.0
101.552408698,278.496000864,44.1515557117,0.0
132.468170135,184.051111588,44.1515557117,0.0
314.424715479,244.361220643,44.1515557117,0.0
325.014142378,376.448944285,44.1515557117,0.0
395.566231231,446.227479338,44.1515557117,0.0
56.5918849259,436.765551004,44.1515557117,0.0
147.615222091,400.430289751,44.1515557117,0.0
209.795144999,250.591146933,44.1515557117,0.0
231.856453827,357.514965509,44.1515557117,0.0
446.31185498,185.616862746,44.1515557117,0.0
@ 240 10 0.101847810272 0.35042321088
382.792894125,273.331757613,41.3635597061,0.0
271.685742957,99.1763667662,41.3635597061,0.0
285.889846916,272.784461212,41.3635597061,0.0
146.741474623,194.733873288,41.3635597061,0.0
367.670341288,100.502166248,41.3635597061,0.0
177.529802761,65.3301784486,41.3635597061,0.0
226.487470865,418.780781824,41.3635597061,0.0
441.907888099,405.64826481,41.3635597061,0.0
137.431622692,386.676783786,41.3635597061,0.0
451.276505265,180.567569781,41.3635597061,0.0
112.81850752,469.8071664,41.3635597061,0.0
90.4773452694,113.852413578,41.3635597061,0.0
77.7778299885,305.223061118,41.3635597061,0.0
312.990059647,370.351574859,41.3635597061,0.0
44.4839791288,228.653305734,41.3635597061,0.0
@ 250 10 0.101847810272 0.307564818522
357.768157394,165.619471498,39.2025610351,0.0
208.669357969,247.226064557,39.2025610351,0.0
50.3499435565,279.237159554,39.2025610351,0.0
224.142577236,162.055685623,39.2025610351,0.0
210.487109939,369.696429471,39.2025610351,0.0
416.801125352,368.33671098,39.2025610351,0.0
462.952450589,294.186753462,39.2025610351,0.0
297.995351268,227.791030817,39.2025610351,0.0
80.6468988371,186.000857081,39.2025610351,0.0
300.108676739,341.651843234,39.2025610351,0.0
41.0977258123,78.1231990325,39.2025610351,0.0
407.658488578,465.819169057,39.2025610351,0.0
337.425302526,55.6689172097,39.2025610351,0.0
155.397890758,445.947665126,39.2025610351,0.0
411.165957733,223.416748605,39.2025610351,0.0
@ 260 10 0.101847810272 0.27626745202
75.788845725,435.22381523,35.2643429529,0.0
286.674297773,340.14292422,35.2643429529,0.0
458.222496709,361.437005121,35.2643429529,0.0
145.93944658,387.482604368,35.2643429529,0.0
111.652589861,267.198844409,35.2643429529,0.0
283.441678382,200.55230136,35.2643429529,0.0
328.471242891,267.092287121,35.2643429529,0.0
432.00522091,431.882382536,35.2643429529,0.0
347.557920008,450.022424478,35.2643429529,0.0
391.831169404,333.213241735,35.2643429529,0.0
169.730616129,86.5836773418,35.2643429529,0.0
459.755963692,128.796199456,35.2643429529,0.0
327.680665606,64.4213523376,35.2643429529,0.0
68.2006804102,105.020956313,35.2643429529,0.0
182.557995979,256.566739925,35.2643429529,0.0
@ 270 10 0.101847810272 0.223548847842
289.302498054,329.890830398,34.8447489885,0.0
42.4571127539,204.639444169,34.8447489885,0.0
148.972629625,86.3100340396,34.8447489885,0.0
39.1745740393,385.899217985,34.8447489885,0.0
198.853667259,382.089887822,34.8447489885,0.0
189.188272069,258.544486517,34.8447489885,0.0
376.027510219,157.003674353,34.8447489885,0.0
75.695409578,316.076051908,34.8447489885,0.0
299.237757748,240.661960981,34.8447489885,0.0
331.976788446,387.235138522,34.8447489885,0.0
61.4390224551,71.1582878262,34.8447489885,0.0
89.7709862135,442.324750167,34.8447489885,0.0
393.476640558,83.1021519024,34.8447489885,0.0
351.325163454,468.316455732,34.8447489885,0.0
368.373686026,270.000350142,34.8447489885,0.0
@ 280 10 0.101847810272 0.218260689903
67.0272693077,39.1215062818,33.1387846853,0.0
226.969530461,86.9940670328,33.1387846853,0.0
97.0026692261,449.160126952,33.1387846853,0.0
415.549635243,33.6225244291,33.1387846853,0.0
475.115092897,302.615359597,33.1387846853,0.0
158.870711895,35.7302718365,33.1387846853,0.0
248.21983732,461.683788373,33.1387846853,0.0
324.5958712,137.34439501,33.1387846853,0.0
306.166809474,298.329066597,33.1387846853,0.0
210.386219466,314.531925587,33.1387846853,0.0
447.473866898,137.347882556,33.1387846853,0.0
36.6461031107,250.602243873,33.1387846853,0.0
74.9946126701,383.122109115,33.1387846853,0.0
149.007282606,106.921049812,33.1387846853,0.0
440.91355294,433.403971067,33.1387846853,0.0
@ 290 10 0.101847810272 0.197412204151
435.439560135,336.06934736,38.6097894118,0.0
80.6360991525,119.890117531,38.6097894118,0.0
255.421651191,391.081055187,38.6097894118,0.0
364.942494887,287.576117486,38.6097894118,0.0
190.77051489,65.9820036523,38.6097894118,0.0
51.6145478504,229.514750347,38.6097894118,0.0
297.883252372,46.6296015313,38.6097894118,0.0
98.410938381,42.0173841143,38.6097894118,0.0
304.387356411,173.823060736,38.6097894118,0.0
445.202528144,100.382618403,38.6097894118,0.0
137.354470964,261.778099433,38.6097894118,0.0
235.714659104,309.38428459,38.6097894118,0.0
108.531681065,445.203465672,38.6097894118,0.0
163.294347772,344.102143516,38.6097894118,0.0
59.8964645916,381.737918323,38.6097894118,0.0
@ 300 10 0.101847810272 0.267975881814
208.590231844,401.945569847,39.1427841431,0.0
254.486919676,466.852038769,39.1427841431,0.0
434.991831183,394.38911668,39.1427841431,0.0
75.9770017423,199.065516529,39.1427841431,0.0
58.6917568713,62.9609763566,39.1427841431,0.0
382.49537192,462.504885361,39.1427841431,0.0
246.168295341,246.219265332,39.1427841431,0.0
59.374905446,360.293893125,39.1427841431,0.0
387.130594442,100.928045528,39.1427841431,0.0
333.965445591,169.626000084,39.1427841431,0.0
179.302941445,75.5972581756,39.1427841431,0.0
231.944616664,164.193253051,39.1427841431,0.0
458.930697357,179.386361253,39.1427841431,0.0
391.612106719,258.702577162,39.1427841431,0.0
268.325975667,328.638340461,39.1427841431,0.0
@ 310 10 0.111075848937 0.275425577487
467.172024946,466.161152531,38.0827842489,0.0
284.947224284,459.596527664,38.0827842489,0.0
332.703228343,229.214300569,38.0827842489,0.0
384.969498947,459.492354861,38.0827842489,0.0
121.56528772,319.795469583,38.0827842489,0.0
173.278963029,71.9030884304,38.0827842489,0.0
211.351121535,419.687857948,38.0827842489,0.0
55.8250333997,393.153388856,38.0827842489,0.0
425.408083153,333.018647884,38.0827842489,0.0
253.047731719,205.483095063,38.0827842489,0.0
452.073517263,132.926040539,38.0827842489,0.0
327.538191976,128.094471966,38.0827842489,0.0
163.662639603,248.984401608,38.0827842489,0.0
244.764268561,99.2576378589,38.0827842489,0.0
159.114826037,163.701070067,38.0827842489,0.0
@ 320 10 0.111075848937 0.260710322962
43.1448681985,285.069486565,36.0098764939,0.0
294.839326667,321.734766505,36.0098764939,0.0
448.637086939,87.4094213496,36.0098764939,0.0
215.582820994,184.681001074,36.0098764939,0.0
283.362452337,432.045780163,36.0098764939,0.0
153.657281862,308.262579122,36.0098764939,0.0
98.8896062126,57.2960395188,36.0098764939,0.0
195.594624639,452.206879087,36.0098764939,0.0
288.829788059,93.2026407943,36.0098764939,0.0
472.910604735,403.246482052,36.0098764939,0.0
441.10363994,239.587917611,36.0098764939,0.0
150.788079996,228.77582963,36.0098764939,0.0
72.133962225,357.267283541,36.0098764939,0.0
45.215854746,469.593150225,36.0098764939,0.0
46.7996069718,112.097187067,36.0098764939,0.0
@ 330 10 0.111075848937 0.233100983898
358.251250919,160.991095855,39.1688242165,0.0
96.7902399735,441.956831474,39.1688242165,0.0
279.82770189,371.894691869,39.1688242165,0.0
251.367849036,196.43408641,39.1688242165,0.0
247.042675441,280.07270918,39.1688242165,0.0
174.287134692,226.345946596,39.1688242165,0.0
324.994140274,307.502370704,39.1688242165,0.0
85.7603313075,133.53261613,39.1688242165,0.0
448.987036663,345.165620719,39.1688242165,0.0
448.737645489,186.805086553,39.1688242165,0.0
102.451167539,347.539353743,39.1688242165,0.0
106.988410302,48.8422931546,39.1688242165,0.0
224.002311329,470.890854081,39.1688242165,0.0
429.612985321,464.885021842,39.1688242165,0.0
223.797709237,110.724645576,39.1688242165,0.0
@ 340 10 0.111075848937 0.275792157845
458.346326734,101.653560905,38.7012645658,0.0
41.1167410096,147.885136335,38.7012645658,0.0
354.42304449,260.151612864,38.7012645658,0.0
328.036022565,452.372733176,38.7012645658,0.0
225.54719186,436.544089703,38.7012645658,0.0
412.464425016,427.288633322,38.7012645658,0.0
120.903734776,467.774797478,38.7012645658,0.0
449.222117297,287.266434277,38.7012645658,0.0
143.224215237,210.370189291,38.7012645658,0.0
292.198593912,354.498361914,38.7012645658,0.0
104.385746868,62.4905313657,38.7012645658,0.0
237.933301471,46.0741986815,38.7012645658,0.0
46.5995853429,328.08590623,38.7012645658,0.0
235.626973164,175.023689551,38.7012645658,0.0
311.877991255,119.70698781,38.7012645658,0.0
@ 350 10 0.111075848937 0.269247174611
166.342698057,460.259167222,40.3652996024,0.0
455.701743513,393.888890141,40.3652996024,0.0
337.341302197,262.972601472,40.3652996024,0.0
411.128580337,326.117880338,40.3652996024,0.0
303.785579889,156.531248111,40.3652996024,0.0
348.224138532,450.590172639,40.3652996024,0.0
229.59216545,228.611448627,40.3652996024,0.0
265.425038754,399.077340727,40.3652996024,0.0
80.2293101516,62.575989556,40.3652996024,0.0
91.7239812537,200.39638559,40.3652996024,0.0
429.098035199,62.3289980549,40.3652996024,0.0
286.990415792,52.6801151891,40.3652996024,0.0
393.663499137,141.443981223,40.3652996024,0.0
155.311041105,363.414727696,40.3652996024,0.0
226.921823183,114.837888523,40.3652996024,0.0
@ 360 10 0.111075848937 0.292898537746
329.940799345,456.509708825,40.4575413078,0.0
58.7696732401,299.728818085,40.4575413078,0.0
228.421050074,122.552763028,40.4575413078,0.0
324.12298649,142.4934546,40.4575413078,0.0
91.2861088082,118.43493161,40.4575413078,0.0
275.46404369,246.967870024,40.4575413078,0.0
132.937394116,437.411153353,40.4575413078,0.0
238.088809079,449.462950999,40.4575413078,0.0
451.792122273,170.370952011,40.4575413078,0.0
378.57126855,64.6718972612,40.4575413078,0.0
125.087559108,238.407485374,40.4575413078,0.0
63.0735181394,387.756552188,40.4575413078,0.0
406.507727741,317.970835444,40.4575413078,0.0
323.799746196,324.312488479,40.4575413078,0.0
170.570371256,364.597103869,40.4575413078,0.0
@ 370 10 0.111075848937 0.294238715112
176.290223225,470.33881656,40.2592257806,0.0
421.27974525,463.524895933,40.2592257806,0.0
455.299001806,65.4226372233,40.2592257806,0.0
176.256411318,215.930036079,40.2592257806,0.0
243.309207582,60.7414393283,40.2592257806,0.0
298.123021764,387.558831427,40.2592257806,0.0
175.237740518,128.921434297,40.2592257806,0.0
61.363037843,119.107140038,40.2592257806,0.0
403.775143614,164.863482436,40.2592257806,0.0
379.982338115,337.141620229,40.2592257806,0.0
58.0186713186,235.461848425,40.2592257806,0.0
76.6596211869,398.949037424,40.2592257806,0.0
354.763624199,61.2383496945,40.2592257806,0.0
162.29872091,42.9301447343,40.2592257806,0.0
421.375752728,252.125724645,40.2592257806,0.0
@ 380 10 0.111075848937 0.291361175434
106.490772795,343.873182821,33.2521055919,0.0
49.5114205155,257.938217553,33.2521055919,0.0
293.350141703,451.100809087,33.2521055919,0.0
421.026587912,423.82566527,33.2521055919,0.0
263.721193488,274.524267064,33.2521055919,0.0
189.923441222,415.050880315,33.2521055919,0.0
342.230152647,231.883110387,33.2521055919,0.0
262.808296975,172.864158008,33.2521055919,0.0
409.753595998,117.665907962,33.2521055919,0.0
35.2840120416,155.646446309,33.2521055919,0.0
447.702831558,188.773814547,33.2521055919,0.0
71.2741102844,67.9841837585,33.2521055919,0.0
160.701745545,85.0488726541,33.2521055919,0.0
294.714600165,359.294190357,33.2521055919,0.0
452.19009988,327.187783298,33.2521055919,0.0
@ 390 10 0.111075848937 0.198764648413
204.789595167,455.915403024,38.5707357116,0.0
431.356010306,334.473428695,38.5707357116,0.0
334.149288494,295.497966894,38.5707357116,0.0
65.9595994054,469.790447113,38.5707357116,0.0
278.819912582,103.56048812,38.5707357116,0.0
359.298051678,130.243329364,38.5707357116,0.0
334.890469535,210.330687666,38.5707357116,0.0
61.3810540441,309.193730269,38.5707357116,0.0
92.7378937231,193.713468899,38.5707357116,0.0
259.484434534,261.171337252,38.5707357116,0.0
460.857272956,137.058610254,38.5707357116,0.0
225.938567844,43.4078177485,38.5707357116,0.0
192.143446694,153.466495533,38.5707357116,0.0
67.9225150907,63.6736840513,38.5707357116,0.0
339.958717147,435.14518757,38.5707357116,0.0
@ 400 10 0.111075848937 0.267434042193
178.917914925,136.616706244,35.9365703325,0.0
113.305461434,197.945882312,35.9365703325,0.0
296.591073682,398.45267349,35.9365703325,0.0
298.485816517,186.830040407,35.9365703325,0.0
185.460375575,268.988090935,35.9365703325,0.0
155.864011507,413.232239231,35.9365703325,0.0
459.59045193,230.215815914,35.9365703325,0.0
346.786170615,109.939231237,35.9365703325,0.0
56.1562201399,407.358804388,35.9365703325,0.0
205.425300674,354.529051576,35.9365703325,0.0
379.731663764,449.308022702,35.9365703325,0.0
271.242437089,48.4799868833,35.9365703325,0.0
186.176074193,58.6603693902,35.9365703325,0.0
96.707070973,78.5345762725,35.9365703325,0.0
386.480088127,247.556230912,35.9365703325,0.0
@ 410 10 0.122142732507 0.232152891481
201.701448236,335.010120523,41.7625629684,0.0
468.330366614,143.5520705,41.7625629684,0.0
318.214750425,427.851578695,41.7625629684,0.0
389.877755589,231.221050118,41.7625629684,0.0
406.497130682,415.75079163,41.7625629684,0.0
97.816924057,66.2407373965,41.7625629684,0.0
150.714304675,141.41704232,41.7625629684,0.0
462.231186306,313.347166859,41.7625629684,0.0
355.519633742,65.7788184305,41.7625629684,0.0
50.9395798662,439.846968556,41.7625629684,0.0
80.5831241002,268.036157301,41.7625629684,0.0
314.331745758,189.91448289,41.7625629684,0.0
218.246819053,444.357388182,41.7625629684,0.0
50.4031028206,186.425723888,41.7625629684,0.0
320.142357168,304.60869949,41.7625629684,0.0
@ 420 10 0.122142732507 0.3135271321
286.547348952,103.241990727,39.0383272401,0.0
470.584575083,173.72161625,39.0383272401,0.0
204.929163126,42.7066591809,39.0383272401,0.0
130.140704077,467.254121357,39.0383272401,0.0
165.909718748,131.356117715,39.0383272401,0.0
93.168617336,206.045639872,39.0383272401,0.0
47.1875176315,412.627747966,39.0383272401,0.0
411.416920704,231.613608556,39.0383272401,0.0
73.672437082,338.949262366,39.0383272401,0.0
47.4136804206,97.0251488351,39.0383272401,0.0
187.52967666,240.067405398,39.0383272401,0.0
225.267865506,384.274612266,39.0383272401,0.0
299.559590029,185.099592981,39.0383272401,0.0
160.640426718,327.623965492,39.0383272401,0.0
312.96679813,403.128754512,39.0383272401,0.0
@ 430 10 0.122142732507 0.273957530932
64.3633249702,460.716458199,43.5514242428,0.0
95.7280682314,276.265369251,43.5514242428,0.0
242.140874368,310.333593098,43.5514242428,0.0
222.341254829,201.264393977,43.5514242428,0.0
391.705383712,135.855672053,43.5514242428,0.0
62.0075078719,103.490246336,43.5514242428,0.0
173.113946521,458.736849922,43.5514242428,0.0
120.185328664,184.373165015,43.5514242428,0.0
303.847224809,73.2923629537,43.5514242428,0.0
88.7866027106,373.062386736,43.5514242428,0.0
186.473966755,70.5266224831,43.5514242428,0.0
325.058684295,263.419256571,43.5514242428,0.0
332.552500719,433.788837086,43.5514242428,0.0
438.295696713,287.294079757,43.5514242428,0.0
357.391265636,347.641281223,43.5514242428,0.0
@ 440 10 0.122142732507 0.340961676032
430.056534263,60.2454496362,42.8402651209,0.0
453.264020359,334.548418511,42.8402651209,0.0
93.1231693143,412.552664073,42.8402651209,0.0
319.880941854,157.235026316,42.8402651209,0.0
109.29374747,323.665579238,42.8402651209,0.0
185.069313343,365.712462453,42.8402651209,0.0
53.4506338568,215.142157524,42.8402651209,0.0
247.215517257,57.3702835048,42.8402651209,0.0
231.617035208,291.031734819,42.8402651209,0.0
339.006027561,51.0232774028,42.8402651209,0.0
367.310094261,360.323027563,42.8402651209,0.0
181.41228649,142.581900363,42.8402651209,0.0
400.383027157,449.917058652,42.8402651209,0.0
109.975733749,43.6151307406,42.8402651209,0.0
317.466715457,276.552336062,42.8402651209,0.0
@ 450 10 0.122142732507 0.32991734044
135.454999307,447.086770401,34.2859186818,0.0
40.8322015682,378.147385299,34.2859186818,0.0
261.730628806,106.108075101,34.2859186818,0.0
419.925157282,280.081524784,34.2859186818,0.0
449.35870174,351.034652115,34.2859186818,0.0
386.362022972,476.76541741,34.2859186818,0.0
364.369601517,359.793735154,34.2859186818,0.0
198.413442378,233.757718243,34.2859186818,0.0
40.5948060545,78.6418226489,34.2859186818,0.0
114.958430549,239.564066857,34.2859186818,0.0
220.029659654,298.999722242,34.2859186818,0.0
451.237496616,72.8654996068,34.2859186818,0.0
273.970342102,466.03901769,34.2859186818,0.0
62.9447606115,159.976681354,34.2859186818,0.0
340.277316871,293.401840399,34.2859186818,0.0
@ 460 10 0.122142732507 0.211316020995
417.009313006,180.323580806,37.9687523052,0.0
445.98694727,300.257055373,37.9687523052,0.0
181.069678267,103.738874486,37.9687523052,0.0
449.932174879,61.3426724235,37.9687523052,0.0
202.918089842,375.852278018,37.9687523052,0.0
293.065384928,434.458955744,37.9687523052,0.0
75.8407826191,90.1065434629,37.9687523052,0.0
402.931360548,431.064697277,37.9687523052,0.0
314.770469333,81.6591795687,37.9687523052,0.0
120.58506669,247.457044768,37.9687523052,0.0
362.256346221,299.770223237,37.9687523052,0.0
38.9659476604,257.926138049,37.9687523052,0.0
117.540434077,163.39156139,37.9687523052,0.0
191.260731529,279.082212364,37.9687523052,0.0
75.3029254815,354.732720846,37.9687523052,0.0
@ 470 10 0.122142732507 0.25915136156
442.137038915,270.952196266,42.1844833734,0.0
457.835912769,153.448861223,42.1844833734,0.0
157.554280539,97.410223394,42.1844833734,0.0
70.8263810518,359.165947632,42.1844833734,0.0
425.789916573,421.764575573,42.1844833734,0.0
461.539264201,51.0513089571,42.1844833734,0.0
239.835059489,301.858353809,42.1844833734,0.0
79.5008904198,62.5980384574,42.1844833734,0.0
304.730688912,191.143042725,42.1844833734,0.0
98.4332798285,239.375259031,42.1844833734,0.0
356.804970571,307.691049957,42.1844833734,0.0
217.255438146,160.605666271,42.1844833734,0.0
282.402705986,52.0238539531,42.1844833734,0.0
221.422805194,411.382974641,42.1844833734,0.0
56.0010222527,155.702167792,42.1844833734,0.0
@ 480 10 0.122142732507 0.319894160579
185.529991098,429.79402449,41.0616838858,0.0
262.325114726,362.632458148,41.0616838858,0.0
127.399342574,236.804863721,41.0616838858,0.0
247.979817892,157.038098071,41.0616838858,0.0
457.952565211,80.1432051191,41.0616838858,0.0
166.260670295,347.753188715,41.0616838858,0.0
121.125683254,134.210696857,41.0616838858,0.0
346.510050061,389.668364329,41.0616838858,0.0
105.261317518,44.5832880947,41.0616838858,0.0
423.414519773,283.521614942,41.0616838858,0.0
341.877037999,64.752644671,41.0616838858,0.0
384.098324486,165.705188805,41.0616838858,0.0
339.879411403,306.131203638,41.0616838858,0.0
42.5081618017,190.965986475,41.0616838858,0.0
279.598110668,450.898639955,41.0616838858,0.0
@ 490 10 0.122142732507 0.303091916239
467.505803697,386.083289818,38.1182390319,0.0
442.666666311,462.587021631,38.1182390319,0.0
462.413944572,287.175505453,38.1182390319,0.0
443.887643385,152.711230301,38.1182390319,0.0
385.18152998,307.309210679,38.1182390319,0.0
226.082849095,339.074471089,38.1182390319,0.0
227.620430515,131.826198059,38.1182390319,0.0
61.2211112919,440.541132082,38.1182390319,0.0
258.05795536,43.2150619242,38.1182390319,0.0
51.535349346,74.3348261175,38.1182390319,0.0
40.320551157,161.449493958,38.1182390319,0.0
226.033189945,444.988925205,38.1182390319,0.0
368.460772468,117.900980601,38.1182390319,0.0
298.11318751,388.016427824,38.1182390319,0.0
162.895518872,184.420234222,38.1182390319,0.0
@ 500 10 0.122142732507 0.261195987596
460.807996353,440.556442313,42.7313381534,0.0
153.009934015,377.301016364,42.7313381534,0.0
60.7876934428,442.55673091,42.7313381534,0.0
265.129618614,109.888748686,42.7313381534,0.0
371.625133766,91.2087418079,42.7313381534,0.0
282.58515937,317.97901518,42.7313381534,0.0
371.776066398,454.80173775,42.7313381534,0.0
75.5813507288,295.33081232,42.7313381534,0.0
465.131354667,96.0148882473,42.7313381534,0.0
65.2785136302,92.075063255,42.7313381534,0.0
461.454202811,331.247594263,42.7313381534,0.0
434.510025572,194.59531209,42.7313381534,0.0
333.229240632,248.216326094,42.7313381534,0.0
144.043573641,221.750573346,42.7313381534,0.0
289.364073382,425.585562779,42.7313381534,0.0
@ 510 10 0.135658914729 0.328241757518
453.800000393,149.201883086,43.1825251523,0.0
277.957786473,56.0282738948,43.1825251523,0.0
90.8315329275,224.94527152,43.1825251523,0.0
442.687233645,59.6776050253,43.1825251523,0.0
279.248381518,407.458950534,43.1825251523,0.0
369.167102083,112.156432837,43.1825251523,0.0
118.471869441,136.820472737,43.1825251523,0.0
272.314589288,308.176161418,43.1825251523,0.0
107.223430678,314.077317532,43.1825251523,0.0
283.990616748,212.790363878,43.1825251523,0.0
180.476752376,437.381144877,43.1825251523,0.0
208.48737267,114.972000498,43.1825251523,0.0
417.307218269,368.620639617,43.1825251523,0.0
80.4843933909,456.495891476,43.1825251523,0.0
107.390046501,43.3128737244,43.1825251523,0.0
@ 520 10 0.135658914729 0.335209958498
360.1588876,311.11339808,39.4724556508,0.0
347.605452171,125.424542997,39.4724556508,0.0
122.549426132,200.676531435,39.4724556508,0.0
42.6529738596,341.848866485,39.4724556508,0.0
228.628701419,238.336331542,39.4724556508,0.0
438.954779809,258.382476169,39.4724556508,0.0
443.569572737,155.303944055,39.4724556508,0.0
222.037136458,146.710925269,39.4724556508,0.0
358.852678919,458.483118639,39.4724556508,0.0
329.480941064,222.250598423,39.4724556508,0.0
268.432823599,443.270320729,39.4724556508,0.0
93.3102187132,455.072941421,39.4724556508,0.0
454.113726732,73.4101907713,39.4724556508,0.0
445.201802705,389.562314488,39.4724556508,0.0
181.465934187,73.3768451938,39.4724556508,0.0
@ 530 10 0.135658914729 0.280084537691
265.200137592,298.181992525,42.2593240339,0.0
56.3933309687,102.050777451,42.2593240339,0.0
68.6152366076,373.772779282,42.2593240339,0.0
305.971603315,52.6474983526,42.2593240339,0.0
143.309073882,124.303690415,42.2593240339,0.0
228.764747097,396.628976754,42.2593240339,0.0
359.567087306,218.956733489,42.2593240339,0.0
432.708148082,92.9693144278,42.2593240339,0.0
380.943074015,421.836906925,42.2593240339,0.0
422.678496771,334.198555476,42.2593240339,0.0
42.9624482224,190.811668986,42.2593240339,0.0
128.363307538,277.251614898,42.2593240339,0.0
294.851132352,456.591698603,42.2593240339,0.0
241.870205499,142.851827428,42.2593240339,0.0
123.385800313,455.892227542,42.2593240339,0.0
@ 540 10 0.135658914729 0.321030233639
47.0447675173,73.1478162341,39.2732744318,0.0
328.023835232,369.569799839,39.2732744318,0.0
422.516253858,214.156141355,39.2732744318,0.0
398.262274253,134.808815168,39.2732744318,0.0
246.770979325,275.728776489,39.2732744318,0.0
327.069749009,218.037206339,39.2732744318,0.0
51.0866279704,409.960980659,39.2732744318,0.0
228.964143104,172.76328158,39.2732744318,0.0
54.256602774,222.1071398,39.2732744318,0.0
169.535663916,233.94298854,39.2732744318,0.0
363.65928034,57.9078955991,39.2732744318,0.0
159.489301712,388.498211823,39.2732744318,0.0
466.608625196,427.544227865,39.2732744318,0.0
188.35183185,69.157590807,39.2732744318,0.0
457.363855047,59.5726173657,39.2732744318,0.0
@ 550 10 0.135658914729 0.277265010788
117.18523835,76.9920642588,37.400222001,0.0
396.433186058,318.354062347,37.400222001,0.0
375.342632802,444.857529086,37.400222001,0.0
205.701219893,359.878109253,37.400222001,0.0
261.395789454,206.164519845,37.400222001,0.0
328.399976259,94.4682365133,37.400222001,0.0
294.948933161,350.278015607,37.400222001,0.0
459.979548877,131.333486073,37.400222001,0.0
276.756766711,468.9760868,37.400222001,0.0
356.362804197,196.580317174,37.400222001,0.0
53.4991806786,225.385776053,37.400222001,0.0
469.379638309,340.696245177,37.400222001,0.0
176.804923206,181.360348218,37.400222001,0.0
60.167843927,384.593380537,37.400222001,0.0
148.258410096,292.035606764,37.400222001,0.0
@ 560 10 0.135658914729 0.25144858914
215.864991866,185.912085319,39.5943757617,0.0
48.572887544,422.667168966,39.5943757617,0.0
382.542064259,241.474032996,39.5943757617,0.0
100.744341965,89.0454357684,39.5943757617,0.0
393.451915062,464.414141624,39.5943757617,0.0
180.114261665,313.094260434,39.5943757617,0.0
182.360300583,81.3562620275,39.5943757617,0.0
421.482001631,52.6550559588,39.5943757617,0.0
322.656993049,111.77961894,39.5943757617,0.0
461.324607642,316.408131709,39.5943757617,0.0
450.458766443,131.500077529,39.5943757617,0.0
132.838130778,382.804878863,39.5943757617,0.0
360.453676941,380.174976901,39.5943757617,0.0
98.3115888524,310.15768384,39.5943757617,0.0
280.307385686,448.044513971,39.5943757617,0.0
@ 570 10 0.135658914729 0.28181742582
159.853579726,299.403450719,35.8496873889,0.0
262.169949544,322.832589702,35.8496873889,0.0
165.824151576,38.1379098044,35.8496873889,0.0
467.129401779,137.976788869,35.8496873889,0.0
248.821519409,231.622385059,35.8496873889,0.0
110.320110139,174.878765991,35.8496873889,0.0
58.7200102838,97.4654642195,35.8496873889,0.0
436.31625289,61.8207553682,35.8496873889,0.0
351.791906816,370.522467,35.8496873889,0.0
103.506538081,400.74689688,35.8496873889,0.0
271.741024441,52.1791454068,35.8496873889,0.0
345.931580131,44.1234952572,35.8496873889,0.0
173.70066167,124.207489302,35.8496873889,0.0
289.611589162,411.014235621,35.8496873889,0.0
449.756234758,239.295245135,35.8496873889,0.0
@ 580 10 0.135658914729 0.231031708019
79.7675724693,54.9036076175,39.9027848105,0.0
396.922607528,228.78348356,39.9027848105,0.0
276.031437224,145.379427904,39.9027848105,0.0
171.539109895,254.31875306,39.9027848105,0.0
129.284673512,441.70365383,39.9027848105,0.0
422.722252584,345.328101114,39.9027848105,0.0
164.324533385,365.471384815,39.9027848105,0.0
63.8142639952,181.88631996,39.9027848105,0.0
101.361429378,300.332272735,39.9027848105,0.0
309.851246448,351.295510121,39.9027848105,0.0
441.075372022,456.426444856,39.9027848105,0.0
359.571777807,459.703977913,39.9027848105,0.0
438.207712702,105.672714548,39.9027848105,0.0
220.967680312,71.994413272,39.9027848105,0.0
233.11340499,309.739762652,39.9027848105,0.0
@ 590 10 0.135658914729 0.286224796437
431.065643116,263.085321081,43.0199817771,0.0
256.560251628,52.3975951994,43.0199817771,0.0
353.336710111,459.944384721,43.0199817771,0.0
45.6518974063,43.5566946975,43.0199817771,0.0
361.529027704,93.7391778014,43.0199817771,0.0
465.147307451,69.7725532572,43.0199817771,0.0
203.482900993,389.92613326,43.0199817771,0.0
134.902401131,205.875907406,43.0199817771,0.0
118.723256396,299.333771809,43.0199817771,0.0
283.093461892,243.56167024,43.0199817771,0.0
460.807388284,372.809703847,43.0199817771,0.0
77.3175878331,383.582786724,43.0199817771,0.0
188.651973101,137.774536308,43.0199817771,0.0
47.186294848,151.14505431,43.0199817771,0.0
322.187592184,339.651888691,43.0199817771,0.0
@ 600 10 0.135658914729 0.332691179796
421.418984976,379.260735585,40.9809812344,0.0
449.11976182,186.05082873,40.9809812344,0.0
183.186685381,75.6786621689,40.9809812344,0.0
118.575274016,373.693400679,40.9809812344,0.0
415.835256716,82.5659314362,40.9809812344,0.0
260.979610026,264.529965428,40.9809812344,0.0
225.165084308,402.361089953,40.9809812344,0.0
98.8218724669,289.838518765,40.9809812344,0.0
145.325648057,166.843972598,40.9809812344,0.0
42.1678940629,186.546693253,40.9809812344,0.0
263.782804198,156.666743477,40.9809812344,0.0
337.730007595,50.624404948,40.9809812344,0.0
84.7942888891,59.9307922934,40.9809812344,0.0
318.766749611,389.663700674,40.9809812344,0.0
350.298451253,302.360921078,40.9809812344,0.0
@ 610 10 0.152538679451 0.301901693054
210.026272874,282.457326097,43.4370705965,0.0
335.745506389,176.377768691,43.4370705965,0.0
56.3177318552,428.871204964,43.4370705965,0.0
241.321590551,183.977697793,43.4370705965,0.0
444.743877558,261.214004567,43.4370705965,0.0
82.3362282785,203.65909244,43.4370705965,0.0
58.4951991337,296.317461548,43.4370705965,0.0
279.500591938,463.95277831,43.4370705965,0.0
398.964379099,455.999607119,43.4370705965,0.0
91.4277321226,47.7504408153,43.4370705965,0.0
427.194866464,364.854944767,43.4370705965,0.0
296.761172519,371.712610143,43.4370705965,0.0
153.329746116,415.172558153,43.4370705965,0.0
382.494241838,68.7928887033,43.4370705965,0.0
360.733594305,292.717332091,43.4370705965,0.0
@ 620 10 0.152538679451 0.339173490089
271.64011884,353.318859301,44.5154234067,0.0
86.2844614219,344.843775239,44.5154234067,0.0
186.780943808,312.981484547,44.5154234067,0.0
408.84627399,233.553577712,44.5154234067,0.0
216.328002634,214.512674899,44.5154234067,0.0
292.06214469,465.120874572,44.5154234067,0.0
167.838484435,135.626152834,44.5154234067,0.0
378.68367353,371.736429384,44.5154234067,0.0
333.685234146,286.384216103,44.5154234067,0.0
69.8429435766,151.213707863,44.5154234067,0.0
68.096452703,56.600944426,44.5154234067,0.0
414.227887299,44.8385174532,44.5154234067,0.0
461.796473045,148.022594419,44.5154234067,0.0
134.748319285,424.063223204,44.5154234067,0.0
397.408920215,463.440264337,44.5154234067,0.0
@ 630 10 0.152538679451 0.356222920569
240.81677083,345.41669851,41.2340792764,0.0
74.9035209958,317.03625747,41.2340792764,0.0
235.206361547,42.5348869127,41.2340792764,0.0
463.318161522,331.483102786,41.2340792764,0.0
51.7132422692,410.587633838,41.2340792764,0.0
342.672585523,209.726891824,41.2340792764,0.0
174.517581262,145.781970978,41.2340792764,0.0
147.817022397,276.954393052,41.2340792764,0.0
250.993953224,196.29620139,41.2340792764,0.0
455.178113661,194.767670075,41.2340792764,0.0
349.218078915,408.271039755,41.2340792764,0.0
52.7280545284,56.5164790011,41.2340792764,0.0
258.281246039,432.359744406,41.2340792764,0.0
353.660453266,122.799787232,41.2340792764,0.0
53.2240582785,230.25420443,41.2340792764,0.0
@ 640 10 0.152538679451 0.30564229081
194.170569037,329.805849211,39.3051962078,0.0
46.6288189226,426.99258402,39.3051962078,0.0
268.908385264,301.038991816,39.3051962078,0.0
303.920378335,152.95221921,39.3051962078,0.0
42.3741874623,139.202104328,39.3051962078,0.0
355.212323878,281.757543854,39.3051962078,0.0
41.5176633331,348.171969673,39.3051962078,0.0
246.431889628,399.789676895,39.3051962078,0.0
140.831356344,189.708053819,39.3051962078,0.0
167.965603566,472.098333804,39.3051962078,0.0
269.514206105,65.1110601665,39.3051962078,0.0
124.471458286,70.9405474255,39.3051962078,0.0
312.674899908,448.863958014,39.3051962078,0.0
441.756363261,75.2406569637,39.3051962078,0.0
424.134262719,324.021717846,39.3051962078,0.0
@ 650 10 0.152538679451 0.277715922443
324.726606903,420.32393535,41.7745200489,0.0
440.165041311,415.571649179,41.7745200489,0.0
212.098347533,61.5494222643,41.7745200489,0.0
413.562659821,217.64910364,41.7745200489,0.0
62.6212461477,377.012635566,41.7745200489,0.0
243.17801843,352.637703904,41.7745200489,0.0
342.25170352,166.897712474,41.7745200489,0.0
115.936472949,468.321792689,41.7745200489,0.0
359.949850957,66.7100198162,41.7745200489,0.0
44.3423450195,284.364677157,41.7745200489,0.0
337.903123154,263.965499822,41.7745200489,0.0
230.403632943,460.494064079,41.7745200489,0.0
89.5254301347,177.938179173,41.7745200489,0.0
166.322276547,302.445396638,41.7745200489,0.0
386.694818029,345.948876581,41.7745200489,0.0
@ 660 10 0.152538679451 0.313706690325
380.890453932,104.98016233,37.627108047,0.0
59.5626562613,376.096901865,37.627108047,0.0
117.158795642,56.022391302,37.627108047,0.0
338.809279335,474.17747546,37.627108047,0.0
274.410321114,55.2504110884,37.627108047,0.0
119.108188348,429.706380986,37.627108047,0.0
466.820629489,95.9437640882,37.627108047,0.0
165.008955007,238.94410922,37.627108047,0.0
233.739926103,318.732015004,37.627108047,0.0
443.34500696,194.975685123,37.627108047,0.0
299.665831674,206.361904828,37.627108047,0.0
436.320717545,471.454757323,37.627108047,0.0
313.137558723,331.185700819,37.627108047,0.0
225.222595166,438.608024481,37.627108047,0.0
82.7706023098,283.409852985,37.627108047,0.0
@ 670 10 0.152538679451 0.254508636312
416.548303475,364.405888467,41.0087545223,0.0
426.430305081,84.0274889005,41.0087545223,0.0
212.018093387,151.317654725,41.0087545223,0.0
94.7886267067,365.10099493,41.0087545223,0.0
226.265058874,241.332523128,41.0087545223,0.0
286.999566912,314.487236345,41.0087545223,0.0
188.299132052,432.504333241,41.0087545223,0.0
467.366833818,452.1301032,41.0087545223,0.0
300.738955768,134.381386168,41.0087545223,0.0
441.018095292,265.426646225,41.0087545223,0.0
434.129867601,176.780127159,41.0087545223,0.0
99.8217230293,249.288947749,41.0087545223,0.0
299.904695002,452.381047912,41.0087545223,0.0
239.079761777,48.0870875225,41.0087545223,0.0
57.7314962962,76.1434468931,41.0087545223,0.0
@ 680 10 0.152538679451 0.302311036297
339.537354979,292.923230087,40.6408977984,0.0
155.004026586,205.931729716,40.6408977984,0.0
183.040339502,436.962705844,40.6408977984,0.0
453.362073867,59.1872299278,40.6408977984,0.0
384.741036356,453.147782914,40.6408977984,0.0
459.469090483,404.012478226,40.6408977984,0.0
348.469095515,183.478064287,40.6408977984,0.0
310.609832197,105.483777685,40.6408977984,0.0
248.721806631,181.61938296,40.6408977984,0.0
251.560087379,317.447710412,40.6408977984,0.0
296.663355104,465.033185857,40.6408977984,0.0
54.685761106,110.725585853,40.6408977984,0.0
43.7940007435,291.110000518,40.6408977984,0.0
445.634295331,149.084237722,40.6408977984,0.0
143.033802974,305.512720888,40.6408977984,0.0
@ 690 10 0.152538679451 0.29691178077
240.16703462,460.241337753,41.4643257474,0.0
367.262717432,463.167053809,41.4643257474,0.0
320.140237917,187.70549703,41.4643257474,0.0
344.767494083,318.944558422,41.4643257474,0.0
217.501153469,63.2544485694,41.4643257474,0.0
264.614388792,281.879275362,41.4643257474,0.0
52.8059301189,256.522868589,41.4643257474,0.0
136.428609932,105.846825085,41.4643257474,0.0
190.275415716,343.861817842,41.4643257474,0.0
416.400859225,108.497163327,41.4643257474,0.0
159.45733904,197.460953404,41.4643257474,0.0
239.196614432,155.671924911,41.4643257474,0.0
452.717643676,372.392731441,41.4643257474,0.0
48.4809762054,144.529841542,41.4643257474,0.0
60.7503970824,424.718394043,41.4643257474,0.0
@ 700 10 0.152538679451 0.309065165177
133.175511336,134.025167091,44.1284165681,0.0
356.961629294,262.452792579,44.1284165681,0.0
206.688924373,295.092378423,44.1284165681,0.0
223.169572888,169.700102201,44.1284165681,0.0
301.475350669,77.3564011499,44.1284165681,0.0
305.455901461,451.476806334,44.1284165681,0.0
340.602727942,355.115436549,44.1284165681,0.0
223.046273657,399.134899087,44.1284165681,0.0
95.8568930838,225.319392257,44.1284165681,0.0
47.7468740957,49.2693103551,44.1284165681,0.0
389.450956318,138.447220033,44.1284165681,0.0
58.6782403287,355.278775325,44.1284165681,0.0
143.09108314,440.282414556,44.1284165681,0.0
436.118401516,460.19759028,44.1284165681,0.0
445.652895899,363.803740754,44.1284165681,0.0
@ 710 10 0.174216027875 0.35005600442
355.516888128,266.328554879,40.6315960773,0.0
261.400108803,301.952728701,40.6315960773,0.0
327.084634895,181.121573892,40.6315960773,0.0
370.123904364,465.352379836,40.6315960773,0.0
116.279909112,381.819974499,40.6315960773,0.0
456.832576859,50.1550431095,40.6315960773,0.0
102.486236283,300.630393098,40.6315960773,0.0
470.417128448,429.329609066,40.6315960773,0.0
52.8925407453,119.957237641,40.6315960773,0.0
357.103771899,72.0213820424,40.6315960773,0.0
186.889772922,339.63683745,40.6315960773,0.0
427.724216672,197.405534009,40.6315960773,0.0
169.449212832,469.869579402,40.6315960773,0.0
254.148482364,121.301575036,40.6315960773,0.0
231.511962975,210.74386881,40.6315960773,0.0
@ 720 10 0.174216027875 0.296775884435
135.175006614,328.12318066,39.8889118543,0.0
178.604719777,470.749317418,39.8889118543,0.0
458.75956041,402.576226238,39.8889118543,0.0
333.855567708,155.848087111,39.8889118543,0.0
59.2929346432,432.260243708,39.8889118543,0.0
324.521483266,449.295772735,39.8889118543,0.0
366.782888603,267.301462325,39.8889118543,0.0
443.858481129,299.858071854,39.8889118543,0.0
452.66971868,47.1897564185,39.8889118543,0.0
267.651635169,366.668384818,39.8889118543,0.0
228.691180951,158.826607502,39.8889118543,0.0
427.610229031,189.853091189,39.8889118543,0.0
52.9419683785,222.478873773,39.8889118543,0.0
126.751399869,186.691155882,39.8889118543,0.0
273.299366135,58.8998232032,39.8889118543,0.0
@ 730 10 0.174216027875 0.286025808129
174.292591603,452.041821097,41.0351981519,0.0
289.435625819,464.060681676,41.0351981519,0.0
385.786180174,122.715833819,41.0351981519,0.0
212.820151585,299.223118719,41.0351981519,0.0
345.33980767,383.921611689,41.0351981519,0.0
187.952100418,56.3291792204,41.0351981519,0.0
136.250743928,263.158163852,41.0351981519,0.0
92.5965532718,462.204960372,41.0351981519,0.0
424.434267139,327.110002992,41.0351981519,0.0
319.003157934,58.3737500135,41.0351981519,0.0
461.77748357,57.8037696452,41.0351981519,0.0
48.1052209219,360.709753374,41.0351981519,0.0
297.425201121,138.697792599,41.0351981519,0.0
203.151056854,145.201909051,41.0351981519,0.0
328.47995266,260.03198606,41.0351981519,0.0
@ 740 10 0.174216027875 0.302701039777
71.3395049049,76.1218491235,42.4998226537,0.0
49.7580716236,427.385615085,42.4998226537,0.0
216.08016532,455.865972202,42.4998226537,0.0
336.10922027,134.742026253,42.4998226537,0.0
94.8398097653,349.471890664,42.4998226537,0.0
82.5724884046,197.135638154,42.4998226537,0.0
253.778017107,323.095763442,42.4998226537,0.0
452.904866595,298.636722925,42.4998226537,0.0
257.024957609,53.4090942229,42.4998226537,0.0
341.561189975,338.642717753,42.4998226537,0.0
430.421189171,161.884879175,42.4998226537,0.0
170.212056553,306.166069032,42.4998226537,0.0
427.469743392,74.4763766875,42.4998226537,0.0
185.30881887,200.6312767,42.4998226537,0.0
163.326686989,91.6054813284,42.4998226537,0.0
@ 750 10 0.174216027875 0.324694609446
313.288642852,49.0853680781,40.4826506809,0.0
157.968804527,254.746529772,40.4826506809,0.0
272.730549762,262.282665955,40.4826506809,0.0
454.776367341,235.809540592,40.4826506809,0.0
298.695076144,131.002217145,40.4826506809,0.0
43.0360036762,440.615431179,40.4826506809,0.0
212.568366831,85.8600930412,40.4826506809,0.0
351.51708747,225.226393798,40.4826506809,0.0
172.367135422,461.264057118,40.4826506809,0.0
439.504345761,355.811319124,40.4826506809,0.0
417.641902216,48.0835989873,40.4826506809,0.0
195.083834882,169.956521551,40.4826506809,0.0
42.051216707,131.62090663,40.4826506809,0.0
93.4632747052,369.768184211,40.4826506809,0.0
345.983813093,414.73366221,40.4826506809,0.0
@ 760 10 0.174216027875 0.29460405824
92.3619927917,235.983079818,43.2719635355,0.0
453.550697572,151.782435242,43.2719635355,0.0
401.443605093,76.2774569416,43.2719635355,0.0
434.441113571,461.426659102,43.2719635355,0.0
184.822752459,306.206989434,43.2719635355,0.0
225.764433097,150.583205563,43.2719635355,0.0
352.048130612,414.740770589,43.2719635355,0.0
45.6039505913,338.284174074,43.2719635355,0.0
265.817011859,257.608378201,43.2719635355,0.0
256.520671637,403.676164172,43.2719635355,0.0
420.145574602,308.18497722,43.2719635355,0.0
358.858406619,206.792916569,43.2719635355,0.0
176.937995685,70.6599831123,43.2719635355,0.0
279.489342963,60.2608804595,43.2719635355,0.0
62.9846485092,150.76894065,43.2719635355,0.0
@ 770 10 0.174216027875 0.33659995059
141.907200041,207.589933096,43.2334213981,0.0
55.5984785121,50.3740736973,43.2334213981,0.0
314.644817664,351.064395613,43.2334213981,0.0
448.049910669,436.860897008,43.2334213981,0.0
272.020381967,440.281077906,43.2334213981,0.0
372.990527461,273.302706987,43.2334213981,0.0
287.704251499,203.985994849,43.2334213981,0.0
134.583185206,451.259004078,43.2334213981,0.0
61.4125588422,137.091362243,43.2334213981,0.0
197.319237338,87.7412312429,43.2334213981,0.0
406.668895412,167.34866288,43.2334213981,0.0
235.394785201,281.662858742,43.2334213981,0.0
111.236138146,347.191164304,43.2334213981,0.0
304.606978915,82.2736638784,43.2334213981,0.0
66.3648181753,266.611923672,43.2334213981,0.0
@ 780 10 0.174216027875 0.336000601595
97.5773823718,427.791076412,42.493904628,0.0
355.576094538,70.6560944612,42.493904628,0.0
452.3324729,306.464778064,42.493904628,0.0
419.876009879,151.106763634,42.493904628,0.0
63.2865238051,340.32610441,42.493904628,0.0
395.595855435,242.667146756,42.493904628,0.0
239.72337759,126.380619215,42.493904628,0.0
426.591687456,468.268720415,42.493904628,0.0
77.4568475811,64.4953795401,42.493904628,0.0
58.5316634229,171.092442278,42.493904628,0.0
225.774461287,395.017504243,42.493904628,0.0
295.14424385,462.605356082,42.493904628,0.0
340.489062505,386.95390723,42.493904628,0.0
106.970782135,261.017755072,42.493904628,0.0
217.928054255,251.939301785,42.493904628,0.0
@ 790 10 0.174216027875 0.324604189432
68.3665957821,240.95558405,42.6857156567,0.0
89.4087631593,59.7823959257,42.6857156567,0.0
444.725824038,56.0600203733,42.6857156567,0.0
382.299736293,378.706026363,42.6857156567,0.0
460.438573896,319.961217536,42.6857156567,0.0
82.9764092515,395.688292818,42.6857156567,0.0
329.873980691,84.2922774392,42.6857156567,0.0
450.764311603,174.931352976,42.6857156567,0.0
325.449554524,182.916588992,42.6857156567,0.0
437.435204657,455.266250369,42.6857156567,0.0
333.454039981,277.957324326,42.6857156567,0.0
316.938426581,444.956543744,42.6857156567,0.0
190.374960692,102.832217155,42.6857156567,0.0
226.685443424,461.710279798,42.6857156567,0.0
213.195670916,301.905345532,42.6857156567,0.0
@ 800 10 0.174216027875 0.327541231164
77.6633275859,157.89733921,44.4189854164,0.0
293.920918824,115.858404467,44.4189854164,0.0
202.86486834,67.5534455232,44.4189854164,0.0
451.575138309,170.666730104,44.4189854164,0.0
354.06185516,193.342335019,44.4189854164,0.0
327.941741023,383.556397997,44.4189854164,0.0
455.858865775,373.799020682,44.4189854164,0.0
389.102379994,300.565627181,44.4189854164,0.0
182.234733035,307.812569952,44.4189854164,0.0
273.769473741,310.672464445,44.4189854164,0.0
59.982105442,343.768663966,44.4189854164,0.0
171.168386206,182.081083492,44.4189854164,0.0
387.541189931,100.215134588,44.4189854164,0.0
238.489946974,457.953869139,44.4189854164,0.0
143.948507419,392.941783514,44.4189854164,0.0
@ 810 10 0.203075137801 0.354681153316
256.247123758,356.851553347,43.5268270301,0.0
274.48442212,248.895263676,43.5268270301,0.0
263.09316903,53.9983417089,43.5268270301,0.0
198.774239357,172.584541293,43.5268270301,0.0
95.6579952451,268.762918603,43.5268270301,0.0
319.475039834,138.333786473,43.5268270301,0.0
369.294810545,373.974107594,43.5268270301,0.0
267.927297114,452.734490523,43.5268270301,0.0
407.180054431,454.2590469,43.5268270301,0.0
142.454308934,456.665223522,43.5268270301,0.0
418.304199411,167.997258527,43.5268270301,0.0
427.340517655,280.06284469,43.5268270301,0.0
156.926159544,341.536128077,43.5268270301,0.0
65.3524655478,89.1688112852,43.5268270301,0.0
45.3063709067,418.415738181,43.5268270301,0.0
@ 820 10 0.203075137801 0.340576644375
159.66655233,465.484933392,42.5287941361,0.0
56.9569166476,267.559537566,42.5287941361,0.0
386.470775315,187.260675719,42.5287941361,0.0
202.297825334,84.4136500232,42.5287941361,0.0
413.639047622,339.534233884,42.5287941361,0.0
452.975950124,253.515626967,42.5287941361,0.0
166.32872079,334.283899264,42.5287941361,0.0
139.671188292,175.376489768,42.5287941361,0.0
96.7888230717,404.036297936,42.5287941361,0.0
421.302816634,97.654728411,42.5287941361,0.0
55.6805251531,149.275428044,42.5287941361,0.0
275.468593137,312.244750655,42.5287941361,0.0
461.193658326,421.233808614,42.5287941361,0.0
268.842124776,166.726291105,42.5287941361,0.0
379.210371803,465.381606272,42.5287941361,0.0
@ 830 10 0.203075137801 0.325137439078
313.836505419,164.47594549,47.6986883997,0.0
195.017508385,189.567101997,47.6986883997,0.0
301.74793145,457.874799131,47.6986883997,0.0
462.541558496,65.1700494851,47.6986883997,0.0
193.117542131,332.415208145,47.6986883997,0.0
111.248365702,264.13317204,47.6986883997,0.0
49.6602653054,344.220286792,47.6986883997,0.0
331.292458078,307.966892973,47.6986883997,0.0
336.71175282,71.0891271383,47.6986883997,0.0
429.098334397,395.068967163,47.6986883997,0.0
61.4052033532,148.002953999,47.6986883997,0.0
450.49013178,258.333694265,47.6986883997,0.0
462.370702324,161.639209025,47.6986883997,0.0
136.062759539,452.18665874,47.6986883997,0.0
229.606372782,88.2834911349,47.6986883997,0.0
@ 840 10 0.203075137801 0.408990967931
121.582389824,208.474650306,41.6751025686,0.0
463.824051514,103.255834118,41.6751025686,0.0
63.0545162554,461.671126789,41.6751025686,0.0
384.96026184,316.965847774,41.6751025686,0.0
44.3767617785,143.304012842,41.6751025686,0.0
271.667475129,167.293571614,41.6751025686,0.0
178.019190367,456.847697572,41.6751025686,0.0
346.50351798,238.769577839,41.6751025686,0.0
358.053400432,153.032186874,41.6751025686,0.0
452.566843082,213.929730449,41.6751025686,0.0
198.015352693,357.956361577,41.6751025686,0.0
51.2053477504,321.113314364,41.6751025686,0.0
135.611175991,57.0233917269,41.6751025686,0.0
256.419667361,291.491658047,41.6751025686,0.0
327.092138747,385.125569707,41.6751025686,0.0
@ 850 10 0.203075137801 0.312215311502
69.3091377893,238.57221153,45.4622729077,0.0
122.725714023,328.215914419,45.4622729077,0.0
188.525270491,250.030226867,45.4622729077,0.0
275.957728708,423.69303193,45.4622729077,0.0
357.947578362,323.390741869,45.4622729077,0.0
420.388251455,202.770564429,45.4622729077,0.0
315.895964778,119.070153967,45.4622729077,0.0
459.701180294,54.5749244123,45.4622729077,0.0
463.619430124,305.4542427,45.4622729077,0.0
137.286649479,156.098394725,45.4622729077,0.0
231.943498217,160.913776926,45.4622729077,0.0
157.102296912,427.719431886,45.4622729077,0.0
243.182656843,336.248523543,45.4622729077,0.0
61.1764477898,459.882665088,45.4622729077,0.0
299.616461605,233.670198885,45.4622729077,0.0
@ 860 10 0.203075137801 0.371537908799
407.383807921,434.042382419,44.1858960332,0.0
222.849052247,57.2293934205,44.1858960332,0.0
71.1383255658,118.010955202,44.1858960332,0.0
123.766019759,44.2330237461,44.1858960332,0.0
284.743942362,391.824284793,44.1858960332,0.0
205.681956576,447.513338359,44.1858960332,0.0
55.4295731403,334.442261261,44.1858960332,0.0
404.665894448,87.0254887335,44.1858960332,0.0
315.742636279,47.2760084616,44.1858960332,0.0
429.61906197,194.728445615,44.1858960332,0.0
295.605439658,199.15230019,44.1858960332,0.0
155.840850121,310.360864385,44.1858960332,0.0
154.146926404,203.8596308,44.1858960332,0.0
117.867265676,404.479236709,44.1858960332,0.0
367.080927843,325.543932202,44.1858960332,0.0
@ 870 10 0.203075137801 0.350968529174
99.3567543539,468.321630177,40.5014578114,0.0
423.250941784,100.246106259,40.5014578114,0.0
271.694505095,416.55078872,40.5014578114,0.0
60.2881003821,259.003500713,40.5014578114,0.0
123.223892468,57.6822332547,40.5014578114,0.0
181.986439585,138.628586655,40.5014578114,0.0
350.953976892,361.66857942,40.5014578114,0.0
458.107449794,430.431037761,40.5014578114,0.0
461.804808213,327.372922383,40.5014578114,0.0
247.639085693,57.7128584646,40.5014578114,0.0
198.203907104,469.614780302,40.5014578114,0.0
383.339465585,468.284269655,40.5014578114,0.0
61.1621508176,391.158772983,40.5014578114,0.0
161.687689044,262.021612626,40.5014578114,0.0
238.344023757,315.741634405,40.5014578114,0.0
@ 880 10 0.203075137801 0.294877851773
171.213867913,60.387096296,44.8410312147,0.0
393.190299816,225.083612921,44.8410312147,0.0
60.1384194603,356.576657351,44.8410312147,0.0
147.697961907,396.842488981,44.8410312147,0.0
261.394413184,70.9339513229,44.8410312147,0.0
438.737473265,326.690898333,44.8410312147,0.0
389.249192251,65.0883976922,44.8410312147,0.0
299.283676408,279.416199132,44.8410312147,0.0
180.96815899,258.473735645,44.8410312147,0.0
89.9995421682,256.090488683,44.8410312147,0.0
379.49308854,418.188567366,44.8410312147,0.0
294.420338311,189.715668996,44.8410312147,0.0
185.579331799,161.071607439,44.8410312147,0.0
291.962323795,465.993548323,44.8410312147,0.0
448.953299785,132.241116143,44.8410312147,0.0
@ 890 10 0.203075137801 0.361453160145
444.683906594,246.614959008,43.6385497525,0.0
214.582230946,446.795607774,43.6385497525,0.0
57.7414961645,235.257237915,43.6385497525,0.0
275.877879274,172.264108147,43.6385497525,0.0
344.593874402,363.342894309,43.6385497525,0.0
178.039454534,366.554403311,43.6385497525,0.0
80.1892624426,324.256434631,43.6385497525,0.0
105.201919701,151.328477447,43.6385497525,0.0
51.2731525547,460.23919593,43.6385497525,0.0
453.250090863,416.179517425,43.6385497525,0.0
91.4489932117,46.5792673412,43.6385497525,0.0
355.658917272,122.858686249,43.6385497525,0.0
277.87697106,48.0317665491,43.6385497525,0.0
162.790911804,270.492214795,43.6385497525,0.0
354.645560791,217.308427303,43.6385497525,0.0
@ 900 10 0.203075137801 0.342327242119
218.862681008,45.1552550491,44.401723619,0.0
101.783274627,453.065714017,44.401723619,0.0
363.95538381,265.628421284,44.401723619,0.0
51.060036429,137.406866834,44.401723619,0.0
114.030482055,54.7988042753,44.401723619,0.0
254.271699658,279.629953567,44.401723619,0.0
431.955432502,156.926070129,44.401723619,0.0
386.339586604,420.443792189,44.401723619,0.0
212.075199696,170.093544127,44.401723619,0.0
307.281570598,369.90577558,44.401723619,0.0
45.5887132658,271.759678397,44.401723619,0.0
273.205679456,458.698271897,44.401723619,0.0
465.369463513,255.150667761,44.401723619,0.0
150.038840858,255.357355308,44.401723619,0.0
306.479341165,160.182052945,44.401723619,0.0
@ 910 10 0.243393602225 0.35440553943
232.961082734,86.5968607882,47.3100821882,0.0
56.430946665,451.192863836,47.3100821882,0.0
336.780682137,335.884231753,47.3100821882,0.0
118.514470684,64.9378232261,47.3100821882,0.0
350.823539784,112.891449653,47.3100821882,0.0
356.594391523,458.770607077,47.3100821882,0.0
60.5914703641,355.645828246,47.3100821882,0.0
454.36039306,168.39662053,47.3100821882,0.0
277.218506965,229.255445438,47.3100821882,0.0
455.458111359,426.511266208,47.3100821882,0.0
153.297461294,375.513139664,47.3100821882,0.0
111.001977214,222.477423674,47.3100821882,0.0
434.423457653,63.4900603446,47.3100821882,0.0
252.688209573,454.514203128,47.3100821882,0.0
452.77200928,326.06866072,47.3100821882,0.0
@ 920 10 0.243393602225 0.402353930309
145.398721354,278.06953838,47.1537896598,0.0
406.512180061,269.56721001,47.1537896598,0.0
461.325474339,460.88865316,47.1537896598,0.0
365.400362781,102.362213584,47.1537896598,0.0
59.7911610485,352.064215659,47.1537896598,0.0
373.017480796,420.275637633,47.1537896598,0.0
317.242583724,237.515800489,47.1537896598,0.0
264.484947874,84.4076692213,47.1537896598,0.0
301.479862209,336.832940201,47.1537896598,0.0
50.4458429,140.515669179,47.1537896598,0.0
450.335213891,181.560512424,47.1537896598,0.0
115.259137053,455.843054386,47.1537896598,0.0
218.570515741,432.589260269,47.1537896598,0.0
53.331492568,236.743119121,47.1537896598,0.0
217.443390277,191.815634849,47.1537896598,0.0
@ 930 10 0.243393602225 0.399699906575
270.830785353,49.0198052715,43.4019909836,0.0
321.936328794,276.817846131,43.4019909836,0.0
454.875512986,453.877382792,43.4019909836,0.0
204.535618925,453.083736143,43.4019909836,0.0
122.340549053,379.825246837,43.4019909836,0.0
85.4496440818,85.2995021883,43.4019909836,0.0
302.903061727,454.548140743,43.4019909836,0.0
346.785355476,363.890186095,43.4019909836,0.0
332.154272618,158.924935564,43.4019909836,0.0
169.847276733,107.162068002,43.4019909836,0.0
447.168969343,173.268120253,43.4019909836,0.0
91.3417729737,192.387886291,43.4019909836,0.0
51.4388467053,440.242093069,43.4019909836,0.0
230.511800864,228.70037,43.4019909836,0.0
430.913843917,73.1053263214,43.4019909836,0.0
@ 940 10 0.243393602225 0.338625880863
449.616282961,188.117882856,39.5609932141,0.0
65.8379038772,90.7442926131,39.5609932141,0.0
76.1464400443,247.524384092,39.5609932141,0.0
381.9296904,294.069724785,39.5609932141,0.0
471.901991237,45.1039518138,39.5609932141,0.0
272.860751325,397.224951094,39.5609932141,0.0
195.60411677,88.069728128,39.5609932141,0.0
132.089075007,150.67512635,39.5609932141,0.0
448.397198112,372.235881833,39.5609932141,0.0
175.768066602,399.075094677,39.5609932141,0.0
374.511323755,42.1974254628,39.5609932141,0.0
345.772574193,431.318424727,39.5609932141,0.0
275.204533793,305.707561593,39.5609932141,0.0
229.554171182,173.779049605,39.5609932141,0.0
91.5695156222,458.819122131,39.5609932141,0.0
@ 950 10 0.243393602225 0.281342418068
191.005191506,59.6257756951,45.7869803085,0.0
111.612098375,303.662765428,45.7869803085,0.0
52.2433648134,202.33182008,45.7869803085,0.0
307.644223603,332.438162159,45.7869803085,0.0
208.100571524,325.677766194,45.7869803085,0.0
461.721178225,383.028236159,45.7869803085,0.0
414.313634804,164.731650519,45.7869803085,0.0
258.647871143,445.527543875,45.7869803085,0.0
184.460126566,209.412779689,45.7869803085,0.0
141.726586381,414.649075011,45.7869803085,0.0
399.993058189,57.7485048864,45.7869803085,0.0
294.780207521,207.895567168,45.7869803085,0.0
83.04278999,71.3628792082,45.7869803085,0.0
433.348623503,273.917774353,45.7869803085,0.0
384.606171457,449.541294113,45.7869803085,0.0
@ 960 10 0.243393602225 0.376864168633
87.4599108753,158.994140365,45.3877798282,0.0
423.48369249,59.7002879741,45.3877798282,0.0
338.17329323,381.570508024,45.3877798282,0.0
195.327901755,94.2283244254,45.3877798282,0.0
58.5685101161,262.362607117,45.3877798282,0.0
147.591225343,448.731489408,45.3877798282,0.0
228.851259508,405.119172274,45.3877798282,0.0
139.714436774,309.318225717,45.3877798282,0.0
199.631419797,189.209329431,45.3877798282,0.0
63.3822128549,55.6490877253,45.3877798282,0.0
407.951526158,279.000018737,45.3877798282,0.0
401.396598537,160.132679734,45.3877798282,0.0
60.3518012663,400.870273723,45.3877798282,0.0
460.155174928,378.612868857,45.3877798282,0.0
291.208722655,252.062862757,45.3877798282,0.0
@ 970 10 0.243393602225 0.370321325207
84.6643636878,211.86659946,45.030498599,0.0
298.233024042,49.9592180877,45.030498599,0.0
238.354121544,265.616983681,45.030498599,0.0
45.7354767104,448.53873799,45.030498599,0.0
49.9221660618,117.757740198,45.030498599,0.0
274.746055478,384.090405443,45.030498599,0.0
303.138777985,197.552915031,45.030498599,0.0
441.210825324,413.73698631,45.030498599,0.0
216.616422938,136.308660369,45.030498599,0.0
140.862329792,370.947477828,45.030498599,0.0
442.022228148,231.749507881,45.030498599,0.0
128.234938901,66.5973905762,45.030498599,0.0
69.4416769912,306.535013171,45.030498599,0.0
366.894687699,302.232723977,45.030498599,0.0
185.134903701,450.087315855,45.030498599,0.0
@ 980 10 0.243393602225 0.364514118612
208.173902861,186.771751116,46.441399564,0.0
67.1132328102,70.3489226558,46.441399564,0.0
87.1976399475,258.436153444,46.441399564,0.0
395.937418727,103.869962519,46.441399564,0.0
445.743612169,187.841649544,46.441399564,0.0
451.524484146,290.396796121,46.441399564,0.0
162.763582816,47.4690245055,46.441399564,0.0
175.247905394,296.087632965,46.441399564,0.0
138.730315643,453.670117379,46.441399564,0.0
359.935763622,464.515627546,46.441399564,0.0
248.725926258,444.014742236,46.441399564,0.0
328.79500563,287.76806947,46.441399564,0.0
298.885227801,69.6321844226,46.441399564,0.0
404.377293551,377.381551249,46.441399564,0.0
111.65922224,154.584013634,46.441399564,0.0
@ 990 10 0.243393602225 0.387713962624
308.045789416,435.040270869,40.5878096758,0.0
381.607714318,56.9374478273,40.5878096758,0.0
190.896560444,80.093031186,40.5878096758,0.0
49.873707966,216.313658728,40.5878096758,0.0
90.0537152813,92.8600663391,40.5878096758,0.0
62.9976404151,418.140278777,40.5878096758,0.0
339.29991907,238.409116562,40.5878096758,0.0
159.512742211,316.948242206,40.5878096758,0.0
209.576876132,462.263966899,40.5878096758,0.0
440.247563332,370.50652421,40.5878096758,0.0
316.652679445,107.214034765,40.5878096758,0.0
81.0275034148,291.361667083,40.5878096758,0.0
243.550796435,307.316581837,40.5878096758,0.0
164.431657071,161.499033975,40.5878096758,0.0
366.01905883,315.531247657,40.5878096758,0.0
@ 1000 10 0.243393602225 0.296136591499
50.7798278012,431.818204109,46.798568153,0.0
306.595496485,303.843226262,46.798568153,0.0
188.439499281,148.219065857,46.798568153,0.0
332.263942236,187.11249915,46.798568153,0.0
86.1810246296,219.487416166,46.798568153,0.0
387.57668124,355.68458413,46.798568153,0.0
154.280820421,448.384742262,46.798568153,0.0
461.14548737,93.0003477949,46.798568153,0.0
458.673954514,250.799366176,46.798568153,0.0
436.668826985,444.069867194,46.798568153,0.0
305.4125342,457.223938179,46.798568153,0.0
101.408179908,346.660554708,46.798568153,0.0
205.605418976,367.226951166,46.798568153,0.0
95.1611449755,100.313085138,46.798568153,0.0
313.576524681,88.3885713098,46.798568153,0.0
@ 1010 10 0.303687635575 0.393700507129
276.65697324,333.966331129,48.7593530336,0.0
207.130745163,51.5766732019,48.7593530336,0.0
453.905312815,398.942430008,48.7593530336,0.0
61.5836068936,404.350822042,48.7593530336,0.0
293.202349772,116.204642043,48.7593530336,0.0
223.005666066,194.724687437,48.7593530336,0.0
181.378297831,300.217811155,48.7593530336,0.0
315.859178901,242.17115539,48.7593530336,0.0
432.220370662,226.858115086,48.7593530336,0.0
403.740057964,84.50086719,48.7593530336,0.0
68.8911441099,72.6503613126,48.7593530336,0.0
55.184708432,283.421989018,48.7593530336,0.0
377.08088868,321.935058246,48.7593530336,0.0
160.32759876,400.509641907,48.7593530336,0.0
109.363454485,180.755804568,48.7593530336,0.0
@ 1020 10 0.303687635575 0.427382477211
162.735543215,280.280105179,47.5266730235,0.0
144.772912507,129.61085798,47.5266730235,0.0
378.832232132,459.156760926,47.5266730235,0.0
333.965335259,181.098749665,47.5266730235,0.0
59.8206375703,457.042791774,47.5266730235,0.0
371.940346223,349.423583391,47.5266730235,0.0
80.2022712956,53.7247034141,47.5266730235,0.0
247.272691796,356.537386064,47.5266730235,0.0
260.891519843,260.282009884,47.5266730235,0.0
86.7893073041,221.457352516,47.5266730235,0.0
70.5165173888,324.863508022,47.5266730235,0.0
204.241592617,50.3917186979,47.5266730235,0.0
371.169207694,60.6055289078,47.5266730235,0.0
151.814040791,430.085846148,47.5266730235,0.0
452.398323598,290.069714867,47.5266730235,0.0
@ 1030 10 0.303687635575 0.406046405665
88.7634808728,49.160182781,47.5308246228,0.0
220.469128856,181.674762043,47.5308246228,0.0
225.454135909,320.561606581,47.5308246228,0.0
326.289766362,343.822643774,47.5308246228,0.0
336.2484995,129.916412779,47.5308246228,0.0
51.380172083,447.671901487,47.5308246228,0.0
432.487290654,55.4467741891,47.5308246228,0.0
272.452441208,433.874543418,47.5308246228,0.0
130.130216875,324.544038605,47.5308246228,0.0
451.439596085,433.821118453,47.5308246228,0.0
334.170178364,227.225268856,47.5308246228,0.0
448.967412142,153.699784526,47.5308246228,0.0
85.6805946082,202.159299024,47.5308246228,0.0
456.826291697,298.023542342,47.5308246228,0.0
153.359720612,447.416160629,47.5308246228,0.0
@ 1040 10 0.303687635575 0.406117347539
293.685218898,88.2674561661,46.1733741995,0.0
277.337094846,324.948858428,46.1733741995,0.0
450.191299688,341.219137718,46.1733741995,0.0
247.861911349,458.309625617,46.1733741995,0.0
64.7084236769,109.273921956,46.1733741995,0.0
79.9112079822,278.737410888,46.1733741995,0.0
444.213642159,65.3781443773,46.1733741995,0.0
127.317280588,183.935507093,46.1733741995,0.0
461.301262156,442.127488597,46.1733741995,0.0
383.016186426,168.972322229,46.1733741995,0.0
102.277362748,450.621920036,46.1733741995,0.0
246.150096001,222.986313779,46.1733741995,0.0
160.307796545,372.395652635,46.1733741995,0.0
143.518237222,54.9088093325,46.1733741995,0.0
338.636963772,439.41592178,46.1733741995,0.0
@ 1050 10 0.303687635575 0.383251680666
67.3210126689,459.774111631,46.3396544071,0.0
335.745900829,118.419561302,46.3396544071,0.0
60.1476606126,248.452788848,46.3396544071,0.0
87.296171154,349.72468754,46.3396544071,0.0
173.81364955,96.0978938786,46.3396544071,0.0
433.206492825,273.40849814,46.3396544071,0.0
347.891664627,330.736783577,46.3396544071,0.0
441.924183483,111.019936491,46.3396544071,0.0
259.652015421,293.018844434,46.3396544071,0.0
459.58797995,416.025902935,46.3396544071,0.0
97.2871706019,153.112091156,46.3396544071,0.0
167.730482773,449.344162208,46.3396544071,0.0
331.093772039,445.440442177,46.3396544071,0.0
189.80830301,207.897178141,46.3396544071,0.0
59.2657042584,58.6746071801,46.3396544071,0.0
@ 1060 10 0.303687635575 0.386016993694
407.724341746,110.126258648,46.626692512,0.0
244.604220585,157.591597587,46.626692512,0.0
364.036831846,274.859062264,46.626692512,0.0
324.223452739,462.107592447,46.626692512,0.0
146.666544967,64.547962594,46.626692512,0.0
411.327980598,420.953731887,46.626692512,0.0
63.7259283832,448.791641467,46.626692512,0.0
256.583824079,380.709851396,46.626692512,0.0
453.079375404,323.741564203,46.626692512,0.0
186.305769425,254.359094261,46.626692512,0.0
455.450556142,216.349446681,46.626692512,0.0
341.683902879,180.95531837,46.626692512,0.0
162.830866295,365.97659478,46.626692512,0.0
264.005698166,56.109880984,46.626692512,0.0
77.0345275218,329.204086179,46.626692512,0.0
@ 1070 10 0.303687635575 0.390813954421
137.369675172,462.303275699,44.5950637444,0.0
292.694328419,451.869547426,44.5950637444,0.0
216.786564888,380.224315864,44.5950637444,0.0
418.43304623,334.89917208,44.5950637444,0.0
91.1034176723,252.288363445,44.5950637444,0.0
144.322321087,100.042541285,44.5950637444,0.0
45.1763328512,397.624993898,44.5950637444,0.0
345.348619355,150.385415642,44.5950637444,0.0
460.551780009,242.615401689,44.5950637444,0.0
326.829723666,357.242936254,44.5950637444,0.0
72.9770471494,153.768304602,44.5950637444,0.0
226.10947814,51.5302418292,44.5950637444,0.0
321.019587754,54.8710746922,44.5950637444,0.0
225.36817737,202.776264293,44.5950637444,0.0
413.94743234,461.495494688,44.5950637444,0.0
@ 1080 10 0.303687635575 0.357498662275
61.4382171731,302.035422718,45.3967457168,0.0
209.044893154,47.2998136946,45.3967457168,0.0
367.566637421,45.650756349,45.3967457168,0.0
460.001677426,53.8432009392,45.3967457168,0.0
201.480149843,419.745778798,45.3967457168,0.0
415.460455206,438.55711721,45.3967457168,0.0
75.3262519319,446.92541491,45.3967457168,0.0
80.3122786149,136.430500455,45.3967457168,0.0
46.326529546,49.2890635059,45.3967457168,0.0
280.907384629,279.385205231,45.3967457168,0.0
440.050107979,199.952769063,45.3967457168,0.0
203.16046023,157.437242969,45.3967457168,0.0
177.454400818,317.318840831,45.3967457168,0.0
297.57095002,430.181976683,45.3967457168,0.0
458.726936792,339.179425452,45.3967457168,0.0
@ 1090 10 0.303687635575 0.370467645987
50.4720985598,296.986872179,48.6191986469,0.0
359.978725278,250.590429459,48.6191986469,0.0
400.799409855,344.325303299,48.6191986469,0.0
198.913536985,230.452746596,48.6191986469,0.0
293.399488017,435.429169118,48.6191986469,0.0
405.369862943,84.8471086401,48.6191986469,0.0
143.911404866,339.754959893,48.6191986469,0.0
457.227253265,263.002454332,48.6191986469,0.0
296.021529539,335.906856707,48.6191986469,0.0
82.0709206801,461.117767921,48.6191986469,0.0
432.593629051,450.088332789,48.6191986469,0.0
60.2271981407,196.710044152,48.6191986469,0.0
255.378668623,57.6412842399,48.6191986469,0.0
140.036228825,90.7960153221,48.6191986469,0.0
191.391021587,447.167081807,48.6191986469,0.0
@ 1100 10 0.303687635575 0.424929063153
380.510562286,57.4126924772,44.493460499,0.0
207.718608078,182.848181258,44.493460499,0.0
285.325312313,114.66858141,44.493460499,0.0
222.776425029,448.283149397,44.493460499,0.0
138.332049844,357.95153788,44.493460499,0.0
112.323008128,181.432567317,44.493460499,0.0
458.41866427,401.775984579,44.493460499,0.0
91.4450915364,78.7732257537,44.493460499,0.0
418.618315271,238.581991523,44.493460499,0.0
341.4959443,432.088663173,44.493460499,0.0
89.1983061589,465.660949497,44.493460499,0.0
456.154391343,157.431009015,44.493460499,0.0
78.5865542248,277.116212262,44.493460499,0.0
241.840651591,265.922291293,44.493460499,0.0
189.500772665,69.3702504751,44.493460499,0.0
@ 1110 10 0.40369088812 0.355871502543
74.4601748829,387.402366207,49.3468983433,0.0
65.8176920916,57.5669927211,49.3468983433,0.0
439.881889013,393.399954441,49.3468983433,0.0
448.484165069,256.249700849,49.3468983433,0.0
354.556087424,447.440438311,49.3468983433,0.0
227.331984718,333.892545122,49.3468983433,0.0
220.05302042,445.089820098,49.3468983433,0.0
454.136537972,55.4667670837,49.3468983433,0.0
96.6134706088,261.548449888,49.3468983433,0.0
379.206141899,155.280687032,49.3468983433,0.0
169.747599894,101.615594484,49.3468983433,0.0
341.612452567,57.5709501613,49.3468983433,0.0
185.255119628,214.063015116,49.3468983433,0.0
320.314619764,299.463163647,49.3468983433,0.0
69.99900996,164.922656429,49.3468983433,0.0
@ 1120 10 0.40369088812 0.437744365083
383.988340564,369.608163383,47.0160770118,0.0
151.105790826,53.1543409794,47.0160770118,0.0
447.110003764,83.0334741614,47.0160770118,0.0
251.921475391,235.288887877,47.0160770118,0.0
397.463961934,463.524443334,47.0160770118,0.0
157.561587363,244.257110319,47.0160770118,0.0
50.3208843559,231.434305299,47.0160770118,0.0
119.689835702,154.08743968,47.0160770118,0.0
164.849558569,341.354503971,47.0160770118,0.0
108.539162623,445.000501276,47.0160770118,0.0
291.334955369,458.939727632,47.0160770118,0.0
54.2609905245,83.034788276,47.0160770118,0.0
226.172998782,118.070799601,47.0160770118,0.0
340.962658284,196.473479305,47.0160770118,0.0
299.586632407,51.9454950711,47.0160770118,0.0
@ 1130 10 0.40369088812 0.397368668499
216.056228565,191.695675772,46.8551816795,0.0
52.041926525,297.56893731,46.8551816795,0.0
371.490418338,246.85645474,46.8551816795,0.0
366.854377855,365.560790919,46.8551816795,0.0
150.971736455,53.2928613255,46.8551816795,0.0
161.589253016,405.361159331,46.8551816795,0.0
237.81985142,347.948991875,46.8551816795,0.0
50.5926802022,403.321563826,46.8551816795,0.0
462.157013075,339.842052561,46.8551816795,0.0
151.068915794,270.041061477,46.8551816795,0.0
431.995378904,443.098410242,46.8551816795,0.0
268.045928358,75.0528415195,46.8551816795,0.0
81.6120525253,196.265186735,46.8551816795,0.0
399.929680446,91.6242850764,46.8551816795,0.0
266.685757644,448.416613128,46.8551816795,0.0
@ 1140 10 0.40369088812 0.394653624143
86.216523373,160.881555437,49.2369331855,0.0
292.522391509,73.6835846118,49.2369331855,0.0
408.311603932,60.3186150441,49.2369331855,0.0
354.527456628,211.431814624,49.2369331855,0.0
456.40614176,457.029684626,49.2369331855,0.0
275.621091714,352.447271086,49.2369331855,0.0
355.162164401,455.680613368,49.2369331855,0.0
188.48050688,88.7546998541,49.2369331855,0.0
57.5270483199,436.755231185,49.2369331855,0.0
246.241256045,179.591441831,49.2369331855,0.0
138.491552261,373.605450482,49.2369331855,0.0
378.269481512,359.018914151,49.2369331855,0.0
220.568147208,448.458630927,49.2369331855,0.0
72.912885672,296.476582681,49.2369331855,0.0
442.904670844,284.548032202,49.2369331855,0.0
@ 1150 10 0.40369088812 0.435795590358
457.401505967,237.368689169,47.7124953885,0.0
65.8647016114,149.473397827,47.7124953885,0.0
203.064310635,76.9592199021,47.7124953885,0.0
69.3047939928,52.3488319159,47.7124953885,0.0
281.734410075,295.201554568,47.7124953885,0.0
62.3968535967,452.000119098,47.7124953885,0.0
215.619967685,220.507395019,47.7124953885,0.0
381.550094061,156.270514911,47.7124953885,0.0
55.0688603251,350.291490732,47.7124953885,0.0
191.991248787,367.269074099,47.7124953885,0.0
339.390786801,51.1762521212,47.7124953885,0.0
136.727440922,280.703012422,47.7124953885,0.0
380.874305247,313.291148408,47.7124953885,0.0
461.788094501,463.853619661,47.7124953885,0.0
462.925673854,90.947186949,47.7124953885,0.0
@ 1160 10 0.40369088812 0.409227777418
445.453860394,364.831975575,48.7042472263,0.0
102.613187579,65.3571569435,48.7042472263,0.0
213.41990639,227.549974636,48.7042472263,0.0
401.827052011,227.823079237,48.7042472263,0.0
181.234438564,455.967017889,48.7042472263,0.0
49.7532666748,461.794192384,48.7042472263,0.0
295.557736088,160.918932917,48.7042472263,0.0
316.590559921,52.8834703809,48.7042472263,0.0
85.0314806342,358.772727505,48.7042472263,0.0
386.881456244,454.403018699,48.7042472263,0.0
56.9844289459,198.714000739,48.7042472263,0.0
443.889169911,87.0801212789,48.7042472263,0.0
277.103420023,421.751185579,48.7042472263,0.0
185.082568376,346.911829236,48.7042472263,0.0
211.011901628,57.8362455398,48.7042472263,0.0
@ 1170 10 0.40369088812 0.426417003035
431.086135794,333.502254909,51.0074313321,0.0
386.000845216,66.1414810059,51.0074313321,0.0
337.251774189,440.309158619,51.0074313321,0.0
270.549313355,348.93766647,51.0074313321,0.0
451.090087731,149.754246673,51.0074313321,0.0
446.59212782,446.914418611,51.0074313321,0.0
184.121485501,91.8751688386,51.0074313321,0.0
54.867154614,412.833179112,51.0074313321,0.0
195.95995094,438.792744939,51.0074313321,0.0
61.6090832146,76.2538041032,51.0074313321,0.0
220.581653055,213.800543434,51.0074313321,0.0
303.399314445,136.616645899,51.0074313321,0.0
63.4478720871,224.345505015,51.0074313321,0.0
358.551205536,254.222851799,51.0074313321,0.0
159.312077029,316.936428658,51.0074313321,0.0
@ 1180 10 0.40369088812 0.467700409455
58.0866957843,453.437086398,48.0056621177,0.0
185.602658306,448.665434096,48.0056621177,0.0
62.5450697134,355.013461895,48.0056621177,0.0
340.327116534,448.845076954,48.0056621177,0.0
389.426462904,62.3329779502,48.0056621177,0.0
357.297426458,263.952023133,48.0056621177,0.0
68.5443902537,121.061602739,48.0056621177,0.0
448.890723073,376.398680383,48.0056621177,0.0
282.832563901,169.065157782,48.0056621177,0.0
278.657885066,371.224782911,48.0056621177,0.0
187.205105424,301.722358494,48.0056621177,0.0
97.5568155795,255.354503783,48.0056621177,0.0
433.811203648,152.721582484,48.0056621177,0.0
278.76291054,60.9492538102,48.0056621177,0.0
166.251773169,126.950175517,48.0056621177,0.0
@ 1190 10 0.40369088812 0.414272181343
310.592450918,407.241901144,50.4496844548,0.0
288.459532586,308.448516234,50.4496844548,0.0
115.82594616,206.074529124,50.4496844548,0.0
395.247446125,82.4379663837,50.4496844548,0.0
358.022063889,224.230943219,50.4496844548,0.0
459.486655203,396.998357313,50.4496844548,0.0
59.692586286,311.974852429,50.4496844548,0.0
52.1908926332,454.147311968,50.4496844548,0.0
452.815910267,188.31861953,50.4496844548,0.0
249.960687651,165.749119468,50.4496844548,0.0
157.501288568,350.368761947,50.4496844548,0.0
186.223733804,84.7143941388,50.4496844548,0.0
450.143698099,296.221522342,50.4496844548,0.0
204.269609966,446.26641993,50.4496844548,0.0
60.2215175583,106.014327248,50.4496844548,0.0
@ 1200 10 0.40369088812 0.457528078008
155.057777291,350.72430027,49.2639182303,0.0
289.194224358,161.094283986,49.2639182303,0.0
150.46560566,55.361861739,49.2639182303,0.0
66.2463662199,452.371134625,49.2639182303,0.0
398.181144545,457.827003808,49.2639182303,0.0
448.599318896,123.864947296,49.2639182303,0.0
200.763917621,251.362775812,49.2639182303,0.0
336.270881517,305.681158526,49.2639182303,0.0
301.021159716,438.056737669,49.2639182303,0.0
55.9984889771,335.715888568,49.2639182303,0.0
459.431382643,366.954175252,49.2639182303,0.0
250.103238766,58.6362023208,49.2639182303,0.0
168.3685386,462.023211351,49.2639182303,0.0
89.651155788,236.750021253,49.2639182303,0.0
358.957789716,59.0738290499,49.2639182303,0.0
@ 1210 10 0.601891659501 0.436273409969
317.756048358,298.025920855,51.1966869148,0.0
54.7980692126,104.705151369,51.1966869148,0.0
312.354935602,52.7971613093,51.1966869148,0.0
61.7511151606,212.529352958,51.1966869148,0.0
61.7796414681,346.825701862,51.1966869148,0.0
445.863481517,55.721074843,51.1966869148,0.0
282.020957502,186.8411131,51.1966869148,0.0
174.779741781,171.781936857,51.1966869148,0.0
422.334708913,287.607939828,51.1966869148,0.0
450.161661142,441.891071358,51.1966869148,0.0
169.631996318,313.419544404,51.1966869148,0.0
153.302534044,446.312435886,51.1966869148,0.0
385.995366382,167.889457198,51.1966869148,0.0
184.365543024,55.2655885244,51.1966869148,0.0
288.982686886,447.204563994,51.1966869148,0.0
@ 1220 10 0.601891659501 0.471177515516
351.046974588,51.3801903414,48.9473473368,0.0
453.751746895,431.565782266,48.9473473368,0.0
324.497570268,301.842265434,48.9473473368,0.0
220.897834444,453.66630435,48.9473473368,0.0
246.37287389,118.289466099,48.9473473368,0.0
138.299898622,152.614997114,48.9473473368,0.0
454.880185358,53.4584221546,48.9473473368,0.0
121.818181548,442.215383716,48.9473473368,0.0
436.661710973,193.842045673,48.9473473368,0.0
164.997569468,251.719399219,48.9473473368,0.0
67.6818970827,341.12667842,48.9473473368,0.0
232.258648335,345.350662592,48.9473473368,0.0
49.0621791597,50.5997275209,48.9473473368,0.0
58.8047647163,210.159211924,48.9473473368,0.0
456.68540899,296.521874148,48.9473473368,0.0
@ 1230 10 0.601891659501 0.430684422545
345.350681201,153.598498031,49.556870324,0.0
454.290966716,54.7059179985,49.556870324,0.0
265.270506487,266.401936849,49.556870324,0.0
355.360761366,309.836596497,49.556870324,0.0
259.696221948,56.0260505261,49.556870324,0.0
58.2754651818,139.504210678,49.556870324,0.0
228.404500465,159.610040561,49.556870324,0.0
429.415751294,206.707102682,49.556870324,0.0
151.581077271,429.780905253,49.556870324,0.0
296.571024654,456.980092255,49.556870324,0.0
69.061550296,238.355099688,49.556870324,0.0
157.526896051,83.7869493669,49.556870324,0.0
456.958506091,346.825560864,49.556870324,0.0
438.211476609,452.410687354,49.556870324,0.0
62.4430438213,369.443065909,49.556870324,0.0
@ 1240 10 0.601891659501 0.441477511541
306.597353222,316.196979586,54.8859107086,0.0
442.263060148,58.7347747288,54.8859107086,0.0
453.884119083,324.156444466,54.8859107086,0.0
183.908845892,438.942213033,54.8859107086,0.0
319.909655087,75.9283091876,54.8859107086,0.0
184.100452987,325.130038629,54.8859107086,0.0
57.3427761189,252.0490666,54.8859107086,0.0
294.407660592,454.529820308,54.8859107086,0.0
200.997525644,58.4770001122,54.8859107086,0.0
209.03846726,176.667824214,54.8859107086,0.0
64.0748936865,427.816250681,54.8859107086,0.0
68.8716310123,106.878752827,54.8859107086,0.0
335.978776688,184.617557449,54.8859107086,0.0
422.501734043,433.512667586,54.8859107086,0.0
454.862747321,178.646096273,54.8859107086,0.0
@ 1250 10 0.601891659501 0.541530089185
62.6586134221,321.25775204,50.6767330548,0.0
285.751747229,64.1965520188,50.6767330548,0.0
449.094903554,427.928455713,50.6767330548,0.0
73.9953691051,203.085490219,50.6767330548,0.0
398.927072017,54.3210407245,50.6767330548,0.0
97.9472680575,103.881258095,50.6767330548,0.0
169.270744601,340.209877605,50.6767330548,0.0
451.476529268,292.423859522,50.6767330548,0.0
52.8291616097,433.355783395,50.6767330548,0.0
444.683083007,159.835893857,50.6767330548,0.0
342.260935539,383.659316969,50.6767330548,0.0
311.441737086,278.558206075,50.6767330548,0.0
339.095605926,168.064612811,50.6767330548,0.0
205.14816334,454.960575858,50.6767330548,0.0
226.880408416,211.035128868,50.6767330548,0.0
@ 1260 10 0.601891659501 0.461655551508
57.037949851,109.064384461,50.5259040152,0.0
441.260420714,68.158396592,50.5259040152,0.0
453.544394665,291.475628076,50.5259040152,0.0
312.767830507,212.666136184,50.5259040152,0.0
215.518196944,175.362110124,50.5259040152,0.0
105.046172836,204.554624344,50.5259040152,0.0
323.482307999,331.120329273,50.5259040152,0.0
208.504422498,296.221915489,50.5259040152,0.0
419.32227908,169.37163152,50.5259040152,0.0
52.614340835,372.50055142,50.5259040152,0.0
175.98534148,52.0179012794,50.5259040152,0.0
327.525649919,98.2480602751,50.5259040152,0.0
209.597914845,398.99707265,50.5259040152,0.0
449.016361417,452.669343593,50.5259040152,0.0
303.135403054,449.442714313,50.5259040152,0.0
@ 1270 10 0.601891659501 0.458911592381
78.7685436755,118.942846134,51.680325849,0.0
201.061108389,77.0508611622,51.680325849,0.0
282.19042299,162.324902911,51.680325849,0.0
154.723379173,291.893300753,51.680325849,0.0
448.199221147,205.419401016,51.680325849,0.0
279.456456719,308.874789613,51.680325849,0.0
63.1958389878,233.940142204,51.680325849,0.0
423.388911756,330.968889079,51.680325849,0.0
53.2632808905,354.708096211,51.680325849,0.0
71.6023517714,459.56730991,51.680325849,0.0
439.521049636,64.213318832,51.680325849,0.0
176.860548077,451.836587628,51.680325849,0.0
280.804226669,429.830353381,51.680325849,0.0
322.802607926,55.435331182,51.680325849,0.0
403.364217801,438.957334901,51.680325849,0.0
@ 1280 10 0.601891659501 0.480121693721
245.106978139,286.310268851,52.1402183234,0.0
252.14023462,151.302067523,52.1402183234,0.0
167.256910892,417.867409985,52.1402183234,0.0
443.765547888,225.701809662,52.1402183234,0.0
334.547351949,231.982523239,52.1402183234,0.0
80.8900960008,283.76684639,52.1402183234,0.0
332.917842873,57.8159811069,52.1402183234,0.0
433.878001638,458.505709761,52.1402183234,0.0
98.3534039694,175.782096996,52.1402183234,0.0
448.501495486,80.0544727801,52.1402183234,0.0
55.8987537532,73.9034068539,52.1402183234,0.0
54.0357369566,389.093100412,52.1402183234,0.0
442.600542911,333.996845497,52.1402183234,0.0
206.716653536,56.6755414409,52.1402183234,0.0
273.493254203,421.222548739,52.1402183234,0.0
@ 1290 10 0.601891659501 0.48870472009
162.628479638,440.524003708,51.6988051914,0.0
205.895302524,192.682226794,51.6988051914,0.0
234.771988323,71.7810119141,51.6988051914,0.0
71.7192486716,387.861457535,51.6988051914,0.0
351.080503098,274.574542948,51.6988051914,0.0
155.143406553,308.497190842,51.6988051914,0.0
59.6972335401,263.16645477,51.6988051914,0.0
329.066534378,456.927797982,51.6988051914,0.0
61.753424732,121.704042318,51.6988051914,0.0
455.018222738,456.279666327,51.6988051914,0.0
444.934414591,149.230364727,51.6988051914,0.0
311.356396412,174.994866466,51.6988051914,0.0
355.293544745,75.5413550184,51.6988051914,0.0
453.766627051,316.484294022,51.6988051914,0.0
266.19901474,367.061292211,51.6988051914,0.0
@ 1300 10 0.601891659501 0.480465109491
319.427120911,451.217694986,57.2036864689,0.0
66.8994938129,193.401466158,57.2036864689,0.0
188.186331349,131.398015336,57.2036864689,0.0
73.3463531597,440.291834206,57.2036864689,0.0
332.090901378,221.712907735,57.2036864689,0.0
303.683376122,333.283418505,57.2036864689,0.0
75.4676743923,320.723577108,57.2036864689,0.0
452.730247306,427.806854935,57.2036864689,0.0
75.9740954711,72.0700550776,57.2036864689,0.0
440.678126738,313.294147622,57.2036864689,0.0
445.702601917,68.2781491964,57.2036864689,0.0
193.18674293,399.527279765,57.2036864689,0.0
328.439462362,80.2084666989,57.2036864689,0.0
451.47350426,189.27887713,57.2036864689,0.0
190.492640731,251.934529385,57.2036864689,0.0
@ 1310 10 1.18243243243 0.588232313773
302.858856546,438.734491412,56.7850132152,0.0
196.600986149,185.11047523,56.7850132152,0.0
188.721145352,304.474810889,56.7850132152,0.0
82.403205456,363.788154434,56.7850132152,0.0
450.867464452,178.901427328,56.7850132152,0.0
311.527707506,309.580853211,56.7850132152,0.0
82.8306404855,224.66733063,56.7850132152,0.0
449.994256205,427.940684525,56.7850132152,0.0
72.1104853621,77.9268340036,56.7850132152,0.0
428.993754309,306.635230227,56.7850132152,0.0
434.501970546,65.308352847,56.7850132152,0.0
176.486236682,445.911222988,56.7850132152,0.0
184.395033057,58.195415048,56.7850132152,0.0
308.842987514,71.2816141889,56.7850132152,0.0
323.161618731,196.353203439,56.7850132152,0.0
@ 1320 10 1.18243243243 0.579653290224
