10 15 0.0873362445415 0.29425555927 0.0589677311602 97.153009511 3 0.1 0.42119 0.390522875817 160.145997299 60 0.340769540564
20 15 0.0873362445415 0.207043199773 0.0276961005306 72.6695019291 3 0.1 0.40321 0.343537414966 227.603949571 60 0.340769540564
30 15 0.0873362445415 0.242072479556 0.0299992255667 45.272911276 3 0.1 0.34388 0.362179487179 194.668349274 60 0.340769540564
40 15 0.0873362445415 0.242023580514 0.0180200337597 37.0929248422 3 0.1 0.3478 0.363636363636 194.707680548 60 0.340769540564
50 15 0.0873362445415 0.237960502522 0.0285458740618 51.2796319362 3 0.1 0.40096 0.394611727417 198.032234344 60 0.340769540564
60 15 0.0873362445415 0.277186217584 0.0213374878638 40.3942098659 3 0.1 0.35083 0.42208774584 170.007911688 60 0.340769540564
70 15 0.0873362445415 0.258932403075 0.0285847689787 35.4493151852 3 0.1 0.42472 0.421221864952 181.992865475 60 0.340769540564
80 15 0.0873362445415 0.266464732929 0.0280647733997 53.012602218 3 0.1 0.37073 0.41054313099 176.848356186 60 0.340769540564
90 15 0.0873362445415 0.311388844761 0.0301558163268 33.4855403473 3 0.1 0.40746 0.35736196319 151.334419305 60 0.340769540564
100 15 0.0873362445415 0.241102182295 0.038654756355 57.3164170852 3 0.1 0.39767 0.390599675851 195.451777132 60 0.340769540564
110 15 0.0940354648039 0.238721456576 0.00935658902236 42.5318779623 3 0.1 0.4073 0.415625 197.400982199 0 0.340769540564
120 15 0.0940354648039 0.25375795587 0.0296613861334 34.1045932337 3 0.1 0.38594 0.387520525452 185.703931286 0 0.340769540564
130 15 0.0940354648039 0.21897984853 0.0225214563682 52.5230387563 3 0.1 0.41581 0.4368 215.197198813 0 0.340769540564
140 15 0.0940354648039 0.290250967549 0.0353332118457 45.5991017302 3 0.1 0.35105 0.348333333333 162.355531139 0 0.340769540564
150 15 0.0940354648039 0.259857566464 0.0452107463461 56.7780528304 3 0.1 0.40458 0.435126582278 181.344921532 0 0.340769540564
160 15 0.0940354648039 0.183507479799 0.0417173541665 77.1757067618 3 0.1 0.34489 0.35632183908 256.795254623 0 0.340769540564
170 15 0.0940354648039 0.278040122991 0.0330567554056 58.5707690033 3 0.1 0.41966 0.415267175573 169.485790371 0 0.340769540564
180 15 0.0940354648039 0.239147935438 0.025782977474 82.269157127 3 0.1 0.37631 0.393414211438 197.048951787 0 0.340769540564
190 15 0.0940354648039 0.376432600482 0.0498037086675 40.8927894807 3 0.1 0.39633 0.3952 125.185358387 0 0.376432600482
200 15 0.0940354648039 0.224570021093 0.0390289736347 48.0297932499 3 0.1 0.42503 0.433021806854 209.84034187 0 0.376432600482
210 15 0.101847810272 0.217773512983 0.0313841682973 66.4528229827 3 0.1 0.43315 0.430379746835 216.389263113 0 0.378335247852
220 15 0.101847810272 0.225231873649 0.0370770939102 61.3775021611 3 0.1 0.41053 0.405362776025 209.223717925 0 0.378335247852
230 15 0.101847810272 0.31329386017 0.0253987208053 32.9746542521 3 0.1 0.35548 0.372854914197 150.414214867 0 0.378335247852
240 15 0.101847810272 0.35042321088 0.0396085888919 30.3986526668 3 0.1 0.38265 0.394435351882 134.476965386 0 0.378335247852
250 15 0.101847810272 0.307564818522 0.03842994993 29.6655633323 3 0.1 0.40297 0.368338557994 153.215995986 0 0.378335247852
260 15 0.101847810272 0.27626745202 0.0385359209509 53.823998462 3 0.1 0.38241 0.429245283019 170.573296476 0 0.378335247852
270 15 0.101847810272 0.223548847842 0.040277327221 53.679952256 3 0.1 0.42708 0.411003236246 210.798894536 0 0.378335247852
280 15 0.101847810272 0.218260689903 0.0202512882522 58.0138429829 3 0.1 0.4089 0.38424437299 215.906263382 0 0.378335247852
290 15 0.101847810272 0.197412204151 0.0352110143949 92.8562345726 3 0.1 0.37666 0.389489953632 238.707886387 0 0.378335247852
300 15 0.101847810272 0.267975881814 0.041628375682 55.603559759 3 0.1 0.40309 0.431496062992 175.851086601 0 0.378335247852
310 15 0.111075848937 0.275425577487 0.0308494407375 45.3618286319 3 0.1 0.40127 0.427631578947 171.09467621 0 0.378335247852
320 15 0.111075848937 0.260710322962 0.0260268499545 41.4217637286 3 0.1 0.34826 0.375394321767 180.751761052 0 0.378335247852
330 15 0.111075848937 0.233100983898 0.0361217876675 54.5135533459 3 0.1 0.3825 0.435054773083 202.160665356 0 0.378335247852
340 15 0.111075848937 0.275792157845 0.0444776564527 45.6435960087 3 0.1 0.42419 0.446457990115 170.867258766 0 0.378335247852
350 15 0.111075848937 0.269247174611 0.0251207424356 43.6970050622 3 0.1 0.39891 0.334426229508 175.020778094 0 0.378335247852
360 15 0.111075848937 0.292898537746 0.0360960829459 44.0259280773 3 0.1 0.4229 0.405750798722 160.88796606 0 0.378335247852
370 15 0.111075848937 0.294238715112 0.0184449325166 43.934133172 3 0.1 0.37919 0.384251968504 160.155165108 0 0.378335247852
380 15 0.111075848937 0.291361175434 0.0320671371319 36.1496689892 3 0.1 0.4432 0.422818791946 161.736888691 0 0.378335247852
390 15 0.111075848937 0.198764648413 0.0333104809468 72.3548137098 3 0.1 0.41516 0.402243589744 237.083658368 0 0.378335247852
400 15 0.111075848937 0.267434042193 0.0185205627943 39.9130394201 3 0.1 0.40206 0.394693200663 176.207372904 0 0.378335247852
410 15 0.122142732507 0.232152891481 0.035727547297 45.1911809419 3 0.1 0.38023 0.385208012327 202.986272104 0 0.378335247852
420 15 0.122142732507 0.3135271321 0.034694015019 41.4949540472 3 0.1 0.39042 0.427457098284 150.302302976 0 0.378335247852
430 15 0.122142732507 0.273957530932 0.0335156230542 45.6363765116 3 0.1 0.43534 0.389423076923 172.011515214 0 0.378335247852
440 15 0.122142732507 0.340961676032 0.0327347238259 36.8862945168 3 0.1 0.42752 0.397151898734 138.20864136 0 0.378335247852
450 15 0.122142732507 0.32991734044 0.0362860445831 48.0887575786 3 0.1 0.37287 0.459069020867 142.835323348 0 0.378335247852
460 15 0.122142732507 0.211316020995 0.0295237632186 66.8902069434 3 0.1 0.42678 0.433121019108 223.001785563 0 0.378335247852
470 15 0.122142732507 0.25915136156 0.0304165554287 55.7195660881 3 0.1 0.38943 0.43328100471 181.83909865 0 0.378335247852
480 15 0.122142732507 0.319894160579 0.0395876868328 35.7697013528 3 0.1 0.42968 0.420529801325 147.310754015 0 0.378335247852
490 15 0.122142732507 0.303091916239 0.0392407005368 52.216578241 3 0.1 0.37332 0.304492512479 155.47709284 0 0.378335247852
500 15 0.122142732507 0.261195987596 0.0280899197052 48.9422882233 3 0.1 0.40341 0.345276872964 180.415673433 0 0.378335247852
510 15 0.135658914729 0.328241757518 0.0304513885389 36.9705256485 3 0.1 0.42094 0.449013157895 143.564457966 0 0.384798753091
520 15 0.135658914729 0.335209958498 0.043879687955 46.2720922979 3 0.1 0.369 0.399676375405 140.580101531 0 0.394422445126
530 15 0.135658914729 0.280084537691 0.0392101531036 39.9368218975 3 0.1 0.3783 0.358280254777 168.248666594 0 0.394422445126
540 15 0.135658914729 0.321030233639 0.0249150534696 37.9613023758 3 0.1 0.44295 0.470031545741 146.789445548 0 0.394422445126
550 15 0.135658914729 0.277265010788 0.0344627932006 57.3197199123 3 0.1 0.40862 0.402261712439 169.959598819 0 0.394422445126
560 15 0.135658914729 0.25144858914 0.0390658617652 51.1535694284 3 0.1 0.38799 0.395023328149 187.409482635 0 0.394422445126
570 15 0.135658914729 0.28181742582 0.0286081470058 46.1129609669 3 0.1 0.41399 0.413570274637 167.214109855 0 0.394422445126
580 15 0.135658914729 0.231031708019 0.0246385072803 53.5444574921 3 0.1 0.39215 0.406451612903 203.971352695 0 0.394422445126
590 15 0.135658914729 0.286224796437 0.0310175475571 56.8793281615 3 0.1 0.42974 0.382736156352 164.639299553 0 0.394422445126
600 15 0.135658914729 0.332691179796 0.0385401629035 30.8830337509 3 0.1 0.37668 0.368839427663 141.644422401 0 0.394422445126
610 15 0.152538679451 0.301901693054 0.0411749329688 37.4950194153 3 0.1 0.4317 0.381642512077 156.090048795 0 0.394422445126
620 15 0.152538679451 0.339173490089 0.0335792865135 35.7515842533 3 0.1 0.42427 0.400958466454 138.937303112 0 0.394422445126
630 15 0.152538679451 0.356222920569 0.0344333954504 38.9125263061 3 0.1 0.38908 0.393034825871 132.287529182 0 0.394422445126
640 15 0.152538679451 0.30564229081 0.0297924143509 47.7718786761 3 0.1 0.40911 0.398104265403 154.1797435 0 0.394422445126
650 15 0.152538679451 0.277715922443 0.0210587922552 32.9586857798 3 0.1 0.39385 0.438291139241 169.683645019 0 0.394422445126
660 15 0.152538679451 0.313706690325 0.0281197256069 40.1129329183 3 0.1 0.40892 0.407643312102 150.216273524 0 0.394422445126
670 15 0.152538679451 0.254508636312 0.0311979283199 49.9346471868 3 0.1 0.40744 0.38424437299 185.156192273 0 0.394422445126
680 15 0.152538679451 0.302311036297 0.030188666321 48.3732378953 3 0.1 0.32777 0.363636363636 155.878695589 0 0.394422445126
690 15 0.152538679451 0.29691178077 0.0179007812972 45.0217545143 3 0.1 0.37942 0.4432 158.713304935 0 0.394422445126
700 15 0.152538679451 0.309065165177 0.0293184268038 48.2703745793 3 0.1 0.40613 0.412974683544 152.472213984 0 0.394422445126
710 15 0.174216027875 0.35005600442 0.0327292171084 42.3456743621 3 0.1 0.37622 0.372093023256 134.618030844 0 0.403124846913
720 15 0.174216027875 0.296775884435 0.0363133911934 49.1633037287 3 0.1 0.44768 0.429447852761 158.785981178 0 0.403124846913
730 15 0.174216027875 0.286025808129 0.0235065628638 39.2495887767 3 0.1 0.39816 0.386513157895 164.753839202 0 0.403124846913
740 15 0.174216027875 0.302701039777 0.0176536577268 45.1589514577 3 0.1 0.44057 0.388443017657 155.677859695 0 0.403124846913
750 15 0.174216027875 0.324694609446 0.0334930002979 35.1880301669 3 0.1 0.42767 0.467692307692 145.132837531 0 0.403124846913
760 15 0.174216027875 0.29460405824 0.0186240947166 37.9072149291 3 0.1 0.3763 0.392405063291 159.956554168 0 0.403124846913
770 15 0.174216027875 0.33659995059 0.0307083851676 41.4157880486 3 0.1 0.42318 0.444089456869 139.999574918 0 0.403124846913
780 15 0.174216027875 0.336000601595 0.0310554911519 24.3649171331 3 0.1 0.38063 0.450244698206 140.249302461 0 0.403124846913
790 15 0.174216027875 0.324604189432 0.0197465614336 25.6250113829 3 0.1 0.42049 0.384116693679 145.173264961 0 0.403124846913
800 15 0.174216027875 0.327541231164 0.0424759229665 39.6924652079 3 0.1 0.39148 0.424336973479 143.871505375 0 0.403124846913
810 15 0.203075137801 0.354681153316 0.0209973467436 22.666491539 3 0.1 0.40818 0.377633711507 132.86257124 0 0.434940100265
820 15 0.203075137801 0.340576644375 0.0279596580962 34.067983745 3 0.1 0.38735 0.37893081761 138.364890189 0 0.434940100265
830 15 0.203075137801 0.325137439078 0.0191296229209 40.708062767 3 0.1 0.42764 0.396084337349 144.935169981 0 0.434940100265
840 15 0.203075137801 0.408990967931 0.0500271723984 33.4980768902 3 0.1 0.43498 0.47465437788 115.219781597 0 0.434940100265
850 15 0.203075137801 0.312215311502 0.053681149384 34.3341681797 3 0.1 0.35407 0.394366197183 150.933821193 0 0.451735289646
860 15 0.203075137801 0.371537908799 0.0381039355966 31.2159673738 3 0.1 0.37699 0.418320610687 126.834567574 0 0.451735289646
870 15 0.203075137801 0.350968529174 0.0256361310795 31.0103320409 3 0.1 0.44864 0.448598130841 134.26802144 0 0.451735289646
880 15 0.203075137801 0.294877851773 0.0395597463492 46.8904351072 3 0.1 0.38656 0.37984496124 159.808034807 0 0.451735289646
890 15 0.203075137801 0.361453160145 0.0248014523838 32.9875269588 3 0.1 0.45113 0.420401854714 130.373324115 0 0.451735289646
900 15 0.203075137801 0.342327242119 0.0294113343868 41.5747794394 3 0.1 0.39701 0.423948220065 137.657317917 0 0.451735289646
910 15 0.243393602225 0.35440553943 0.0237213284788 37.3868806254 3 0.1 0.45335 0.4 132.965895724 0 0.451735289646
920 15 0.243393602225 0.402353930309 0.0402944084906 19.0985237764 3 0.1 0.40524 0.389525368249 117.120391899 0 0.455206174133
930 15 0.243393602225 0.399699906575 0.0279966919031 40.2271816598 3 0.1 0.38595 0.363349131122 117.898076094 0 0.455206174133
940 15 0.243393602225 0.338625880863 0.0211768470545 28.0750353989 3 0.1 0.43612 0.420634920635 139.161985729 0 0.455206174133
950 15 0.243393602225 0.281342418068 0.0342733669999 69.0908121737 3 0.1 0.40143 0.390322580645 167.496427747 0 0.455206174133
960 15 0.243393602225 0.376864168633 0.0286828501744 27.3992713533 3 0.1 0.39742 0.488888888889 125.04200166 0 0.455206174133
970 15 0.243393602225 0.370321325207 0.0413879782029 31.7686037218 3 0.1 0.39152 0.410094637224 127.251245857 0 0.455206174133
980 15 0.243393602225 0.364514118612 0.0499453826619 21.3993948158 3 0.1 0.43638 0.379537953795 129.278531595 0 0.455206174133
990 15 0.243393602225 0.387713962624 0.0330038374298 37.2808394941 3 0.1 0.40499 0.40664556962 121.542824202 0 0.455206174133
1000 15 0.243393602225 0.296136591499 0.0404095819665 47.3864338808 3 0.1 0.35309 0.339869281046 159.128764742 0 0.455206174133
1010 15 0.303687635575 0.393700507129 0.0240140368275 26.452327569 3 0.1 0.43576 0.419047619048 119.69466421 0 0.455206174133
1020 15 0.303687635575 0.427382477211 0.024981113407 30.2327243782 3 0.1 0.36967 0.346469622332 110.261539751 0 0.455206174133
1030 15 0.303687635575 0.406046405665 0.0293498258453 28.1384894366 3 0.1 0.41276 0.383333333333 116.055330973 0 0.455206174133
1040 15 0.303687635575 0.406117347539 0.0357109316325 36.5401383632 3 0.1 0.34958 0.395424836601 116.035058058 0 0.455206174133
1050 15 0.303687635575 0.383251680666 0.0128247111027 28.1087297382 3 0.1 0.41136 0.433021806854 122.957973513 0 0.455206174133
1060 15 0.303687635575 0.386016993694 0.0302268006558 40.773386689 3 0.1 0.40136 0.431852986217 122.077138494 0 0.455206174133
1070 15 0.303687635575 0.390813954421 0.0360285055065 35.1404091944 3 0.1 0.32763 0.404761904762 120.578729257 0 0.463532761268
1080 15 0.303687635575 0.357498662275 0.0390692030616 37.3265377815 3 0.1 0.36331 0.3328 131.815458273 0 0.463532761268
1090 15 0.303687635575 0.370467645987 0.0220800314538 40.3960263505 3 0.1 0.4212 0.391304347826 127.200986403 0 0.463532761268
1100 15 0.303687635575 0.424929063153 0.039333615504 32.7264675342 3 0.1 0.39888 0.402866242038 110.898157096 0 0.463532761268
1110 15 0.40369088812 0.355871502543 0.0276030842054 44.9989215969 3 0.1 0.40898 0.35667752443 132.418161228 0 0.463532761268
1120 15 0.40369088812 0.437744365083 0.0154235626439 30.121000691 3 0.1 0.36256 0.366056572379 107.651528515 0 0.463532761268
1130 15 0.40369088812 0.397368668499 0.0246208898333 28.0845153534 3 0.1 0.41555 0.409733124019 118.589747345 0 0.463532761268
1140 15 0.40369088812 0.394653624143 0.0380657466719 28.8225126513 3 0.1 0.38143 0.366883116883 119.405592948 0 0.477236191722
1150 15 0.40369088812 0.435795590358 0.0446703206973 34.7897094975 3 0.1 0.40239 0.429022082019 108.132920669 0 0.526141108038
1160 15 0.40369088812 0.409227777418 0.0206815926429 32.0386182183 3 0.1 0.38612 0.40464344942 115.153106901 0 0.526141108038
1170 15 0.40369088812 0.426417003035 0.0248277783213 19.8767872922 3 0.1 0.41443 0.34520123839 110.511188964 0 0.526141108038
1180 15 0.40369088812 0.467700409455 0.0431108496818 31.346385706 3 0.1 0.35545 0.324632952692 100.756486519 0 0.526141108038
1190 15 0.40369088812 0.414272181343 0.0386154795987 33.6485092533 3 0.1 0.41642 0.376 113.750939895 0 0.526141108038
1200 15 0.40369088812 0.457528078008 0.030443126754 21.2901053463 3 0.1 0.35473 0.393312101911 102.996629639 0 0.526141108038
1210 15 0.601891659501 0.436273409969 0.0205313467225 29.6344172018 3 0.1 0.40322 0.423588039867 108.014490279 0 0.526141108038
1220 15 0.601891659501 0.471177515516 0.0152028403514 28.9412403979 3 0.1 0.36475 0.334494773519 100.012942995 0 0.526141108038
1230 15 0.601891659501 0.430684422545 0.0217409017924 32.2621465383 3 0.1 0.4257 0.455521472393 109.416193234 0 0.526141108038
1240 15 0.601891659501 0.441477511541 0.0267875202133 35.7715286833 3 0.1 0.38375 0.383012820513 106.741224112 0 0.526141108038
1250 15 0.601891659501 0.541530089185 0.0319105347687 17.4307796823 3 0.1 0.39048 0.380097879282 87.0198183648 0 0.541530089185
1260 15 0.601891659501 0.461655551508 0.0238778268284 20.3482285019 3 0.1 0.40014 0.386398763524 102.075778892 0 0.541530089185
1270 15 0.601891659501 0.458911592381 0.0213852754439 27.4716212565 3 0.1 0.41749 0.455538221529 102.68611816 0 0.541530089185
1280 15 0.601891659501 0.480121693721 0.024164431952 23.4651127691 3 0.1 0.354 0.395899053628 98.1498037191 0 0.541530089185
1290 15 0.601891659501 0.48870472009 0.0126504633313 23.4557175227 3 0.1 0.38726 0.460587326121 96.4260177216 0 0.541530089185
1300 15 0.601891659501 0.480465109491 0.0341920902084 26.9476593225 3 0.1 0.45158 0.455284552846 98.0796504661 0 0.541530089185
1310 15 1.18243243243 0.588232313773 0.0159551325086 4.64910322869 3 0.1 0.48476 0.356012658228 80.110950889 50 0.647373684781
1320 15 1.18243243243 0.579653290224 0.0229050713403 3.2676538223 3 0.1 0.42516 0.390322580645 81.2966143637 50 0.647373684781
