10 15 0.0873362445415 0.224126349926 0.0368725439618 128.698967874 0 0.1 0.41335 0.325174825175 210.255733052 50 0.299045482164
20 15 0.0873362445415 0.283044273796 0.0467762689795 42.6175532425 0 0.1 0.31905 0.299342105263 166.489324684 50 0.342846095988
30 15 0.0873362445415 0.25194252211 0.0213295437549 42.2473003934 0 0.1 0.41291 0.396774193548 187.0420666 50 0.342846095988
40 15 0.0873362445415 0.271971622182 0.0413490083707 51.4004190475 0 0.1 0.37 0.373608903021 173.267525567 50 0.342846095988
50 15 0.0873362445415 0.267496134421 0.0484455005336 52.921894385 0 0.1 0.35679 0.373397435897 176.166470973 50 0.360172841458
60 15 0.0873362445415 0.23157809773 0.0327384870001 46.1543033703 0 0.1 0.39525 0.397689768977 203.490098856 50 0.360172841458
70 15 0.0873362445415 0.262573045689 0.0240991817207 43.3604480027 0 0.1 0.4461 0.462264150943 179.469487724 50 0.360172841458
80 15 0.0873362445415 0.205723995612 0.0482205262663 56.6214777442 0 0.1 0.43132 0.46875 229.063458834 50 0.360172841458
90 15 0.0873362445415 0.264822022155 0.0552540991726 35.7010668037 0 0.1 0.40223 0.413680781759 177.945359742 50 0.360172841458
100 15 0.0873362445415 0.24519607483 0.0366121992143 56.5187356555 0 0.1 0.38594 0.411023622047 192.18843545 50 0.360172841458
110 15 0.0940354648039 0.227229906742 0.0175237917662 71.8429484728 0 0.1 0.36161 0.334943639291 207.384013292 0 0.360172841458
120 15 0.0940354648039 0.246306450625 0.0290292266698 58.8902993591 0 0.1 0.40166 0.386731391586 191.322029449 0 0.360172841458
130 15 0.0940354648039 0.197978703303 0.0357855032959 65.2862399667 0 0.1 0.36056 0.427868852459 238.024844156 0 0.360172841458
140 15 0.0940354648039 0.273474378476 0.0248268333128 27.9341080538 0 0.1 0.40825 0.410828025478 172.315411274 0 0.360172841458
150 15 0.0940354648039 0.224099902046 0.0363211764817 45.2752305303 0 0.1 0.37163 0.372093023256 210.280547067 0 0.360172841458
160 15 0.0940354648039 0.260814931581 0.0223877175711 40.3768782423 0 0.1 0.3823 0.38808373591 180.679264467 0 0.360172841458
170 15 0.0940354648039 0.240289049158 0.049622319599 47.9208937696 0 0.1 0.40856 0.380062305296 196.113181874 0 0.360172841458
180 15 0.0940354648039 0.234607416869 0.025267650286 47.5186658035 0 0.1 0.39869 0.451127819549 200.862575569 0 0.360172841458
190 15 0.0940354648039 0.263741327993 0.042880253766 65.5093398692 0 0.1 0.41438 0.403726708075 178.674500347 0 0.360172841458
200 15 0.0940354648039 0.240247567806 0.0497807878936 58.7648107507 0 0.1 0.38422 0.42658423493 196.147042946 0 0.360172841458
210 15 0.101847810272 0.23561944164 0.0298691092477 66.0924791732 0 0.1 0.39104 0.384012539185 199.999837331 0 0.360172841458
220 15 0.101847810272 0.226263841003 0.0203556652101 54.6478470638 0 0.1 0.42452 0.405103668262 208.269468913 0 0.360172841458
230 15 0.101847810272 0.314807785728 0.037304248338 38.378123723 0 0.1 0.40708 0.419303797468 149.69086578 0 0.360172841458
240 15 0.101847810272 0.2659288124 0.0262935194899 42.0153015617 0 0.1 0.37206 0.346839546191 177.204754816 0 0.360172841458
250 15 0.101847810272 0.340038295983 0.0330968419152 36.7515159718 0 0.1 0.38551 0.359735973597 138.583949386 0 0.360172841458
260 15 0.101847810272 0.218836523694 0.0434413088601 76.9160701863 0 0.1 0.41798 0.410606060606 215.338140108 0 0.360172841458
270 15 0.101847810272 0.252826046071 0.0241638433495 56.3483030443 0 0.1 0.41607 0.472089314195 186.388430829 0 0.360172841458
280 15 0.101847810272 0.246076404325 0.0257786288905 35.7199757765 0 0.1 0.36782 0.330097087379 191.500888227 0 0.360172841458
290 15 0.101847810272 0.211524919958 0.0383356020574 27.9478480853 0 0.1 0.38774 0.388106416275 222.781552213 0 0.360172841458
300 15 0.101847810272 0.235696012563 0.0337414375551 55.0047454588 0 0.1 0.43181 0.406919275124 199.934863079 0 0.360172841458
310 15 0.111075848937 0.288951555355 0.034374746251 49.6822992122 0 0.1 0.36319 0.344208809135 163.085642305 0 0.360172841458
320 15 0.111075848937 0.287198335223 0.0404826733169 58.5370549093 0 0.1 0.41464 0.415562913907 164.08120877 0 0.360172841458
330 15 0.111075848937 0.251372193956 0.0299262631312 37.4340930498 0 0.1 0.36428 0.340314136126 187.466438743 0 0.360172841458
340 15 0.111075848937 0.248559750509 0.0182612855072 43.3914660403 0 0.1 0.39619 0.354735152488 189.587613858 0 0.360172841458
350 15 0.111075848937 0.261989080909 0.0338002903844 70.2256105418 0 0.1 0.44496 0.430894308943 179.869519129 0 0.360172841458
360 15 0.111075848937 0.224722703084 0.0335153226783 79.3154872349 0 0.1 0.37084 0.364485981308 209.697771313 0 0.360172841458
370 15 0.111075848937 0.270481785198 0.034841540958 51.9344573492 0 0.1 0.43127 0.3968 174.221898031 0 0.360172841458
380 15 0.111075848937 0.249611670869 0.0344265767181 60.1695808578 0 0.1 0.38358 0.420382165605 188.788648527 0 0.360172841458
390 15 0.111075848937 0.270803624931 0.0434936236876 49.235871729 0 0.1 0.42506 0.3961352657 174.01484198 0 0.367166367162
400 15 0.111075848937 0.201971652961 0.0334573592089 38.8229339975 0 0.1 0.39663 0.42378559464 233.31912825 0 0.367166367162
410 15 0.122142732507 0.256218784895 0.0324008607981 56.7165651043 0 0.1 0.41606 0.454113924051 183.920355486 0 0.367166367162
420 15 0.122142732507 0.323207943283 0.0474111003156 44.2128877932 0 0.1 0.36253 0.377326565144 145.800408001 0 0.396636985678
430 15 0.122142732507 0.315306907192 0.0399604835148 30.9263009717 0 0.1 0.39679 0.4192 149.453909588 0 0.396636985678
440 15 0.122142732507 0.27919598884 0.031776862173 56.2710858036 0 0.1 0.45057 0.400625978091 168.784122565 0 0.396636985678
450 15 0.122142732507 0.360101121007 0.0379931366996 31.1855950342 0 0.1 0.39262 0.358974358974 130.862825054 0 0.396636985678
460 15 0.122142732507 0.312948857316 0.0331645536283 44.5771176897 0 0.1 0.41312 0.384491114701 150.580035358 0 0.396636985678
470 15 0.122142732507 0.264801335636 0.0311889711687 57.9264019196 0 0.1 0.40356 0.423368740516 177.959260994 0 0.396636985678
480 15 0.122142732507 0.33164975953 0.0272481482187 17.2419652935 0 0.1 0.40488 0.424528301887 142.08920298 0 0.396636985678
490 15 0.122142732507 0.300878673446 0.0284358536184 50.7329760152 0 0.1 0.34275 0.389632107023 156.620771623 0 0.396636985678
500 15 0.122142732507 0.302071719731 0.0198857502247 27.0790925622 0 0.1 0.37217 0.398998330551 156.002190612 0 0.396636985678
510 15 0.135658914729 0.257963608617 0.0348418321417 24.7991331226 0 0.1 0.3661 0.354735152488 182.676348236 0 0.396636985678
520 15 0.135658914729 0.257009712044 0.0345862705097 40.9674507338 0 0.1 0.43498 0.430868167203 183.354355076 0 0.396636985678
530 15 0.135658914729 0.258583357035 0.0280586842852 47.0081154447 0 0.1 0.38566 0.410914927769 182.238526641 0 0.396636985678
540 15 0.135658914729 0.320386759009 0.0282612811081 39.8850475569 0 0.1 0.36192 0.294701986755 147.084261989 0 0.396636985678
550 15 0.135658914729 0.236590192425 0.0441498687914 55.7255363249 0 0.1 0.42655 0.382636655949 199.179220055 0 0.396636985678
560 15 0.135658914729 0.312499478035 0.0270460707012 48.9925257465 0 0.1 0.38251 0.39905362776 150.796571874 0 0.396636985678
570 15 0.135658914729 0.261468216611 0.023756796135 51.5424417605 0 0.1 0.4251 0.407079646018 180.227832701 0 0.396636985678
580 15 0.135658914729 0.231372409753 0.0437669806397 52.7889278183 0 0.1 0.43493 0.435257410296 203.670999712 0 0.396636985678
590 15 0.135658914729 0.297561626214 0.0168985896239 43.8927817462 0 0.1 0.39749 0.454253611557 158.366690623 0 0.396636985678
600 15 0.135658914729 0.275003345594 0.0313961641605 41.1042755291 0 0.1 0.42945 0.393548387097 171.357369847 0 0.396636985678
610 15 0.152538679451 0.309654681419 0.0369246456934 44.4606571591 0 0.1 0.39453 0.410084033613 152.18193952 0 0.396636985678
620 15 0.152538679451 0.303332178599 0.0459601460649 43.8266339183 0 0.1 0.44531 0.395695364238 155.353943052 0 0.401722885797
630 15 0.152538679451 0.348546970494 0.0312561992566 28.2529385838 0 0.1 0.41622 0.390127388535 135.200859538 0 0.401722885797
640 15 0.152538679451 0.264965767106 0.0350788561259 36.9680145298 0 0.1 0.36566 0.406050955414 177.848823698 0 0.401722885797
650 15 0.152538679451 0.274170440128 0.0349961321201 66.1596390865 0 0.1 0.38908 0.362601626016 171.877938329 0 0.401722885797
660 15 0.152538679451 0.286246294945 0.0320282429545 42.7297058559 0 0.1 0.45336 0.440310077519 164.626934329 0 0.401722885797
670 15 0.152538679451 0.299185857653 0.0408700145371 32.6564227176 0 0.1 0.39352 0.38487394958 157.506943576 0 0.401722885797
680 15 0.152538679451 0.326169501273 0.0290710510351 46.0368568213 0 0.1 0.47118 0.46117274168 144.476567601 0 0.401722885797
690 15 0.152538679451 0.283732408774 0.0293165545525 51.8969498688 0 0.1 0.39685 0.374392220421 166.085538848 0 0.401722885797
700 15 0.152538679451 0.26136218847 0.0353508549653 45.3256953705 0 0.1 0.42996 0.393665158371 180.300946651 0 0.401722885797
710 15 0.174216027875 0.348032720998 0.0391494676551 42.0365197074 0 0.1 0.43386 0.437400950872 135.400630909 0 0.401722885797
720 15 0.174216027875 0.289071906764 0.0296505444042 49.6076601234 0 0.1 0.40431 0.446945337621 163.017743673 0 0.401722885797
730 15 0.174216027875 0.259232472128 0.0339259603528 61.5258224139 0 0.1 0.36957 0.382636655949 181.782203492 0 0.401722885797
740 15 0.174216027875 0.288284117395 0.0266914722394 39.4943405009 0 0.1 0.42558 0.455538221529 163.463219639 0 0.401722885797
750 15 0.174216027875 0.307315359796 0.0266221369366 56.1501929383 0 0.1 0.36259 0.391830559758 153.340366818 0 0.401722885797
760 15 0.174216027875 0.316021931397 0.0268363055396 29.2601735316 0 0.1 0.40184 0.440650406504 149.115758491 0 0.401722885797
770 15 0.174216027875 0.360749009082 0.0401766049132 50.1576969231 0 0.1 0.34543 0.426984126984 130.627801639 0 0.432910620643
780 15 0.174216027875 0.322412093234 0.0402492125286 29.1568871044 0 0.1 0.41509 0.371710526316 146.160305363 0 0.432910620643
790 15 0.174216027875 0.377494284692 0.0353052721323 41.1520359416 0 0.1 0.3686 0.35503875969 124.833280691 0 0.432910620643
800 15 0.174216027875 0.286576526759 0.0255871691552 42.1981770132 0 0.1 0.41458 0.43152866242 164.437229151 0 0.432910620643
810 15 0.203075137801 0.370959786208 0.0423662671065 37.5932580453 0 0.1 0.37668 0.39837398374 127.032233013 0 0.432910620643
820 15 0.203075137801 0.304593302057 0.0566179973182 52.8658712966 0 0.1 0.40146 0.370662460568 154.710723059 0 0.448926575649
830 15 0.203075137801 0.362907155805 0.0407118051021 28.2265091436 0 0.1 0.40744 0.446107784431 129.850980468 0 0.448926575649
840 15 0.203075137801 0.295314828367 0.0426937109621 45.6246781403 0 0.1 0.32376 0.39156626506 159.571567268 0 0.448926575649
850 15 0.203075137801 0.354278970935 0.0354741475183 30.0231330508 0 0.1 0.4035 0.47963800905 133.013398666 0 0.448926575649
860 15 0.203075137801 0.271101302062 0.0451386389467 48.7981304561 0 0.1 0.3759 0.461290322581 173.823768612 0 0.448926575649
870 15 0.203075137801 0.376968091522 0.039030849137 34.4527148938 0 0.1 0.3948 0.424336973479 125.007529974 0 0.448926575649
880 15 0.203075137801 0.330709450055 0.0390024909562 28.9712575419 0 0.1 0.42973 0.353996737357 142.493206626 0 0.448926575649
890 15 0.203075137801 0.385239077125 0.0364067935465 19.3690591451 0 0.1 0.4062 0.412903225806 122.323649905 0 0.448926575649
900 15 0.203075137801 0.33503432844 0.0416720964517 26.1638509364 0 0.1 0.37815 0.37061769616 140.653795745 0 0.448926575649
910 15 0.243393602225 0.344823329947 0.0223771513985 43.2615025172 0 0.1 0.41552 0.360317460317 136.660851826 0 0.448926575649
920 15 0.243393602225 0.378750736003 0.0236424653042 32.9875298123 0 0.1 0.39071 0.419504643963 124.419164164 0 0.448926575649
930 15 0.243393602225 0.323920141639 0.0224447613338 47.4573529359 0 0.1 0.44443 0.411144578313 145.479838832 0 0.448926575649
940 15 0.243393602225 0.340240625587 0.0236989350578 27.0340475312 0 0.1 0.39241 0.333333333333 138.501538194 0 0.448926575649
950 15 0.243393602225 0.305244904385 0.0302215293441 47.9427186125 0 0.1 0.44009 0.4432 154.38046409 0 0.448926575649
960 15 0.243393602225 0.406896819444 0.0389653139778 32.6600735865 0 0.1 0.3698 0.368760064412 115.812775495 0 0.45939067847
970 15 0.243393602225 0.334443947167 0.0301653682941 42.7025875607 0 0.1 0.44499 0.422118380062 140.90208658 0 0.45939067847
980 15 0.243393602225 0.39311883565 0.0469029110335 34.2894839007 0 0.1 0.40287 0.372742200328 119.871768347 0 0.45939067847
990 15 0.243393602225 0.296736049413 0.0296473284575 50.7721932253 0 0.1 0.3592 0.400313971743 158.807297237 0 0.45939067847
1000 15 0.243393602225 0.391379848978 0.0244191793606 32.5319624727 0 0.1 0.433 0.365354330709 120.404384955 0 0.45939067847
1010 15 0.303687635575 0.402204887098 0.0238048338661 36.6304243702 0 0.1 0.35479 0.338582677165 117.163792663 0 0.45939067847
1020 15 0.303687635575 0.418038819359 0.0207424124944 30.9173412829 0 0.1 0.38716 0.39116202946 112.72601447 0 0.45939067847
1030 15 0.303687635575 0.412234894383 0.0360041542036 34.1054476787 0 0.1 0.43346 0.425120772947 114.313103141 0 0.45939067847
1040 15 0.303687635575 0.395881948322 0.0270333682076 27.7952626159 0 0.1 0.39532 0.384116693679 119.035106803 0 0.45939067847
1050 15 0.303687635575 0.427663706809 0.0311167719804 39.1611600792 0 0.1 0.42613 0.408320493066 110.189032293 0 0.463790810995
1060 15 0.303687635575 0.358055151246 0.0386473780446 37.0278941448 0 0.1 0.41615 0.405103668262 131.610590816 0 0.463790810995
1070 15 0.303687635575 0.38143121957 0.0276638615424 36.1433685698 0 0.1 0.37651 0.378737541528 123.544816424 0 0.463790810995
1080 15 0.303687635575 0.388809910878 0.0311703426327 36.9809559993 0 0.1 0.42114 0.428358208955 121.200228393 0 0.463790810995
1090 15 0.303687635575 0.477119227503 0.0312896097305 39.8283611749 0 0.1 0.35185 0.387045813586 98.7674511603 0 0.477119227503
1100 15 0.303687635575 0.402485447678 0.0358677173563 35.3222383282 0 0.1 0.40843 0.400321543408 117.082121284 0 0.477119227503
1110 15 0.40369088812 0.431126931142 0.0365930579572 21.3646311008 0 0.1 0.38991 0.328813559322 109.303888475 0 0.477119227503
1120 15 0.40369088812 0.440272582083 0.0337092410756 28.6407514904 0 0.1 0.39593 0.333333333333 107.033351423 0 0.481078598232
1130 15 0.40369088812 0.434723942018 0.0310148493941 30.4139047085 0 0.1 0.42497 0.422360248447 108.399481706 0 0.481078598232
1140 15 0.40369088812 0.382154061783 0.0270992775137 22.8971154498 0 0.1 0.40803 0.369774919614 123.311132113 0 0.481078598232
1150 15 0.40369088812 0.439635180425 0.0275930573295 39.2621028972 0 0.1 0.39179 0.446254071661 107.188532898 0 0.481078598232
1160 15 0.40369088812 0.436722644719 0.0227716093373 37.9265514518 0 0.1 0.41436 0.380258899676 107.903381173 0 0.481078598232
1170 15 0.40369088812 0.402085952965 0.0245625769517 28.1834517947 0 0.1 0.38232 0.417335473515 117.19844887 0 0.481078598232
1180 15 0.40369088812 0.368711637905 0.0235298907414 37.0949746376 0 0.1 0.42085 0.388254486134 127.806787623 0 0.481078598232
1190 15 0.40369088812 0.452959090319 0.0453211602654 25.7246738213 0 0.1 0.35004 0.382736156352 104.035554219 0 0.529111013676
1200 15 0.40369088812 0.506068047852 0.0301674382608 24.4508356248 0 0.1 0.39772 0.411402157165 93.1176157041 0 0.529111013676
1210 15 0.601891659501 0.424111566384 0.0257959321514 26.7858033505 0 0.1 0.41286 0.322259136213 111.111918974 0 0.529111013676
1220 15 0.601891659501 0.521023326895 0.0186967592402 9.18855360176 0 0.1 0.36549 0.35960591133 90.4447988554 0 0.529111013676
1230 15 0.601891659501 0.462290295255 0.0153952958578 31.4069090945 0 0.1 0.41752 0.359550561798 101.935624614 0 0.529111013676
1240 15 0.601891659501 0.471424983497 0.018831172527 16.5709124187 0 0.1 0.39949 0.430842607313 99.9604425934 0 0.529111013676
1250 15 0.601891659501 0.435907671716 0.0228123796412 27.9897122862 0 0.1 0.42733 0.412828947368 108.105117339 0 0.529111013676
1260 15 0.601891659501 0.499560235255 0.0318469801528 25.926350073 0 0.1 0.38536 0.337748344371 94.3306666031 0 0.54002037863
1270 15 0.601891659501 0.463448023126 0.0213323605988 33.9313321534 0 0.1 0.44967 0.419457735247 101.68098179 0 0.54002037863
1280 15 0.601891659501 0.481675678168 0.0159641295209 15.204864766 0 0.1 0.39791 0.368670886076 97.8331523385 0 0.54002037863
1290 15 0.601891659501 0.449911301903 0.0331434684824 23.5984007171 0 0.1 0.40837 0.373417721519 104.740311703 0 0.54002037863
1300 15 0.601891659501 0.483532500106 0.0241119128281 13.6672567732 0 0.1 0.37066 0.394736842105 97.457461473 0 0.54002037863
1310 15 1.18243243243 0.621834999137 0.0315899821375 17.9800145676 0 0.1 0.39192 0.345826235094 75.7819197463 10 0.621834999137
1320 15 1.18243243243 0.576341153583 0.0190883827933 4.38395944258 0 0.1 0.37057 0.346218487395 81.7638124694 10 0.621834999137
1330 15 1.18243243243 0.585931260952 0.027010567993 5.76361391719 0 0.1 0.44028 0.371653543307 80.4255603693 10 0.621834999137
1340 15 1.18243243243 0.579339894066 0.0265455118642 6.88469700046 0 0.1 0.39445 0.407232704403 81.340592082 10 0.621834999137
1350 15 1.18243243243 0.604144695684 0.0323034371486 9.25338545321 0 0.1 0.44329 0.388888888889 78.0009331153 10 0.621834999137
1360 15 1.18243243243 0.596641644143 0.030078736275 2.17752485683 0 0.1 0.394 0.420634920635 78.9818318291 10 0.628075846376
1370 15 1.18243243243 0.544486806822 0.027657668484 6.34516423631 0 0.1 0.43649 0.370247933884 86.5472760948 10 0.628075846376
1380 15 1.18243243243 0.534474075589 0.0164241000419 8.26418889377 0 0.1 0.43003 0.420807453416 88.1686355846 10 0.628075846376
1390 15 1.18243243243 0.519879654249 0.0256783357793 11.4790298392 0 0.1 0.39952 0.42789968652 90.6437665233 10 0.628075846376
1400 15 1.18243243243 0.592502219841 0.0279576217028 8.53601120336 0 0.1 0.44696 0.396721311475 79.5336260726 10 0.628075846376
1410 15 33.3333333333 0.736504663694 0.0402634912757 0.152716497612 0 0.1 0.77888 0.714975845411 63.9830978987 300 0.755642010094
1420 15 33.3333333333 0.742376508832 0.00146867974836 0.00192925192194 0 0.1 0.45778 0.38347107438 63.4770220223 300 0.755642010094
1430 15 33.3333333333 0.740517838649 0.00141118665315 0.00319852325444 0 0.1 0.36532 0.371340523883 63.636346811 300 0.755642010094
1440 15 33.3333333333 0.743572835961 0.000719479076226 0.0055621604463 0 0.1 0.41175 0.4265625 63.3748944569 300 0.755642010094
1450 15 33.3333333333 0.744223442836 0.00197451320824 0.00107992299581 0 0.1 0.36668 0.376026272578 63.31949155 300 0.755642010094
1460 15 33.3333333333 0.744549723821 0.00159350016561 0.00104592060022 0 0.1 0.29791 0.391935483871 63.2917433079 300 0.755642010094
1470 15 33.3333333333 0.745703933251 0.00123987310606 0.00065897094587 0 0.1 0.41383 0.401883830455 63.1937795937 300 0.755642010094
1480 15 33.3333333333 0.742761377084 0.00139049233132 0.000981726088912 0 0.1 0.45126 0.421613394216 63.4441308526 300 0.755642010094
1490 15 33.3333333333 0.739554321545 0.00192069444205 0.00114598653634 0 0.1 0.42766 0.377850162866 63.719254458 300 0.755642010094
1500 15 33.3333333333 0.742554936942 0.000889666890793 0.000605852366653 0 0.1 0.38026 0.401587301587 63.4617691643 300 0.755642010094
