10 15 0.0873362445415 0.254962583767 0.0253185474589 116.572672492 1 0.1 0.44721 0.393388429752 184.826531422 60 0.351290175343
20 15 0.0873362445415 0.235756240894 0.0457522967175 28.7031721206 1 0.1 0.36162 0.352040816327 199.883785987 60 0.351290175343
30 15 0.0873362445415 0.211242180835 0.0239585749894 62.3867867208 1 0.1 0.42069 0.357142857143 223.079736318 60 0.351290175343
40 15 0.0873362445415 0.245445085718 0.0257698715311 66.0977067067 1 0.1 0.36852 0.3859375 191.99345492 60 0.351290175343
50 15 0.0873362445415 0.227470863438 0.025131145832 38.7091221691 1 0.1 0.38721 0.411483253589 207.164334314 60 0.351290175343
60 15 0.0873362445415 0.178983006927 0.0544166194243 67.0589136751 1 0.1 0.43546 0.346333853354 263.286726539 60 0.370379011961
70 15 0.0873362445415 0.223674233351 0.0223925518267 34.1183189327 1 0.1 0.41441 0.451367781155 210.680726582 60 0.370379011961
80 15 0.0873362445415 0.258490137516 0.0256006739097 50.6957151987 1 0.1 0.40179 0.449917898194 182.304247476 60 0.370379011961
90 15 0.0873362445415 0.280515695448 0.0277515878687 57.6944293483 1 0.1 0.36734 0.375209380235 167.990065314 60 0.370379011961
100 15 0.0873362445415 0.283071453554 0.0355784378876 43.4254086216 1 0.1 0.36479 0.406099518459 166.473338828 60 0.370379011961
110 15 0.0940354648039 0.222982932147 0.0309965860408 62.350999884 1 0.1 0.35139 0.337042925278 211.333887963 0 0.370379011961
120 15 0.0940354648039 0.276670288946 0.0343865114931 59.6979732604 1 0.1 0.43028 0.437788018433 170.324938683 0 0.370379011961
130 15 0.0940354648039 0.220989752806 0.032461111672 77.550632489 1 0.1 0.38469 0.355555555556 213.23997788 0 0.370379011961
140 15 0.0940354648039 0.280559103184 0.0239649424539 42.2564544736 1 0.1 0.4194 0.393312101911 167.964074112 0 0.370379011961
150 15 0.0940354648039 0.223446963442 0.0233170142268 62.4346654703 1 0.1 0.3908 0.444444444444 210.895011837 0 0.370379011961
160 15 0.0940354648039 0.255388775972 0.0370895315985 46.412991498 1 0.1 0.39612 0.380216383308 184.518093329 0 0.370379011961
170 15 0.0940354648039 0.264502866419 0.0380452758836 53.1653710317 1 0.1 0.49074 0.475435816165 178.160073038 0 0.370379011961
180 15 0.0940354648039 0.227162983832 0.036771705308 51.6811768608 1 0.1 0.41938 0.411392405063 207.445109257 0 0.370379011961
190 15 0.0940354648039 0.220521655478 0.0411629645326 61.6021051669 1 0.1 0.38867 0.365 213.692618522 0 0.370379011961
200 15 0.0940354648039 0.199833344816 0.0357990735312 71.1226100786 1 0.1 0.42918 0.42113323124 235.815749586 0 0.370379011961
210 15 0.101847810272 0.242634252289 0.0327993093767 38.3028798943 1 0.1 0.40733 0.405797101449 194.217632323 0 0.370379011961
220 15 0.101847810272 0.250113355214 0.0402880301194 52.0914958487 1 0.1 0.36674 0.3408 188.40997099 0 0.370379011961
230 15 0.101847810272 0.28513963516 0.0279399229228 25.2385770616 1 0.1 0.40173 0.397260273973 165.265870434 0 0.370379011961
240 15 0.101847810272 0.209577426991 0.0633226562245 67.3543751591 1 0.1 0.37029 0.40625 224.851744181 0 0.375035284973
250 15 0.101847810272 0.352674275176 0.0477068676657 26.3661480999 1 0.1 0.4391 0.442724458204 133.618620117 0 0.375035284973
260 15 0.101847810272 0.287380850958 0.0264365178995 40.7505251285 1 0.1 0.3702 0.351132686084 163.977000705 0 0.375035284973
270 15 0.101847810272 0.227161749481 0.0369196782038 70.5447057964 1 0.1 0.43196 0.420454545455 207.446236471 0 0.375035284973
280 15 0.101847810272 0.186139666104 0.0435802597426 74.6037196304 1 0.1 0.4104 0.387820512821 253.163933225 0 0.375035284973
290 15 0.101847810272 0.270840232386 0.0222637859418 39.3340648388 1 0.1 0.38482 0.441860465116 173.991321691 0 0.375035284973
300 15 0.101847810272 0.274424349759 0.0426610622523 49.0446684296 1 0.1 0.40639 0.435736677116 171.718909205 0 0.375035284973
310 15 0.111075848937 0.315664946546 0.0260467175412 29.6016408262 1 0.1 0.41005 0.402317880795 149.284393201 0 0.375035284973
320 15 0.111075848937 0.29448968122 0.0354553276646 41.4681131277 1 0.1 0.35678 0.304207119741 160.018679788 0 0.375035284973
330 15 0.111075848937 0.227419337 0.0433889598313 67.934771015 1 0.1 0.41164 0.367412140575 207.211271573 0 0.375035284973
340 15 0.111075848937 0.223714779095 0.0259269826401 39.6236091262 1 0.1 0.41294 0.453047775947 210.642543111 0 0.375035284973
350 15 0.111075848937 0.402201634 0.0436055834308 40.9258744732 1 0.1 0.32542 0.348608837971 117.16474031 0 0.402201634
360 15 0.111075848937 0.307086575667 0.0271312296394 23.1540950277 1 0.1 0.37339 0.416260162602 153.454607704 0 0.402201634
370 15 0.111075848937 0.304521210904 0.0288068556177 37.7202520854 1 0.1 0.38475 0.394736842105 154.747348666 0 0.402201634
380 15 0.111075848937 0.229683520222 0.0389278042106 71.9336681906 1 0.1 0.43287 0.439178515008 205.168616165 0 0.402201634
390 15 0.111075848937 0.321723251287 0.0507276569154 33.3911580207 1 0.1 0.39564 0.360655737705 146.473249327 0 0.402201634
400 15 0.111075848937 0.267474645948 0.0286309071735 69.7701870781 1 0.1 0.44424 0.414944356121 176.180623898 0 0.402201634
410 15 0.122142732507 0.246658928555 0.0387642113188 56.0481557476 1 0.1 0.45482 0.413008130081 191.048628469 0 0.402201634
420 15 0.122142732507 0.364776903905 0.0439111546272 37.1375563918 1 0.1 0.39745 0.370805369128 129.185399337 0 0.402201634
430 15 0.122142732507 0.319349967956 0.0312869965139 42.6450658342 1 0.1 0.41888 0.358851674641 147.561780894 0 0.402201634
440 15 0.122142732507 0.218308870575 0.0277178450999 34.454709151 1 0.1 0.4002 0.418429003021 215.858612964 0 0.402201634
450 15 0.122142732507 0.283947253817 0.0439897165997 50.2418150374 1 0.1 0.36936 0.392405063291 165.959872358 0 0.402201634
460 15 0.122142732507 0.277258042182 0.0410104805033 33.7118339544 1 0.1 0.40662 0.450464396285 169.963870585 0 0.402201634
470 15 0.122142732507 0.214708043876 0.0358387587532 63.8026232751 1 0.1 0.37164 0.407523510972 219.478735632 0 0.402201634
480 15 0.122142732507 0.253980633436 0.0489936367425 43.5085067047 1 0.1 0.42471 0.419732441472 185.541115331 0 0.402201634
490 15 0.122142732507 0.293428013014 0.0227834252971 59.5437494789 1 0.1 0.40113 0.3738170347 160.597652269 0 0.402201634
500 15 0.122142732507 0.232556973927 0.01990597027 41.5769092031 1 0.1 0.35601 0.38141025641 202.633570623 0 0.402201634
510 15 0.135658914729 0.28886737344 0.0317437747548 56.749531434 1 0.1 0.39359 0.388544891641 163.133168827 0 0.402201634
520 15 0.135658914729 0.282556270159 0.0306212836683 44.7997325633 1 0.1 0.4477 0.410377358491 166.776868811 0 0.402201634
530 15 0.135658914729 0.281123623787 0.0349501436764 46.4368364523 1 0.1 0.40614 0.410459587956 167.626787693 0 0.402201634
540 15 0.135658914729 0.290264682213 0.0211179383868 39.7218244074 1 0.1 0.37951 0.3776 162.347860032 0 0.402201634
550 15 0.135658914729 0.283407935751 0.0344077792163 45.5734689971 1 0.1 0.40063 0.417069243156 166.275689758 0 0.402201634
560 15 0.135658914729 0.310475896456 0.0341801350548 30.2921776885 1 0.1 0.40273 0.433613445378 151.779415207 0 0.402201634
570 15 0.135658914729 0.339465166122 0.0364800515864 31.6667890588 1 0.1 0.34515 0.349480968858 138.817925086 0 0.402201634
580 15 0.135658914729 0.279162912112 0.038793950864 48.555571494 1 0.1 0.40669 0.402912621359 168.804121019 0 0.402201634
590 15 0.135658914729 0.331866840514 0.0385994007277 47.0221940983 1 0.1 0.36158 0.38353765324 141.996259485 0 0.402201634
600 15 0.135658914729 0.319636333368 0.0285254922536 42.1724305207 1 0.1 0.3788 0.420289855072 147.429578808 0 0.402201634
610 15 0.152538679451 0.308880849475 0.0382478807944 47.286098684 1 0.1 0.36462 0.363636363636 152.563197363 0 0.402201634
620 15 0.152538679451 0.307077178145 0.0349826539983 36.2387345507 1 0.1 0.43318 0.43654822335 153.459303895 0 0.402201634
630 15 0.152538679451 0.370130259308 0.028497736145 24.5557574233 1 0.1 0.37766 0.37459807074 127.316934552 0 0.402201634
640 15 0.152538679451 0.344241557643 0.0339834223315 30.7359372534 1 0.1 0.38822 0.367670364501 136.891810282 0 0.402201634
650 15 0.152538679451 0.307572386322 0.0359793005628 46.3663680876 1 0.1 0.42113 0.431746031746 153.212226115 0 0.402201634
660 15 0.152538679451 0.330020399385 0.0353191757972 40.0513247191 1 0.1 0.39261 0.386023294509 142.790718658 0 0.402201634
670 15 0.152538679451 0.301295778268 0.0325750779606 52.0514313454 1 0.1 0.46386 0.445820433437 156.403950533 0 0.402201634
680 15 0.152538679451 0.32860387716 0.031752326 37.121261186 1 0.1 0.41622 0.392156862745 143.406250734 0 0.402201634
690 15 0.152538679451 0.256211022918 0.0488085875166 67.7232696961 1 0.1 0.38076 0.421221864952 183.925927399 0 0.41852302445
700 15 0.152538679451 0.342262465652 0.0325686491563 23.6502771574 1 0.1 0.41057 0.413290113452 137.68337089 0 0.41852302445
710 15 0.174216027875 0.304067392119 0.0275116341704 46.9701762475 1 0.1 0.37957 0.358609794629 154.978308169 0 0.41852302445
720 15 0.174216027875 0.319664576944 0.0315809597442 62.4741191653 1 0.1 0.45356 0.391442155309 147.416552846 0 0.41852302445
730 15 0.174216027875 0.346302342953 0.0286132757216 42.5881738584 1 0.1 0.43041 0.455538221529 136.07719081 0 0.41852302445
740 15 0.174216027875 0.299010115592 0.033340989695 50.6885909192 1 0.1 0.37154 0.402108433735 157.599517684 0 0.41852302445
750 15 0.174216027875 0.266980223868 0.0363119018793 66.112502468 1 0.1 0.42441 0.373182552504 176.506893721 0 0.41852302445
760 15 0.174216027875 0.274504073802 0.0536874491186 52.5441800881 1 0.1 0.37164 0.420722135008 171.669036992 0 0.431778035059
770 15 0.174216027875 0.342670608297 0.0267291677822 37.3475753801 1 0.1 0.40676 0.373109243697 137.519381176 0 0.431778035059
780 15 0.174216027875 0.294333736027 0.0351252926776 44.8305845592 1 0.1 0.3751 0.36 160.103461588 0 0.431778035059
790 15 0.174216027875 0.308614358874 0.0329260405955 37.0668811997 1 0.1 0.39805 0.397815912637 152.694936723 0 0.431778035059
800 15 0.174216027875 0.316903607338 0.0330601059586 55.5365791046 1 0.1 0.45027 0.45671641791 148.700894874 0 0.431778035059
810 15 0.203075137801 0.336290848407 0.0285701302364 44.6043081162 1 0.1 0.41342 0.391935483871 140.128255714 0 0.431778035059
820 15 0.203075137801 0.297481598502 0.0282977928197 51.048662279 1 0.1 0.39494 0.457928802589 158.409294011 0 0.431778035059
830 15 0.203075137801 0.332926875858 0.0354372421049 34.2383787787 1 0.1 0.40502 0.408585055644 141.544145028 0 0.431778035059
840 15 0.203075137801 0.321601017494 0.0212437027502 33.1193292443 1 0.1 0.40256 0.388012618297 146.528920733 0 0.431778035059
850 15 0.203075137801 0.290515665874 0.0343217066928 50.0087883656 1 0.1 0.38876 0.442649434572 162.207603705 0 0.431778035059
860 15 0.203075137801 0.314877861261 0.0280781990137 43.0439079286 1 0.1 0.42044 0.422222222222 149.657552332 0 0.431778035059
870 15 0.203075137801 0.387620942154 0.03067541625 38.6007459665 1 0.1 0.36589 0.382495948136 121.571991797 0 0.431778035059
880 15 0.203075137801 0.316496994095 0.0372925770297 35.0796408126 1 0.1 0.36522 0.358118361153 148.891935403 0 0.431778035059
890 15 0.203075137801 0.341307818395 0.0370670094239 33.0437591771 1 0.1 0.43729 0.442901234568 138.068475025 0 0.431778035059
900 15 0.203075137801 0.361851448677 0.0297166357506 30.5050715533 1 0.1 0.40941 0.415887850467 130.229822686 0 0.431778035059
910 15 0.243393602225 0.394385972335 0.0237958951561 45.8066697561 1 0.1 0.39712 0.361873990307 119.486628089 0 0.457605810654
920 15 0.243393602225 0.367302683905 0.026665889114 37.0302815847 1 0.1 0.40449 0.385714285714 128.297047816 0 0.457605810654
930 15 0.243393602225 0.351918211537 0.0323113063121 39.6357122136 1 0.1 0.40523 0.436055469954 133.905687331 0 0.457605810654
940 15 0.243393602225 0.354476835112 0.0402295451382 30.9778370779 1 0.1 0.34946 0.401883830455 132.939152385 0 0.457605810654
950 15 0.243393602225 0.398450113167 0.0392135938662 18.6874047149 1 0.1 0.39197 0.357827476038 118.267879573 0 0.457605810654
960 15 0.243393602225 0.396360539132 0.0284176443715 37.9367810097 1 0.1 0.41248 0.396072013093 118.891376279 0 0.457605810654
970 15 0.243393602225 0.366290822755 0.0259580508677 30.2042241091 1 0.1 0.40384 0.419047619048 128.65146237 0 0.457605810654
980 15 0.243393602225 0.344182383666 0.0316429616107 46.6757230139 1 0.1 0.37461 0.380875202593 136.915345574 0 0.457605810654
990 15 0.243393602225 0.384318510193 0.0560799446323 40.6294471679 1 0.1 0.39792 0.413461538462 122.616654546 0 0.471205034759
1000 15 0.243393602225 0.322719573696 0.0283476012305 36.5321570612 1 0.1 0.40585 0.356481481481 146.021046881 0 0.471205034759
1010 15 0.303687635575 0.386567828693 0.0280546215385 30.7987698705 1 0.1 0.41539 0.426494345719 121.9031862 0 0.471205034759
1020 15 0.303687635575 0.427061063664 0.0346379231495 21.6050741738 1 0.1 0.36879 0.364353312303 110.344524494 0 0.471205034759
1030 15 0.303687635575 0.36928874928 0.0266769836179 20.9449165242 1 0.1 0.41965 0.445686900958 127.607055703 0 0.471205034759
1040 15 0.303687635575 0.396652786196 0.0296687816205 26.4319009862 1 0.1 0.37586 0.397394136808 118.803779124 0 0.471205034759
1050 15 0.303687635575 0.406016432132 0.019980799898 44.9798834428 1 0.1 0.40886 0.387459807074 116.063898578 0 0.471205034759
1060 15 0.303687635575 0.463150498835 0.0394744987061 33.146513892 1 0.1 0.3649 0.417061611374 101.746300865 0 0.471205034759
1070 15 0.303687635575 0.317214154956 0.0406156465838 48.3309367291 1 0.1 0.42876 0.412974683544 148.55531906 0 0.471205034759
1080 15 0.303687635575 0.369778588239 0.0272269037715 45.2222921856 1 0.1 0.36195 0.351170568562 127.438016962 0 0.471205034759
1090 15 0.303687635575 0.352695747869 0.0356738153425 30.2154713405 1 0.1 0.41804 0.4328125 133.610485198 0 0.471205034759
1100 15 0.303687635575 0.434274564657 0.0342558033914 25.5290653455 1 0.1 0.39142 0.406349206349 108.511651004 0 0.471205034759
1110 15 0.40369088812 0.40064199653 0.0229705722695 24.2799212448 1 0.1 0.47464 0.359143327842 117.620844565 10 0.493549837259
1120 15 0.40369088812 0.443141353382 0.0209304247459 32.1458685062 1 0.1 0.42 0.392026578073 106.340447896 10 0.493549837259
1130 15 0.40369088812 0.439184756078 0.0199950481718 18.7126247576 1 0.1 0.38116 0.392220421394 107.298464593 10 0.493549837259
1140 15 0.40369088812 0.400679141581 0.0213075607015 38.8787368382 1 0.1 0.43596 0.411483253589 117.609940498 10 0.493549837259
1150 15 0.40369088812 0.40914004584 0.0350654098398 36.8851017377 1 0.1 0.39707 0.434571890145 115.177799091 10 0.493549837259
1160 15 0.40369088812 0.40932893653 0.0252519796219 34.6392763317 1 0.1 0.44061 0.454545454545 115.124648649 10 0.493549837259
1170 15 0.40369088812 0.418401202508 0.0218712218421 22.4813847024 1 0.1 0.39735 0.366386554622 112.628380888 10 0.493549837259
1180 15 0.40369088812 0.306835726238 0.0409674994889 32.4998396025 1 0.1 0.44024 0.39116202946 153.580062458 10 0.493549837259
1190 15 0.40369088812 0.388222469185 0.0195911667283 29.1995248533 1 0.1 0.41464 0.413183279743 121.383623413 10 0.493549837259
1200 15 0.40369088812 0.446145856122 0.0405169476623 36.4844562209 1 0.1 0.35516 0.433172302738 105.624314007 10 0.493549837259
1210 15 0.601891659501 0.475140456665 0.0221937069319 29.9489568094 1 0.1 0.39987 0.373553719008 99.1787782727 20 0.54593148503
1220 15 0.601891659501 0.470437331918 0.015851477855 16.7382924714 1 0.1 0.37596 0.338541666667 100.170302828 20 0.54593148503
1230 15 0.601891659501 0.517533824195 0.0262693907509 9.55353389992 1 0.1 0.42384 0.400332225914 91.0546283101 20 0.54593148503
1240 15 0.601891659501 0.478932749177 0.0225955414955 24.0474718499 1 0.1 0.36829 0.321656050955 98.3934593761 20 0.54593148503
1250 15 0.601891659501 0.490372314679 0.0350671150126 24.6018858193 1 0.1 0.43404 0.401652892562 96.0981046224 20 0.54593148503
1260 15 0.601891659501 0.545341601497 0.0320407438627 20.1234316116 1 0.1 0.41376 0.379310344828 86.4116177285 20 0.54593148503
1270 15 0.601891659501 0.393757314278 0.0279395742652 25.2245088196 1 0.1 0.38774 0.441747572816 119.677395927 20 0.54593148503
1280 15 0.601891659501 0.458321852638 0.0147381253852 38.1568459013 1 0.1 0.40661 0.372483221477 102.8182482 20 0.54593148503
1290 15 0.601891659501 0.492569211311 0.0276231390784 22.5632375767 1 0.1 0.36843 0.3856 95.6694996721 20 0.54593148503
1300 15 0.601891659501 0.410179363806 0.0415676030255 24.0130251384 1 0.1 0.40576 0.473101265823 114.885960041 20 0.54593148503
1310 15 1.18243243243 0.528289313607 0.0381683477302 13.0967873455 1 0.1 0.29433 0.29222972973 89.200838984 0 0.616807001104
1320 15 1.18243243243 0.583580877825 0.0256951622146 8.20817240945 1 0.1 0.30952 0.308072487644 80.7494758492 0 0.616807001104
1330 15 1.18243243243 0.522181060344 0.024285709922 4.43106730256 1 0.1 0.34612 0.318890814558 90.2442726838 0 0.616807001104
1340 15 1.18243243243 0.568466230602 0.0141447923866 5.24846339288 1 0.1 0.41821 0.388984509466 82.8964808519 0 0.616807001104
1350 15 1.18243243243 0.590357612368 0.0161446421557 7.88484577865 1 0.1 0.32695 0.41652892562 79.8225499472 0 0.616807001104
1360 15 1.18243243243 0.587480466064 0.022798061038 3.79277170635 1 0.1 0.37425 0.364093959732 80.2134755487 0 0.616807001104
1370 15 1.18243243243 0.582175308137 0.0174243744617 1.14775222885 1 0.1 0.39443 0.337662337662 80.9444326157 0 0.616807001104
1380 15 1.18243243243 0.549115287664 0.0278166263407 1.84055284307 1 0.1 0.39384 0.346774193548 85.8177709829 0 0.641971167248
1390 15 1.18243243243 0.533559016101 0.0295933088683 9.89601889806 1 0.1 0.49253 0.430420711974 88.3198457489 0 0.641971167248
1400 15 1.18243243243 0.608103730018 0.0253168069512 4.74449734336 1 0.1 0.43755 0.381578947368 77.493111247 0 0.641971167248
1410 15 33.3333333333 0.750759570343 0.0432875876045 0.0992096290549 1 0.1 0.7237 0.614093959732 62.7682308179 270 0.754919158594
1420 15 33.3333333333 0.745711789788 0.00161371113967 0.000941572356364 1 0.1 0.42877 0.30550918197 63.1931138079 270 0.754919158594
1430 15 33.3333333333 0.749069893753 0.00266161561896 0.00152979974634 1 0.1 0.44567 0.371575342466 62.9098170852 270 0.754919158594
1440 15 33.3333333333 0.751007632749 0.00183333504397 0.000610939174072 1 0.1 0.35267 0.35910652921 62.747498088 270 0.754919158594
1450 15 33.3333333333 0.74998565396 0.00174954595096 0.00114679989497 1 0.1 0.33221 0.354938271605 62.8330018731 270 0.754919158594
1460 15 33.3333333333 0.750432954584 0.00104270957055 0.000924353447682 1 0.1 0.37842 0.389671361502 62.7955498385 270 0.754919158594
1470 15 33.3333333333 0.74986869022 0.00149527343005 0.000957621417878 1 0.1 0.42662 0.414634146341 62.8428024994 270 0.754919158594
1480 15 33.3333333333 0.746862373701 0.00175788999602 0.00116901757677 1 0.1 0.42167 0.421138211382 63.0957612263 270 0.754919158594
1490 15 33.3333333333 0.75351577509 0.00138680621272 0.000609441036855 1 0.1 0.39468 0.372742200328 62.5386376209 270 0.754919158594
1500 15 33.3333333333 0.749970493023 0.00168906521191 0.00188198376508 1 0.1 0.38519 0.378205128205 62.8342720659 270 0.754919158594
