10 21 0.0873362445415 0.237320802945 0.0380565658303 182.516327542 3 0.1 0.44537 0.388429752066 277.992443905 100 0.355464804284
20 21 0.0873362445415 0.250327146738 0.0214898438072 72.3978031989 3 0.1 0.39473 0.349453978159 263.548683631 100 0.355464804284
30 21 0.0873362445415 0.223002044121 0.0303600103109 109.300428394 3 0.1 0.42759 0.410801963993 295.842086381 100 0.355464804284
40 21 0.0873362445415 0.246379392312 0.0318466649549 91.121939244 3 0.1 0.40466 0.3953125 267.771542826 100 0.355464804284
50 21 0.0873362445415 0.224237354347 0.026365922197 90.3539301969 3 0.1 0.40505 0.408945686901 294.212309952 100 0.355464804284
60 21 0.0873362445415 0.276245191199 0.0216182054263 60.495703212 3 0.1 0.35628 0.427184466019 238.821858631 100 0.355464804284
70 21 0.0873362445415 0.213088561325 0.0207339440392 79.5390452731 3 0.1 0.35409 0.315331010453 309.60549731 100 0.355464804284
80 21 0.0873362445415 0.271729760494 0.0229861385977 67.7056213014 3 0.1 0.39062 0.372771474878 242.79044695 100 0.355464804284
90 21 0.0873362445415 0.330277533656 0.0417005961608 59.2789413287 3 0.1 0.45781 0.440422322775 199.751370521 100 0.355464804284
100 21 0.0873362445415 0.269515150235 0.0212431032181 70.141284516 3 0.1 0.37956 0.343648208469 244.785459899 100 0.355464804284
110 21 0.0940354648039 0.223567675072 0.021309740026 88.1162364836 3 0.1 0.41105 0.436152570481 295.093599639 0 0.355464804284
120 21 0.0940354648039 0.290342384514 0.0281179591932 77.7407677466 3 0.1 0.38406 0.39373970346 227.226176814 0 0.355464804284
130 21 0.0940354648039 0.290312717028 0.0154694929023 62.6674354342 3 0.1 0.40055 0.428571428571 227.249397393 0 0.355464804284
140 21 0.0940354648039 0.244842491404 0.022322012446 64.6816754797 3 0.1 0.37638 0.413008130081 269.452371693 0 0.355464804284
150 21 0.0940354648039 0.235959758098 0.0160518529821 81.3637118666 3 0.1 0.4363 0.381729200653 279.595938442 0 0.355464804284
160 21 0.0940354648039 0.229962061972 0.0341386098023 109.887056075 3 0.1 0.38858 0.422558922559 286.888147698 0 0.355464804284
170 21 0.0940354648039 0.26104667092 0.0277183412721 66.5875277719 3 0.1 0.43612 0.413961038961 252.726417723 0 0.355464804284
180 21 0.0940354648039 0.242081324654 0.0316257079511 61.2641671522 3 0.1 0.39202 0.34223706177 272.525731153 0 0.355464804284
190 21 0.0940354648039 0.210510716681 0.0292904507164 77.051872995 3 0.1 0.43394 0.38808373591 313.396823877 0 0.355464804284
200 21 0.0940354648039 0.339462653212 0.0328853525664 49.3380554529 3 0.1 0.3856 0.386554621849 194.346533781 0 0.355464804284
210 21 0.101847810272 0.231046104758 0.0400667489604 86.4427258624 3 0.1 0.36994 0.361873990307 285.542100219 0 0.37490138837
220 21 0.101847810272 0.294382765639 0.0234756560423 66.8476941806 3 0.1 0.43648 0.425120772947 224.107514775 0 0.37490138837
230 21 0.101847810272 0.249401420714 0.020643799913 55.4186676407 3 0.1 0.3971 0.395604395604 264.526921343 0 0.37490138837
240 21 0.101847810272 0.268599203065 0.0329443353006 64.8648960943 3 0.1 0.4004 0.406611570248 245.620200087 0 0.37490138837
250 21 0.101847810272 0.257374370174 0.0520316799961 78.6744056467 3 0.1 0.37054 0.386554621849 256.33239998 0 0.37490138837
260 21 0.101847810272 0.254107899792 0.0442863541278 79.2341684625 3 0.1 0.39394 0.39905362776 259.627465553 0 0.376143565055
270 21 0.101847810272 0.276320756526 0.0364493672333 68.5262953264 3 0.1 0.43032 0.408385093168 238.756548112 0 0.376143565055
280 21 0.101847810272 0.246795863945 0.0192230506912 88.7877205587 3 0.1 0.41535 0.391096979332 267.319674428 0 0.376143565055
290 21 0.101847810272 0.257523101123 0.0216959155046 62.7503344957 3 0.1 0.39174 0.46394984326 256.184356713 0 0.376143565055
300 21 0.101847810272 0.302279950439 0.0423431543614 70.1510934033 3 0.1 0.42469 0.421647819063 218.252616173 0 0.376143565055
310 21 0.111075848937 0.267911343921 0.019493639728 69.8048218348 3 0.1 0.36812 0.416139240506 246.250826988 0 0.376143565055
320 21 0.111075848937 0.358825130693 0.0481168623255 68.2627856058 3 0.1 0.37819 0.407528641571 183.859446724 0 0.376143565055
330 21 0.111075848937 0.293374312514 0.0260328122855 68.4930389275 3 0.1 0.42349 0.369841269841 224.877868258 0 0.376143565055
340 21 0.111075848937 0.308281765903 0.027411681866 63.4559677976 3 0.1 0.37537 0.375404530744 214.003542528 0 0.376143565055
350 21 0.111075848937 0.305893272868 0.0365312661046 66.8915304702 3 0.1 0.42151 0.422776911076 215.674537009 0 0.376143565055
360 21 0.111075848937 0.337038981724 0.034059365233 51.69596354 3 0.1 0.39439 0.364069952305 195.744093643 0 0.376143565055
370 21 0.111075848937 0.269692937667 0.0507819754056 90.4116322414 3 0.1 0.38805 0.387658227848 244.624092016 0 0.433708813572
380 21 0.111075848937 0.212176273331 0.0314168601438 60.951270292 3 0.1 0.46233 0.489489489489 310.936698832 0 0.433708813572
390 21 0.111075848937 0.283647765776 0.0179901226305 57.1946136396 3 0.1 0.43977 0.425727411945 232.589140336 0 0.433708813572
400 21 0.111075848937 0.265712446641 0.0325985145776 69.1012406703 3 0.1 0.39604 0.38487394958 248.28867008 0 0.433708813572
410 21 0.122142732507 0.281917098459 0.0329943060506 76.9337162835 3 0.1 0.43884 0.407290015848 234.016987124 0 0.433708813572
420 21 0.122142732507 0.305237213977 0.0236322062389 70.717174749 3 0.1 0.42033 0.405186385737 216.138095157 0 0.433708813572
430 21 0.122142732507 0.352705850738 0.0459345953758 51.1749226252 3 0.1 0.39965 0.360065466448 187.049321303 0 0.433708813572
440 21 0.122142732507 0.275743299818 0.0240387924249 54.4808176208 3 0.1 0.4067 0.360065466448 239.256547824 0 0.433708813572
450 21 0.122142732507 0.247375037228 0.0319199309407 69.3497512918 3 0.1 0.39771 0.432558139535 266.693805241 0 0.433708813572
460 21 0.122142732507 0.292270983971 0.026906074602 61.881229273 3 0.1 0.39055 0.339285714286 225.726786504 0 0.433708813572
470 21 0.122142732507 0.298890472329 0.0125970034828 63.6726219787 3 0.1 0.45085 0.441640378549 220.727644765 0 0.433708813572
