10 21 0.0873362445415 0.281984288624 0.0543599634416 146.210070068 1 0.1 0.48735 0.357142857143 233.961226428 90 0.356482392406
20 21 0.0873362445415 0.23135690604 0.0199451272826 63.6614825819 1 0.1 0.42535 0.317073170732 285.158507387 90 0.356482392406
30 21 0.0873362445415 0.241675309104 0.0182875851493 105.204196379 1 0.1 0.412 0.342019543974 272.983575545 90 0.356482392406
40 21 0.0873362445415 0.329332200904 0.0414774776623 59.5256824688 1 0.1 0.36223 0.380726698262 200.324747531 90 0.356482392406
50 21 0.0873362445415 0.251554727021 0.0468426194659 62.167470971 1 0.1 0.40484 0.425 262.262573164 90 0.356482392406
60 21 0.0873362445415 0.248786063604 0.0198269768392 68.2829405181 1 0.1 0.35345 0.392156862745 265.181212502 90 0.356482392406
70 21 0.0873362445415 0.225350211129 0.0232486462267 74.9213948907 1 0.1 0.41786 0.456456456456 292.759388463 90 0.356482392406
80 21 0.0873362445415 0.252564061257 0.023195486217 72.5676337324 1 0.1 0.38409 0.433179723502 261.214480285 90 0.356482392406
90 21 0.0873362445415 0.265314350688 0.0265178230804 84.357689358 1 0.1 0.40337 0.363939899833 248.661219527 90 0.356482392406
100 21 0.0873362445415 0.30730905615 0.0282463479519 60.3412663405 1 0.1 0.37006 0.389694041868 214.680917076 90 0.356482392406
110 21 0.0940354648039 0.262067771045 0.0262458146033 57.8149773185 1 0.1 0.41309 0.366174055829 251.741714508 0 0.356482392406
120 21 0.0940354648039 0.23132093916 0.0341362323637 75.5224965981 1 0.1 0.41156 0.449275362319 285.202845188 0 0.356482392406
130 21 0.0940354648039 0.260804146158 0.0264023324955 58.3601759813 1 0.1 0.3821 0.413621262458 252.961430913 0 0.356482392406
140 21 0.0940354648039 0.286773307866 0.0294415531592 57.3936395572 1 0.1 0.39355 0.362229102167 230.054151451 0 0.356482392406
150 21 0.0940354648039 0.217772441454 0.0229508350758 97.2377260749 1 0.1 0.4312 0.406940063091 302.946458972 0 0.356482392406
160 21 0.0940354648039 0.215127746765 0.0279087674082 93.8032657017 1 0.1 0.39908 0.367507886435 306.670761872 0 0.356482392406
170 21 0.0940354648039 0.238069721992 0.0261896161683 85.5959224688 1 0.1 0.44831 0.410339256866 277.117936074 0 0.356482392406
180 21 0.0940354648039 0.257111987265 0.0249213840229 78.511997438 1 0.1 0.38005 0.33922829582 256.59398732 0 0.356482392406
190 21 0.0940354648039 0.223592547727 0.0221382737384 92.5728854033 1 0.1 0.4622 0.414125200642 295.060773137 0 0.356482392406
200 21 0.0940354648039 0.240345652991 0.0464959874509 81.5436002174 1 0.1 0.39583 0.364842454395 274.493793331 0 0.357394250123
210 21 0.101847810272 0.256210487174 0.0222184754482 66.7833799229 1 0.1 0.40018 0.438485804416 257.496836791 0 0.357394250123
220 21 0.101847810272 0.285837893607 0.024479808933 80.1629986949 1 0.1 0.40598 0.379018612521 230.807011511 0 0.357394250123
230 21 0.101847810272 0.271695946328 0.0270682526515 78.3965483802 1 0.1 0.37466 0.438271604938 242.820663656 0 0.357394250123
240 21 0.101847810272 0.271362692593 0.0267464318971 67.6710805527 1 0.1 0.39181 0.408653846154 243.118865639 0 0.357394250123
250 21 0.101847810272 0.264342193059 0.0296106410894 74.237806704 1 0.1 0.42945 0.347676419966 249.575708049 0 0.357394250123
260 21 0.101847810272 0.309789786051 0.0297467474572 54.5657781244 1 0.1 0.40522 0.429508196721 212.961798518 0 0.357394250123
270 21 0.101847810272 0.292544004146 0.0288881316341 50.1429549163 1 0.1 0.35609 0.402640264026 225.516124293 0 0.357394250123
280 21 0.101847810272 0.24334117051 0.0369938367109 68.6708908005 1 0.1 0.38699 0.352845528455 271.114788598 0 0.357394250123
290 21 0.101847810272 0.25688666507 0.0300323061664 81.6526738739 1 0.1 0.44153 0.401680672269 256.819052799 0 0.357394250123
300 21 0.101847810272 0.329248774217 0.0366756890832 47.7269294904 1 0.1 0.40884 0.397129186603 200.375506809 0 0.357394250123
310 21 0.111075848937 0.303003998537 0.0237209766052 63.1778682254 1 0.1 0.37076 0.351629502573 217.731087109 0 0.357394250123
320 21 0.111075848937 0.318841090271 0.027072031195 48.872745746 1 0.1 0.40692 0.41307814992 206.916210028 0 0.357394250123
330 21 0.111075848937 0.31141459699 0.0318784526419 66.5655472772 1 0.1 0.36135 0.345335515548 211.850666724 0 0.357394250123
340 21 0.111075848937 0.240436236334 0.0296296609564 86.2599847856 1 0.1 0.41432 0.4288 274.390378945 0 0.357394250123
350 21 0.111075848937 0.257903121857 0.015569312979 74.4097468658 1 0.1 0.38465 0.358490566038 255.806868583 0 0.357394250123
360 21 0.111075848937 0.295559177875 0.0241342534517 60.8790584636 1 0.1 0.40762 0.385802469136 223.21550112 0 0.357394250123
370 21 0.111075848937 0.271885062552 0.0282378311753 72.0615844063 1 0.1 0.38161 0.412238325282 242.651763876 0 0.357394250123
380 21 0.111075848937 0.23391498836 0.0388343550819 86.7615292123 1 0.1 0.44619 0.45015576324 282.04002857 0 0.357394250123
390 21 0.111075848937 0.260258458206 0.0319998132093 76.5795495678 1 0.1 0.38776 0.35379644588 253.491819074 0 0.357394250123
400 21 0.111075848937 0.227405980702 0.0288700518807 82.6330858517 1 0.1 0.42897 0.415730337079 290.112818477 0 0.357394250123
410 21 0.122142732507 0.279244634626 0.0339860740871 54.6132969819 1 0.1 0.41345 0.41935483871 236.256607359 0 0.357394250123
420 21 0.122142732507 0.285742148274 0.0327676691012 67.4952079703 1 0.1 0.39204 0.419871794872 230.884349398 0 0.357394250123
430 21 0.122142732507 0.236715862624 0.0339870781716 81.2778461957 1 0.1 0.39674 0.320132013201 278.702868784 0 0.370996133686
440 21 0.122142732507 0.259202717533 0.0173689980495 73.6572465725 1 0.1 0.48665 0.402889245586 254.524299081 0 0.370996133686
450 21 0.122142732507 0.308700284462 0.0182917913191 71.4493983166 1 0.1 0.41976 0.352941176471 213.713408509 0 0.370996133686
460 21 0.122142732507 0.244932396791 0.0331936450175 105.471574665 1 0.1 0.36725 0.331158238173 269.353465953 0 0.370996133686
470 21 0.122142732507 0.349003207332 0.03739412837 57.2764552775 1 0.1 0.43446 0.418831168831 189.033764201 0 0.370996133686
480 21 0.122142732507 0.279648059975 0.0272884634759 57.2099943454 1 0.1 0.3861 0.348949919225 235.915779305 0 0.370996133686
490 21 0.122142732507 0.251405161498 0.0247847688731 82.4920123012 1 0.1 0.41752 0.379256965944 262.418597959 0 0.370996133686
500 21 0.122142732507 0.248729939377 0.0310104592349 89.6253806562 1 0.1 0.39453 0.4368 265.241048847 0 0.370996133686
510 21 0.135658914729 0.313555845572 0.0279183444829 60.7323061743 1 0.1 0.38008 0.402280130293 210.403954931 0 0.370996133686
520 21 0.135658914729 0.2925017789 0.0191684080761 67.6995745693 1 0.1 0.42869 0.383739837398 225.54867956 0 0.370996133686
530 21 0.135658914729 0.302554078208 0.0255061585761 46.3557839111 1 0.1 0.36938 0.368078175896 218.054869366 0 0.370996133686
540 21 0.135658914729 0.272870812786 0.0464696682635 53.0436872645 1 0.1 0.39077 0.435582822086 241.775180447 0 0.379325096805
550 21 0.135658914729 0.248305556979 0.0216677060493 70.5181184599 1 0.1 0.48017 0.400313971743 265.694375923 0 0.379325096805
560 21 0.135658914729 0.342253053576 0.0362603238805 57.3781691178 1 0.1 0.4327 0.412438625205 192.762020122 0 0.379325096805
570 21 0.135658914729 0.255373316005 0.0300660832059 82.2715161302 1 0.1 0.38829 0.345360824742 258.340969339 0 0.379325096805
580 21 0.135658914729 0.248477931348 0.0245380124342 72.5438505134 1 0.1 0.44138 0.396411092985 265.510058145 0 0.379325096805
590 21 0.135658914729 0.305557618645 0.0452079267191 59.544990297 1 0.1 0.37335 0.358346094946 215.911454908 0 0.379325096805
600 21 0.135658914729 0.281755565298 0.0211538792858 72.1280079209 1 0.1 0.42864 0.470948012232 234.151151301 0 0.379325096805
610 21 0.152538679451 0.28622665129 0.0227587229487 48.9611017175 1 0.1 0.42683 0.426100628931 230.493525682 0 0.379325096805
620 21 0.152538679451 0.316527983907 0.0281796791243 57.5824209349 1 0.1 0.40234 0.397306397306 208.428301301 0 0.379325096805
630 21 0.152538679451 0.30467220006 0.0172461171302 44.9694670469 1 0.1 0.36184 0.405103668262 216.538922773 0 0.379325096805
640 21 0.152538679451 0.285614835669 0.0268702290864 49.3262571256 1 0.1 0.39637 0.383252818035 230.987265929 0 0.379325096805
650 21 0.152538679451 0.298048143221 0.0154240894645 55.5780220357 1 0.1 0.43951 0.419303797468 221.351454456 0 0.379325096805
660 21 0.152538679451 0.342638443795 0.028939075754 55.9265548552 1 0.1 0.38691 0.395498392283 192.545206747 0 0.379325096805
670 21 0.152538679451 0.280819917473 0.0337451940286 73.4063989569 1 0.1 0.44293 0.42789968652 234.931306133 0 0.379325096805
680 21 0.152538679451 0.274663425713 0.0244786315825 74.8804378779 1 0.1 0.40625 0.414125200642 240.197215296 0 0.379325096805
690 21 0.152538679451 0.286611371631 0.0170428103905 63.9730458853 1 0.1 0.35531 0.345 230.184132697 0 0.379325096805
700 21 0.152538679451 0.280978329641 0.023428481809 75.9106137792 1 0.1 0.40573 0.390092879257 234.798854717 0 0.379325096805
710 21 0.174216027875 0.341483767037 0.0268425366418 54.7160813387 1 0.1 0.39508 0.403149606299 193.196269833 0 0.385316809823
720 21 0.174216027875 0.355456853408 0.0391017068268 60.86996635 1 0.1 0.39296 0.356435643564 185.601682363 0 0.385605337109
730 21 0.174216027875 0.316250556481 0.0238579998527 65.541780265 1 0.1 0.42241 0.372197309417 208.611142804 0 0.385605337109
740 21 0.174216027875 0.309411865208 0.0250744342559 69.3416997901 1 0.1 0.4482 0.483870967742 213.221913631 0 0.385605337109
750 21 0.174216027875 0.315793980876 0.0333399215172 49.4782706004 1 0.1 0.36996 0.424764890282 208.912753236 0 0.412245183427
760 21 0.174216027875 0.306849114824 0.0214339186719 55.6146443057 1 0.1 0.42784 0.395973154362 215.002705932 0 0.412245183427
770 21 0.174216027875 0.315356367514 0.0193245027186 64.7286206474 1 0.1 0.39523 0.452269170579 209.202657045 0 0.412245183427
780 21 0.174216027875 0.310078337268 0.0216907044399 72.6584581159 1 0.1 0.43819 0.414442700157 212.763621546 0 0.412245183427
790 21 0.174216027875 0.346223156257 0.0302831224437 44.1900051539 1 0.1 0.39603 0.377516778523 190.551639333 0 0.412245183427
800 21 0.174216027875 0.350484743116 0.0296618835715 40.451494161 1 0.1 0.40546 0.362745098039 188.234698645 0 0.412245183427
810 21 0.203075137801 0.344029758262 0.0272248975756 63.8562525076 1 0.1 0.42496 0.399659863946 191.7665214 0 0.437737992592
820 21 0.203075137801 0.342908933853 0.0170494932297 58.0199045671 1 0.1 0.35368 0.355628058728 192.393325128 0 0.437737992592
830 21 0.203075137801 0.350761126348 0.0348411580479 64.3066027209 1 0.1 0.40751 0.407407407407 188.086378576 0 0.437737992592
840 21 0.203075137801 0.313735712732 0.0248818000061 58.2025618914 1 0.1 0.36703 0.399323181049 210.283328683 0 0.437737992592
850 21 0.203075137801 0.323616174272 0.0278998271348 57.5588290034 1 0.1 0.44173 0.506369426752 203.863079923 0 0.437737992592
860 21 0.203075137801 0.304552099869 0.0397674204534 78.9946426417 1 0.1 0.39795 0.422712933754 216.624314947 0 0.437737992592
870 21 0.203075137801 0.35049046875 0.0284699327599 45.5872622323 1 0.1 0.44173 0.386473429952 188.231623631 0 0.437737992592
880 21 0.203075137801 0.354598070399 0.0199991620938 55.6860103822 1 0.1 0.37294 0.387043189369 186.051181626 0 0.437737992592
890 21 0.203075137801 0.398623366743 0.0282907896773 56.2670287993 1 0.1 0.42846 0.461419753086 165.503067567 0 0.437737992592
900 21 0.203075137801 0.305123761454 0.0333201334258 53.9096073159 1 0.1 0.38751 0.433386837881 216.21846062 0 0.437737992592
910 21 0.243393602225 0.384155032825 0.0167382376587 51.1683964928 1 0.1 0.38574 0.365539452496 171.736367775 0 0.437737992592
920 21 0.243393602225 0.377566906338 0.0270659169274 58.7277321721 1 0.1 0.40308 0.412037037037 174.732978162 0 0.437737992592
930 21 0.243393602225 0.329883428552 0.0157875957169 64.124963899 1 0.1 0.38389 0.365054602184 199.99000947 0 0.437737992592
940 21 0.243393602225 0.365035119508 0.0178940618965 32.7468292452 1 0.1 0.36972 0.372611464968 180.731624094 0 0.437737992592
950 21 0.243393602225 0.351728620601 0.0293571316069 65.5144893873 1 0.1 0.4222 0.392857142857 187.569012403 0 0.437737992592
960 21 0.243393602225 0.345622934209 0.0251874775061 52.6287641759 1 0.1 0.40561 0.44952681388 190.882558621 0 0.437737992592
970 21 0.243393602225 0.369432018154 0.0486322529233 46.4359131929 1 0.1 0.36483 0.434645669291 178.580596045 0 0.451094476224
980 21 0.243393602225 0.319279815905 0.0400460008835 45.0129793266 1 0.1 0.38069 0.365079365079 206.631884364 0 0.461579533842
990 21 0.243393602225 0.349213580747 0.0179902910352 44.9617385652 1 0.1 0.47157 0.445669291339 188.919886388 0 0.461579533842
1000 21 0.243393602225 0.407375271556 0.0297860073528 48.1414551656 1 0.1 0.41955 0.37925445705 161.947458784 0 0.461579533842
1010 21 0.303687635575 0.379549136452 0.0144678054279 52.9662459331 1 0.1 0.37583 0.353820598007 173.820419186 0 0.461579533842
1020 21 0.303687635575 0.395504504988 0.0167102183681 41.1841633414 1 0.1 0.40903 0.373786407767 166.808188448 0 0.461579533842
1030 21 0.303687635575 0.39742997979 0.0275332166192 40.8276950936 1 0.1 0.37605 0.382594417077 166.000033603 0 0.461579533842
1040 21 0.303687635575 0.366807019706 0.0251477907028 52.0147269691 1 0.1 0.41579 0.414239482201 179.858580823 0 0.461579533842
1050 21 0.303687635575 0.387823054904 0.018088570565 34.3999599864 1 0.1 0.39863 0.386398763524 170.112088917 0 0.461579533842
1060 21 0.303687635575 0.394530785615 0.0312551086309 36.2579369759 1 0.1 0.41982 0.411023622047 167.219878411 0 0.461579533842
1070 21 0.303687635575 0.394910062022 0.0243059278667 36.8487601146 1 0.1 0.34762 0.355817875211 167.059278414 0 0.462064624995
1080 21 0.303687635575 0.356140306555 0.0323243961694 45.1762251356 1 0.1 0.4271 0.421800947867 185.245502365 0 0.462064624995
1090 21 0.303687635575 0.361165841396 0.0359397209007 53.7406814501 1 0.1 0.37392 0.379573170732 182.667856254 0 0.46420348438
1100 21 0.303687635575 0.412283222691 0.0192105634458 34.2461985445 1 0.1 0.43955 0.468797564688 160.019584521 0 0.46420348438
1110 21 0.40369088812 0.402135918987 0.0202371124646 52.9084584651 1 0.1 0.38834 0.340460526316 164.05744149 0 0.46420348438
1120 21 0.40369088812 0.459001130346 0.0239722745017 40.2746744889 1 0.1 0.42591 0.369458128079 143.732521857 0 0.46420348438
1130 21 0.40369088812 0.464066381842 0.0253434875719 46.8751412149 1 0.1 0.3633 0.373417721519 142.163691621 0 0.479698378493
1140 21 0.40369088812 0.422023374252 0.0339475067283 43.5839603629 1 0.1 0.41529 0.432137285491 156.326388596 0 0.479698378493
1150 21 0.40369088812 0.40858852131 0.0299327496696 42.5134797392 1 0.1 0.37854 0.380216383308 161.466577153 0 0.479961193767
1160 21 0.40369088812 0.434344016988 0.0218217410928 37.4044221484 1 0.1 0.4027 0.425396825397 151.892019735 0 0.487308271131
1170 21 0.40369088812 0.376171373569 0.0315189168425 53.7862115204 1 0.1 0.38818 0.415384615385 175.381208235 0 0.487308271131
1180 21 0.40369088812 0.476944981191 0.0402152005452 36.3278993168 1 0.1 0.39692 0.360446570973 138.324948583 0 0.514258897415
1190 21 0.40369088812 0.470535980572 0.0310234906014 34.4655151812 1 0.1 0.42423 0.398073836276 140.20902274 0 0.514258897415
1200 21 0.40369088812 0.42483111454 0.0331086479761 39.2656906183 1 0.1 0.43262 0.4496 155.293215921 0 0.514258897415
1210 21 0.601891659501 0.508276657552 0.0254392481538 28.9464642346 1 0.1 0.38339 0.372357723577 129.798189666 0 0.529321408865
1220 21 0.601891659501 0.479952932539 0.0249934292752 21.0035499242 1 0.1 0.37654 0.382775119617 137.458041252 0 0.550536565789
1230 21 0.601891659501 0.468960163058 0.0162088955174 30.802973745 1 0.1 0.45145 0.451768488746 140.680158352 0 0.550536565789
1240 21 0.601891659501 0.469547432649 0.0255525805347 26.7241327935 1 0.1 0.42068 0.3875 140.504207696 0 0.550536565789
1250 21 0.601891659501 0.475323675108 0.0335061915118 33.6884276178 1 0.1 0.37354 0.437788018433 138.796768297 0 0.550536565789
1260 21 0.601891659501 0.471334243226 0.0181915417922 23.1271123535 1 0.1 0.38892 0.355218855219 139.971561473 0 0.550536565789
1270 21 0.601891659501 0.495723343417 0.0241696330859 18.8382471091 1 0.1 0.4165 0.445151033386 133.085098525 0 0.550536565789
1280 21 0.601891659501 0.526677876319 0.0267978472596 20.4502895058 1 0.1 0.39306 0.35 125.263264258 0 0.550536565789
1290 21 0.601891659501 0.491029974939 0.0238114615415 26.4639892638 1 0.1 0.43401 0.392568659128 134.357154078 0 0.550536565789
1300 21 0.601891659501 0.498735967006 0.0234319326075 40.9184867276 1 0.1 0.43816 0.4859375 132.281195591 0 0.550536565789
1310 21 1.18243243243 0.601689354132 0.0264623296415 9.82047366921 1 0.1 0.36116 0.366612111293 109.646929179 20 0.611246136686
1320 21 1.18243243243 0.558295057377 0.0104943653881 9.96991500552 1 0.1 0.37826 0.380165289256 118.169396502 20 0.611246136686
1330 21 1.18243243243 0.562271944405 0.0124652454268 5.08630251645 1 0.1 0.38294 0.359477124183 117.333597482 20 0.611246136686
1340 21 1.18243243243 0.600187764753 0.0297265178528 4.40166441282 1 0.1 0.41939 0.388714733542 109.921251106 20 0.625156730678
1350 21 1.18243243243 0.581382963178 0.0254612390272 4.24893897792 1 0.1 0.36804 0.41204437401 113.476648231 20 0.634203132764
1360 21 1.18243243243 0.580928669603 0.0153129372126 7.86278203226 1 0.1 0.46811 0.406885758998 113.565388407 20 0.634203132764
1370 21 1.18243243243 0.561807960192 0.0163356644079 10.0333781115 1 0.1 0.40865 0.336477987421 117.430500589 20 0.634203132764
1380 21 1.18243243243 0.567325347174 0.0284426314885 6.843928058 1 0.1 0.40591 0.411949685535 116.28845834 20 0.634203132764
1390 21 1.18243243243 0.574773370955 0.0165061143205 3.70069823868 1 0.1 0.34331 0.401960784314 114.781570152 20 0.634203132764
1400 21 1.18243243243 0.585718586996 0.0152136354059 6.736685066 1 0.1 0.36567 0.354026845638 112.636667957 20 0.634203132764
1410 21 33.3333333333 0.730639581152 0.0420032901436 0.168490804447 1 0.1 0.80119 0.710571923744 90.2953955711 280 0.748094288858
1420 21 33.3333333333 0.746600332802 0.00304021862787 0.0136701176155 1 0.1 0.41031 0.304647160069 88.3650691024 280 0.748094288858
1430 21 33.3333333333 0.746101250816 0.000803670794856 0.00310498657504 1 0.1 0.29367 0.259380097879 88.4241782571 280 0.748094288858
1440 21 33.3333333333 0.743963834108 0.000600848347373 0.00747898263801 1 0.1 0.37292 0.323679727428 88.6782219448 280 0.748094288858
1450 21 33.3333333333 0.743349877531 0.00109250901542 0.00598294411007 1 0.1 0.42911 0.391089108911 88.7514641411 280 0.748094288858
1460 21 33.3333333333 0.744627359324 0.00107203387098 0.00609852340782 1 0.1 0.39028 0.377742946708 88.5992022371 280 0.748094288858
1470 21 33.3333333333 0.745977334185 0.00129535267143 0.00493314147727 1 0.1 0.39261 0.438271604938 88.4388666743 280 0.748094288858
1480 21 33.3333333333 0.74475646479 0.00146669250669 0.00242234623754 1 0.1 0.42518 0.364928909953 88.5838433354 280 0.748094288858
1490 21 33.3333333333 0.745515284243 0.000693298494471 0.00408202348077 1 0.1 0.37783 0.448 88.4936786601 280 0.748094288858
1500 21 33.3333333333 0.744155618684 0.00112240447971 0.00160942236286 1 0.1 0.43108 0.441497659906 88.6553676994 280 0.748094288858
