117.948932965,459.408818664,30.7081366974,0.0
280.51434902,406.398313944,30.7081366974,0.0
157.075935242,294.706687712,30.7081366974,0.0
242.385517705,205.506101469,30.7081366974,0.0
188.831940041,173.773673579,30.7081366974,0.0
93.8379239893,286.08611179,30.7081366974,0.0
398.31059058,248.266289487,30.7081366974,0.0
38.0668731011,256.754104052,30.7081366974,0.0
333.709227279,473.728474804,30.7081366974,0.0
394.670918598,38.8234580465,30.7081366974,0.0
233.287357529,447.986780347,30.7081366974,0.0
281.764823295,36.8415329558,30.7081366974,0.0
458.394586986,416.001251999,30.7081366974,0.0
268.040426036,321.411465904,30.7081366974,0.0
105.857330916,81.0120916988,30.7081366974,0.0
456.261385064,124.059297708,30.7081366974,0.0
334.370330312,228.282485556,30.7081366974,0.0
295.466432148,133.711104371,30.7081366974,0.0
363.930810375,384.108600247,30.7081366974,0.0
164.408823984,116.048812941,30.7081366974,0.0
415.687238564,312.863174753,30.7081366974,0.0
@ 10 10 0.0873362445415 0.237320802945
472.101660252,370.446459549,31.5383911617,0.0
152.709454655,475.047128739,31.5383911617,0.0
42.8473188889,53.5780302396,31.5383911617,0.0
113.535644564,43.1776265214,31.5383911617,0.0
223.440092412,344.649636637,31.5383911617,0.0
299.895014847,266.703309094,31.5383911617,0.0
114.909094298,354.737162366,31.5383911617,0.0
281.241508028,134.560484121,31.5383911617,0.0
139.488728643,199.901812241,31.5383911617,0.0
426.297950179,285.350720377,31.5383911617,0.0
452.52806814,467.733495824,31.5383911617,0.0
170.113699126,409.930509496,31.5383911617,0.0
43.6632566324,321.153637571,31.5383911617,0.0
349.301401715,348.942661831,31.5383911617,0.0
437.603824946,40.236678686,31.5383911617,0.0
36.4979908819,176.176459933,31.5383911617,0.0
296.842149771,425.481490305,31.5383911617,0.0
120.438374504,263.058112162,31.5383911617,0.0
362.408342707,458.691237752,31.5383911617,0.0
199.743552342,37.0350425979,31.5383911617,0.0
224.90703633,194.26530316,31.5383911617,0.0
@ 20 10 0.0873362445415 0.250327146738
140.614176899,418.774656256,29.7673368951,0.0
319.068912252,164.25358049,29.7673368951,0.0
364.482359369,320.813218441,29.7673368951,0.0
76.6411257218,278.11662471,29.7673368951,0.0
58.159601255,437.263406313,29.7673368951,0.0
292.33622017,434.993742541,29.7673368951,0.0
474.824987516,301.533152059,29.7673368951,0.0
94.6078834645,134.536471015,29.7673368951,0.0
305.74155367,360.774242747,29.7673368951,0.0
91.5970003001,370.260804651,29.7673368951,0.0
239.315063113,238.139864966,29.7673368951,0.0
409.726861104,481.558355084,29.7673368951,0.0
413.08735111,114.566250134,29.7673368951,0.0
53.9599903752,208.431082023,29.7673368951,0.0
46.2432510482,50.5522254892,29.7673368951,0.0
451.845011911,413.313962818,29.7673368951,0.0
223.534979778,371.754478058,29.7673368951,0.0
116.43592233,40.2545333159,29.7673368951,0.0
300.048644105,267.585918442,29.7673368951,0.0
348.344123407,461.741400575,29.7673368951,0.0
300.80516323,32.0387903416,29.7673368951,0.0
@ 30 10 0.0873362445415 0.223002044121
417.354006594,96.3491619751,31.2887166653,0.0
419.964331272,433.289659886,31.2887166653,0.0
75.5971904675,313.891214588,31.2887166653,0.0
31.7712953037,453.543990754,31.2887166653,0.0
127.361563736,370.943310361,31.2887166653,0.0
356.52274654,144.975859275,31.2887166653,0.0
93.323317917,97.8194914924,31.2887166653,0.0
99.3181511066,34.0776680276,31.2887166653,0.0
151.554634486,263.448309161,31.2887166653,0.0
455.491614194,37.2011851137,31.2887166653,0.0
239.448655703,334.861748391,31.2887166653,0.0
233.753273452,51.8641699417,31.2887166653,0.0
298.457927638,211.365848927,31.2887166653,0.0
343.249263554,68.0418953545,31.2887166653,0.0
258.895933414,157.101688123,31.2887166653,0.0
182.273977825,92.4539197689,31.2887166653,0.0
379.740002719,383.845703827,31.2887166653,0.0
312.728921766,438.201850912,31.2887166653,0.0
91.8594080271,207.588067157,31.2887166653,0.0
190.795024526,456.759326297,31.2887166653,0.0
455.000438314,182.763513817,31.2887166653,0.0
@ 40 10 0.0873362445415 0.246379392312
148.276898966,389.838520155,29.8496704726,0.0
243.980518981,122.170380759,29.8496704726,0.0
112.739812141,205.811540434,29.8496704726,0.0
168.535112295,90.5628328192,29.8496704726,0.0
30.5014195006,83.3402325703,29.8496704726,0.0
471.863245388,328.270323018,29.8496704726,0.0
459.020885745,445.070726875,29.8496704726,0.0
37.2331073186,158.656014441,29.8496704726,0.0
333.620089546,106.753542191,29.8496704726,0.0
160.263581078,248.489104748,29.8496704726,0.0
422.385104874,251.21706536,29.8496704726,0.0
414.888990023,161.380773998,29.8496704726,0.0
454.017769683,110.48355872,29.8496704726,0.0
108.929666917,325.471715002,29.8496704726,0.0
30.4003857887,312.810847638,29.8496704726,0.0
241.234427221,271.872016662,29.8496704726,0.0
191.851052996,339.300559944,29.8496704726,0.0
249.776325423,470.457198159,29.8496704726,0.0
338.705104295,247.317536101,29.8496704726,0.0
412.290612552,348.943239305,29.8496704726,0.0
111.259081614,137.873388202,29.8496704726,0.0
@ 50 10 0.0873362445415 0.224237354347
134.728628766,39.0338577089,33.1308763799,0.0
404.781754568,366.148160106,33.1308763799,0.0
307.246885685,269.712189102,33.1308763799,0.0
147.337234526,106.126539339,33.1308763799,0.0
272.306830956,351.398026995,33.1308763799,0.0
419.222307971,454.017312233,33.1308763799,0.0
343.334880717,124.817078147,33.1308763799,0.0
287.272286112,66.0289382611,33.1308763799,0.0
440.575226214,310.287982451,33.1308763799,0.0
448.986939361,235.076087344,33.1308763799,0.0
213.301580979,136.101590209,33.1308763799,0.0
260.848101939,187.255548181,33.1308763799,0.0
55.3948937976,141.712809744,33.1308763799,0.0
178.202557774,210.568429508,33.1308763799,0.0
65.9486478704,390.892485146,33.1308763799,0.0
98.5049513535,456.775350832,33.1308763799,0.0
345.515026345,412.528873957,33.1308763799,0.0
119.890976631,346.767590361,33.1308763799,0.0
222.050052196,404.953458091,33.1308763799,0.0
55.6401673641,214.587215903,33.1308763799,0.0
430.979330389,86.5292086049,33.1308763799,0.0
@ 60 10 0.0873362445415 0.276245191199
449.417101671,181.667478261,29.0981668159,0.0
374.434580839,355.167426456,29.0981668159,0.0
339.975660995,149.964330428,29.0981668159,0.0
330.427224519,78.6686835592,29.0981668159,0.0
173.409454417,334.167996626,29.0981668159,0.0
286.769006626,223.721046812,29.0981668159,0.0
53.8276575231,347.902290782,29.0981668159,0.0
107.506656426,129.541676018,29.0981668159,0.0
464.707714889,250.385994641,29.0981668159,0.0
425.587554131,413.297054573,29.0981668159,0.0
105.537843341,303.328098535,29.0981668159,0.0
171.134739153,30.0916342593,29.0981668159,0.0
453.30044407,310.804672632,29.0981668159,0.0
450.681477368,113.693985969,29.0981668159,0.0
143.127069234,195.894494252,29.0981668159,0.0
182.591417491,124.807353188,29.0981668159,0.0
213.841156915,408.159564842,29.0981668159,0.0
398.474266294,229.391176395,29.0981668159,0.0
285.373699354,31.782160641,29.0981668159,0.0
265.294821186,378.995975378,29.0981668159,0.0
311.503039712,426.667194823,29.0981668159,0.0
@ 70 10 0.0873362445415 0.213088561325
51.9265638605,351.254645022,32.8589864784,0.0
375.519605733,355.304145642,32.8589864784,0.0
190.115040088,449.797709274,32.8589864784,0.0
337.763171873,165.350885881,32.8589864784,0.0
63.1062993969,476.551619542,32.8589864784,0.0
395.076190837,39.6646407029,32.8589864784,0.0
66.9259516359,259.545874769,32.8589864784,0.0
416.288743044,190.403606557,32.8589864784,0.0
363.612689092,437.529579868,32.8589864784,0.0
73.514860889,162.895785481,32.8589864784,0.0
100.20949702,66.2321931455,32.8589864784,0.0
475.462495565,271.135549921,32.8589864784,0.0
134.717606248,260.710097566,32.8589864784,0.0
451.704779765,342.429967803,32.8589864784,0.0
327.65856242,42.5012090433,32.8589864784,0.0
165.148691145,359.529859246,32.8589864784,0.0
283.837086638,411.76362224,32.8589864784,0.0
275.510013887,126.149391302,32.8589864784,0.0
288.237136813,221.877139904,32.8589864784,0.0
479.055279433,60.3647502465,32.8589864784,0.0
154.026861404,116.224711378,32.8589864784,0.0
@ 80 10 0.0873362445415 0.271729760494
433.070895051,170.431922409,36.2263915714,0.0
246.338682553,315.712362479,36.2263915714,0.0
41.0970842743,333.430667284,36.2263915714,0.0
447.256581263,430.932784151,36.2263915714,0.0
394.003192287,351.517104283,36.2263915714,0.0
341.174886874,270.432938096,36.2263915714,0.0
167.005116168,450.951840577,36.2263915714,0.0
77.8240034829,461.800134203,36.2263915714,0.0
181.569632855,363.736359243,36.2263915714,0.0
217.18389847,106.481776337,36.2263915714,0.0
161.267368552,248.957199012,36.2263915714,0.0
352.160889976,168.455478066,36.2263915714,0.0
286.679081721,40.462066532,36.2263915714,0.0
215.604165382,179.582007363,36.2263915714,0.0
124.713580967,55.637527087,36.2263915714,0.0
243.742611104,473.484651116,36.2263915714,0.0
289.999070888,380.709486556,36.2263915714,0.0
67.9323217423,163.765997413,36.2263915714,0.0
39.6878834978,48.1371388506,36.2263915714,0.0
99.045238177,384.375899099,36.2263915714,0.0
372.682877067,474.997740225,36.2263915714,0.0
@ 90 10 0.0873362445415 0.330277533656
185.280470199,159.25587423,32.7248113974,0.0
43.186402859,220.868138631,32.7248113974,0.0
60.2673474668,442.793175728,32.7248113974,0.0
211.557577241,347.646315418,32.7248113974,0.0
133.104340547,434.683390122,32.7248113974,0.0
390.208478965,323.220574823,32.7248113974,0.0
264.173087822,101.096810808,32.7248113974,0.0
227.559781368,249.410634317,32.7248113974,0.0
251.064682446,34.8975341295,32.7248113974,0.0
201.679410723,428.923065679,32.7248113974,0.0
443.548886626,111.201192958,32.7248113974,0.0
343.665936034,78.8465123452,32.7248113974,0.0
271.960693544,467.068061922,32.7248113974,0.0
401.897666384,427.50379514,32.7248113974,0.0
283.166362747,402.311764357,32.7248113974,0.0
130.880004689,96.8920586979,32.7248113974,0.0
282.76813619,327.547415733,32.7248113974,0.0
79.6488427983,44.4181407276,32.7248113974,0.0
407.438189762,183.891373857,32.7248113974,0.0
153.321785589,304.624042671,32.7248113974,0.0
459.062179946,328.701284547,32.7248113974,0.0
@ 100 10 0.0873362445415 0.269515150235
143.408266767,370.270500203,29.8050644952,0.0
302.446164777,170.919491771,29.8050644952,0.0
99.9989692334,239.559110455,29.8050644952,0.0
34.1700126025,68.2302767192,29.8050644952,0.0
222.887015879,218.099671636,29.8050644952,0.0
84.3005556347,474.840310885,29.8050644952,0.0
414.633903556,193.138543371,29.8050644952,0.0
384.147276476,269.099426559,29.8050644952,0.0
285.444422118,438.059663211,29.8050644952,0.0
80.9824373201,142.235603455,29.8050644952,0.0
428.031134314,323.31418105,29.8050644952,0.0
132.600121458,305.793105258,29.8050644952,0.0
326.640285383,39.8644547199,29.8050644952,0.0
230.292918736,476.063174959,29.8050644952,0.0
470.505419576,277.97821744,29.8050644952,0.0
374.589387164,371.633206707,29.8050644952,0.0
164.452705999,453.298978249,29.8050644952,0.0
47.96761422,300.853202682,29.8050644952,0.0
164.029552819,113.351837297,29.8050644952,0.0
250.72694608,379.753181292,29.8050644952,0.0
170.501764202,38.5939922145,29.8050644952,0.0
@ 110 10 0.0940354648039 0.223567675072
288.256450024,430.542254795,33.9657164947,0.0
145.760113394,457.574640618,33.9657164947,0.0
242.447945958,330.935550298,33.9657164947,0.0
60.8574953149,432.438015232,33.9657164947,0.0
388.467063033,214.72123253,33.9657164947,0.0
475.947706351,69.9596310691,33.9657164947,0.0
333.792542397,260.349494479,33.9657164947,0.0
362.535650371,470.053600601,33.9657164947,0.0
90.0501339123,49.2551080831,33.9657164947,0.0
257.492159216,232.006066029,33.9657164947,0.0
144.453158725,212.81930995,33.9657164947,0.0
449.271283132,263.438985687,33.9657164947,0.0
396.299423634,104.187361278,33.9657164947,0.0
215.967390342,41.8831339884,33.9657164947,0.0
447.982469163,336.95185452,33.9657164947,0.0
161.057123458,142.118666392,33.9657164947,0.0
44.3104117659,363.07847924,33.9657164947,0.0
346.362093755,45.2158236771,33.9657164947,0.0
453.007281311,177.095021423,33.9657164947,0.0
66.0236218637,191.44004428,33.9657164947,0.0
369.670119984,349.142323963,33.9657164947,0.0
@ 120 10 0.0940354648039 0.290342384514
145.895698647,36.3609437785,33.9639811243,0.0
455.126324216,298.315182292,33.9639811243,0.0
233.429002502,183.508267013,33.9639811243,0.0
288.353960322,95.0731829782,33.9639811243,0.0
452.482274325,84.0830802077,33.9639811243,0.0
285.907845333,232.783126273,33.9639811243,0.0
390.08974366,433.877970813,33.9639811243,0.0
385.227295205,257.993928839,33.9639811243,0.0
419.89911982,146.680489312,33.9639811243,0.0
187.905852771,402.59374711,33.9639811243,0.0
170.11199849,126.601490247,33.9639811243,0.0
163.937729933,211.479703245,33.9639811243,0.0
230.773470777,296.442023624,33.9639811243,0.0
72.5669322372,44.0904390757,33.9639811243,0.0
470.145427822,391.456034592,33.9639811243,0.0
290.961796073,468.849788892,33.9639811243,0.0
44.028517908,362.024407424,33.9639811243,0.0
44.4299267172,167.096761234,33.9639811243,0.0
89.4717975501,251.840816671,33.9639811243,0.0
63.8644936259,457.917128918,33.9639811243,0.0
335.312695469,34.4776931704,33.9639811243,0.0
@ 130 10 0.0940354648039 0.290312717028
44.0601047826,238.046682318,31.1909753659,0.0
399.918859171,249.412805099,31.1909753659,0.0
91.3893581422,371.179546426,31.1909753659,0.0
162.815531772,351.925097016,31.1909753659,0.0
412.308191023,45.3611742648,31.1909753659,0.0
140.086548462,44.9434898478,31.1909753659,0.0
222.849978638,237.158186203,31.1909753659,0.0
351.038942289,433.408423851,31.1909753659,0.0
462.108019509,121.299576778,31.1909753659,0.0
206.451324661,476.82854649,31.1909753659,0.0
258.748258003,109.05156578,31.1909753659,0.0
400.14953414,382.779002965,31.1909753659,0.0
325.8326514,208.715461282,31.1909753659,0.0
91.8883604341,293.94337256,31.1909753659,0.0
115.089807861,115.05637253,31.1909753659,0.0
340.477222729,125.758185351,31.1909753659,0.0
348.124299641,43.9906959125,31.1909753659,0.0
36.6662563211,105.540545224,31.1909753659,0.0
461.588241697,274.602242401,31.1909753659,0.0
301.401448063,476.012873677,31.1909753659,0.0
296.084621191,301.125337527,31.1909753659,0.0
@ 140 10 0.0940354648039 0.244842491404
184.710887766,424.282816082,30.6199538508,0.0
164.141397154,183.792416506,30.6199538508,0.0
443.130659769,403.070364007,30.6199538508,0.0
345.893243861,168.605592615,30.6199538508,0.0
215.206437589,67.3175508331,30.6199538508,0.0
50.8424032969,146.999381415,30.6199538508,0.0
336.019467757,419.135914059,30.6199538508,0.0
119.051426539,232.84008321,30.6199538508,0.0
32.5672416876,478.761585737,30.6199538508,0.0
251.553450273,170.96165634,30.6199538508,0.0
286.611412331,66.4603941087,30.6199538508,0.0
223.28553098,230.172849585,30.6199538508,0.0
452.040526242,63.2975650117,30.6199538508,0.0
436.412241921,251.890568366,30.6199538508,0.0
278.907816943,269.564351159,30.6199538508,0.0
339.759666894,102.404190193,30.6199538508,0.0
270.209512417,383.019639355,30.6199538508,0.0
141.617170559,314.468790355,30.6199538508,0.0
407.664258015,174.954217814,30.6199538508,0.0
476.593043307,160.196720781,30.6199538508,0.0
61.4021091388,77.0028049012,30.6199538508,0.0
@ 150 10 0.0940354648039 0.235959758098
449.023055057,417.261902868,30.2282954082,0.0
443.528305279,60.6570729303,30.2282954082,0.0
291.749562727,288.678424546,30.2282954082,0.0
120.881284752,350.974783241,30.2282954082,0.0
430.158681215,184.305647486,30.2282954082,0.0
224.082576191,214.231090845,30.2282954082,0.0
158.698498592,45.9479486386,30.2282954082,0.0
274.028048674,409.619478319,30.2282954082,0.0
365.588290681,41.2102587942,30.2282954082,0.0
312.715288852,208.162464976,30.2282954082,0.0
368.623160103,418.814082881,30.2282954082,0.0
280.605809109,71.5289330383,30.2282954082,0.0
101.262965469,117.445977429,30.2282954082,0.0
138.519169917,246.740345075,30.2282954082,0.0
84.8848319729,57.8328877857,30.2282954082,0.0
222.057781819,279.851710062,30.2282954082,0.0
181.162817149,152.682081154,30.2282954082,0.0
393.313943836,303.997413464,30.2282954082,0.0
164.624272855,460.623246053,30.2282954082,0.0
48.8512879433,354.108645279,30.2282954082,0.0
479.258974941,265.441974897,30.2282954082,0.0
@ 160 10 0.0940354648039 0.229962061972
125.057130794,426.586677498,32.2065822594,0.0
163.521561789,135.750280428,32.2065822594,0.0
438.571926328,312.412528488,32.2065822594,0.0
286.47627931,158.584623513,32.2065822594,0.0
427.441507391,92.4616724103,32.2065822594,0.0
302.762117071,67.3581421335,32.2065822594,0.0
78.0303422289,162.857613693,32.2065822594,0.0
309.410088351,218.966969289,32.2065822594,0.0
405.82374694,475.312609315,32.2065822594,0.0
32.8914029024,402.98588257,32.2065822594,0.0
385.784363836,202.869041663,32.2065822594,0.0
181.880723906,213.455981666,32.2065822594,0.0
215.067530627,423.115705566,32.2065822594,0.0
247.707546344,343.908380703,32.2065822594,0.0
161.03142513,291.517089785,32.2065822594,0.0
451.687204606,205.981684964,32.2065822594,0.0
477.420283206,445.214592948,32.2065822594,0.0
98.3323521535,99.7246400915,32.2065822594,0.0
300.772409982,419.510248883,32.2065822594,0.0
42.4405607544,231.885845622,32.2065822594,0.0
155.56684673,361.762783595,32.2065822594,0.0
@ 170 10 0.0940354648039 0.26104667092
253.035186319,447.816396887,31.0146014184,0.0
77.7992754167,145.7264315,31.0146014184,0.0
409.881412683,218.158789802,31.0146014184,0.0
169.001833751,471.657022597,31.0146014184,0.0
315.406002326,87.1103237252,31.0146014184,0.0
441.903670115,43.7417170721,31.0146014184,0.0
147.900929285,344.3864912,31.0146014184,0.0
266.572416998,154.557738971,31.0146014184,0.0
76.4740685319,368.613735015,31.0146014184,0.0
474.260917262,437.375668524,31.0146014184,0.0
362.744880157,349.904840969,31.0146014184,0.0
472.765329869,308.681824422,31.0146014184,0.0
232.07675274,83.5872958279,31.0146014184,0.0
85.5311920117,39.6931805658,31.0146014184,0.0
134.71070691,194.842310043,31.0146014184,0.0
457.262759563,154.70484886,31.0146014184,0.0
311.32679287,221.846017737,31.0146014184,0.0
412.644419101,402.841979349,31.0146014184,0.0
294.525423113,320.290415016,31.0146014184,0.0
133.029431617,410.007352033,31.0146014184,0.0
54.4263671431,453.570031202,31.0146014184,0.0
@ 180 10 0.0940354648039 0.242081324654
87.8388863732,315.811218913,28.9216233257,0.0
125.348160615,91.5779004748,28.9216233257,0.0
411.073883056,398.536704931,28.9216233257,0.0
420.441704786,44.5613712402,28.9216233257,0.0
251.044966211,69.019432603,28.9216233257,0.0
339.140412254,300.338832125,28.9216233257,0.0
197.042224373,320.977686193,28.9216233257,0.0
415.247883126,251.314777185,28.9216233257,0.0
442.193273608,111.845879936,28.9216233257,0.0
482.514247433,261.922885565,28.9216233257,0.0
352.429576409,196.620592907,28.9216233257,0.0
236.870387125,201.985743169,28.9216233257,0.0
75.4229306193,229.581735082,28.9216233257,0.0
299.373251963,350.805750415,28.9216233257,0.0
167.876047458,458.822974595,28.9216233257,0.0
74.6872824603,35.6377965807,28.9216233257,0.0
438.187014914,313.292076083,28.9216233257,0.0
481.177663692,407.461583142,28.9216233257,0.0
345.948441961,132.513262321,28.9216233257,0.0
42.473119512,463.135653671,28.9216233257,0.0
277.921105398,250.665302141,28.9216233257,0.0
@ 190 10 0.0940354648039 0.210510716681
233.751633569,119.369739992,36.7266707271,0.0
48.1530493469,241.051231262,36.7266707271,0.0
67.031641689,42.589522091,36.7266707271,0.0
163.123465216,153.178131939,36.7266707271,0.0
464.38930885,443.019047312,36.7266707271,0.0
444.480634092,202.467857953,36.7266707271,0.0
183.525003143,272.9618337,36.7266707271,0.0
383.161427508,379.356408982,36.7266707271,0.0
472.396380319,114.644788506,36.7266707271,0.0
37.3634933994,470.998007864,36.7266707271,0.0
267.9411035,227.266102581,36.7266707271,0.0
435.20802413,310.098413731,36.7266707271,0.0
54.8142305392,133.035846125,36.7266707271,0.0
337.389319571,40.603778623,36.7266707271,0.0
171.11160751,446.628099149,36.7266707271,0.0
138.640219264,61.9473655217,36.7266707271,0.0
322.517565581,116.978171156,36.7266707271,0.0
118.320740297,216.565831571,36.7266707271,0.0
293.455028933,400.147257617,36.7266707271,0.0
80.740187718,309.827958389,36.7266707271,0.0
399.948146841,142.097690669,36.7266707271,0.0
@ 200 10 0.0940354648039 0.339462653212
418.228449174,220.67624628,30.2994598385,0.0
35.1846673895,58.6090252651,30.2994598385,0.0
362.166186265,403.974251284,30.2994598385,0.0
286.233806601,124.382786962,30.2994598385,0.0
90.150251917,104.916151775,30.2994598385,0.0
260.558367155,433.754478378,30.2994598385,0.0
258.48565937,310.162302273,30.2994598385,0.0
196.079677651,205.088161379,30.2994598385,0.0
413.915354197,281.865828043,30.2994598385,0.0
111.888432182,164.430187302,30.2994598385,0.0
341.156963539,155.615444605,30.2994598385,0.0
207.134821211,130.052472587,30.2994598385,0.0
389.953580518,117.919503618,30.2994598385,0.0
352.158320106,222.34763026,30.2994598385,0.0
333.348442865,475.769487577,30.2994598385,0.0
461.608780322,119.521849843,30.2994598385,0.0
33.7851748354,357.791595435,30.2994598385,0.0
354.965488132,323.391759837,30.2994598385,0.0
199.849044061,462.37519597,30.2994598385,0.0
426.255266102,353.697120085,30.2994598385,0.0
142.284895713,301.817789896,30.2994598385,0.0
@ 210 10 0.101847810272 0.231046104758
298.327189269,201.648625764,34.2012320526,0.0
455.701748211,298.182026066,34.2012320526,0.0
473.97048271,385.202792955,34.2012320526,0.0
375.977645172,466.695640252,34.2012320526,0.0
237.662780666,397.944110119,34.2012320526,0.0
59.1845768983,100.175858509,34.2012320526,0.0
446.2117664,134.530987016,34.2012320526,0.0
393.256380996,394.155509295,34.2012320526,0.0
84.8282153144,185.067463826,34.2012320526,0.0
210.171548849,87.9020777714,34.2012320526,0.0
48.0602656989,332.387078724,34.2012320526,0.0
244.407794305,476.499000114,34.2012320526,0.0
337.254454955,86.8053965738,34.2012320526,0.0
179.16845202,439.354527118,34.2012320526,0.0
449.490055926,206.145487291,34.2012320526,0.0
397.978011847,260.084763121,34.2012320526,0.0
246.618317543,256.012470975,34.2012320526,0.0
322.500200029,311.301124132,34.2012320526,0.0
135.298417443,72.1133123443,34.2012320526,0.0
273.752149014,125.996486345,34.2012320526,0.0
194.59870387,335.963345721,34.2012320526,0.0
@ 220 10 0.101847810272 0.294382765639
127.826725278,364.886611778,31.4800216401,0.0
37.87265459,50.0248008928,31.4800216401,0.0
230.761827425,188.170922846,31.4800216401,0.0
345.214963365,264.534476174,31.4800216401,0.0
440.421334454,205.335226641,31.4800216401,0.0
131.4737668,115.707679378,31.4800216401,0.0
468.494069221,453.157582971,31.4800216401,0.0
382.107788323,459.424197269,31.4800216401,0.0
264.45156286,441.268696227,31.4800216401,0.0
84.3221139494,300.970597921,31.4800216401,0.0
209.815517893,287.491812848,31.4800216401,0.0
189.659112165,461.438718127,31.4800216401,0.0
304.36184822,150.442496199,31.4800216401,0.0
97.8270135958,212.399255355,31.4800216401,0.0
279.286810024,367.119699236,31.4800216401,0.0
339.60563123,48.8610432186,31.4800216401,0.0
396.385741497,397.946223098,31.4800216401,0.0
214.492559173,379.637177255,31.4800216401,0.0
280.689005593,240.882840688,31.4800216401,0.0
173.795815266,219.386464453,31.4800216401,0.0
205.278010903,118.02900397,31.4800216401,0.0
@ 230 10 0.101847810272 0.249401420714
406.690224457,78.0921052635,32.6691564397,0.0
63.9567210341,312.388092814,32.6691564397,0.0
205.215054243,395.296768005,32.6691564397,0.0
448.089671243,290.717336941,32.6691564397,0.0
83.466506435,439.553707328,32.6691564397,0.0
164.610199082,451.53686687,32.6691564397,0.0
362.191353234,450.792399519,32.6691564397,0.0
137.670886592,129.959943271,32.6691564397,0.0
126.489745132,388.284879138,32.6691564397,0.0
397.369019036,244.298267866,32.6691564397,0.0
114.750794898,197.824206028,32.6691564397,0.0
268.48190938,338.094001372,32.6691564397,0.0
340.647865985,207.538666047,32.6691564397,0.0
252.891868897,179.192813508,32.6691564397,0.0
40.0935541977,223.548333056,32.6691564397,0.0
180.002655916,32.9864597437,32.6691564397,0.0
203.819068719,230.612695568,32.6691564397,0.0
107.574677678,37.0255558059,32.6691564397,0.0
201.048173601,297.960006393,32.6691564397,0.0
449.427499371,407.629475541,32.6691564397,0.0
479.012262468,213.025005479,32.6691564397,0.0
@ 240 10 0.101847810272 0.268599203065
95.3095424689,426.620802521,31.9792452107,0.0
161.864386034,162.379614329,31.9792452107,0.0
137.825617076,347.477600315,31.9792452107,0.0
408.607943208,330.741776338,31.9792452107,0.0
65.1483344055,346.404073483,31.9792452107,0.0
260.947026083,129.843868088,31.9792452107,0.0
51.3219602322,36.5055215101,31.9792452107,0.0
296.724703135,359.847536809,31.9792452107,0.0
218.139466086,364.750711968,31.9792452107,0.0
461.226040647,198.96900699,31.9792452107,0.0
364.580302949,171.949541987,31.9792452107,0.0
271.601616171,33.0951128354,31.9792452107,0.0
206.912027879,215.483073491,31.9792452107,0.0
310.890167189,218.595886281,31.9792452107,0.0
82.3910088897,164.493016871,31.9792452107,0.0
312.823856356,444.885889434,31.9792452107,0.0
376.059043867,463.173276303,31.9792452107,0.0
467.825591412,370.861373611,31.9792452107,0.0
182.685013472,41.2303816013,31.9792452107,0.0
85.2302320367,238.04153148,31.9792452107,0.0
391.59886861,94.7068882004,31.9792452107,0.0
@ 250 10 0.101847810272 0.257374370174
194.311530169,128.763138898,31.7756646952,0.0
286.623384347,479.105816319,31.7756646952,0.0
303.865870861,66.3466550937,31.7756646952,0.0
444.30198536,251.1422425,31.7756646952,0.0
96.2663692101,49.4583408852,31.7756646952,0.0
390.434859905,171.716414573,31.7756646952,0.0
385.5786253,323.943013389,31.7756646952,0.0
377.580270018,239.607995726,31.7756646952,0.0
276.885867713,362.427779782,31.7756646952,0.0
454.378436314,474.913416271,31.7756646952,0.0
450.463062056,118.055762619,31.7756646952,0.0
194.973362265,359.067312493,31.7756646952,0.0
388.259894222,401.555861038,31.7756646952,0.0
89.6025755378,304.182883661,31.7756646952,0.0
195.050680818,228.117912565,31.7756646952,0.0
76.6129857892,151.624218,31.7756646952,0.0
125.810667562,445.652683352,31.7756646952,0.0
163.96375552,293.898833302,31.7756646952,0.0
61.3532575145,471.226326497,31.7756646952,0.0
479.475926105,347.010476707,31.7756646952,0.0
275.40831726,143.828876354,31.7756646952,0.0
@ 260 10 0.101847810272 0.254107899792
275.058670658,477.885191212,33.1354074531,0.0
110.774590996,459.277155622,33.1354074531,0.0
34.0887838169,371.530435689,33.1354074531,0.0
55.973783057,73.4346113524,33.1354074531,0.0
241.775224399,59.7897554915,33.1354074531,0.0
409.294250457,432.994637504,33.1354074531,0.0
445.397763518,297.295371201,33.1354074531,0.0
184.812188455,361.087193676,33.1354074531,0.0
44.2285839183,457.130292994,33.1354074531,0.0
475.992640957,358.058902973,33.1354074531,0.0
344.495929402,394.301333327,33.1354074531,0.0
235.65918359,423.743565093,33.1354074531,0.0
54.1676740329,227.072735062,33.1354074531,0.0
285.811013847,237.429885925,33.1354074531,0.0
235.684258676,155.626941672,33.1354074531,0.0
228.263349332,304.381010111,33.1354074531,0.0
303.293652875,161.392425012,33.1354074531,0.0
206.980296972,218.782711082,33.1354074531,0.0
424.606608114,63.2772893074,33.1354074531,0.0
353.138671448,103.804829602,33.1354074531,0.0
142.222505611,66.2656861964,33.1354074531,0.0
@ 270 10 0.101847810272 0.276320756526
104.341393492,41.534601117,31.3151502089,0.0
166.023959436,194.842163775,31.3151502089,0.0
370.219912335,316.181680077,31.3151502089,0.0
359.707865559,383.79179134,31.3151502089,0.0
127.58983743,279.529616372,31.3151502089,0.0
197.957662809,261.015679436,31.3151502089,0.0
94.1943044138,198.821893632,31.3151502089,0.0
308.487162902,139.547854026,31.3151502089,0.0
437.680865307,81.4680334075,31.3151502089,0.0
450.973916412,264.517263418,31.3151502089,0.0
200.472358872,141.76564632,31.3151502089,0.0
391.815319687,451.291403947,31.3151502089,0.0
220.094207675,81.2509062152,31.3151502089,0.0
330.242022011,472.289147236,31.3151502089,0.0
382.744747849,234.18339909,31.3151502089,0.0
189.736722123,385.087067236,31.3151502089,0.0
270.112263202,235.94218272,31.3151502089,0.0
298.88421672,312.925649785,31.3151502089,0.0
68.7168756524,320.485530415,31.3151502089,0.0
298.972438508,75.7138740774,31.3151502089,0.0
108.491358577,412.652540955,31.3151502089,0.0
@ 280 10 0.101847810272 0.246795863945
203.541803309,478.476675349,31.988483925,0.0
315.353746553,251.227788681,31.988483925,0.0
129.429667474,216.481995765,31.988483925,0.0
277.574093403,41.277688275,31.988483925,0.0
64.9575540947,273.512848244,31.988483925,0.0
322.944294351,97.2228830285,31.988483925,0.0
226.942987858,250.573353691,31.988483925,0.0
203.278251049,371.812859451,31.988483925,0.0
109.223813047,77.9247716694,31.988483925,0.0
297.483074829,176.054673178,31.988483925,0.0
139.265122859,137.012058482,31.988483925,0.0
376.083975085,323.098070596,31.988483925,0.0
353.580289087,438.542176884,31.988483925,0.0
62.3413067541,382.206928291,31.988483925,0.0
453.76004659,430.855381282,31.988483925,0.0
143.41500079,444.438395173,31.988483925,0.0
66.8095208165,196.54494432,31.988483925,0.0
363.287556099,152.737262551,31.988483925,0.0
197.753564716,86.1813477234,31.988483925,0.0
439.37942607,99.2804855225,31.988483925,0.0
385.098071122,61.9941347864,31.988483925,0.0
@ 290 10 0.101847810272 0.257523101123
456.199554357,319.328087073,34.6569413867,0.0
106.310075525,136.673464866,34.6569413867,0.0
69.9620475182,278.697060502,34.6569413867,0.0
357.506847317,268.64060351,34.6569413867,0.0
124.899592807,217.100658216,34.6569413867,0.0
415.26171415,386.285352864,34.6569413867,0.0
180.742099971,460.03572115,34.6569413867,0.0
212.397167792,301.233272096,34.6569413867,0.0
262.991264044,136.553958952,34.6569413867,0.0
475.752346478,242.095404,34.6569413867,0.0
341.394142473,444.700198856,34.6569413867,0.0
123.174199716,331.754385953,34.6569413867,0.0
70.5972867246,64.3778124824,34.6569413867,0.0
421.678118672,189.119429152,34.6569413867,0.0
173.309126255,103.733774577,34.6569413867,0.0
452.349010549,55.1865235466,34.6569413867,0.0
311.305949378,352.367180204,34.6569413867,0.0
474.464355833,139.668142291,34.6569413867,0.0
349.885729271,189.842743283,34.6569413867,0.0
50.0399981838,182.201594639,34.6569413867,0.0
262.180009723,210.60827687,34.6569413867,0.0
@ 300 10 0.101847810272 0.302279950439
315.556458101,180.474650724,32.6272981928,0.0
268.269401767,236.648371901,32.6272981928,0.0
385.077665892,139.182436359,32.6272981928,0.0
285.294143645,470.99159557,32.6272981928,0.0
143.034854872,463.066399427,32.6272981928,0.0
363.522090888,396.248412827,32.6272981928,0.0
471.900748742,43.1892263638,32.6272981928,0.0
215.108456802,400.523564313,32.6272981928,0.0
247.841760424,339.289562183,32.6272981928,0.0
461.625871942,152.120844424,32.6272981928,0.0
317.951918761,327.768254311,32.6272981928,0.0
384.666799105,55.56088325,32.6272981928,0.0
159.284615566,95.888182501,32.6272981928,0.0
59.8859317126,162.717277241,32.6272981928,0.0
57.5000140242,388.927085186,32.6272981928,0.0
69.3392362199,269.124029848,32.6272981928,0.0
131.039286411,371.968043171,32.6272981928,0.0
258.858389135,70.954646756,32.6272981928,0.0
137.491700767,272.174003025,32.6272981928,0.0
472.330954889,362.465175622,32.6272981928,0.0
216.469161184,153.738173076,32.6272981928,0.0
@ 310 10 0.111075848937 0.267911343921
94.608947562,265.399098141,37.7595653531,0.0
125.604856461,383.116165156,37.7595653531,0.0
241.512626621,153.589967363,37.7595653531,0.0
105.060327657,41.8276443882,37.7595653531,0.0
332.4865294,130.782565866,37.7595653531,0.0
218.518647151,261.551284265,37.7595653531,0.0
425.418150051,464.040340428,37.7595653531,0.0
233.178098687,55.6056369034,37.7595653531,0.0
361.736397924,40.2173045557,37.7595653531,0.0
160.04111105,94.898441374,37.7595653531,0.0
292.55555135,411.994671172,37.7595653531,0.0
53.3120589708,421.061750562,37.7595653531,0.0
457.341008365,263.087315799,37.7595653531,0.0
37.919429282,338.093587078,37.7595653531,0.0
359.536354729,368.710840375,37.7595653531,0.0
91.0323545772,172.965700477,37.7595653531,0.0
471.900659253,139.339443604,37.7595653531,0.0
116.771828398,468.780298215,37.7595653531,0.0
470.708344914,380.369739297,37.7595653531,0.0
393.651310013,222.031080494,37.7595653531,0.0
315.119678542,295.967666818,37.7595653531,0.0
@ 320 10 0.111075848937 0.358825130693
325.647974098,453.947029875,34.1426010252,0.0
168.718596521,477.643201737,34.1426010252,0.0
133.12475039,386.983479447,34.1426010252,0.0
256.44547227,449.964951807,34.1426010252,0.0
123.553794462,208.096173888,34.1426010252,0.0
63.7607936864,476.017273425,34.1426010252,0.0
207.843795177,119.716523513,34.1426010252,0.0
471.892043891,198.927809453,34.1426010252,0.0
317.542308108,371.154194351,34.1426010252,0.0
351.248423215,304.275696526,34.1426010252,0.0
417.549715519,397.897610034,34.1426010252,0.0
243.909554487,267.595463959,34.1426010252,0.0
34.3027305264,383.674626938,34.1426010252,0.0
471.357117951,474.561923981,34.1426010252,0.0
451.76327819,308.121678456,34.1426010252,0.0
38.6236400468,181.689642323,34.1426010252,0.0
197.494742368,209.298478473,34.1426010252,0.0
153.650468697,306.096905326,34.1426010252,0.0
395.887717152,92.3709308037,34.1426010252,0.0
309.673931541,168.332840062,34.1426010252,0.0
52.2518941888,285.2566116,34.1426010252,0.0
@ 330 10 0.111075848937 0.293374312514
467.899504467,160.7681027,34.9993097778,0.0
432.753724009,35.1799294835,34.9993097778,0.0
348.005205745,68.9335684506,34.9993097778,0.0
181.71576564,152.503539213,34.9993097778,0.0
461.944559808,307.288263221,34.9993097778,0.0
177.873436559,254.58855298,34.9993097778,0.0
455.171304357,384.817113194,34.9993097778,0.0
464.685985449,455.073304316,34.9993097778,0.0
148.616494971,353.563574582,34.9993097778,0.0
396.255589465,251.755200739,34.9993097778,0.0
91.9900268949,273.594859481,34.9993097778,0.0
64.152864305,354.960808731,34.9993097778,0.0
389.356095142,471.399866887,34.9993097778,0.0
279.675046714,375.838760131,34.9993097778,0.0
306.780793081,266.598890688,34.9993097778,0.0
203.839387924,406.157826506,34.9993097778,0.0
371.256297109,152.631602722,34.9993097778,0.0
231.806215068,315.165862471,34.9993097778,0.0
284.413660325,36.6807631433,34.9993097778,0.0
88.8852980014,172.385515776,34.9993097778,0.0
63.601673496,48.5065486779,34.9993097778,0.0
@ 340 10 0.111075848937 0.308281765903
233.162207633,47.2909104042,34.8634630187,0.0
419.091322452,475.416483704,34.8634630187,0.0
322.90968951,106.750191542,34.8634630187,0.0
352.534849383,427.889661151,34.8634630187,0.0
81.6501440217,187.6205573,34.8634630187,0.0
455.501490617,189.298463781,34.8634630187,0.0
364.705103404,181.796074999,34.8634630187,0.0
55.8696374089,42.2455802867,34.8634630187,0.0
171.990524189,125.83907141,34.8634630187,0.0
362.808554378,320.425839575,34.8634630187,0.0
152.373818355,210.291689755,34.8634630187,0.0
37.6610020036,475.238368778,34.8634630187,0.0
54.5054345849,118.355651032,34.8634630187,0.0
346.07682537,40.9353872973,34.8634630187,0.0
429.566404883,58.1463910646,34.8634630187,0.0
182.72526205,295.014391858,34.8634630187,0.0
440.891756406,284.130641229,34.8634630187,0.0
253.460142667,449.045516437,34.8634630187,0.0
78.3334235908,261.029573205,34.8634630187,0.0
70.6674793444,330.349149424,34.8634630187,0.0
243.188452728,168.91067152,34.8634630187,0.0
@ 350 10 0.111075848937 0.305893272868
155.231778208,368.834065441,36.5953266213,0.0
329.508652901,453.19427616,36.5953266213,0.0
457.328872457,459.914413415,36.5953266213,0.0
398.765337558,238.970530972,36.5953266213,0.0
425.329727301,143.443664445,36.5953266213,0.0
208.078854635,164.742517573,36.5953266213,0.0
351.438946268,54.3635277597,36.5953266213,0.0
112.375054697,269.562523544,36.5953266213,0.0
308.361582555,169.830900568,36.5953266213,0.0
58.6612367415,209.587422643,36.5953266213,0.0
187.581678865,86.2017579064,36.5953266213,0.0
49.2470716314,464.785641412,36.5953266213,0.0
130.242113198,158.209274736,36.5953266213,0.0
388.7574861,326.581775109,36.5953266213,0.0
260.635916852,241.91614494,36.5953266213,0.0
469.949604613,332.169259762,36.5953266213,0.0
83.2310369549,47.3211849217,36.5953266213,0.0
470.623020459,67.0215642178,36.5953266213,0.0
279.036256816,76.3782694629,36.5953266213,0.0
210.943061328,455.263571393,36.5953266213,0.0
303.186988623,349.49651531,36.5953266213,0.0
@ 360 10 0.111075848937 0.337038981724
470.187158631,363.190852724,32.7356031859,0.0
309.617969948,368.122335019,32.7356031859,0.0
184.552478805,321.235009387,32.7356031859,0.0
141.789937304,389.832651738,32.7356031859,0.0
252.134210247,35.1927852337,32.7356031859,0.0
423.832222619,155.975779713,32.7356031859,0.0
469.416800339,64.2428035052,32.7356031859,0.0
121.110340174,226.245367262,32.7356031859,0.0
70.4904045364,146.939130538,32.7356031859,0.0
222.498019111,410.117784773,32.7356031859,0.0
435.230940315,458.284967418,32.7356031859,0.0
360.916608874,44.3483405366,32.7356031859,0.0
296.212727716,211.236958245,32.7356031859,0.0
321.401140301,114.191641923,32.7356031859,0.0
119.725625745,55.6978392957,32.7356031859,0.0
71.3818521627,363.684123364,32.7356031859,0.0
363.205053,287.295990523,32.7356031859,0.0
107.365842463,471.563759242,32.7356031859,0.0
367.467418186,447.685529678,32.7356031859,0.0
138.930913538,152.609809077,32.7356031859,0.0
34.0594628116,301.533375004,32.7356031859,0.0
@ 370 10 0.111075848937 0.269692937667
463.599173318,285.398828164,29.0358115643,0.0
49.0151561238,111.570863029,29.0358115643,0.0
262.330302334,230.031181968,29.0358115643,0.0
62.8630604412,465.60340269,29.0358115643,0.0
410.233493706,208.857305604,29.0358115643,0.0
391.044929613,293.904015105,29.0358115643,0.0
262.908741069,301.059129611,29.0358115643,0.0
465.571479127,385.462551401,29.0358115643,0.0
72.5387211159,43.7222764746,29.0358115643,0.0
124.397954903,419.029063473,29.0358115643,0.0
203.383727303,250.011082599,29.0358115643,0.0
237.970104702,78.7195489851,29.0358115643,0.0
319.297372769,158.11265737,29.0358115643,0.0
481.02645668,90.8105669219,29.0358115643,0.0
351.107901258,80.6527457912,29.0358115643,0.0
136.120262363,91.722872368,29.0358115643,0.0
45.2427127166,405.412120566,29.0358115643,0.0
345.535676811,445.19556065,29.0358115643,0.0
331.031678992,252.17609049,29.0358115643,0.0
291.742717225,393.098378806,29.0358115643,0.0
108.073084332,273.307263625,29.0358115643,0.0
@ 380 10 0.111075848937 0.212176273331
285.056254048,128.972836081,33.5718476975,0.0
200.57726213,235.174961655,33.5718476975,0.0
367.185272627,97.8426674779,33.5718476975,0.0
100.246339157,40.5621592324,33.5718476975,0.0
471.00615835,328.962970106,33.5718476975,0.0
320.14346574,336.147137977,33.5718476975,0.0
265.35482148,442.854919079,33.5718476975,0.0
76.1126869387,178.219805391,33.5718476975,0.0
478.334206329,236.873920043,33.5718476975,0.0
110.099807936,374.889944232,33.5718476975,0.0
156.30168977,127.788229975,33.5718476975,0.0
468.629823436,90.1321190682,33.5718476975,0.0
417.322248278,38.2977373876,33.5718476975,0.0
252.375256718,66.3804876613,33.5718476975,0.0
466.138526597,402.274946716,33.5718476975,0.0
286.0699642,212.27744684,33.5718476975,0.0
76.1859408416,257.998462758,33.5718476975,0.0
154.925561248,306.394635238,33.5718476975,0.0
174.473640087,475.622198798,33.5718476975,0.0
53.1265591786,328.811276993,33.5718476975,0.0
352.022245471,447.824574836,33.5718476975,0.0
@ 390 10 0.111075848937 0.283647765776
238.202181709,110.096993207,32.4931271377,0.0
379.653741854,170.403476836,32.4931271377,0.0
314.444028662,68.9591847055,32.4931271377,0.0
42.5009925557,427.499007529,32.4931271377,0.0
448.007499091,389.164381806,32.4931271377,0.0
422.140744242,225.195055746,32.4931271377,0.0
68.0280042608,148.05834668,32.4931271377,0.0
84.5883301291,42.5861347461,32.4931271377,0.0
464.511360715,471.247890038,32.4931271377,0.0
344.701037036,322.461181647,32.4931271377,0.0
374.082190233,449.227125219,32.4931271377,0.0
105.009897313,364.742311462,32.4931271377,0.0
298.996986391,158.776581475,32.4931271377,0.0
184.235811229,310.205801709,32.4931271377,0.0
236.44339596,177.287620748,32.4931271377,0.0
463.060198439,37.3824953164,32.4931271377,0.0
154.111981762,200.661369985,32.4931271377,0.0
383.32406008,381.938132718,32.4931271377,0.0
286.815154024,408.956691525,32.4931271377,0.0
456.372275732,315.410989862,32.4931271377,0.0
160.427657409,57.3711424687,32.4931271377,0.0
@ 400 10 0.111075848937 0.265712446641
274.965279791,274.79715357,33.4692722423,0.0
272.569482074,198.126423022,33.4692722423,0.0
39.1346621225,56.6259589349,33.4692722423,0.0
106.86499084,411.08003782,33.4692722423,0.0
341.438847922,95.0698410415,33.4692722423,0.0
356.650500974,356.390422238,33.4692722423,0.0
473.77665166,306.484221284,33.4692722423,0.0
421.679893233,239.195218803,33.4692722423,0.0
178.609856257,356.687828501,33.4692722423,0.0
189.995314276,118.954896177,33.4692722423,0.0
143.787081707,278.42257031,33.4692722423,0.0
455.941527296,411.152237483,33.4692722423,0.0
365.845079277,171.201668199,33.4692722423,0.0
347.87351029,260.10966435,33.4692722423,0.0
123.485094432,71.8721874044,33.4692722423,0.0
44.4984188761,364.075983203,33.4692722423,0.0
162.253671072,463.651531798,33.4692722423,0.0
240.215358979,473.722074311,33.4692722423,0.0
90.6719492192,223.080598261,33.4692722423,0.0
203.330732381,45.2871107955,33.4692722423,0.0
392.930902593,454.494821895,33.4692722423,0.0
@ 410 10 0.122142732507 0.281917098459
265.894806627,326.871773834,34.8260565703,0.0
430.056357363,384.656297124,34.8260565703,0.0
474.820501626,469.942831409,34.8260565703,0.0
217.933484307,380.393855751,34.8260565703,0.0
38.6734560575,173.393314592,34.8260565703,0.0
335.6000935,265.153512342,34.8260565703,0.0
353.069956406,337.65661529,34.8260565703,0.0
90.8683746825,229.526637089,34.8260565703,0.0
309.231785325,186.197607881,34.8260565703,0.0
87.4880769264,471.758251877,34.8260565703,0.0
345.054855118,103.352532263,34.8260565703,0.0
143.71779828,163.894241398,34.8260565703,0.0
209.369393902,216.995187796,34.8260565703,0.0
215.762296414,463.250842705,34.8260565703,0.0
164.366491469,279.535123514,34.8260565703,0.0
49.1781041076,76.4048197636,34.8260565703,0.0
173.965917797,98.199298685,34.8260565703,0.0
98.2368379786,392.017417819,34.8260565703,0.0
431.933520114,84.0240051555,34.8260565703,0.0
416.679660804,233.960638881,34.8260565703,0.0
243.457748429,123.340906396,34.8260565703,0.0
@ 420 10 0.122142732507 0.305237213977
403.207761095,207.291323113,37.4362115351,0.0
133.123896858,269.8374098,37.4362115351,0.0
441.519167069,48.2539705028,37.4362115351,0.0
314.840258224,435.458451734,37.4362115351,0.0
81.4428389386,411.817172716,37.4362115351,0.0
179.669842737,209.263858023,37.4362115351,0.0
349.424459952,61.2531420717,37.4362115351,0.0
238.733524392,134.781490274,37.4362115351,0.0
217.872443078,437.403677013,37.4362115351,0.0
463.909949701,159.083807035,37.4362115351,0.0
57.3716075958,239.934374424,37.4362115351,0.0
95.6435350018,53.6492593609,37.4362115351,0.0
323.649752176,157.386754799,37.4362115351,0.0
294.373387251,284.473233754,37.4362115351,0.0
63.2599744338,317.356665676,37.4362115351,0.0
421.982567843,449.323222762,37.4362115351,0.0
42.561466534,162.26733468,37.4362115351,0.0
356.273351963,331.585629942,37.4362115351,0.0
170.346509735,47.1466090629,37.4362115351,0.0
424.307505549,294.187705005,37.4362115351,0.0
181.372831124,339.471061326,37.4362115351,0.0
@ 430 10 0.122142732507 0.352705850738
103.631747497,469.171116043,33.1007660625,0.0
60.3924366402,289.505919139,33.1007660625,0.0
376.979253955,122.678829198,33.1007660625,0.0
477.017031635,216.60541168,33.1007660625,0.0
44.8316145307,150.331906284,33.1007660625,0.0
102.050198734,391.868706181,33.1007660625,0.0
392.717562893,387.455222597,33.1007660625,0.0
296.023922761,401.497983129,33.1007660625,0.0
178.98982802,33.7772984043,33.1007660625,0.0
195.226801176,195.5108816,33.1007660625,0.0
335.523481574,235.703017262,33.1007660625,0.0
249.041014084,136.679923835,33.1007660625,0.0
234.469013021,349.175904424,33.1007660625,0.0
178.769160362,400.508636653,33.1007660625,0.0
263.934966103,270.590493185,33.1007660625,0.0
442.490036161,449.742210637,33.1007660625,0.0
41.2322869993,222.628957438,33.1007660625,0.0
345.641060907,47.9644797213,33.1007660625,0.0
124.133019157,308.058680908,33.1007660625,0.0
444.437274029,40.779229346,33.1007660625,0.0
138.570251349,158.393983651,33.1007660625,0.0
@ 440 10 0.122142732507 0.275743299818
361.893466761,473.264577175,31.3518734135,0.0
231.394467686,254.292588857,31.3518734135,0.0
251.79982313,338.024680263,31.3518734135,0.0
397.891113936,120.487056437,31.3518734135,0.0
223.56747699,465.747268326,31.3518734135,0.0
343.380334554,227.599236669,31.3518734135,0.0
201.129040963,400.757393297,31.3518734135,0.0
469.777116404,442.131952584,31.3518734135,0.0
325.222594805,380.706339033,31.3518734135,0.0
47.87002772,111.51791039,31.3518734135,0.0
32.4524592713,388.710439384,31.3518734135,0.0
329.494144,299.024680987,31.3518734135,0.0
167.904096742,192.405404074,31.3518734135,0.0
325.691534903,162.348584921,31.3518734135,0.0
273.085695841,68.8694997816,31.3518734135,0.0
400.073291179,338.945823627,31.3518734135,0.0
443.595241929,193.980952499,31.3518734135,0.0
471.221326855,284.44135884,31.3518734135,0.0
148.786715453,98.0567763295,31.3518734135,0.0
133.532543719,359.719263233,31.3518734135,0.0
120.9495468,271.510301277,31.3518734135,0.0
@ 450 10 0.122142732507 0.247375037228
356.825159962,299.490911,34.0783384272,0.0
266.83419985,280.087540802,34.0783384272,0.0
300.539028828,45.0261541253,34.0783384272,0.0
439.678322254,436.031899047,34.0783384272,0.0
222.627204031,395.749664439,34.0783384272,0.0
243.414062748,460.854636664,34.0783384272,0.0
340.365153636,121.404250308,34.0783384272,0.0
191.134258423,135.067516453,34.0783384272,0.0
255.791338131,211.369593687,34.0783384272,0.0
408.050003013,135.799255479,34.0783384272,0.0
61.288999713,385.173242213,34.0783384272,0.0
65.6301308381,103.419054175,34.0783384272,0.0
85.357444799,181.366916419,34.0783384272,0.0
352.991729311,194.037585343,34.0783384272,0.0
52.5087320917,285.252576398,34.0783384272,0.0
163.89394849,64.497321231,34.0783384272,0.0
153.119173037,397.579309205,34.0783384272,0.0
347.242673168,417.324398012,34.0783384272,0.0
189.878946499,325.000231622,34.0783384272,0.0
427.305254243,214.31259518,34.0783384272,0.0
469.541119238,271.864193594,34.0783384272,0.0
@ 460 10 0.122142732507 0.292270983971
42.1967176163,327.694384987,34.4620887354,0.0
232.64263082,472.098933481,34.4620887354,0.0
468.286598518,367.681100102,34.4620887354,0.0
288.555357885,310.714875,34.4620887354,0.0
168.279271828,164.209863909,34.4620887354,0.0
72.5317880508,265.660115453,34.4620887354,0.0
114.678899675,471.077136778,34.4620887354,0.0
174.876303792,63.165151117,34.4620887354,0.0
60.3878463883,94.6280904836,34.4620887354,0.0
352.3402842,430.275766711,34.4620887354,0.0
295.224668123,380.725162604,34.4620887354,0.0
171.308675184,344.299170141,34.4620887354,0.0
432.306754087,180.350672956,34.4620887354,0.0
50.3744022824,426.699196658,34.4620887354,0.0
141.840868964,271.228285861,34.4620887354,0.0
423.447248143,291.565915455,34.4620887354,0.0
354.942482082,123.008431956,34.4620887354,0.0
296.537843882,73.6259744328,34.4620887354,0.0
126.661425108,401.098032421,34.4620887354,0.0
346.711711555,194.984159215,34.4620887354,0.0
215.950762174,290.771605561,34.4620887354,0.0
@ 470 10 0.122142732507 0.298890472329
