10 21 0.0873362445415 0.219844019793 0.0255821768539 174.559228432 2 0.1 0.44884 0.41519434629 300.09181083 90 0.330369084591
20 21 0.0873362445415 0.225925226759 0.0256218374849 107.243991548 2 0.1 0.37568 0.327464788732 292.014269262 90 0.330369084591
30 21 0.0873362445415 0.217893201154 0.0324423789138 92.7448951667 2 0.1 0.40299 0.340567612688 302.778561472 90 0.330369084591
40 21 0.0873362445415 0.270067964866 0.0268919961089 64.9961181722 2 0.1 0.35743 0.342954159593 244.284397199 90 0.330369084591
50 21 0.0873362445415 0.196990929861 0.0355181760557 109.625450127 2 0.1 0.39236 0.387372013652 334.905724068 90 0.332218029028
60 21 0.0873362445415 0.26898132532 0.0171744216824 68.2736556566 2 0.1 0.45347 0.434375 245.271265288 90 0.332218029028
70 21 0.0873362445415 0.224751425898 0.0329205368649 105.587704029 2 0.1 0.38978 0.352564102564 293.539361259 90 0.332218029028
80 21 0.0873362445415 0.247307443421 0.0256607246157 65.8896836264 2 0.1 0.41462 0.3772070626 266.766697708 90 0.332218029028
90 21 0.0873362445415 0.25023264826 0.0225885903746 79.2299646925 2 0.1 0.40839 0.44089456869 263.64821081 90 0.332218029028
100 21 0.0873362445415 0.228224611052 0.0343603180774 68.8812689174 2 0.1 0.36266 0.379365079365 289.072198199 90 0.332218029028
110 21 0.0940354648039 0.299307079474 0.0491927188432 51.9356679013 2 0.1 0.38981 0.350078492936 220.420412761 0 0.342975863247
120 21 0.0940354648039 0.269408601914 0.0276885449186 67.6621335505 2 0.1 0.39401 0.412520064205 244.882270022 0 0.342975863247
130 21 0.0940354648039 0.300223702096 0.0367113890037 59.6777369498 2 0.1 0.40359 0.366508688784 219.747440123 0 0.342975863247
140 21 0.0940354648039 0.302847974425 0.0308821300569 72.3017267353 2 0.1 0.40703 0.398058252427 217.843259891 0 0.342975863247
150 21 0.0940354648039 0.243306025922 0.0247619051669 80.3085640342 2 0.1 0.36169 0.41277258567 271.153950051 0 0.342975863247
160 21 0.0940354648039 0.202099551174 0.0302504273232 84.5079786671 2 0.1 0.42629 0.439739413681 326.440061924 0 0.342975863247
170 21 0.0940354648039 0.264130559545 0.0209110407065 73.5119451872 2 0.1 0.36757 0.384488448845 249.775679549 0 0.342975863247
180 21 0.0940354648039 0.273394769893 0.0228121247524 68.4542326906 2 0.1 0.40996 0.401244167963 241.311821824 0 0.342975863247
190 21 0.0940354648039 0.229384401653 0.0289649024124 83.772790628 2 0.1 0.37578 0.376923076923 287.610620098 0 0.342975863247
200 21 0.0940354648039 0.242007661063 0.0429434849003 72.4090814576 2 0.1 0.39982 0.392966360856 272.608683998 0 0.35075282868
210 21 0.101847810272 0.230490065438 0.0322156659537 84.1065050707 2 0.1 0.41277 0.406885758998 286.230948282 0 0.35075282868
220 21 0.101847810272 0.209879090523 0.0314181146087 71.0157530302 2 0.1 0.37694 0.377708978328 314.339984205 0 0.35075282868
230 21 0.101847810272 0.211495132615 0.0334244664235 80.4123157793 2 0.1 0.42185 0.466666666667 311.938100817 0 0.35075282868
240 21 0.101847810272 0.263209077065 0.0262401764004 58.1235432822 2 0.1 0.38986 0.370192307692 250.650132343 0 0.35075282868
250 21 0.101847810272 0.233603154078 0.043025851265 89.3738152633 2 0.1 0.38776 0.384370015949 282.416520704 0 0.375450063569
260 21 0.101847810272 0.321942628531 0.0408139869154 53.7167643206 2 0.1 0.45934 0.461997019374 204.92281591 0 0.375450063569
270 21 0.101847810272 0.282588031721 0.0387552196409 66.2206858597 2 0.1 0.39946 0.397798742138 233.461373428 0 0.375450063569
280 21 0.101847810272 0.300691649571 0.0276408122162 68.9108019633 2 0.1 0.44178 0.427906976744 219.405461024 0 0.375450063569
290 21 0.101847810272 0.23625514652 0.0496158103627 88.7599784112 2 0.1 0.39688 0.418530351438 279.246361283 0 0.375450063569
300 21 0.101847810272 0.283215150425 0.0227927234246 50.239995406 2 0.1 0.45307 0.377235772358 232.944423704 0 0.375450063569
310 21 0.111075848937 0.288816825672 0.0325041927222 87.8625876449 2 0.1 0.355 0.391238670695 228.426407799 0 0.375450063569
320 21 0.111075848937 0.289752539452 0.0329035210777 61.5397954868 2 0.1 0.40732 0.45 227.688737862 0 0.375450063569
330 21 0.111075848937 0.24048437208 0.0200021241598 68.6148516372 2 0.1 0.38937 0.408256880734 274.335456518 0 0.375450063569
340 21 0.111075848937 0.278894877478 0.0200237664854 57.9364266605 2 0.1 0.43704 0.428571428571 236.552892604 0 0.375450063569
350 21 0.111075848937 0.263686271408 0.0250685737235 67.7861623628 2 0.1 0.38431 0.392446633826 250.196529564 0 0.375450063569
360 21 0.111075848937 0.235907506385 0.0216400761025 65.1924245792 2 0.1 0.41675 0.419301164725 279.65786681 0 0.375450063569
370 21 0.111075848937 0.265752644459 0.0220486563291 62.8122394731 2 0.1 0.40196 0.423137876387 248.251113866 0 0.375450063569
380 21 0.111075848937 0.354267030119 0.0370438623403 49.8158015118 2 0.1 0.35085 0.327272727273 186.225034765 0 0.375450063569
390 21 0.111075848937 0.273743828955 0.0337493222032 60.1145238797 2 0.1 0.40389 0.408403361345 241.004117798 0 0.375450063569
400 21 0.111075848937 0.290863045164 0.0221102638709 72.6704278096 2 0.1 0.37282 0.336650082919 226.819429614 0 0.375450063569
410 21 0.122142732507 0.252656256324 0.0153363616363 62.8646816265 2 0.1 0.40632 0.380794701987 261.119162296 0 0.375450063569
420 21 0.122142732507 0.340577605244 0.0265346386798 68.4117306068 2 0.1 0.37069 0.423202614379 193.71029975 0 0.375450063569
430 21 0.122142732507 0.291829905473 0.0223617009534 65.8618918602 2 0.1 0.41942 0.349436392915 226.067955212 0 0.375450063569
440 21 0.122142732507 0.236868570632 0.0382691593936 88.5088133704 2 0.1 0.37629 0.412251655629 278.523190409 0 0.375450063569
450 21 0.122142732507 0.253401840371 0.0277582063494 65.2449030225 2 0.1 0.43943 0.442176870748 260.350871578 0 0.375450063569
460 21 0.122142732507 0.242407050493 0.0286561303947 69.3815428722 2 0.1 0.39721 0.354515050167 272.159534411 0 0.375450063569
470 21 0.122142732507 0.251456699329 0.0277773215882 75.5064243502 2 0.1 0.40518 0.370247933884 262.36481341 0 0.375450063569
480 21 0.122142732507 0.310125076126 0.0354102893907 38.1988286689 2 0.1 0.39131 0.437908496732 212.731556003 0 0.375450063569
490 21 0.122142732507 0.287272599265 0.0380537932825 76.6339613267 2 0.1 0.40741 0.425431711146 229.654308029 0 0.375450063569
500 21 0.122142732507 0.322839851403 0.0262009063954 60.1238525899 2 0.1 0.39318 0.372322899506 204.35330308 0 0.375450063569
510 21 0.135658914729 0.283195098143 0.0275466176128 67.4448375138 2 0.1 0.3979 0.389507154213 232.960917871 0 0.375450063569
520 21 0.135658914729 0.298251738773 0.025123277482 59.8474996777 2 0.1 0.43745 0.450920245399 221.200353337 0 0.375450063569
530 21 0.135658914729 0.280648752757 0.0399673878618 84.6358719194 2 0.1 0.38452 0.419093851133 235.07458826 0 0.391994681916
540 21 0.135658914729 0.312450697488 0.0415132453959 55.8570320209 2 0.1 0.3816 0.324717285945 211.148160431 0 0.427507024289
550 21 0.135658914729 0.308535667921 0.0332849291117 72.8980744031 2 0.1 0.43967 0.388609715243 213.827433452 0 0.427507024289
560 21 0.135658914729 0.354177573367 0.0393852652084 56.135508965 2 0.1 0.40646 0.41601255887 186.272070738 0 0.427507024289
570 21 0.135658914729 0.25987424971 0.0258150902275 83.1038287791 2 0.1 0.39305 0.4192 253.866591529 0 0.427507024289
580 21 0.135658914729 0.305781436172 0.025016086553 55.9248793393 2 0.1 0.43327 0.404088050314 215.753417951 0 0.427507024289
590 21 0.135658914729 0.300465283797 0.0310807111215 73.4522257826 2 0.1 0.38833 0.363939899833 219.570757614 0 0.427507024289
600 21 0.135658914729 0.272885304673 0.0397613910929 67.5213976088 2 0.1 0.44641 0.378812199037 241.762340698 0 0.427507024289
610 21 0.152538679451 0.317359136764 0.0286547534731 67.2885957761 2 0.1 0.41683 0.399038461538 207.882434622 0 0.427507024289
620 21 0.152538679451 0.299087301658 0.0395274296709 64.6581252075 2 0.1 0.39983 0.448494453249 220.58238392 0 0.427507024289
630 21 0.152538679451 0.306489014765 0.0457624250728 61.8317039807 2 0.1 0.42903 0.420221169036 215.255316901 0 0.427507024289
640 21 0.152538679451 0.290299898487 0.0293318140632 57.2497085844 2 0.1 0.39916 0.421052631579 227.259431863 0 0.427507024289
650 21 0.152538679451 0.296165238034 0.0204442192595 72.0283600356 2 0.1 0.43367 0.392282958199 222.758722252 0 0.427507024289
660 21 0.152538679451 0.334339212494 0.029554236581 73.6710715836 2 0.1 0.4026 0.399684044234 197.324715542 0 0.427507024289
670 21 0.152538679451 0.302799826266 0.0315155989533 43.7352830694 2 0.1 0.34391 0.411674347158 217.877899118 0 0.427507024289
680 21 0.152538679451 0.325784935178 0.0333955582868 55.0137571476 2 0.1 0.40577 0.408653846154 202.505956772 0 0.427507024289
690 21 0.152538679451 0.294200760802 0.0180344306174 84.7840615447 2 0.1 0.37051 0.373015873016 224.246157012 0 0.427507024289
700 21 0.152538679451 0.289452464331 0.0291733467146 58.9868574565 2 0.1 0.41267 0.388443017657 227.92478258 0 0.427507024289
710 21 0.174216027875 0.286849179786 0.0327831159248 66.6366667248 2 0.1 0.41435 0.458588957055 229.993301878 0 0.427507024289
720 21 0.174216027875 0.326953796972 0.0402060656333 59.4076981865 2 0.1 0.35992 0.406451612903 201.781996756 0 0.427507024289
730 21 0.174216027875 0.282718190017 0.0286598200153 69.5113529167 2 0.1 0.40513 0.392320534224 233.353892072 0 0.427507024289
740 21 0.174216027875 0.359160998336 0.0268110294473 59.9380800551 2 0.1 0.36262 0.410628019324 183.687511466 0 0.427507024289
750 21 0.174216027875 0.347932895822 0.0300727409962 59.6142031812 2 0.1 0.38284 0.3568 189.615270048 0 0.427507024289
760 21 0.174216027875 0.330116117541 0.0204550651936 51.8640801075 2 0.1 0.40787 0.380952380952 199.849042486 0 0.427507024289
770 21 0.174216027875 0.336376318737 0.0334446746024 50.7584568309 2 0.1 0.3956 0.464743589744 196.129710461 0 0.427507024289
780 21 0.174216027875 0.321411514112 0.0315421938184 65.390335775 2 0.1 0.42341 0.393092105263 205.261439318 0 0.427507024289
790 21 0.174216027875 0.358962243832 0.0259930223563 48.6509992563 2 0.1 0.39657 0.433903576983 183.789217762 0 0.427507024289
800 21 0.174216027875 0.325062940315 0.0119113818369 52.8509570063 2 0.1 0.4283 0.404423380727 202.955741236 0 0.427507024289
810 21 0.203075137801 0.336044672114 0.0469507798133 73.9756085539 2 0.1 0.39558 0.372611464968 196.323273287 0 0.440909275409
820 21 0.203075137801 0.301304585375 0.0204428591173 75.4101231805 2 0.1 0.45333 0.436708860759 218.959130402 0 0.440909275409
830 21 0.203075137801 0.33090242727 0.0349898093892 54.6747272691 2 0.1 0.40979 0.39255499154 199.374149486 0 0.440909275409
840 21 0.203075137801 0.372908625886 0.0305016959508 57.1312543864 2 0.1 0.36359 0.382716049383 176.915698432 0 0.440909275409
850 21 0.203075137801 0.279012523549 0.0326454629367 68.8394000833 2 0.1 0.40082 0.40061633282 236.453149704 0 0.440909275409
860 21 0.203075137801 0.337365671329 0.0281048959566 68.9306105068 2 0.1 0.42148 0.437209302326 195.554543947 0 0.440909275409
870 21 0.203075137801 0.338134890227 0.0162813731832 65.1534229268 2 0.1 0.34747 0.335473515249 195.109679323 0 0.440909275409
880 21 0.203075137801 0.330216973521 0.0331981949377 58.7006369341 2 0.1 0.41785 0.429497568882 199.788003919 0 0.440909275409
890 21 0.203075137801 0.307646327522 0.0254271694165 63.0626346009 2 0.1 0.36288 0.383116883117 214.445563291 0 0.440909275409
900 21 0.203075137801 0.3489280168 0.021064273638 50.0243915552 2 0.1 0.39075 0.426446280992 189.074499105 0 0.440909275409
910 21 0.243393602225 0.399192544047 0.032249210684 54.184399319 2 0.1 0.33105 0.341337907376 165.267089739 0 0.440909275409
920 21 0.243393602225 0.407474357054 0.0282605856706 40.7954064681 2 0.1 0.39742 0.374570446735 161.908078037 0 0.440909275409
930 21 0.243393602225 0.351531890604 0.0348525620115 53.5329831145 2 0.1 0.41493 0.407348242812 187.673982826 0 0.441112104207
940 21 0.243393602225 0.427587092843 0.0340888519241 40.3541479739 2 0.1 0.3848 0.358161648177 154.292285956 0 0.441112104207
950 21 0.243393602225 0.331402928614 0.0343782163315 46.7362971593 2 0.1 0.41599 0.362480127186 199.073044634 0 0.441112104207
960 21 0.243393602225 0.39417036104 0.025898148382 36.5290258524 2 0.1 0.40133 0.464678178964 167.372782231 0 0.441112104207
970 21 0.243393602225 0.421264781124 0.0309171585758 34.093990344 2 0.1 0.36062 0.383561643836 156.607893553 0 0.441112104207
980 21 0.243393602225 0.354883945733 0.0263367918724 49.7247276317 2 0.1 0.41655 0.467592592593 185.901308845 0 0.441112104207
990 21 0.243393602225 0.362063160509 0.0246015558759 68.0999981085 2 0.1 0.3727 0.423566878981 182.215141434 0 0.441112104207
1000 21 0.243393602225 0.34411461276 0.019463682634 43.0429630387 2 0.1 0.41583 0.406862745098 191.719234097 0 0.441112104207
1010 21 0.303687635575 0.407195286694 0.0185047425725 47.8353063065 2 0.1 0.402 0.351170568562 162.019041369 0 0.444971644112
1020 21 0.303687635575 0.442938707786 0.0314670251626 48.2474963739 2 0.1 0.36777 0.349498327759 148.944738494 0 0.444971644112
1030 21 0.303687635575 0.369657480034 0.0234164977352 54.830476744 2 0.1 0.36843 0.375394321767 178.47167598 0 0.445054856088
1040 21 0.303687635575 0.444747595909 0.0263178901762 34.8836232749 2 0.1 0.40481 0.400958466454 148.33894687 0 0.445054856088
1050 21 0.303687635575 0.405486375057 0.0186267075633 60.9182686522 2 0.1 0.38259 0.398724082935 162.701866347 0 0.445054856088
1060 21 0.303687635575 0.377556890342 0.0236781990588 41.2450156256 2 0.1 0.44373 0.454545454545 174.737613556 0 0.445054856088
1070 21 0.303687635575 0.45111423556 0.0298810069846 35.5560940795 2 0.1 0.39191 0.396103896104 146.245418121 0 0.45111423556
1080 21 0.303687635575 0.373896729119 0.0394326884309 55.0512899049 2 0.1 0.37206 0.382215288612 176.448160313 0 0.481712053676
1090 21 0.303687635575 0.361746300578 0.0296600299666 56.7406084902 2 0.1 0.49726 0.5 182.374746873 0 0.481712053676
1100 21 0.303687635575 0.42622941289 0.0356634997765 43.6023469363 2 0.1 0.41589 0.418209876543 154.783757303 0 0.481712053676
1110 21 0.40369088812 0.397473520879 0.0290958620827 44.8270615797 2 0.1 0.40606 0.376947040498 165.981849191 10 0.48717079486
1120 21 0.40369088812 0.459183938237 0.0441773554474 49.5704543988 2 0.1 0.37456 0.413629160063 143.675299823 10 0.497639347021
1130 21 0.40369088812 0.376799269539 0.0307211310828 44.0121115178 2 0.1 0.42385 0.405279503106 175.088954076 10 0.497639347021
1140 21 0.40369088812 0.362499036604 0.0227922243552 52.8778550733 2 0.1 0.40544 0.380718954248 181.996042302 10 0.497639347021
1150 21 0.40369088812 0.466538541996 0.0324537956034 37.6266388826 2 0.1 0.38162 0.425081433225 141.410374624 10 0.497639347021
1160 21 0.40369088812 0.379433463897 0.048714332678 47.2765210829 2 0.1 0.38249 0.349206349206 173.873409378 10 0.531638493204
1170 21 0.40369088812 0.460350169793 0.0189215016608 31.9628925378 2 0.1 0.42449 0.421568627451 143.311318924 10 0.531638493204
1180 21 0.40369088812 0.429083174271 0.0391110465538 37.2880957351 2 0.1 0.36014 0.334410339257 153.754316076 10 0.531638493204
1190 21 0.40369088812 0.424716719619 0.0191639367449 39.6395388936 2 0.1 0.45594 0.418238993711 155.335043224 10 0.531638493204
1200 21 0.40369088812 0.410984635628 0.0190898802414 43.6915023165 2 0.1 0.38874 0.382306477093 160.525197978 10 0.531638493204
1210 21 0.601891659501 0.487212513677 0.0288968755465 25.2668881692 2 0.1 0.418 0.348184818482 135.409884081 0 0.531638493204
1220 21 0.601891659501 0.502521806029 0.0151595752423 23.5213871572 2 0.1 0.40077 0.365609348915 131.284631251 0 0.531638493204
1230 21 0.601891659501 0.481084239241 0.0240586897791 30.4823401966 2 0.1 0.29405 0.321666666667 137.134798064 0 0.548251047702
1240 21 0.601891659501 0.431195989982 0.0176655032727 27.5329404185 2 0.1 0.37473 0.449367088608 153.000935845 0 0.548251047702
1250 21 0.601891659501 0.476421379391 0.0190819616055 38.8242358623 2 0.1 0.42621 0.384991843393 138.47697197 0 0.548251047702
1260 21 0.601891659501 0.47214375854 0.0275277735088 32.2169936361 2 0.1 0.32832 0.40192926045 139.731572867 0 0.549768646487
1270 21 0.601891659501 0.450084752865 0.0156175419223 21.9533048505 2 0.1 0.41983 0.410914927769 146.579926514 0 0.549768646487
1280 21 0.601891659501 0.471155501713 0.0196034087746 40.555415005 2 0.1 0.3976 0.369281045752 140.024662262 0 0.549768646487
1290 21 0.601891659501 0.473143264261 0.0173119525641 19.7964730435 2 0.1 0.41191 0.392744479495 139.436392702 0 0.549768646487
1300 21 0.601891659501 0.493857185077 0.0194716641329 14.9278642867 2 0.1 0.36698 0.422600619195 133.587992629 0 0.549768646487
1310 21 1.18243243243 0.564799759455 0.0261009279125 12.51142149 2 0.1 0.40842 0.332214765101 116.808459805 20 0.609519660209
1320 21 1.18243243243 0.575032177201 0.0109819428599 6.66661979481 2 0.1 0.31916 0.337837837838 114.729910109 20 0.609519660209
1330 21 1.18243243243 0.579080365207 0.0120619218425 18.1749931428 2 0.1 0.4068 0.408403361345 113.927865567 20 0.609519660209
1340 21 1.18243243243 0.573196657361 0.0151090871168 6.78405052425 2 0.1 0.34602 0.289562289562 115.097304132 20 0.609519660209
1350 21 1.18243243243 0.541681591195 0.0225616768471 9.73506649556 2 0.1 0.38937 0.35632183908 121.793671914 20 0.609519660209
1360 21 1.18243243243 0.594327791041 0.0306753378931 15.052900871 2 0.1 0.44512 0.408256880734 111.005056459 20 0.609519660209
1370 21 1.18243243243 0.508771503447 0.0236683279133 5.425570617 2 0.1 0.38428 0.368421052632 129.671944189 20 0.609519660209
1380 21 1.18243243243 0.560311437703 0.0145446732746 12.8510137029 2 0.1 0.46236 0.410130718954 117.744142919 20 0.609519660209
1390 21 1.18243243243 0.530327341653 0.0204757234849 12.9273205615 2 0.1 0.40131 0.393687707641 124.401260916 20 0.609519660209
1400 21 1.18243243243 0.569970692498 0.0211725463018 13.3515056201 2 0.1 0.3889 0.412420382166 115.748740888 20 0.609519660209
1410 21 33.3333333333 0.730473266047 0.0460217301202 0.141636978552 2 0.1 0.81233 0.720890410959 90.3159541444 290 0.747014303009
1420 21 33.3333333333 0.743592824715 0.00257857290404 0.0186639085694 2 0.1 0.47232 0.329411764706 88.7224671988 290 0.747014303009
1430 21 33.3333333333 0.743799691644 0.00095290472549 0.00486543070655 2 0.1 0.34105 0.328903654485 88.697791544 290 0.747014303009
1440 21 33.3333333333 0.744964634488 0.000830789841453 0.00700679217931 2 0.1 0.36657 0.352941176471 88.5590898491 290 0.747066190405
1450 21 33.3333333333 0.741150970201 0.00137159864849 0.00944957614306 2 0.1 0.4124 0.400335008375 89.0147792455 290 0.747066190405
1460 21 33.3333333333 0.743887253224 0.000614406581538 0.00248929656438 2 0.1 0.38612 0.367622259696 88.6873510926 290 0.747066190405
1470 21 33.3333333333 0.746269082134 0.00108261742461 0.00929942538822 2 0.1 0.38294 0.343260188088 88.4042922043 290 0.747066190405
1480 21 33.3333333333 0.744420082479 0.00120815634858 0.00203501551089 2 0.1 0.44219 0.418006430868 88.6238718605 290 0.747066190405
1490 21 33.3333333333 0.74413808741 0.000820798016757 0.00691147147078 2 0.1 0.38883 0.347551342812 88.6574563461 290 0.747066190405
1500 21 33.3333333333 0.744333994599 0.000746394443907 0.00253720937716 2 0.1 0.42717 0.408585055644 88.6341218844 290 0.747066190405
