10 21 0.0873362445415 0.278397836803 0.0515897163226 145.36687964 0 0.1 0.44257 0.425566343042 236.975224943 110 0.329891633255
20 21 0.0873362445415 0.29441533174 0.0310027718471 65.7931453446 0 0.1 0.34127 0.306779661017 224.082725618 110 0.329891633255
30 21 0.0873362445415 0.285195834569 0.0373465661898 70.5561093254 0 0.1 0.39446 0.362728785358 231.326625439 110 0.329891633255
40 21 0.0873362445415 0.298138421069 0.0352611040534 68.9761384419 0 0.1 0.44888 0.448275862069 221.284428097 110 0.329891633255
50 21 0.0873362445415 0.255542005361 0.0205893926589 57.8866368835 0 0.1 0.41474 0.406504065041 258.17043232 110 0.329891633255
60 21 0.0873362445415 0.290607190916 0.023734646801 53.5795000042 0 0.1 0.38458 0.35737704918 227.01912431 110 0.329891633255
70 21 0.0873362445415 0.206980683777 0.0479419978548 97.3669663747 0 0.1 0.38928 0.362098138748 318.741772401 110 0.329891633255
80 21 0.0873362445415 0.21231022154 0.0243816071763 83.1639102673 0 0.1 0.4434 0.389671361502 310.740526393 110 0.329891633255
90 21 0.0873362445415 0.24360717434 0.0358030914073 70.2120340492 0 0.1 0.40034 0.393312101911 270.81874817 110 0.335647096833
100 21 0.0873362445415 0.1951851152 0.0395169330049 99.9750423767 0 0.1 0.38413 0.463076923077 338.004206584 110 0.335647096833
110 21 0.0940354648039 0.23594404009 0.0302803215455 80.0007157214 0 0.1 0.3748 0.39674796748 279.614564431 0 0.335647096833
120 21 0.0940354648039 0.221743490744 0.0245185299826 109.610761777 0 0.1 0.4304 0.439694656489 297.521202442 0 0.335647096833
130 21 0.0940354648039 0.275067571801 0.0125317395062 72.5656987675 0 0.1 0.36942 0.402821316614 239.844302867 0 0.335647096833
140 21 0.0940354648039 0.240351618306 0.0190621589597 84.7244337772 0 0.1 0.3962 0.38474025974 274.486980637 0 0.335647096833
150 21 0.0940354648039 0.315911876212 0.0316952590005 77.9584141251 0 0.1 0.43309 0.381329113924 208.834788964 0 0.335647096833
160 21 0.0940354648039 0.214815374404 0.0254481951232 99.047562186 0 0.1 0.40371 0.384136858476 307.116705139 0 0.335647096833
170 21 0.0940354648039 0.262080181699 0.0314824833266 86.7937317748 0 0.1 0.39721 0.477198697068 251.729793425 0 0.335647096833
180 21 0.0940354648039 0.265792552276 0.0374785458528 62.488741681 0 0.1 0.4445 0.458937198068 248.213839835 0 0.335647096833
190 21 0.0940354648039 0.297429864536 0.0306237534901 44.1486595292 0 0.1 0.38979 0.390205371248 221.811586079 0 0.335647096833
200 21 0.0940354648039 0.262897307842 0.023343074761 67.9480330097 0 0.1 0.39774 0.365971107544 250.947377672 0 0.335647096833
210 21 0.101847810272 0.269411133368 0.0131377555995 58.1070911214 0 0.1 0.41902 0.38474025974 244.879969046 0 0.346691526422
220 21 0.101847810272 0.244061289167 0.0416776195329 79.3376591723 0 0.1 0.36973 0.429675425039 270.314846837 0 0.348717381424
230 21 0.101847810272 0.256691555378 0.0247754481029 72.4135337294 0 0.1 0.40917 0.39586645469 257.014259402 0 0.348717381424
240 21 0.101847810272 0.226048435534 0.0264308170316 119.457592511 0 0.1 0.40065 0.471494607088 291.855105496 0 0.348717381424
250 21 0.101847810272 0.248332264985 0.0332290327261 81.3007220076 0 0.1 0.36129 0.455384615385 265.665800632 0 0.348717381424
260 21 0.101847810272 0.262836076301 0.0367350742278 72.9159140049 0 0.1 0.38552 0.371980676329 251.005839565 0 0.348717381424
270 21 0.101847810272 0.253739546401 0.0282469233411 91.2139688164 0 0.1 0.42423 0.4336 260.004366429 0 0.348717381424
280 21 0.101847810272 0.235719293688 0.0386487770665 54.6471524963 0 0.1 0.38924 0.433903576983 279.88116275 0 0.363471639354
290 21 0.101847810272 0.277939620773 0.0245391774901 63.6395545646 0 0.1 0.42015 0.343949044586 237.365906366 0 0.363471639354
300 21 0.101847810272 0.301628687935 0.0275794336278 64.5348588751 0 0.1 0.38691 0.41746031746 218.723856977 0 0.363471639354
310 21 0.111075848937 0.339112838305 0.036022427677 75.9834127964 0 0.1 0.4521 0.409539473684 194.547013701 0 0.363471639354
320 21 0.111075848937 0.243670004258 0.0361517472867 105.429102307 0 0.1 0.38954 0.347611202636 270.748917993 0 0.372977981072
330 21 0.111075848937 0.253010021705 0.0281405741432 95.5533142081 0 0.1 0.44328 0.366043613707 260.754058497 0 0.372977981072
340 21 0.111075848937 0.312818815121 0.0339164698042 47.0037808168 0 0.1 0.42148 0.40487804878 210.899686371 0 0.372977981072
350 21 0.111075848937 0.26853704814 0.0172554314954 68.2204597044 0 0.1 0.39088 0.385232744783 245.677050735 0 0.372977981072
360 21 0.111075848937 0.34556763511 0.0318094771202 63.3036806892 0 0.1 0.40119 0.403908794788 190.913104403 0 0.372977981072
370 21 0.111075848937 0.306002140531 0.0420028887806 56.771692935 0 0.1 0.39014 0.405360134003 215.597805576 0 0.372977981072
380 21 0.111075848937 0.232866335813 0.0455913454189 63.4755434296 0 0.1 0.41081 0.353820598007 283.310121962 0 0.372977981072
390 21 0.111075848937 0.295150757713 0.0275410704469 51.5343575554 0 0.1 0.40234 0.401384083045 223.524379579 0 0.372977981072
400 21 0.111075848937 0.268754411267 0.0312892129389 72.5958575745 0 0.1 0.35978 0.350961538462 245.47835211 0 0.372977981072
410 21 0.122142732507 0.287778802133 0.0256534895837 64.14395986 0 0.1 0.39984 0.374792703151 229.250346137 0 0.372977981072
420 21 0.122142732507 0.273133925182 0.022819302134 67.4307310875 0 0.1 0.49823 0.492113564669 241.542276215 0 0.372977981072
430 21 0.122142732507 0.270386096258 0.039694037261 62.1553783218 0 0.1 0.40327 0.375838926174 243.996976594 0 0.374063649671
440 21 0.122142732507 0.307372485051 0.0342415986527 66.1074348482 0 0.1 0.36531 0.38064516129 214.636615861 0 0.374063649671
450 21 0.122142732507 0.342776508853 0.0330206676737 75.6032802429 0 0.1 0.4101 0.420062695925 192.467652526 0 0.374063649671
460 21 0.122142732507 0.268791973269 0.0299220920821 64.1328652118 0 0.1 0.35993 0.40680713128 245.44404804 0 0.374063649671
470 21 0.122142732507 0.290540716412 0.022893591372 70.9449102763 0 0.1 0.43689 0.389776357827 227.071065339 0 0.374063649671
480 21 0.122142732507 0.275193235004 0.021660508805 69.4119882465 0 0.1 0.36625 0.395899053628 239.734781267 0 0.374063649671
490 21 0.122142732507 0.266707230282 0.0229037836287 55.1804039219 0 0.1 0.41558 0.461773700306 247.362585297 0 0.374063649671
500 21 0.122142732507 0.269840142311 0.0386351189898 45.2642446526 0 0.1 0.40332 0.426403641882 244.490643367 0 0.374063649671
510 21 0.135658914729 0.291318956482 0.0226740101567 65.3346570228 0 0.1 0.37645 0.40303030303 226.464459425 0 0.374063649671
520 21 0.135658914729 0.254610448454 0.0414859021957 102.360981471 0 0.1 0.41973 0.388012618297 259.115014331 0 0.374063649671
530 21 0.135658914729 0.299888677227 0.0348422658598 79.2339062072 0 0.1 0.41759 0.4234375 219.992934078 0 0.374063649671
540 21 0.135658914729 0.301276313952 0.0369569448247 52.5544843402 0 0.1 0.37324 0.424543946932 218.979677276 0 0.374063649671
550 21 0.135658914729 0.282299435592 0.0336065775212 55.3936159434 0 0.1 0.38197 0.358280254777 233.700042161 0 0.374063649671
560 21 0.135658914729 0.24842483115 0.02575587455 74.8752356887 0 0.1 0.44362 0.411214953271 265.566810268 0 0.374063649671
570 21 0.135658914729 0.295609769181 0.0186529289134 69.1313029679 0 0.1 0.39857 0.334448160535 223.177299528 0 0.374063649671
580 21 0.135658914729 0.288125426274 0.0277322679576 67.5614868143 0 0.1 0.45631 0.431561996779 228.974550609 0 0.374063649671
590 21 0.135658914729 0.296579142704 0.0250658110516 63.8651149881 0 0.1 0.38926 0.339464882943 222.447841067 0 0.374063649671
600 21 0.135658914729 0.359198355105 0.031294375108 51.0802959044 0 0.1 0.42346 0.367507886435 183.668407893 0 0.374063649671
610 21 0.152538679451 0.337726665189 0.0282340337633 40.8124918276 0 0.1 0.41369 0.412673879444 195.345516952 0 0.421821481706
620 21 0.152538679451 0.287848766868 0.032985482562 80.9091894359 0 0.1 0.37382 0.37417218543 229.194624378 0 0.421821481706
630 21 0.152538679451 0.320895726023 0.0244062808679 71.2318961616 0 0.1 0.41089 0.419906687403 205.591363954 0 0.421821481706
640 21 0.152538679451 0.289232554412 0.0239878767033 50.6020446882 0 0.1 0.41095 0.430420711974 228.098078842 0 0.421821481706
650 21 0.152538679451 0.273019358458 0.0213972745978 67.5476028657 0 0.1 0.37583 0.386623164763 241.643634256 0 0.421821481706
660 21 0.152538679451 0.328303461059 0.0319677514591 63.8864155135 0 0.1 0.3924 0.410296411856 200.952465707 0 0.421821481706
670 21 0.152538679451 0.251803401046 0.0375796443795 63.6670782203 0 0.1 0.43777 0.384364820847 262.003569951 0 0.421821481706
680 21 0.152538679451 0.329628328072 0.0285321262382 55.1872619874 0 0.1 0.41123 0.391233766234 200.144782416 0 0.421821481706
690 21 0.152538679451 0.301774645234 0.0196218784027 67.0856376737 0 0.1 0.38061 0.434713375796 218.61806829 0 0.421821481706
700 21 0.152538679451 0.352578088135 0.0312466762373 63.5720309463 0 0.1 0.40359 0.4015625 187.117101771 0 0.421821481706
710 21 0.174216027875 0.347162623381 0.0246243148845 65.1260266582 0 0.1 0.36224 0.30602006689 190.035981862 0 0.421821481706
720 21 0.174216027875 0.318394681303 0.0239974128739 60.421869553 0 0.1 0.4105 0.389240506329 207.206319308 0 0.421821481706
730 21 0.174216027875 0.320822057845 0.0274928714024 64.7591587973 0 0.1 0.39136 0.452566096423 205.638572495 0 0.421821481706
740 21 0.174216027875 0.323101219192 0.0201328014541 79.3157483785 0 0.1 0.45755 0.426966292135 204.187994601 0 0.421821481706
750 21 0.174216027875 0.357246163612 0.0390291709714 31.2503789294 0 0.1 0.40079 0.39898989899 184.672074104 0 0.421821481706
760 21 0.174216027875 0.39988402438 0.0261546900588 46.6097701121 0 0.1 0.35364 0.433070866142 164.981309524 0 0.421821481706
770 21 0.174216027875 0.369965174218 0.0352297872851 52.8954309146 0 0.1 0.37465 0.34142394822 178.323243909 0 0.421821481706
780 21 0.174216027875 0.302460023945 0.0253507805343 59.4038678579 0 0.1 0.42911 0.414330218069 218.122676642 0 0.421821481706
790 21 0.174216027875 0.264650143098 0.02187458745 66.8650949087 0 0.1 0.42523 0.387722132472 249.285298802 0 0.421821481706
800 21 0.174216027875 0.355013230761 0.0233280300985 48.5020028743 0 0.1 0.36935 0.413793103448 185.833609239 0 0.421821481706
810 21 0.203075137801 0.360585520637 0.0275055534183 39.4108481821 0 0.1 0.39372 0.338658146965 182.961839076 0 0.421821481706
820 21 0.203075137801 0.30338028464 0.0289130989827 60.8277094369 0 0.1 0.45355 0.392405063291 217.461032704 0 0.421821481706
830 21 0.203075137801 0.326866737325 0.0259928217393 48.4571210774 0 0.1 0.43655 0.449367088608 201.835740583 0 0.421821481706
840 21 0.203075137801 0.387646255112 0.045888390852 52.7720915479 0 0.1 0.3924 0.409090909091 170.189674555 0 0.421821481706
850 21 0.203075137801 0.349336837167 0.0250045316998 58.8348798582 0 0.1 0.43964 0.415973377704 188.853229837 0 0.421821481706
860 21 0.203075137801 0.316719803813 0.0228064704604 55.0055887452 0 0.1 0.39388 0.338461538462 208.30206765 0 0.421821481706
870 21 0.203075137801 0.263835961471 0.0300535333694 84.8779686521 0 0.1 0.44721 0.364565587734 250.054577974 0 0.421821481706
880 21 0.203075137801 0.325359802693 0.030896216861 70.7956989766 0 0.1 0.39032 0.396166134185 202.770561864 0 0.421821481706
890 21 0.203075137801 0.319280867249 0.0230938523589 59.2155650189 0 0.1 0.40915 0.417818740399 206.631203956 0 0.421821481706
900 21 0.203075137801 0.366730309986 0.0219728315041 61.1920255436 0 0.1 0.3859 0.345058626466 179.896202205 0 0.421821481706
910 21 0.243393602225 0.35289971215 0.0345780780046 64.812729958 0 0.1 0.36553 0.353312302839 186.946567902 0 0.421821481706
920 21 0.243393602225 0.421493335906 0.0320835767708 42.9247103974 0 0.1 0.39883 0.396006655574 156.522972915 0 0.421821481706
930 21 0.243393602225 0.296699120352 0.0380577500126 63.589393838 0 0.1 0.4111 0.399355877617 222.357888766 0 0.426043191912
940 21 0.243393602225 0.398190303534 0.0293999673495 48.1113550321 0 0.1 0.39995 0.43961352657 165.683065144 0 0.426364995281
950 21 0.243393602225 0.310737431953 0.036073449263 70.3528864726 0 0.1 0.45711 0.470967741935 212.312335805 0 0.426364995281
960 21 0.243393602225 0.321549851356 0.0264601802957 71.3607007654 0 0.1 0.42701 0.416129032258 205.173131699 0 0.426364995281
970 21 0.243393602225 0.385161442037 0.0218057430646 41.9850792858 0 0.1 0.39091 0.38474025974 171.28762851 0 0.426364995281
980 21 0.243393602225 0.36371039101 0.0373296987276 49.9563316496 0 0.1 0.40039 0.387755102041 181.389896002 0 0.440392348483
990 21 0.243393602225 0.41305204946 0.0274101594985 53.1351593059 0 0.1 0.37195 0.450793650794 159.721735036 0 0.440392348483
1000 21 0.243393602225 0.372267031494 0.0285909511517 35.1865888536 0 0.1 0.40601 0.418604651163 177.220608914 0 0.440392348483
1010 21 0.303687635575 0.367468580435 0.0189912072122 53.6916806834 0 0.1 0.39495 0.333333333333 179.534777972 0 0.458498005225
1020 21 0.303687635575 0.411776166211 0.0419805782958 44.2126746851 0 0.1 0.42654 0.384745762712 160.216630815 0 0.458498005225
1030 21 0.303687635575 0.341769301415 0.0244233008128 49.6899768628 0 0.1 0.41392 0.403624382208 193.034862192 0 0.458498005225
1040 21 0.303687635575 0.431145522401 0.031704078206 50.2290004554 0 0.1 0.37426 0.43152866242 153.018845314 0 0.458498005225
1050 21 0.303687635575 0.377105402168 0.0232986886854 44.7119688939 0 0.1 0.40395 0.372053872054 174.946817576 0 0.458498005225
1060 21 0.303687635575 0.38805708689 0.031025224335 51.7864711994 0 0.1 0.354 0.36772046589 170.009496615 0 0.458498005225
1070 21 0.303687635575 0.450288745109 0.0286393094123 37.9059038968 0 0.1 0.37296 0.389140271493 146.513522083 0 0.458498005225
1080 21 0.303687635575 0.462131819143 0.0341321439647 46.4633258346 0 0.1 0.41981 0.407704654896 142.758813107 0 0.462131819143
1090 21 0.303687635575 0.359826708187 0.0241100627172 38.2121852338 0 0.1 0.38239 0.406099518459 183.34767403 0 0.462131819143
1100 21 0.303687635575 0.379596195257 0.0279908266592 56.6060627616 0 0.1 0.44315 0.327759197324 173.798870548 0 0.462131819143
1110 21 0.40369088812 0.428564252272 0.0305887680786 42.3156084636 0 0.1 0.37183 0.374183006536 153.940487687 0 0.494519438117
1120 21 0.40369088812 0.388774313992 0.0155512583441 56.0579101575 0 0.1 0.45588 0.454113924051 169.69585599 0 0.494519438117
1130 21 0.40369088812 0.405005419639 0.0230674003267 38.9785821032 0 0.1 0.40814 0.403087478559 162.895079426 0 0.494519438117
1140 21 0.40369088812 0.412302369186 0.0235289811854 42.3740761531 0 0.1 0.37134 0.364516129032 160.012153532 0 0.494519438117
1150 21 0.40369088812 0.452334704013 0.0192117488269 22.1577049232 0 0.1 0.38944 0.413210445469 145.850825538 0 0.494519438117
1160 21 0.40369088812 0.406175347448 0.0279985027187 50.3306204337 0 0.1 0.42893 0.37417218543 162.425884324 0 0.494519438117
1170 21 0.40369088812 0.438991017771 0.0204970177991 38.3555773408 0 0.1 0.39994 0.40487804878 150.284145527 0 0.494519438117
1180 21 0.40369088812 0.385694169969 0.016139332833 36.5346169882 0 0.1 0.45701 0.358085808581 171.051042864 0 0.494519438117
1190 21 0.40369088812 0.418920546227 0.019672551841 34.8110796562 0 0.1 0.42856 0.385483870968 157.484254698 0 0.494519438117
1200 21 0.40369088812 0.441137682876 0.0231306495018 41.7794701414 0 0.1 0.37018 0.393034825871 149.552832508 0 0.494519438117
1210 21 0.601891659501 0.428424049014 0.0240958730261 22.5115823422 0 0.1 0.42423 0.391236306729 153.990865246 10 0.531170724636
1220 21 0.601891659501 0.466451530262 0.0178209572514 30.327389444 0 0.1 0.36623 0.4336 141.436753274 10 0.531170724636
1230 21 0.601891659501 0.453837726873 0.0329694452856 32.9702774931 0 0.1 0.40055 0.365415986949 145.367795786 10 0.531170724636
1240 21 0.601891659501 0.469508988974 0.0185810345816 28.7461817961 0 0.1 0.35405 0.391517128874 140.515712264 10 0.531170724636
1250 21 0.601891659501 0.543509220833 0.0330794933021 24.2898801726 0 0.1 0.40257 0.431061806656 121.384122792 10 0.543509220833
1260 21 0.601891659501 0.496331609272 0.0242634428702 28.5049114145 0 0.1 0.37134 0.408450704225 132.921999662 10 0.543509220833
1270 21 0.601891659501 0.464734883678 0.0337159666533 14.7290779727 0 0.1 0.3822 0.36974789916 141.959195053 10 0.555741702168
1280 21 0.601891659501 0.515063522637 0.0134616621763 32.4839344723 0 0.1 0.44923 0.393333333333 128.087870914 10 0.555741702168
1290 21 0.601891659501 0.47302367938 0.0199879353757 24.4397208952 0 0.1 0.40943 0.403933434191 139.471643547 10 0.555741702168
1300 21 0.601891659501 0.46907179604 0.0128504027953 35.3917608852 0 0.1 0.40125 0.437795275591 140.646678306 10 0.555741702168
1310 21 1.18243243243 0.544543760491 0.0184405563319 10.7913800975 0 0.1 0.36717 0.31103074141 121.153513797 20 0.60537043155
1320 21 1.18243243243 0.555935560478 0.0168388511999 12.2438889637 0 0.1 0.34759 0.345058626466 118.670930032 20 0.60537043155
1330 21 1.18243243243 0.61396277793 0.0186723469273 8.28728784794 0 0.1 0.36546 0.306913996627 107.455032083 20 0.61396277793
1340 21 1.18243243243 0.564686730032 0.0179988871968 3.13189774306 0 0.1 0.3847 0.355095541401 116.831840543 20 0.61396277793
1350 21 1.18243243243 0.578469592592 0.019362276754 5.89172825399 0 0.1 0.4396 0.391705069124 114.048155417 20 0.61396277793
1360 21 1.18243243243 0.568897661578 0.0167842292408 9.07932606409 0 0.1 0.41993 0.432558139535 115.967061311 20 0.61396277793
1370 21 1.18243243243 0.605791476224 0.0271483695409 9.15736739281 0 0.1 0.38541 0.391025641026 108.904454073 20 0.61396277793
1380 21 1.18243243243 0.563289699578 0.0163053931993 9.38187418687 0 0.1 0.42991 0.454685099846 117.121598441 20 0.61396277793
1390 21 1.18243243243 0.508342486008 0.0212336590581 6.70092675569 0 0.1 0.42114 0.468646864686 129.781381285 20 0.61396277793
1400 21 1.18243243243 0.595062207578 0.0271548145253 12.0674230402 0 0.1 0.38174 0.399350649351 110.868055742 20 0.61396277793
1410 21 33.3333333333 0.723896777106 0.0342303649115 0.110848601045 0 0.1 0.72816 0.655 91.1364604547 270 0.737869805404
1420 21 33.3333333333 0.736590571276 0.00438883614992 0.256548642058 0 0.1 0.45926 0.339721254355 89.5658898887 270 0.737869805404
1430 21 33.3333333333 0.742865040254 0.00218014213882 0.0156141363682 0 0.1 0.36012 0.352233676976 88.8093885498 270 0.745936456066
1440 21 33.3333333333 0.74468359076 0.00119425935357 0.00895208022043 0 0.1 0.41015 0.351485148515 88.5925120663 270 0.746151607101
1450 21 33.3333333333 0.744140326397 0.001389366429 0.00226582428722 0 0.1 0.36179 0.43606557377 88.6571895914 270 0.746151607101
1460 21 33.3333333333 0.746058771088 0.0012230706144 0.00372593055363 0 0.1 0.40676 0.349753694581 88.4292130281 270 0.746151607101
1470 21 33.3333333333 0.743841203079 0.00109760075716 0.00294054315119 0 0.1 0.33724 0.358161648177 88.6928415997 270 0.746781072678
1480 21 33.3333333333 0.745597928628 0.000664908327244 0.00644507564381 0 0.1 0.38139 0.400646203554 88.4838697465 270 0.746781072678
1490 21 33.3333333333 0.740083853497 0.0019247237397 0.00487932580686 0 0.1 0.41165 0.366666666667 89.1431284283 270 0.747000558191
1500 21 33.3333333333 0.744499391005 0.00109002810424 0.0119861087161 0 0.1 0.37834 0.416260162602 88.6144311158 270 0.747000558191
