10 23 0.0873362445415 0.233586657007 0.0347314788982 198.273322852 0 0.1 0.46315 0.439446366782 309.33517747 110 0.338121856819
20 23 0.0873362445415 0.275701574029 0.0375753768162 94.8885533772 0 0.1 0.37498 0.32612312812 262.08254434 110 0.338121856819
30 23 0.0873362445415 0.271235847647 0.0318331208851 77.1226387675 0 0.1 0.40061 0.335008375209 266.397567382 110 0.338121856819
40 23 0.0873362445415 0.23250930144 0.0262492346528 82.7728356473 0 0.1 0.36887 0.350515463918 310.768513571 110 0.338121856819
50 23 0.0873362445415 0.266481826617 0.0364175915813 72.0836638893 0 0.1 0.39243 0.362153344209 271.150085232 110 0.338121856819
60 23 0.0873362445415 0.275131426339 0.0381786582893 82.4321278462 0 0.1 0.43886 0.436849925706 262.625651171 110 0.338121856819
70 23 0.0873362445415 0.205422376838 0.0262416303786 109.441679479 0 0.1 0.39014 0.375 351.74634386 110 0.338121856819
80 23 0.0873362445415 0.284436789965 0.0227572157548 77.1695366154 0 0.1 0.43543 0.435064935065 254.033840027 110 0.338121856819
90 23 0.0873362445415 0.267604441918 0.0320084877547 51.3362805901 0 0.1 0.41624 0.398009950249 270.012595764 110 0.338121856819
100 23 0.0873362445415 0.249536699519 0.0259660054335 63.5037103232 0 0.1 0.37466 0.418604651163 289.56289852 110 0.338121856819
110 23 0.0940354648039 0.285678785207 0.0362693203322 64.3853716071 0 0.1 0.43215 0.390965732087 252.92942193 0 0.338121856819
120 23 0.0940354648039 0.313252949044 0.018844321476 60.458510219 0 0.1 0.38358 0.42965204236 230.665250624 0 0.338121856819
130 23 0.0940354648039 0.23128633457 0.025606790367 83.3953778995 0 0.1 0.455 0.437788018433 312.411756338 0 0.338121856819
140 23 0.0940354648039 0.279112095868 0.0189693763772 76.8818811158 0 0.1 0.389 0.36320754717 258.880109711 0 0.338121856819
150 23 0.0940354648039 0.23947181529 0.0302008459234 105.058981106 0 0.1 0.43397 0.43949044586 301.733086679 0 0.340878407451
160 23 0.0940354648039 0.263101535415 0.0248293501525 105.846607099 0 0.1 0.38216 0.369774919614 274.633783061 0 0.340878407451
170 23 0.0940354648039 0.238526374674 0.0269610813692 103.181507564 0 0.1 0.42298 0.366718027735 302.929058049 0 0.340878407451
180 23 0.0940354648039 0.252014203305 0.0204521756925 81.0238094055 0 0.1 0.41086 0.45285935085 286.716260641 0 0.340878407451
190 23 0.0940354648039 0.274181600313 0.0326475353191 69.1750123551 0 0.1 0.38977 0.455974842767 263.53544482 0 0.340878407451
200 23 0.0940354648039 0.248296349769 0.0218136792218 83.0018233145 0 0.1 0.40069 0.355519480519 291.009392878 0 0.340878407451
210 23 0.101847810272 0.29704870518 0.0331042185933 77.0217357902 0 0.1 0.40655 0.412225705329 243.248224079 0 0.364609521489
220 23 0.101847810272 0.231491481513 0.0326563928155 109.426138578 0 0.1 0.36726 0.404958677686 312.13489813 0 0.364609521489
230 23 0.101847810272 0.230293436685 0.0357067941105 119.445053051 0 0.1 0.44829 0.425605536332 313.758702984 0 0.364609521489
240 23 0.101847810272 0.304438675498 0.0303968589602 76.4434153473 0 0.1 0.38444 0.359424920128 237.343595986 0 0.364609521489
250 23 0.101847810272 0.313004640934 0.0304629692796 59.8006778679 0 0.1 0.41784 0.393034825871 230.848238494 0 0.364609521489
260 23 0.101847810272 0.290456837614 0.021418975386 87.2330062049 0 0.1 0.36808 0.359300476948 248.768700346 0 0.364609521489
270 23 0.101847810272 0.264519797969 0.0270977388342 76.1009438175 0 0.1 0.38691 0.414173228346 273.161292859 0 0.364609521489
280 23 0.101847810272 0.268277169116 0.0188498436367 72.9751780144 0 0.1 0.45163 0.424924924925 269.335516839 0 0.364609521489
290 23 0.101847810272 0.281281717389 0.0195116708862 66.0921712901 0 0.1 0.44716 0.443365695793 256.883279407 0 0.364609521489
300 23 0.101847810272 0.245753537225 0.0156287753893 80.8737335597 0 0.1 0.40793 0.3792 294.020467888 0 0.364609521489
310 23 0.111075848937 0.310446473154 0.0320298618746 99.1104625163 0 0.1 0.39645 0.371428571429 232.750494042 0 0.364609521489
320 23 0.111075848937 0.238871109309 0.021518068669 79.9242134763 0 0.1 0.42165 0.36288998358 302.491876096 0 0.364609521489
330 23 0.111075848937 0.259193669767 0.0105930173444 72.3760477656 0 0.1 0.39052 0.398104265403 278.774439457 0 0.364609521489
340 23 0.111075848937 0.353003149719 0.0295722249662 62.7825954298 0 0.1 0.3992 0.444622792937 204.691006461 0 0.364609521489
350 23 0.111075848937 0.266868441265 0.0337893817232 93.8837220578 0 0.1 0.43313 0.399061032864 270.757267729 0 0.364609521489
360 23 0.111075848937 0.276718923753 0.0201239285844 58.2610556018 0 0.1 0.42933 0.428115015974 261.119004873 0 0.364609521489
370 23 0.111075848937 0.26121754048 0.0145229794621 71.7167273513 0 0.1 0.41046 0.421630094044 276.614540767 0 0.364609521489
380 23 0.111075848937 0.267791687264 0.0304246600502 70.4943664855 0 0.1 0.35056 0.38846737481 269.823797513 0 0.364609521489
390 23 0.111075848937 0.302905220285 0.0191980396295 75.6689218311 0 0.1 0.40633 0.429054054054 238.54514601 0 0.364609521489
400 23 0.111075848937 0.289536454984 0.025838192616 56.1371184659 0 0.1 0.35616 0.413145539906 249.559489854 0 0.364609521489
410 23 0.122142732507 0.30941387677 0.0323954543003 77.5333126243 0 0.1 0.40419 0.372681281619 233.527244332 0 0.364609521489
420 23 0.122142732507 0.253232325006 0.0150957543501 93.4091225324 0 0.1 0.40405 0.407783417936 285.337071396 0 0.364609521489
430 23 0.122142732507 0.321044537949 0.0284645740003 53.706335739 0 0.1 0.37549 0.349282296651 225.067121408 0 0.364609521489
440 23 0.122142732507 0.319733956014 0.0272659229864 64.818046788 0 0.1 0.38912 0.374161073826 225.989666224 0 0.364609521489
450 23 0.122142732507 0.267811801433 0.0248722505051 102.721960797 0 0.1 0.42639 0.435736677116 269.803532232 0 0.364609521489
460 23 0.122142732507 0.251246056709 0.022378979308 81.362499071 0 0.1 0.40428 0.365733113674 287.592851989 0 0.364609521489
470 23 0.122142732507 0.317905285589 0.0289382209527 82.378421735 0 0.1 0.37538 0.40734557596 227.289615101 0 0.364609521489
480 23 0.122142732507 0.281877347925 0.0215980125227 69.8031967824 0 0.1 0.38243 0.385466034755 256.340463439 0 0.364609521489
490 23 0.122142732507 0.274430911994 0.0386539160606 60.2030472851 0 0.1 0.42818 0.431610942249 263.296031322 0 0.379009644405
500 23 0.122142732507 0.349618569129 0.0463124591277 51.0251594178 0 0.1 0.40769 0.417197452229 206.672575144 0 0.379009644405
510 23 0.135658914729 0.262624100827 0.0222864759681 88.8437137134 0 0.1 0.38737 0.396959459459 275.133050518 0 0.379009644405
520 23 0.135658914729 0.331666382623 0.0317316366145 48.16703327 0 0.1 0.42798 0.417207792208 217.859191603 0 0.379009644405
530 23 0.135658914729 0.269354353698 0.0132749916088 64.7641725766 0 0.1 0.41145 0.39336492891 268.258407588 0 0.379009644405
540 23 0.135658914729 0.215028851638 0.036375386399 83.2129636532 0 0.1 0.38604 0.463607594937 336.031976405 0 0.379009644405
550 23 0.135658914729 0.350691417331 0.0252899898687 53.0626490731 0 0.1 0.36898 0.370542635659 206.04031473 0 0.379009644405
560 23 0.135658914729 0.339786344159 0.0314468361572 59.1741725605 0 0.1 0.4157 0.402985074627 212.652954547 0 0.381822354128
570 23 0.135658914729 0.234992631821 0.0239808521529 105.504279523 0 0.1 0.41237 0.387658227848 307.48440681 0 0.381822354128
580 23 0.135658914729 0.294414262706 0.0305493485623 51.180458775 0 0.1 0.38617 0.429438543247 245.424828729 0 0.381822354128
590 23 0.135658914729 0.278495168138 0.0292759776465 85.2992138738 0 0.1 0.39195 0.351791530945 259.453585795 0 0.381822354128
600 23 0.135658914729 0.331343169237 0.0279906479452 61.0369728172 0 0.1 0.41862 0.408945686901 218.071705435 0 0.381822354128
610 23 0.152538679451 0.341461824043 0.0288210010478 58.1144300256 0 0.1 0.37174 0.430842607313 211.60951214 0 0.381822354128
620 23 0.152538679451 0.289426804786 0.0395423443671 52.1358770535 0 0.1 0.36525 0.335616438356 249.654036203 0 0.426531613455
630 23 0.152538679451 0.304388013248 0.0279413877696 50.3887955209 0 0.1 0.4288 0.366449511401 237.383099383 0 0.426531613455
640 23 0.152538679451 0.339932365006 0.0364838600401 60.2170372439 0 0.1 0.37705 0.425196850394 212.561607656 0 0.426531613455
650 23 0.152538679451 0.344027998661 0.0291095507097 56.2651073871 0 0.1 0.42251 0.386513157895 210.03107387 0 0.426531613455
660 23 0.152538679451 0.272341547988 0.0289368575603 78.498278411 0 0.1 0.39419 0.429906542056 265.315999464 0 0.426531613455
670 23 0.152538679451 0.389021968964 0.0366022453993 47.1383165949 0 0.1 0.44031 0.408427876823 185.739047572 0 0.426531613455
680 23 0.152538679451 0.296089683273 0.0211171898073 60.6515816662 0 0.1 0.37707 0.32 244.036094744 0 0.426531613455
690 23 0.152538679451 0.31523325084 0.0322672340975 60.6398482583 0 0.1 0.44401 0.417085427136 229.216206753 0 0.426531613455
700 23 0.152538679451 0.268772436659 0.020139882341 71.0240894216 0 0.1 0.39922 0.390551181102 268.839211707 0 0.426531613455
710 23 0.174216027875 0.298721748394 0.0225925907285 72.5008162725 0 0.1 0.39254 0.342024539877 241.885870006 0 0.426531613455
720 23 0.174216027875 0.291777862709 0.024013285244 70.9223421606 0 0.1 0.43222 0.400313971743 247.642399355 0 0.426531613455
730 23 0.174216027875 0.278100856487 0.0265795979619 63.9158845501 0 0.1 0.39626 0.373737373737 259.821457987 0 0.426531613455
740 23 0.174216027875 0.348064587158 0.0459976293977 55.7962499459 0 0.1 0.45589 0.398104265403 207.595293132 0 0.426531613455
750 23 0.174216027875 0.295987742785 0.0237122538619 66.9432387147 0 0.1 0.3978 0.404838709677 244.120142679 0 0.426531613455
760 23 0.174216027875 0.311414155034 0.0355673334404 60.2412200107 0 0.1 0.42356 0.35303514377 232.027249988 0 0.426531613455
770 23 0.174216027875 0.313815514983 0.0340795122362 67.3374717742 0 0.1 0.40184 0.400625978091 230.251745214 0 0.426531613455
780 23 0.174216027875 0.286071492991 0.0283989859853 62.3748078383 0 0.1 0.40251 0.397435897436 252.582210288 0 0.426531613455
790 23 0.174216027875 0.280770893468 0.0264306342034 60.8191042235 0 0.1 0.36422 0.460030165913 257.350643108 0 0.426531613455
800 23 0.174216027875 0.380536511055 0.0345667388898 53.6503733834 0 0.1 0.35468 0.331790123457 189.880781215 0 0.426531613455
810 23 0.203075137801 0.353953678059 0.0208715461782 51.3687101972 0 0.1 0.36843 0.365131578947 204.141317012 0 0.426531613455
820 23 0.203075137801 0.30524884061 0.0180953705646 56.898714954 0 0.1 0.40158 0.424242424242 236.71365911 0 0.426531613455
830 23 0.203075137801 0.309452009467 0.0363784246882 62.6490459521 0 0.1 0.34001 0.353037766831 233.49846758 0 0.426531613455
840 23 0.203075137801 0.327658815363 0.0209453500121 53.9376565635 0 0.1 0.40084 0.393581081081 220.52380895 0 0.426531613455
850 23 0.203075137801 0.317275924557 0.0252957489756 64.5648168007 0 0.1 0.35697 0.402843601896 227.740475742 0 0.426531613455
860 23 0.203075137801 0.348306748013 0.0245263156561 47.944314485 0 0.1 0.41045 0.397435897436 207.450962154 0 0.426531613455
870 23 0.203075137801 0.336312238589 0.0263075503191 56.4025946649 0 0.1 0.35959 0.421725239617 214.849659659 0 0.426531613455
880 23 0.203075137801 0.296769107341 0.0403908525267 73.7626658044 0 0.1 0.38582 0.370839936609 243.477397791 0 0.426531613455
890 23 0.203075137801 0.3830278038 0.0263665516464 54.7563571719 0 0.1 0.41231 0.399350649351 188.645757 0 0.426531613455
900 23 0.203075137801 0.313469523224 0.0287953094095 71.847489122 0 0.1 0.39713 0.451951951952 230.505885411 0 0.426531613455
910 23 0.243393602225 0.340505752023 0.0281520546008 61.4363638 0 0.1 0.37067 0.318611987382 212.203669309 0 0.426531613455
920 23 0.243393602225 0.336637423745 0.0126485018068 56.6079904184 0 0.1 0.43219 0.389240506329 214.642119097 0 0.426531613455
930 23 0.243393602225 0.332119276039 0.0283537324389 77.9508055573 0 0.1 0.37668 0.373626373626 217.562108595 0 0.426531613455
940 23 0.243393602225 0.418539067751 0.0332100656096 55.214938098 0 0.1 0.37849 0.408345752608 172.639964982 0 0.444630925698
950 23 0.243393602225 0.34797801362 0.0255856214737 55.6813925539 0 0.1 0.42355 0.380258899676 207.646940817 0 0.444630925698
960 23 0.243393602225 0.374061410796 0.0193200993013 53.7861365589 0 0.1 0.4162 0.436363636364 193.167666898 0 0.444630925698
970 23 0.243393602225 0.348320046519 0.0340527980997 55.2364229459 0 0.1 0.38212 0.424342105263 207.443041886 0 0.444630925698
980 23 0.243393602225 0.32849099815 0.0240024025257 73.0093352877 0 0.1 0.40683 0.345335515548 219.96514488 0 0.444630925698
990 23 0.243393602225 0.332085939094 0.0172956761287 69.6584311584 0 0.1 0.41651 0.442786069652 217.583948893 0 0.444630925698
1000 23 0.243393602225 0.346968533579 0.0395923223775 78.4897919374 0 0.1 0.352 0.382978723404 208.251074686 0 0.444630925698
1010 23 0.303687635575 0.41503834091 0.0269641711885 45.6425511619 0 0.1 0.38552 0.352755905512 174.09613252 0 0.466744144203
1020 23 0.303687635575 0.341036361899 0.0252389447773 64.3375306885 0 0.1 0.40305 0.391442155309 211.87350697 0 0.466744144203
1030 23 0.303687635575 0.394927309333 0.0194685157622 67.6661051729 0 0.1 0.39464 0.452830188679 182.961695209 0 0.466744144203
1040 23 0.303687635575 0.399951687145 0.0238083335325 41.5238526507 0 0.1 0.40439 0.37037037037 180.663245893 0 0.466744144203
1050 23 0.303687635575 0.409920397397 0.0223849782861 58.4198128839 0 0.1 0.38152 0.383045525903 176.269759834 0 0.466744144203
1060 23 0.303687635575 0.385315804209 0.0262021372449 41.6606750729 0 0.1 0.40399 0.427469135802 187.525580863 0 0.466744144203
1070 23 0.303687635575 0.390833549568 0.0157563814059 55.3455831954 0 0.1 0.40268 0.454268292683 184.878115197 0 0.466744144203
1080 23 0.303687635575 0.431572169059 0.0231265726617 43.8171052402 0 0.1 0.38204 0.432475884244 167.426389328 0 0.466744144203
1090 23 0.303687635575 0.374679115196 0.00878418662988 49.5553398569 0 0.1 0.42108 0.391575663027 192.849206346 0 0.466744144203
1100 23 0.303687635575 0.349408824354 0.0231489454664 55.0822170377 0 0.1 0.38007 0.399061032864 206.796637531 0 0.466744144203
1110 23 0.40369088812 0.385251134561 0.0198754129185 51.3996954675 0 0.1 0.40869 0.373970345964 187.557059585 0 0.466744144203
1120 23 0.40369088812 0.418706437707 0.0240284091342 40.6803960458 0 0.1 0.36915 0.42251223491 172.570955431 0 0.466744144203
1130 23 0.40369088812 0.426340753326 0.020660553456 43.9588825235 0 0.1 0.3976 0.370051635112 169.480795435 0 0.466744144203
1140 23 0.40369088812 0.455827847921 0.0286485976786 36.0616689621 0 0.1 0.42136 0.377125193199 158.517234806 0 0.477705153955
1150 23 0.40369088812 0.439832524813 0.0078006144451 54.2445747644 0 0.1 0.39268 0.430272108844 164.282007182 0 0.477705153955
1160 23 0.40369088812 0.404009072866 0.0243550479188 36.5055239365 0 0.1 0.42418 0.37558685446 178.848879525 0 0.481243508886
1170 23 0.40369088812 0.419696251274 0.0249980956724 36.5027838103 0 0.1 0.39999 0.434920634921 172.163963297 0 0.481243508886
1180 23 0.40369088812 0.397907522596 0.0236662667037 36.1095317316 0 0.1 0.41188 0.365289256198 181.591364568 0 0.487248199027
1190 23 0.40369088812 0.493831388939 0.0315484350819 30.8128173508 0 0.1 0.42319 0.417335473515 146.318301385 0 0.493831388939
1200 23 0.40369088812 0.421595032376 0.0312789585222 50.7905053604 0 0.1 0.36436 0.370860927152 171.388570669 0 0.493831388939
1210 23 0.601891659501 0.468679247011 0.0332837560494 24.3806929684 0 0.1 0.38159 0.347315436242 154.170619802 10 0.545976817353
1220 23 0.601891659501 0.513146935149 0.0132972324069 14.3185233693 0 0.1 0.42797 0.403453689168 140.810682186 10 0.545976817353
1230 23 0.601891659501 0.576931158205 0.03331412684 15.1586005694 0 0.1 0.3215 0.274380165289 125.242966985 10 0.576931158205
1240 23 0.601891659501 0.465933060723 0.0324684453355 21.0173716483 0 0.1 0.38617 0.366386554622 155.079293768 10 0.593994135494
1250 23 0.601891659501 0.475037613082 0.0184409503228 21.3668617652 0 0.1 0.48876 0.430745814307 152.107050074 10 0.593994135494
1260 23 0.601891659501 0.482819414437 0.020070614638 26.0481351414 0 0.1 0.43272 0.414673046252 149.655477471 10 0.593994135494
1270 23 0.601891659501 0.480248651736 0.0135646253827 17.3287039706 0 0.1 0.39037 0.325914149444 150.456580646 10 0.593994135494
1280 23 0.601891659501 0.493510656974 0.012989920853 26.8336884046 0 0.1 0.45139 0.440366972477 146.413393468 10 0.593994135494
1290 23 0.601891659501 0.478626647435 0.0179737428997 33.3054538005 0 0.1 0.42631 0.362745098039 150.966458694 10 0.593994135494
1300 23 0.601891659501 0.501667298142 0.0247533596422 28.1575498012 0 0.1 0.35175 0.354889589905 144.032848598 10 0.593994135494
1310 23 1.18243243243 0.57911057543 0.0152239424561 14.1066147028 0 0.1 0.34299 0.307692307692 124.771629229 0 0.593994135494
1320 23 1.18243243243 0.551735585647 0.0178352213842 10.9010042257 0 0.1 0.34695 0.252129471891 130.96231579 0 0.605313978651
1330 23 1.18243243243 0.569068380986 0.0171954909188 2.70802110003 0 0.1 0.36817 0.31715210356 126.973440125 0 0.61569115926
1340 23 1.18243243243 0.552179368305 0.0256876081659 7.45605711328 0 0.1 0.38247 0.346469622332 130.857062302 0 0.630321727965
1350 23 1.18243243243 0.572667961217 0.00827946386679 10.1094055592 0 0.1 0.45439 0.369969040248 126.175331769 0 0.630321727965
1360 23 1.18243243243 0.621060129126 0.0200916914228 7.6486759787 0 0.1 0.39756 0.408566721582 116.343920035 0 0.630321727965
1370 23 1.18243243243 0.604283171484 0.0209493739878 4.25604155308 0 0.1 0.41506 0.34375 119.574023256 0 0.630321727965
