10 5 0.0873362445415 0.250349084718 0.0531612916093 43.813922399 3 0.1 0.41656 0.374795417349 62.7441878515 0 0.35185171159
20 5 0.0873362445415 0.215250990382 0.0364397310399 3.62185946046 3 0.1 0.39176 0.438709677419 72.9750417041 0 0.35185171159
30 5 0.0873362445415 0.203611439621 0.0515354479221 21.9663481652 3 0.1 0.44753 0.414035087719 77.1466968127 0 0.35185171159
40 5 0.0873362445415 0.191633148559 0.0446858057993 38.5349869292 3 0.1 0.39641 0.381196581197 81.9688562135 0 0.35185171159
50 5 0.0873362445415 0.265505040732 0.0431728605563 12.3462199172 3 0.1 0.45195 0.404290429043 59.1625302355 0 0.35185171159
60 5 0.0873362445415 0.210715914538 0.0443884798716 16.0321140715 3 0.1 0.4253 0.440878378378 74.5456271513 0 0.35185171159
70 5 0.0873362445415 0.250038255011 0.0401963380452 13.2173659143 3 0.1 0.39472 0.355172413793 62.8221869462 0 0.35185171159
80 5 0.0873362445415 0.158191242375 0.0507088590473 9.46099709532 3 0.1 0.38937 0.356020942408 99.2972162313 0 0.35185171159
90 5 0.0873362445415 0.249383951459 0.0520814976361 18.1273013611 3 0.1 0.42436 0.420608108108 62.987012228 0 0.35185171159
100 5 0.0873362445415 0.19592461644 0.0405645007788 18.3553285701 3 0.1 0.41178 0.404844290657 80.1734375467 0 0.35185171159
110 5 0.0940354648039 0.236443668388 0.0470758835553 15.3396527574 3 0.1 0.3927 0.392426850258 66.4342171101 0 0.35185171159
120 5 0.0940354648039 0.15151231975 0.0422626350262 27.4021135426 3 0.1 0.45935 0.412645590682 103.674407639 0 0.35185171159
130 5 0.0940354648039 0.248487359295 0.047892412919 16.6334697666 3 0.1 0.40265 0.386554621849 63.2142819843 0 0.35185171159
140 5 0.0940354648039 0.193154408435 0.0353733482555 20.8477425754 3 0.1 0.40078 0.429530201342 81.323279791 0 0.35185171159
150 5 0.0940354648039 0.336926479142 0.0734156056097 12.9372585176 3 0.1 0.32236 0.361061946903 46.6212986287 0 0.401974132189
160 5 0.0940354648039 0.18216967585 0.0641657976673 18.8389525354 3 0.1 0.38038 0.389802631579 86.227029426 0 0.401974132189
170 5 0.0940354648039 0.206401388024 0.0537136370187 25.1832569983 3 0.1 0.41475 0.404423380727 76.1038971219 0 0.401974132189
180 5 0.0940354648039 0.205237810605 0.0572461480376 15.0360920342 3 0.1 0.33443 0.363327674024 76.5353613631 0 0.401974132189
190 5 0.0940354648039 0.209020499609 0.0472981693602 21.7990139891 3 0.1 0.42038 0.445 75.1502844429 0 0.401974132189
200 5 0.0940354648039 0.231634693114 0.0310090484301 32.1342802576 3 0.1 0.38427 0.406752411576 67.8134600168 0 0.401974132189
210 5 0.101847810272 0.260666023993 0.0478263670231 8.68258071319 3 0.1 0.39217 0.365853658537 60.2608263224 0 0.401974132189
220 5 0.101847810272 0.149212934084 0.0440071836405 17.267356906 3 0.1 0.39358 0.412265758092 105.272040232 0 0.401974132189
230 5 0.101847810272 0.234333136896 0.0648597994677 20.8824902589 3 0.1 0.43168 0.398703403566 67.0325597484 0 0.401974132189
240 5 0.101847810272 0.231525345559 0.0675896475882 18.7340151905 3 0.1 0.39596 0.388443017657 67.8454877675 0 0.401974132189
250 5 0.101847810272 0.204043387567 0.058575974303 15.5394082314 3 0.1 0.43805 0.448330683625 76.9833817568 0 0.411748758757
260 5 0.101847810272 0.207133502417 0.0401437951712 16.3627935795 3 0.1 0.40898 0.451666666667 75.8349075194 0 0.411748758757
270 5 0.101847810272 0.261562936997 0.0481954451012 9.73112633589 3 0.1 0.39608 0.460101867572 60.0541887944 0 0.411748758757
280 5 0.101847810272 0.254615384566 0.0770051688316 11.7297672352 3 0.1 0.40798 0.40347826087 61.6928549969 0 0.411748758757
290 5 0.101847810272 0.232137736451 0.0809347292035 13.5918980649 3 0.1 0.38413 0.364814814815 67.6665079971 0 0.433120040493
300 5 0.101847810272 0.282197046474 0.0313692749505 9.68520363065 3 0.1 0.41471 0.336752136752 55.6630559968 0 0.433120040493
310 5 0.111075848937 0.212387627954 0.0316172788337 9.23427543254 3 0.1 0.44287 0.428813559322 73.9588748709 0 0.433120040493
320 5 0.111075848937 0.218552285638 0.0566935695009 8.2204447398 3 0.1 0.40204 0.406722689076 71.8727326696 0 0.433120040493
330 5 0.111075848937 0.156372407164 0.0402629234343 23.2634333962 3 0.1 0.37507 0.358428805237 100.452185171 0 0.433120040493
340 5 0.111075848937 0.197926035217 0.0436935071782 11.2996147571 3 0.1 0.38593 0.409863945578 79.3627275095 0 0.433120040493
350 5 0.111075848937 0.277585813466 0.0392120086225 7.50704792627 3 0.1 0.41678 0.364452423698 56.5877261661 0 0.433120040493
360 5 0.111075848937 0.222808324074 0.0615829199074 12.4834133093 3 0.1 0.36862 0.31045751634 70.4998346236 0 0.433120040493
370 5 0.111075848937 0.217178309929 0.0629870814073 13.3851801863 3 0.1 0.41812 0.392092257002 72.3274345635 0 0.433120040493
380 5 0.111075848937 0.17353160318 0.0526691775648 17.356307467 3 0.1 0.38993 0.422712933754 90.5192467088 0 0.433120040493
390 5 0.111075848937 0.206816069541 0.0474836628327 8.97501600368 3 0.1 0.40913 0.385232744783 75.9513031788 0 0.433120040493
400 5 0.111075848937 0.367605293575 0.0726200725484 6.81542681803 3 0.1 0.39104 0.469483568075 42.7304782455 0 0.433120040493
410 5 0.122142732507 0.165711474108 0.0532075436364 36.1733529759 3 0.1 0.36772 0.348432055749 94.7909617276 0 0.433120040493
420 5 0.122142732507 0.227691766442 0.048734078557 25.7474227348 3 0.1 0.43226 0.401944894652 68.9877822349 0 0.433120040493
430 5 0.122142732507 0.244349303505 0.0270188821579 13.6472287858 3 0.1 0.4008 0.422807017544 64.2848159363 0 0.433120040493
440 5 0.122142732507 0.318921781797 0.056063561462 12.1034540377 3 0.1 0.34179 0.33041958042 49.2532993873 0 0.433120040493
450 5 0.122142732507 0.223115259786 0.037277871152 17.0338989129 3 0.1 0.39643 0.336734693878 70.4028492496 0 0.433120040493
460 5 0.122142732507 0.192958717759 0.047087976043 31.4165497048 3 0.1 0.41893 0.420062695925 81.4057544662 0 0.433120040493
470 5 0.122142732507 0.205954687375 0.0339200118578 12.7233663145 3 0.1 0.36545 0.336052202284 76.2689609068 0 0.433120040493
480 5 0.122142732507 0.235735072124 0.053365145598 20.7524866276 3 0.1 0.42821 0.372131147541 66.6339117826 0 0.433120040493
490 5 0.122142732507 0.223137301366 0.0479815803221 20.2026811005 3 0.1 0.407 0.442879499218 70.3958948318 0 0.433120040493
500 5 0.122142732507 0.185360027444 0.0477287479591 37.2763732292 3 0.1 0.37976 0.388797364086 84.7429201246 0 0.433120040493
510 5 0.135658914729 0.299836013795 0.0711648440779 18.2244052779 3 0.1 0.44824 0.41722972973 52.3884699545 0 0.433120040493
520 5 0.135658914729 0.275262471332 0.0441102807719 17.3432170741 3 0.1 0.35147 0.301482701812 57.0653526577 0 0.433120040493
530 5 0.135658914729 0.256657353167 0.0533083340073 8.16458183166 3 0.1 0.4044 0.357487922705 61.2020259936 0 0.433120040493
540 5 0.135658914729 0.393404328818 0.0534562442666 13.414571849 3 0.1 0.40207 0.419047619048 39.928259171 0 0.433120040493
550 5 0.135658914729 0.275794827531 0.0555374866173 12.4697124248 3 0.1 0.35997 0.361629881154 56.9552015917 0 0.433120040493
560 5 0.135658914729 0.359809651835 0.0465094234552 11.7041483838 3 0.1 0.40651 0.446268656716 43.6562774787 0 0.433120040493
570 5 0.135658914729 0.422785185275 0.0625275489522 5.35705544694 3 0.1 0.37211 0.371294851794 37.1535014638 0 0.433120040493
580 5 0.135658914729 0.33014853971 0.034822683379 11.025452572 3 0.1 0.38857 0.386581469649 47.578432465 0 0.433120040493
590 5 0.135658914729 0.28909472406 0.0669545713825 10.8694205462 3 0.1 0.44746 0.45324881141 54.3349590729 0 0.433120040493
600 5 0.135658914729 0.354924837222 0.0585264515912 13.5790821854 3 0.1 0.41771 0.435691318328 44.2571168672 0 0.433120040493
610 5 0.152538679451 0.216705557523 0.0637544563441 12.1286644009 3 0.1 0.36929 0.37106918239 72.4852199433 0 0.433120040493
620 5 0.152538679451 0.460863590783 0.0746627871519 8.49431826325 3 0.1 0.41489 0.431147540984 34.0837295767 0 0.460863590783
630 5 0.152538679451 0.194340265765 0.0669158893058 18.5518552565 3 0.1 0.37788 0.362126245847 80.827048055 0 0.460863590783
640 5 0.152538679451 0.383403254438 0.0604296533705 5.82725226972 3 0.1 0.41719 0.421900161031 40.9697878622 0 0.460863590783
650 5 0.152538679451 0.297080596384 0.0421233303436 12.6560096531 3 0.1 0.41228 0.40635451505 52.8743721105 0 0.460863590783
660 5 0.152538679451 0.304565231057 0.056936468305 8.93441943903 3 0.1 0.37256 0.359797297297 51.574994117 0 0.460863590783
670 5 0.152538679451 0.335239665912 0.0321571297158 14.7461174647 3 0.1 0.36436 0.332792207792 46.8558813208 0 0.460863590783
680 5 0.152538679451 0.245609159769 0.0437215691197 9.91532736514 3 0.1 0.42515 0.401913875598 63.9550659054 0 0.460863590783
690 5 0.152538679451 0.296525459592 0.0449805292137 22.0213399419 3 0.1 0.39074 0.385245901639 52.9733602694 0 0.460863590783
700 5 0.152538679451 0.361220893328 0.0782960775166 8.38044709341 3 0.1 0.43438 0.412673879444 43.4857182687 0 0.460863590783
710 5 0.174216027875 0.291358403031 0.0598558421811 11.7143770907 3 0.1 0.395 0.361873990307 53.9128092295 0 0.460863590783
720 5 0.174216027875 0.188572468634 0.0647966374875 23.1660518241 3 0.1 0.44734 0.426494345719 83.2992754128 0 0.460863590783
730 5 0.174216027875 0.287694412965 0.0579229366699 11.6529453039 3 0.1 0.42186 0.387788778878 54.599426656 0 0.460863590783
740 5 0.174216027875 0.291087586531 0.0582044696712 9.38442118219 3 0.1 0.37167 0.379471228616 53.9629675975 0 0.463333986281
750 5 0.174216027875 0.229087598638 0.0499472124066 10.4316116081 3 0.1 0.41699 0.43797856049 68.5674392388 0 0.463333986281
760 5 0.174216027875 0.298906698032 0.0445508897091 16.4056268687 3 0.1 0.38396 0.403400309119 52.5513483084 0 0.463333986281
770 5 0.174216027875 0.312936462925 0.0578328990407 11.633949264 3 0.1 0.42651 0.383147853736 50.1953331138 0 0.463333986281
780 5 0.174216027875 0.222872591149 0.0427909085546 10.0938409524 3 0.1 0.42666 0.445161290323 70.4795054386 0 0.463333986281
790 5 0.174216027875 0.471348519713 0.0784537643705 7.28689775608 3 0.1 0.3825 0.409523809524 33.3255528405 0 0.471348519713
800 5 0.174216027875 0.348439969927 0.0525889138931 9.71980594793 3 0.1 0.43174 0.394276629571 45.0807925488 0 0.471348519713
810 5 0.203075137801 0.29988729564 0.0475680444779 12.4030870594 3 0.1 0.37052 0.369127516779 52.3795113311 0 0.471348519713
820 5 0.203075137801 0.231035097275 0.0375042187264 11.2769530875 3 0.1 0.42406 0.414125200642 67.9894534868 0 0.471348519713
830 5 0.203075137801 0.230829634776 0.0431841471161 16.5964667655 3 0.1 0.41681 0.396072013093 68.0499712059 0 0.471348519713
840 5 0.203075137801 0.25939836282 0.045461586233 6.910864812 3 0.1 0.35963 0.427001569859 60.5553166535 0 0.471348519713
850 5 0.203075137801 0.341662071368 0.067625773091 8.47729426372 3 0.1 0.38478 0.386942675159 45.9751061542 0 0.471348519713
860 5 0.203075137801 0.372814666863 0.0436848441734 10.4037293697 3 0.1 0.4563 0.433121019108 42.1334013819 0 0.471348519713
870 5 0.203075137801 0.195557009404 0.063470344538 21.7225635311 3 0.1 0.37735 0.399014778325 80.3241471522 0 0.471348519713
880 5 0.203075137801 0.304012312656 0.0447105828963 16.2808108421 3 0.1 0.43318 0.409017713366 51.6687954601 0 0.471348519713
890 5 0.203075137801 0.29975143408 0.0527483140409 9.83888507944 3 0.1 0.37095 0.408517350158 52.4032522087 0 0.471348519713
900 5 0.203075137801 0.267249498997 0.0219862351912 14.6141196152 3 0.1 0.43001 0.380952380952 58.7763496618 0 0.471348519713
910 5 0.243393602225 0.354189100227 0.0548872940298 4.82049386645 3 0.1 0.38124 0.375 44.3490496742 0 0.471348519713
920 5 0.243393602225 0.281775364589 0.0262926240014 15.5026222899 3 0.1 0.4515 0.419003115265 55.7463567581 0 0.471348519713
930 5 0.243393602225 0.324126306692 0.0623313931337 9.48354617071 3 0.1 0.43152 0.400936037441 48.4624347845 0 0.471348519713
940 5 0.243393602225 0.336872690618 0.0437048132788 6.33296868482 3 0.1 0.38739 0.346456692913 46.62874266 0 0.471348519713
950 5 0.243393602225 0.298140698567 0.0380294208901 18.5396664659 3 0.1 0.42524 0.374795417349 52.68636612 0 0.471348519713
960 5 0.243393602225 0.287189970716 0.0632893558492 13.018701095 3 0.1 0.39671 0.461778471139 54.6953292305 0 0.471348519713
970 5 0.243393602225 0.338371465841 0.0362754287943 9.22340976666 3 0.1 0.41487 0.370786516854 46.4222063197 0 0.471348519713
980 5 0.243393602225 0.308837932925 0.0306409593599 9.14423603414 3 0.1 0.41032 0.454849498328 50.8614659191 0 0.471348519713
990 5 0.243393602225 0.296191960923 0.043982377262 9.30723394587 3 0.1 0.3298 0.369932432432 53.0330058623 0 0.471348519713
1000 5 0.243393602225 0.444132513379 0.0574721245983 6.75105215042 3 0.1 0.40719 0.419811320755 35.3677101469 0 0.471348519713
1010 5 0.303687635575 0.433916424229 0.0389567718416 10.43402331 3 0.1 0.37537 0.361331220285 36.2004043242 10 0.471348519713
1020 5 0.303687635575 0.481027005608 0.0626484583435 10.3728080189 3 0.1 0.43035 0.388012618297 32.6550272996 10 0.481027005608
1030 5 0.303687635575 0.293701135255 0.0438378731054 11.0335278992 3 0.1 0.38101 0.432880844646 53.4827690957 10 0.481027005608
1040 5 0.303687635575 0.366484239516 0.0415593189104 11.0042675322 3 0.1 0.41407 0.424196018377 42.861188303 10 0.481027005608
1050 5 0.303687635575 0.38232695838 0.0468185577446 17.0989572444 3 0.1 0.35968 0.398724082935 41.0851227089 10 0.504207863797
1060 5 0.303687635575 0.332973892456 0.0413862138589 12.0919552278 3 0.1 0.43882 0.430513595166 47.1747195677 10 0.504207863797
1070 5 0.303687635575 0.259794150898 0.0736535947928 17.2554572899 3 0.1 0.43194 0.435483870968 60.4630625658 10 0.504207863797
1080 5 0.303687635575 0.324840265406 0.0267002033271 9.37972554362 3 0.1 0.3861 0.384251968504 48.3559203487 10 0.504207863797
1090 5 0.303687635575 0.287565669452 0.0365882255272 9.10979037926 3 0.1 0.4185 0.432432432432 54.6238708882 10 0.504207863797
1100 5 0.303687635575 0.306758012889 0.0480754405685 8.93607611766 3 0.1 0.40105 0.42071197411 51.2063233559 10 0.504207863797
1110 5 0.40369088812 0.419269876176 0.0486478864218 7.22314600046 3 0.1 0.41337 0.421404682274 37.4650097529 20 0.504207863797
1120 5 0.40369088812 0.353911410427 0.0469721872042 18.6469299065 3 0.1 0.36377 0.315 44.3838473053 20 0.504207863797
1130 5 0.40369088812 0.369507780874 0.0378506122726 8.96403292248 3 0.1 0.43392 0.429037520392 42.5104715328 20 0.504207863797
1140 5 0.40369088812 0.366965183021 0.0293502274852 10.2780908946 3 0.1 0.35934 0.26194398682 42.8050145539 20 0.504207863797
1150 5 0.40369088812 0.376292958858 0.0486050336409 10.8846013568 3 0.1 0.40617 0.392798690671 41.7439381477 20 0.504207863797
1160 5 0.40369088812 0.387022830524 0.0388291113342 14.5561343528 3 0.1 0.3667 0.427876823339 40.5866237367 20 0.504207863797
1170 5 0.40369088812 0.319123231744 0.0629768488147 10.5230642458 3 0.1 0.41285 0.38202247191 49.2222077162 20 0.504207863797
1180 5 0.40369088812 0.390033906057 0.0266741463013 9.3025567487 3 0.1 0.38455 0.400611620795 40.2732935677 20 0.504207863797
1190 5 0.40369088812 0.34377034652 0.0342896077144 9.66784211955 3 0.1 0.4191 0.385123966942 45.6931499736 20 0.504207863797
1200 5 0.40369088812 0.330634682499 0.0418171522112 10.4432487736 3 0.1 0.39429 0.394480519481 47.5084763682 20 0.504207863797
1210 5 0.601891659501 0.496741106238 0.0304593030773 7.20985612966 3 0.1 0.34889 0.3300330033 31.622005513 0 0.504207863797
1220 5 0.601891659501 0.427052416785 0.0459696875186 10.7402045008 3 0.1 0.39751 0.401384083045 36.7822529099 0 0.515394097675
1230 5 0.601891659501 0.393201414897 0.0447505167902 9.6906434934 3 0.1 0.4762 0.414075286416 39.9488643857 0 0.515394097675
1240 5 0.601891659501 0.42193868158 0.0304076876068 12.7885892126 3 0.1 0.37206 0.29489291598 37.2280397265 0 0.515394097675
1250 5 0.601891659501 0.393201720522 0.0343545203352 10.5626614695 3 0.1 0.47232 0.331081081081 39.9488333345 0 0.515394097675
1260 5 0.601891659501 0.399650935893 0.0440457453874 4.86349135791 3 0.1 0.39806 0.370431893688 39.3041741912 0 0.523180997707
1270 5 0.601891659501 0.468509856181 0.0355408980563 8.68792168323 3 0.1 0.44891 0.423197492163 33.5274696845 0 0.523180997707
1280 5 0.601891659501 0.431018556096 0.0408668103111 10.9323492266 3 0.1 0.41228 0.39644012945 36.4437905928 0 0.523180997707
1290 5 0.601891659501 0.503382192493 0.0485917796795 4.99239424281 3 0.1 0.36585 0.400667779633 31.2048185936 0 0.523180997707
1300 5 0.601891659501 0.427695605412 0.042138953469 8.26904854734 3 0.1 0.43381 0.3824 36.7269380402 0 0.523180997707
