249.726355017,443.998558448,52.3744092378,0.0
309.542778018,345.363518736,52.3744092378,0.0
153.219489881,295.41559463,52.3744092378,0.0
76.0622679358,148.993301636,52.3744092378,0.0
214.174292254,196.686743878,52.3744092378,0.0
@ 10 10 0.0873362445415 0.16436822411
358.921846377,99.7695878793,74.7281550399,0.0
430.452900508,377.780319825,74.7281550399,0.0
98.8705780279,342.314156712,74.7281550399,0.0
166.164747643,188.951417686,74.7281550399,0.0
316.849048521,262.5430278,74.7281550399,0.0
@ 20 10 0.0873362445415 0.33461708262
75.4679392632,105.215073534,52.7382403627,0.0
97.3228018782,356.949558293,52.7382403627,0.0
269.648170703,281.245092954,52.7382403627,0.0
422.888460581,348.618440934,52.7382403627,0.0
423.525270985,118.329170557,52.7382403627,0.0
@ 30 10 0.0873362445415 0.166659800933
406.804833517,361.082476358,81.0689545441,0.0
269.477195153,226.94169282,81.0689545441,0.0
376.086259549,85.5831616319,81.0689545441,0.0
195.240392457,372.382857593,81.0689545441,0.0
134.190108606,110.871766505,81.0689545441,0.0
@ 40 10 0.0873362445415 0.393811807369
84.5678669212,354.334645035,65.0833132347,0.0
67.1769646643,178.960930641,65.0833132347,0.0
438.527823685,333.299010363,65.0833132347,0.0
293.245859236,275.358864936,65.0833132347,0.0
376.534656277,130.034993081,65.0833132347,0.0
@ 50 10 0.0873362445415 0.253815941607
281.402570195,305.410461931,55.7322928437,0.0
127.478082906,404.380951431,55.7322928437,0.0
84.2059796143,297.126457077,55.7322928437,0.0
112.457179118,117.238895545,55.7322928437,0.0
376.083831337,113.30137195,55.7322928437,0.0
@ 60 10 0.0873362445415 0.18612015653
255.881783871,163.045138956,56.0477780337,0.0
423.001791243,204.623316233,56.0477780337,0.0
81.7967560177,111.507721276,56.0477780337,0.0
205.744866034,362.212239369,56.0477780337,0.0
86.1081785962,303.047181959,56.0477780337,0.0
@ 70 10 0.0873362445415 0.188233270619
398.691612103,263.817213734,60.2331580152,0.0
111.896793804,429.599575002,60.2331580152,0.0
445.998643857,75.9639218557,60.2331580152,0.0
405.019012269,418.899109816,60.2331580152,0.0
225.120012888,350.407009043,60.2331580152,0.0
@ 80 10 0.0873362445415 0.217395652997
316.748391458,77.7072466875,59.1300799971,0.0
152.447464739,429.875003706,59.1300799971,0.0
76.0238717604,175.870562231,59.1300799971,0.0
449.922821955,390.981729712,59.1300799971,0.0
242.934657242,300.196988893,59.1300799971,0.0
@ 90 10 0.0873362445415 0.209506027114
114.715673526,361.025706774,80.2158670712,0.0
141.012746915,113.245400909,80.2158670712,0.0
430.891878313,118.342145622,80.2158670712,0.0
323.980793282,266.082424886,80.2158670712,0.0
302.420413343,431.735525815,80.2158670712,0.0
@ 100 10 0.0873362445415 0.385567263161
101.220300855,233.162705226,64.709618762,0.0
294.693180219,297.694028222,64.709618762,0.0
402.80265008,144.493635185,64.709618762,0.0
320.741973543,427.806514267,64.709618762,0.0
86.8642553247,88.4442654601,64.709618762,0.0
@ 110 10 0.0940354648039 0.250909595674
85.1567382548,219.794693197,69.2465716736,0.0
389.452709975,158.996669653,69.2465716736,0.0
311.715404189,388.231146987,69.2465716736,0.0
105.508826077,384.088797469,69.2465716736,0.0
222.546569325,186.546812033,69.2465716736,0.0
@ 120 10 0.0940354648039 0.287326803807
224.096999915,180.427411372,70.5051572757,0.0
89.3593755337,127.163221621,70.5051572757,0.0
333.209395249,82.2988828242,70.5051572757,0.0
117.780292793,403.957072129,70.5051572757,0.0
409.770916694,209.315971722,70.5051572757,0.0
@ 130 10 0.0940354648039 0.297866292372
356.051220566,81.0436019224,73.4815439216,0.0
362.286277274,244.218362597,73.4815439216,0.0
350.273476134,395.197734938,73.4815439216,0.0
199.858689362,73.843487093,73.4815439216,0.0
129.414467654,352.18024824,73.4815439216,0.0
@ 140 10 0.0940354648039 0.323546073479
427.313292248,166.942829587,57.5739838569,0.0
419.217348552,305.622737883,57.5739838569,0.0
157.018373781,449.498030094,57.5739838569,0.0
295.42157395,183.889337379,57.5739838569,0.0
129.300178361,189.583364097,57.5739838569,0.0
@ 150 10 0.0940354648039 0.198624195709
149.386361837,111.265162739,68.6935596462,0.0
99.6966102753,250.539329325,68.6935596462,0.0
434.153556298,142.488987785,68.6935596462,0.0
87.1389613646,396.936938209,68.6935596462,0.0
411.007962368,345.106166125,68.6935596462,0.0
@ 160 10 0.0940354648039 0.28275587139
273.409669496,410.67449523,61.3931082372,0.0
324.464012882,150.872355848,61.3931082372,0.0
420.217973348,403.86238917,61.3931082372,0.0
320.270781412,284.727388873,61.3931082372,0.0
181.82455767,292.436722489,61.3931082372,0.0
@ 170 10 0.0940354648039 0.225849342945
258.210981243,99.6226596276,60.3940019259,0.0
401.324795356,384.466418972,60.3940019259,0.0
114.152930879,140.259855895,60.3940019259,0.0
415.395204608,181.523081991,60.3940019259,0.0
187.359677301,431.21137006,60.3940019259,0.0
@ 180 10 0.0940354648039 0.21855825031
211.873295117,286.265233352,62.3737280397,0.0
171.276451597,151.986848108,62.3737280397,0.0
373.640709612,318.019478641,62.3737280397,0.0
274.431861272,443.481037722,62.3737280397,0.0
435.544311143,181.973112836,62.3737280397,0.0
@ 190 10 0.0940354648039 0.23312185646
366.847947889,384.297875491,66.702512168,0.0
81.9924762996,180.749440676,66.702512168,0.0
339.145984859,196.965899574,66.702512168,0.0
226.092710749,397.34741404,66.702512168,0.0
189.389244931,97.6343332084,66.702512168,0.0
@ 200 10 0.0940354648039 0.266602347845
83.5926415266,157.330135122,64.0586091465,0.0
260.420002904,106.442159871,64.0586091465,0.0
130.019479823,372.509156563,64.0586091465,0.0
265.184451212,419.185362964,64.0586091465,0.0
391.456399421,276.45477669,64.0586091465,0.0
@ 210 10 0.101847810272 0.245886450724
121.811769975,455.514139717,54.1955574965,0.0
299.679209129,217.645227496,54.1955574965,0.0
446.268121367,314.80045165,54.1955574965,0.0
68.3053779228,332.730284452,54.1955574965,0.0
199.666361599,326.339317524,54.1955574965,0.0
@ 220 10 0.101847810272 0.17599768872
292.388615906,152.79649151,69.3080878451,0.0
198.70079656,344.096265301,69.3080878451,0.0
106.846241111,135.951677399,69.3080878451,0.0
83.9149752454,434.05645135,69.3080878451,0.0
385.566297928,333.088289425,69.3080878451,0.0
@ 230 10 0.101847810272 0.287837532225
79.018162994,231.327750541,69.0838515921,0.0
250.676814865,172.783286762,69.0838515921,0.0
74.6348855643,81.3397128004,69.0838515921,0.0
212.512407504,309.397902678,69.0838515921,0.0
427.338626931,199.687238223,69.0838515921,0.0
@ 240 10 0.101847810272 0.285978032101
171.566206546,167.012629846,55.8389906893,0.0
169.757950321,384.69700443,55.8389906893,0.0
251.473232501,307.055183519,55.8389906893,0.0
411.500004485,165.291601897,55.8389906893,0.0
438.647279889,368.868538325,55.8389906893,0.0
@ 250 10 0.101847810272 0.186833481896
226.046990417,225.550305643,54.7722675237,0.0
435.467301808,255.199970144,54.7722675237,0.0
235.114932549,435.737878061,54.7722675237,0.0
320.023007532,69.2903839516,54.7722675237,0.0
197.197225725,100.666818027,54.7722675237,0.0
@ 260 10 0.101847810272 0.17976329902
135.955987615,115.715630491,55.6290355128,0.0
287.777272146,377.419891519,55.6290355128,0.0
355.225632516,102.6485167,55.6290355128,0.0
57.716679167,275.494959079,55.6290355128,0.0
241.716339956,65.9707918677,55.6290355128,0.0
@ 270 10 0.101847810272 0.185431131679
115.699934025,377.040354983,59.0630245128,0.0
346.645402799,99.0753171989,59.0630245128,0.0
450.375606043,190.008672435,59.0630245128,0.0
218.255618609,156.0729374,59.0630245128,0.0
289.847378205,310.377376539,59.0630245128,0.0
@ 280 10 0.101847810272 0.209031122891
388.055881132,321.493192913,58.1531148311,0.0
78.7481796164,224.850805337,58.1531148311,0.0
100.601247216,386.07305943,58.1531148311,0.0
235.145558829,94.8642440437,58.1531148311,0.0
106.045550582,88.6580015605,58.1531148311,0.0
@ 290 10 0.101847810272 0.202640174837
141.825400049,419.121027133,70.1490982708,0.0
190.639404382,98.6875697518,70.1490982708,0.0
440.285062904,113.037049773,70.1490982708,0.0
320.177515326,387.885732474,70.1490982708,0.0
301.574319251,195.7784578,70.1490982708,0.0
@ 300 10 0.101847810272 0.29486537223
87.5274091705,421.159769121,72.9903203054,0.0
379.687803712,427.076024358,72.9903203054,0.0
79.7006745482,247.447105137,72.9903203054,0.0
262.949487475,200.776769137,72.9903203054,0.0
93.6422428022,99.375979532,72.9903203054,0.0
@ 310 10 0.111075848937 0.319234725916
411.474553154,334.257056398,62.5756810771,0.0
89.5853463071,229.59011901,62.5756810771,0.0
69.9109637182,427.17769675,62.5756810771,0.0
437.207120747,70.8423730929,62.5756810771,0.0
240.443026649,77.8255816441,62.5756810771,0.0
@ 320 10 0.111075848937 0.234633899607
431.73865181,136.890569608,65.8184586639,0.0
315.077931461,377.67727613,65.8184586639,0.0
146.401934164,379.298556218,65.8184586639,0.0
77.279799834,77.3991151153,65.8184586639,0.0
127.270929372,199.536163931,65.8184586639,0.0
@ 330 10 0.111075848937 0.259582256761
432.305103107,221.526766061,68.2806667757,0.0
262.406343965,92.7059197868,68.2806667757,0.0
335.613973956,418.492391143,68.2806667757,0.0
192.339735819,339.180385142,68.2806667757,0.0
122.251198244,127.481799204,68.2806667757,0.0
@ 340 10 0.111075848937 0.279366994216
215.519535017,67.940460862,63.8807497448,0.0
299.677589365,245.949350508,63.8807497448,0.0
78.1036929638,162.95905165,63.8807497448,0.0
268.784017892,442.344773975,63.8807497448,0.0
440.794731958,344.085786264,63.8807497448,0.0
@ 350 10 0.111075848937 0.244522933635
338.587432854,425.91162816,57.7427793018,0.0
442.985405155,102.38771059,57.7427793018,0.0
263.155113503,271.840252964,57.7427793018,0.0
91.915068971,387.946915835,57.7427793018,0.0
146.379834645,274.009868651,57.7427793018,0.0
@ 360 10 0.111075848937 0.199790556078
284.102533835,89.9690339784,69.8534456767,0.0
77.5614630719,110.844020739,69.8534456767,0.0
91.8737359657,428.46681113,69.8534456767,0.0
433.475564736,140.828015116,69.8534456767,0.0
126.100646156,285.514973864,69.8534456767,0.0
@ 370 10 0.111075848937 0.29238511223
277.729693267,435.433396614,70.331471902,0.0
238.881708157,109.467920469,70.331471902,0.0
404.082665887,169.232971897,70.331471902,0.0
394.461644105,349.776523133,70.331471902,0.0
172.265987377,314.533218355,70.331471902,0.0
@ 380 10 0.111075848937 0.29640054725
104.690242857,137.952271804,63.3012808161,0.0
235.548339327,148.859601746,63.3012808161,0.0
316.887275697,306.398911321,63.3012808161,0.0
436.624398725,123.939348036,63.3012808161,0.0
86.7962232781,420.439566025,63.3012808161,0.0
@ 390 10 0.111075848937 0.240106868233
407.29669284,362.513053707,63.2510781107,0.0
322.773319866,264.513324236,63.2510781107,0.0
135.692046631,253.171075928,63.2510781107,0.0
223.271736903,357.187354884,63.2510781107,0.0
378.590530791,91.7436891665,63.2510781107,0.0
@ 400 10 0.111075848937 0.239726173424
448.514663596,375.987619283,60.5811842862,0.0
133.723028727,316.750437832,60.5811842862,0.0
129.295809848,97.2197909435,60.5811842862,0.0
426.809053762,154.796445341,60.5811842862,0.0
324.46150304,439.628264145,60.5811842862,0.0
@ 410 10 0.122142732507 0.219915128329
385.409093557,243.225760778,71.701665754,0.0
86.3250919495,269.190486938,71.701665754,0.0
244.865152708,167.832703168,71.701665754,0.0
85.82090401,121.362996372,71.701665754,0.0
321.846851691,398.218895098,71.701665754,0.0
@ 420 10 0.122142732507 0.308061963132
138.696460866,383.492395303,59.5339660884,0.0
116.944927698,69.8407076021,59.5339660884,0.0
190.683933182,257.460227849,59.5339660884,0.0
282.242627924,66.2868892309,59.5339660884,0.0
350.83363975,317.525111309,59.5339660884,0.0
@ 430 10 0.122142732507 0.212377849908
187.669328272,238.934761921,61.9438362679,0.0
330.149368758,403.825390199,61.9438362679,0.0
80.5207698975,64.8808862351,61.9438362679,0.0
308.279378033,274.404535374,61.9438362679,0.0
322.633155932,91.3882365667,61.9438362679,0.0
@ 440 10 0.122142732507 0.229919488635
142.145342771,142.922847838,55.9504560425,0.0
266.926728468,201.13806387,55.9504560425,0.0
380.601726608,140.62401267,55.9504560425,0.0
334.481131447,390.617998427,55.9504560425,0.0
62.376838123,394.618166459,55.9504560425,0.0
@ 450 10 0.122142732507 0.187580137436
217.689028989,101.403691141,54.3823465915,0.0
439.604256137,304.61156754,54.3823465915,0.0
99.6189217947,374.835339872,54.3823465915,0.0
65.8691209184,85.2232725186,54.3823465915,0.0
342.580400335,439.67299878,54.3823465915,0.0
@ 460 10 0.122142732507 0.177212958112
281.771849177,291.094570254,63.1034209256,0.0
137.111872962,101.945513741,63.1034209256,0.0
385.91447305,376.620719307,63.1034209256,0.0
162.476577661,431.186608612,63.1034209256,0.0
296.050840131,80.2166142612,63.1034209256,0.0
@ 470 10 0.122142732507 0.238608216981
242.123744776,62.5209024632,57.8157854052,0.0
309.792932039,421.093752649,57.8157854052,0.0
78.3300372802,378.0889912,57.8157854052,0.0
65.4287070692,106.860434645,57.8157854052,0.0
309.449084627,248.351114798,57.8157854052,0.0
@ 480 10 0.122142732507 0.200296079051
298.651012871,299.85820872,61.7648360843,0.0
319.301175874,430.688124754,61.7648360843,0.0
374.749538518,161.641970794,61.7648360843,0.0
102.818337198,101.71869012,61.7648360843,0.0
155.787772573,407.622859027,61.7648360843,0.0
@ 490 10 0.122142732507 0.228592603861
309.657790365,68.8303445328,59.3852952835,0.0
91.7776335153,292.399878467,59.3852952835,0.0
236.02429116,407.859114178,59.3852952835,0.0
255.563880338,250.409499124,59.3852952835,0.0
420.2014243,252.851370166,59.3852952835,0.0
@ 500 10 0.122142732507 0.211318455969
250.835165313,402.934417573,57.8650363566,0.0
365.305924687,453.265033628,57.8650363566,0.0
87.7541218215,434.365250861,57.8650363566,0.0
411.135377019,98.8700684863,57.8650363566,0.0
452.317015264,243.386687011,57.8650363566,0.0
@ 510 10 0.135658914729 0.20063747281
440.257473541,284.909119728,65.0818397145,0.0
123.686555511,431.844530664,65.0818397145,0.0
273.749345962,242.247621266,65.0818397145,0.0
289.688360586,417.344406641,65.0818397145,0.0
94.4808396452,139.802873766,65.0818397145,0.0
@ 520 10 0.135658914729 0.253804448686
85.7858846013,335.227262755,66.6968267966,0.0
418.764319907,112.177712295,66.6968267966,0.0
205.706846379,71.7469847081,66.6968267966,0.0
71.4008538089,111.605434964,66.6968267966,0.0
300.916814859,337.579343099,66.6968267966,0.0
@ 530 10 0.135658914729 0.266556902217
228.677245863,120.290266572,70.9075850934,0.0
116.057085845,357.694563392,70.9075850934,0.0
417.689935512,152.230768404,70.9075850934,0.0
265.381811416,314.314981805,70.9075850934,0.0
407.302507774,340.545632487,70.9075850934,0.0
@ 540 10 0.135658914729 0.301276306091
116.30499614,249.170644173,67.0108648308,0.0
77.0294509785,73.8456039006,67.0108648308,0.0
302.659638786,305.317316914,67.0108648308,0.0
398.515311667,431.473079966,67.0108648308,0.0
81.3925310496,394.992629172,67.0108648308,0.0
@ 550 10 0.135658914729 0.269072946204
341.166734137,81.838137061,66.5555332375,0.0
239.372217014,239.960594608,66.5555332375,0.0
134.145605838,370.151930026,66.5555332375,0.0
435.617326421,400.94356,66.5555332375,0.0
95.8864905316,194.36331523,66.5555332375,0.0
@ 560 10 0.135658914729 0.265428726201
117.817877704,69.2472329304,52.8006422477,0.0
251.101473234,442.805128291,52.8006422477,0.0
247.891070816,109.184957509,52.8006422477,0.0
66.6957504515,310.386454819,52.8006422477,0.0
161.327232314,246.839195288,52.8006422477,0.0
@ 570 10 0.135658914729 0.167054430652
439.264920535,241.83126824,62.9608612813,0.0
93.0521969276,302.295072629,62.9608612813,0.0
316.824552372,211.347721237,62.9608612813,0.0
247.129003567,79.247358785,62.9608612813,0.0
163.204515578,442.279457478,62.9608612813,0.0
@ 580 10 0.135658914729 0.237531334661
72.0212468012,238.018863432,62.880921241,0.0
426.482164484,206.049424901,62.880921241,0.0
72.4875761324,420.004161236,62.880921241,0.0
78.6856237163,85.318320401,62.880921241,0.0
270.729322957,258.764714263,62.880921241,0.0
@ 590 10 0.135658914729 0.236928540812
305.936479828,123.190508153,56.4724002391,0.0
426.093634689,398.186825546,56.4724002391,0.0
432.981997051,185.219647615,56.4724002391,0.0
91.3275698654,449.951608429,56.4724002391,0.0
119.354666368,189.391881153,56.4724002391,0.0
@ 600 10 0.135658914729 0.191096213619
201.126814911,84.6135336413,60.1830323438,0.0
323.149371972,176.421316739,60.1830323438,0.0
392.937504244,441.157426627,60.1830323438,0.0
210.052557909,302.360993876,60.1830323438,0.0
394.715857707,293.604594895,60.1830323438,0.0
@ 610 10 0.152538679451 0.217033972847
295.925659736,389.547312296,67.5637581418,0.0
326.471850195,109.50619143,67.5637581418,0.0
139.073618862,120.475309635,67.5637581418,0.0
97.0447123098,398.159364831,67.5637581418,0.0
418.366435175,267.425064359,67.5637581418,0.0
@ 620 10 0.152538679451 0.273531398208
364.660277675,100.137684577,60.2068317253,0.0
404.575677605,230.231164049,60.2068317253,0.0
196.91422623,336.538289235,60.2068317253,0.0
358.080646951,391.354425883,60.2068317253,0.0
69.1648596978,320.899881375,60.2068317253,0.0
@ 630 10 0.152538679451 0.217205658966
375.701976548,112.649023711,65.9354444652,0.0
67.426918709,278.119765216,65.9354444652,0.0
241.84410651,316.031036484,65.9354444652,0.0
127.402112077,445.899577659,65.9354444652,0.0
190.040223321,174.886314432,65.9354444652,0.0
@ 640 10 0.152538679451 0.260505840403
80.3315868051,380.315356902,71.0848029866,0.0
289.277800946,151.030287975,71.0848029866,0.0
102.773116072,217.763278447,71.0848029866,0.0
438.836329291,439.757972651,71.0848029866,0.0
344.900178455,324.78827436,71.0848029866,0.0
@ 650 10 0.152538679451 0.30278413554
452.865706818,140.163555707,45.9635849546,0.0
440.035111355,449.599654744,45.9635849546,0.0
141.311994523,196.587174556,45.9635849546,0.0
83.3866137145,73.6635085369,45.9635849546,0.0
324.253052021,220.12340421,45.9635849546,0.0
@ 660 10 0.152538679451 0.126592325226
121.637271165,188.925532327,61.6633237519,0.0
73.3868760034,406.772001389,61.6633237519,0.0
360.740996751,145.120674702,61.6633237519,0.0
395.714292675,412.704410345,61.6633237519,0.0
330.084636714,290.636950584,61.6633237519,0.0
@ 670 10 0.152538679451 0.22784182394
227.428523073,363.009938533,66.3852731738,0.0
430.858660832,368.136784092,66.3852731738,0.0
437.305122789,70.8290881975,66.3852731738,0.0
263.769833852,105.4763883,66.3852731738,0.0
295.855414247,239.793472544,66.3852731738,0.0
@ 680 10 0.152538679451 0.264072442044
419.888894004,262.354533128,73.9625950562,0.0
415.49459574,96.3255492069,73.9625950562,0.0
258.477787448,186.622538551,73.9625950562,0.0
172.665438369,334.856954253,73.9625950562,0.0
362.093770987,412.095376759,73.9625950562,0.0
@ 690 10 0.152538679451 0.327796165617
116.706696078,429.770929887,78.5189604552,0.0
411.56234932,99.7787957677,78.5189604552,0.0
115.609336499,108.992477151,78.5189604552,0.0
429.478918843,344.394079598,78.5189604552,0.0
268.331912783,387.203725313,78.5189604552,0.0
@ 700 10 0.152538679451 0.369427031807
181.808156057,252.161306486,75.3435405327,0.0
146.858294619,104.967488409,75.3435405327,0.0
333.657066598,107.632732801,75.3435405327,0.0
311.382512898,415.514081809,75.3435405327,0.0
107.102409222,413.486526237,75.3435405327,0.0
@ 710 10 0.174216027875 0.340150910303
187.233917229,357.747210269,59.016554337,0.0
443.479462209,86.3011744569,59.016554337,0.0
263.980805864,190.360902753,59.016554337,0.0
399.754921077,307.379864045,59.016554337,0.0
366.726581814,452.430301905,59.016554337,0.0
@ 720 10 0.174216027875 0.208702325245
122.531740156,139.747557254,66.3986603442,0.0
440.767880236,393.968290636,66.3986603442,0.0
378.279562575,135.74856595,66.3986603442,0.0
312.856983849,437.552897783,66.3986603442,0.0
138.096721536,275.709753916,66.3986603442,0.0
@ 730 10 0.174216027875 0.264178957814
146.223964781,417.875859024,61.5793184046,0.0
415.325019822,291.508231872,61.5793184046,0.0
91.7228245896,243.340904409,61.5793184046,0.0
274.047571048,426.573508372,61.5793184046,0.0
145.907469365,120.973792358,61.5793184046,0.0
@ 740 10 0.174216027875 0.227221458608
432.263867161,224.78686356,63.9589314865,0.0
308.371506953,392.531231859,63.9589314865,0.0
168.693502997,80.9841636145,63.9589314865,0.0
295.330298479,152.164894604,63.9589314865,0.0
128.710764613,246.345601811,63.9589314865,0.0
@ 750 10 0.174216027875 0.245121828527
387.399400675,119.249527612,72.704212785,0.0
218.652023758,428.079633446,72.704212785,0.0
274.287491675,263.392214112,72.704212785,0.0
108.942551814,76.1776972889,72.704212785,0.0
427.384801221,318.172566943,72.704212785,0.0
@ 760 10 0.174216027875 0.316736957799
392.714877972,366.91333154,64.9828136326,0.0
286.343151169,260.912899748,64.9828136326,0.0
143.739378588,254.269846325,64.9828136326,0.0
221.56252567,374.644274634,64.9828136326,0.0
120.383260388,120.363903943,64.9828136326,0.0
@ 770 10 0.174216027875 0.253032677657
72.4956671239,278.404880787,69.6578389246,0.0
225.174993701,418.339491549,69.6578389246,0.0
441.63265936,108.30478386,69.6578389246,0.0
206.302883525,194.317979009,69.6578389246,0.0
110.06683911,78.1420160453,69.6578389246,0.0
@ 780 10 0.174216027875 0.290749905116
329.237714963,393.263085813,66.4565740645,0.0
303.384119267,89.5996621926,66.4565740645,0.0
262.03333954,234.572484746,66.4565740645,0.0
80.7441823793,321.157883385,66.4565740645,0.0
98.3649259696,128.357833381,66.4565740645,0.0
@ 790 10 0.174216027875 0.264639998998
353.641801592,120.90424911,77.9875033936,0.0
396.256971943,397.968462581,77.9875033936,0.0
265.966752876,291.416466025,77.9875033936,0.0
90.265861421,403.454233555,77.9875033936,0.0
103.456215594,196.351447429,77.9875033936,0.0
@ 800 10 0.174216027875 0.364443008676
332.777985027,76.0170242106,73.3664636073,0.0
190.379319619,124.886461594,73.3664636073,0.0
398.665903397,309.51144446,73.3664636073,0.0
84.0201269125,417.632183513,73.3664636073,0.0
249.472588284,369.593875861,73.3664636073,0.0
@ 810 10 0.203075137801 0.322533448383
336.907528846,339.964958398,64.9184285222,0.0
300.333641357,65.9944483714,64.9184285222,0.0
434.597981676,112.211207737,64.9184285222,0.0
200.557147929,279.634181801,64.9184285222,0.0
148.27245417,443.158990701,64.9184285222,0.0
@ 820 10 0.203075137801 0.252531515423
383.692568688,103.409473215,62.4309355067,0.0
331.024317017,224.631898474,62.4309355067,0.0
107.003317583,169.51878288,62.4309355067,0.0
85.4087803387,338.163669212,62.4309355067,0.0
392.351183098,365.558396128,62.4309355067,0.0
@ 830 10 0.203075137801 0.233549678467
123.106547304,372.315491501,73.9198744093,0.0
435.178062467,255.336265678,73.9198744093,0.0
399.293795739,104.834287645,73.9198744093,0.0
181.627293906,152.751207985,73.9198744093,0.0
291.312048894,403.92512438,73.9198744093,0.0
@ 840 10 0.203075137801 0.327417606157
371.356874431,119.157540106,76.242706652,0.0
332.223905195,423.494783022,76.242706652,0.0
281.53202552,257.914529321,76.242706652,0.0
93.8544062234,140.583381767,76.242706652,0.0
136.304701755,411.871453713,76.242706652,0.0
@ 850 10 0.203075137801 0.348318225638
60.7887877747,277.754727766,59.9587243659,0.0
426.559554921,294.642623055,59.9587243659,0.0
443.139371135,79.5447458381,59.9587243659,0.0
280.674974972,226.113581526,59.9587243659,0.0
193.379244137,101.092559814,59.9587243659,0.0
@ 860 10 0.203075137801 0.215419174536
96.8680851013,283.202782335,65.533384156,0.0
287.718243157,151.8803971,65.533384156,0.0
166.537528417,430.131500158,65.533384156,0.0
65.5487589288,155.580619201,65.533384156,0.0
436.041871331,67.6443631982,65.533384156,0.0
@ 870 10 0.203075137801 0.257338508437
437.66709025,162.566333718,73.4751281684,0.0
126.965692448,435.307700661,73.4751281684,0.0
310.842477646,436.115035915,73.4751281684,0.0
362.320827125,296.10031938,73.4751281684,0.0
83.1947239216,249.280020314,73.4751281684,0.0
@ 880 10 0.203075137801 0.323489577629
342.648193879,368.789441569,67.2918651301,0.0
73.2731188039,234.121805239,67.2918651301,0.0
118.056653219,376.695491376,67.2918651301,0.0
204.427845293,129.073028064,67.2918651301,0.0
369.678972007,212.885716271,67.2918651301,0.0
@ 890 10 0.203075137801 0.271334314042
239.89240852,327.665146846,66.0132040354,0.0
319.755453581,105.308944313,66.0132040354,0.0
365.571054642,269.440337901,66.0132040354,0.0
381.087373579,414.14486494,66.0132040354,0.0
102.694941537,311.723668261,66.0132040354,0.0
@ 900 10 0.203075137801 0.261120646812
431.275143591,85.7922311635,72.1028602719,0.0
231.78992085,80.8536238306,72.1028602719,0.0
170.498732658,410.49961564,72.1028602719,0.0
151.072643386,241.568118462,72.1028602719,0.0
394.108233942,399.647989625,72.1028602719,0.0
@ 910 10 0.243393602225 0.311519024853
139.220501974,67.4594810394,66.2250269216,0.0
109.529572484,264.07466784,66.2250269216,0.0
68.6891859143,421.413686634,66.2250269216,0.0
408.628633126,114.087716992,66.2250269216,0.0
375.573681536,344.761619427,66.2250269216,0.0
@ 920 10 0.243393602225 0.262799101032
389.901590701,287.312258759,66.6019950715,0.0
90.6171423613,90.9447693478,66.6019950715,0.0
257.267373839,261.351736778,66.6019950715,0.0
401.627793588,80.1592345874,66.6019950715,0.0
231.94625895,68.4193478357,66.6019950715,0.0
@ 930 10 0.243393602225 0.265799442484
128.124595786,179.613412673,73.9893947296,0.0
291.768064444,265.329353077,73.9893947296,0.0
340.720105779,429.613354264,73.9893947296,0.0
132.179262127,367.645897204,73.9893947296,0.0
301.867745698,75.6769361879,73.9893947296,0.0
@ 940 10 0.243393602225 0.32803375657
433.914625454,390.721112599,71.7968046366,0.0
255.170420939,221.058511436,71.7968046366,0.0
127.783412782,132.599625006,71.7968046366,0.0
110.687272005,402.575117973,71.7968046366,0.0
358.573584618,101.002330391,71.7968046366,0.0
@ 950 10 0.243393602225 0.308880022658
88.3799158663,409.049648322,85.4654075995,0.0
401.510899901,368.495076504,85.4654075995,0.0
167.13684079,106.040350173,85.4654075995,0.0
337.869477193,171.773247693,85.4654075995,0.0
209.15437805,286.903942952,85.4654075995,0.0
@ 960 10 0.243393602225 0.437683651123
378.079324491,280.38645757,65.8671566968,0.0
433.214770486,108.245089872,65.8671566968,0.0
68.2848251571,363.882852986,65.8671566968,0.0
201.86703034,302.860951086,65.8671566968,0.0
168.521842343,98.0564391919,65.8671566968,0.0
@ 970 10 0.243393602225 0.259966520448
362.001847188,84.9428498194,65.3643762079,0.0
374.066305388,261.169108051,65.3643762079,0.0
186.703126042,415.791213049,65.3643762079,0.0
178.120792009,244.079379506,65.3643762079,0.0
339.579659928,426.003940455,65.3643762079,0.0
@ 980 10 0.243393602225 0.256012888786
340.705957102,399.858112234,64.3690957917,0.0
404.194082147,283.667175043,64.3690957917,0.0
106.531494244,148.66211351,64.3690957917,0.0
100.620269027,430.03283789,64.3690957917,0.0
135.537832687,298.675245181,64.3690957917,0.0
@ 990 10 0.243393602225 0.248275808776
396.410728277,368.481608385,75.3756893489,0.0
180.560220431,311.74987195,75.3756893489,0.0
421.554213998,189.159246121,75.3756893489,0.0
85.341667279,87.4556155504,75.3756893489,0.0
268.722873506,147.6955454,75.3756893489,0.0
@ 1000 10 0.243393602225 0.34044125456
344.315896126,303.116474285,72.7097323749,0.0
427.049300067,149.979678542,72.7097323749,0.0
422.979553415,435.931972079,72.7097323749,0.0
93.6300514172,290.501221621,72.7097323749,0.0
233.940318127,94.6858462464,72.7097323749,0.0
@ 1010 10 0.303687635575 0.316785051972
93.604405571,186.576484452,77.155213555,0.0
266.801078593,427.839985393,77.155213555,0.0
419.979338026,112.788357206,77.155213555,0.0
237.737539031,97.3685200846,77.155213555,0.0
291.089379105,265.30862655,77.155213555,0.0
@ 1020 10 0.303687635575 0.356705777494
142.903135472,426.324048619,77.1093569767,0.0
418.797884053,94.5794274551,77.1093569767,0.0
430.972706129,248.893337878,77.1093569767,0.0
285.477292444,174.645076765,77.1093569767,0.0
376.465371088,406.646905823,77.1093569767,0.0
@ 1030 10 0.303687635575 0.356281893099
158.688356537,97.3335344536,73.0233180626,0.0
74.3840571983,289.621421148,73.0233180626,0.0
286.349508912,304.709319405,73.0233180626,0.0
153.440096759,417.804063735,73.0233180626,0.0
313.692698885,107.213303854,73.0233180626,0.0
@ 1040 10 0.303687635575 0.319523432996
437.178828649,124.460720773,71.9494826138,0.0
92.0762856048,412.97584806,71.9494826138,0.0
202.344401088,232.88135141,71.9494826138,0.0
190.575977785,78.9279862676,71.9494826138,0.0
267.616168507,414.224469421,71.9494826138,0.0
@ 1050 10 0.303687635575 0.310195104018
291.470384472,152.735560164,70.5998374238,0.0
386.910449843,388.973222546,70.5998374238,0.0
71.0761545657,150.467323369,70.5998374238,0.0
259.692117084,294.288016628,70.5998374238,0.0
81.3287643049,356.945544816,70.5998374238,0.0
@ 1060 10 0.303687635575 0.298666828439
287.131620439,98.1061983507,73.9533438158,0.0
99.0168714862,425.600848933,73.9533438158,0.0
411.134506909,238.921771478,73.9533438158,0.0
101.024802238,239.876714,73.9533438158,0.0
311.694299794,361.072177358,73.9533438158,0.0
@ 1070 10 0.303687635575 0.327714169265
76.3290030299,254.238194118,74.9213812003,0.0
423.599706252,323.90514798,74.9213812003,0.0
276.318214699,288.948359809,74.9213812003,0.0
426.886494163,89.8694584283,74.9213812003,0.0
96.2464613293,92.8475142168,74.9213812003,0.0
@ 1080 10 0.303687635575 0.336349772695
266.349258095,214.592585457,72.9663909093,0.0
424.670033861,291.013199895,72.9663909093,0.0
124.030033631,433.434231075,72.9663909093,0.0
401.039580264,127.203803971,72.9663909093,0.0
150.212613025,90.8601489798,72.9663909093,0.0
@ 1090 10 0.303687635575 0.319025442221
117.966938846,247.134540556,75.3532652689,0.0
389.982095679,259.490502781,75.3532652689,0.0
435.042512224,77.2707542767,75.3532652689,0.0
124.502013392,422.915608486,75.3532652689,0.0
214.277310615,114.0180059,75.3532652689,0.0
@ 1100 10 0.303687635575 0.340238723838
283.118056297,365.990317428,76.0529113889,0.0
375.516044563,208.932249735,76.0529113889,0.0
184.428388042,239.234248936,76.0529113889,0.0
261.383225986,84.9435389228,76.0529113889,0.0
82.7286864323,414.08296864,76.0529113889,0.0
@ 1110 10 0.40369088812 0.346586207782
302.836709234,403.422599843,71.1160874737,0.0
161.896184055,356.244819271,71.1160874737,0.0
391.96498299,156.763121177,71.1160874737,0.0
82.2948947088,222.635677749,71.1160874737,0.0
247.724883868,203.00632657,71.1160874737,0.0
@ 1120 10 0.40369088812 0.303050705338
297.426574912,246.686085967,74.2926359826,0.0
113.426758576,387.266416448,74.2926359826,0.0
407.04601624,132.064685397,74.2926359826,0.0
342.805894144,429.607851732,74.2926359826,0.0
128.84307374,222.175093219,74.2926359826,0.0
@ 1130 10 0.40369088812 0.330728121368
183.373786552,331.076030244,69.8856976335,0.0
131.575395331,87.4511492691,69.8856976335,0.0
420.174290275,393.941354819,69.8856976335,0.0
333.69141631,260.195604192,69.8856976335,0.0
275.324218275,132.114300785,69.8856976335,0.0
@ 1140 10 0.40369088812 0.29265516817
307.312457816,418.464386721,81.3341315832,0.0
179.426863305,89.6311757046,81.3341315832,0.0
405.43372538,252.912183365,81.3341315832,0.0
218.480023667,268.799811992,81.3341315832,0.0
396.130172658,81.5193923527,81.3341315832,0.0
@ 1150 10 0.40369088812 0.396392342544
401.925633642,195.360442195,86.8173495961,0.0
353.087449127,375.43886561,86.8173495961,0.0
87.3042117665,122.588361609,86.8173495961,0.0
101.757444643,406.965970822,86.8173495961,0.0
216.010416222,241.200807754,86.8173495961,0.0
@ 1160 10 0.40369088812 0.451640245636
424.266746325,419.745302911,79.9001485587,0.0
376.121889721,80.0372779203,79.9001485587,0.0
81.0694534844,319.899782875,79.9001485587,0.0
206.442552421,421.636180597,79.9001485587,0.0
221.769970338,171.639950806,79.9001485587,0.0
@ 1170 10 0.40369088812 0.382538157583
119.137738844,235.726567208,79.4455766645,0.0
100.181823227,404.315064041,79.4455766645,0.0
266.971184626,91.4705524155,79.4455766645,0.0
377.990629915,235.947300169,79.4455766645,0.0
372.07127596,395.028357512,79.4455766645,0.0
@ 1180 10 0.40369088812 0.378197829234
395.243695349,426.257626549,85.4812115724,0.0
381.903653109,170.867216049,85.4812115724,0.0
256.664085226,299.945569171,85.4812115724,0.0
122.684154755,410.571106106,85.4812115724,0.0
206.791945829,85.5241382564,85.4812115724,0.0
@ 1190 10 0.40369088812 0.437845536038
78.2444180019,111.433558314,68.0993446343,0.0
325.271479818,234.470099253,68.0993446343,0.0
363.779295591,385.435309784,68.0993446343,0.0
403.343643019,89.8828638171,68.0993446343,0.0
85.5998050651,405.515595058,68.0993446343,0.0
@ 1200 10 0.40369088812 0.277885223015
143.965023001,171.769126364,81.5947650144,0.0
109.763229329,407.076125243,81.5947650144,0.0
323.544963815,129.168855635,81.5947650144,0.0
399.335763608,310.29337303,81.5947650144,0.0
274.222924255,427.203762801,81.5947650144,0.0
@ 1210 10 0.601891659501 0.398936874012
95.261945126,229.705888689,81.88402055,0.0
217.182096187,411.580466716,81.88402055,0.0
410.589211745,422.901306488,81.88402055,0.0
421.617573043,106.298676621,81.88402055,0.0
249.014783475,125.140294057,81.88402055,0.0
@ 1220 10 0.601891659501 0.401770370444
143.074247735,88.3265132525,81.9611458077,0.0
270.299159067,225.129518382,81.9611458077,0.0
107.317614407,322.045332789,81.9611458077,0.0
417.788313821,106.247457947,81.9611458077,0.0
356.058608479,413.651461325,81.9611458077,0.0
@ 1230 10 0.601891659501 0.402527569126
90.1831935844,178.870993375,81.6189145689,0.0
282.836164838,130.043749122,81.6189145689,0.0
425.085354023,247.038660926,81.6189145689,0.0
214.843717488,397.13613931,81.6189145689,0.0
421.126274285,429.673175961,81.6189145689,0.0
@ 1240 10 0.601891659501 0.399173055181
287.374742143,275.899214657,86.46518051,0.0
409.048080375,399.349946649,86.46518051,0.0
117.16422951,326.92448488,86.46518051,0.0
105.931564823,139.270608758,86.46518051,0.0
419.441446473,149.79556207,86.46518051,0.0
@ 1250 10 0.601891659501 0.447983577065
418.413218473,121.625834827,83.3125790341,0.0
109.789983898,87.8536962713,83.3125790341,0.0
260.331304013,236.647921441,83.3125790341,0.0
406.593921053,320.57232824,83.3125790341,0.0
100.299336707,356.557927766,83.3125790341,0.0
@ 1260 10 0.601891659501 0.415911324672
421.912987906,272.365799618,85.5813574354,0.0
335.930059662,421.694915866,85.5813574354,0.0
374.975694587,98.8599278536,85.5813574354,0.0
183.001393574,162.786032757,85.5813574354,0.0
143.433814797,416.411223101,85.5813574354,0.0
@ 1270 10 0.601891659501 0.438872056454
355.868065015,429.94407697,81.6367023692,0.0
259.269019894,83.9284029227,81.6367023692,0.0
98.4004835037,399.318939737,81.6367023692,0.0
384.265315081,203.796932916,81.6367023692,0.0
96.2775842165,182.28136716,81.6367023692,0.0
@ 1280 10 0.601891659501 0.399347063481
93.1401226036,262.463247762,79.0019360932,0.0
204.519279935,142.121675326,79.0019360932,0.0
418.270612378,89.9200692677,79.0019360932,0.0
404.81636461,254.897689902,79.0019360932,0.0
235.750834917,336.35195582,79.0019360932,0.0
@ 1290 10 0.601891659501 0.373985752539
424.274761817,124.64847439,87.0125469468,0.0
134.735816982,97.0802785698,87.0125469468,0.0
399.763382102,422.712349892,87.0125469468,0.0
290.972193444,274.083229934,87.0125469468,0.0
114.97258388,374.031897244,87.0125469468,0.0
@ 1300 10 0.601891659501 0.453673435701
396.967370014,107.368263192,92.4204853564,0.0
93.5873107495,106.99292585,92.4204853564,0.0
283.168076248,270.568238634,92.4204853564,0.0
402.414903101,412.44395606,92.4204853564,0.0
97.570904865,313.835753185,92.4204853564,0.0
@ 1310 10 1.18243243243 0.511818616004
375.896722023,114.736747454,88.3796604645,0.0
106.259132225,124.767394327,88.3796604645,0.0
256.514135738,254.699001167,88.3796604645,0.0
417.357808004,369.913915054,88.3796604645,0.0
144.701092281,395.714623253,88.3796604645,0.0
@ 1320 10 1.18243243243 0.468041374179
403.349535184,99.2956627456,92.9755224803,0.0
111.754277301,160.218046217,92.9755224803,0.0
278.178202037,258.954998296,92.9755224803,0.0
403.262584517,397.62406614,92.9755224803,0.0
116.269167675,365.523531368,92.9755224803,0.0
@ 1330 10 1.18243243243 0.517984594397
314.373859811,111.246311851,87.5384047231,0.0
112.975429714,172.956913345,87.5384047231,0.0
240.480124451,308.49693267,87.5384047231,0.0
395.770712066,412.136844708,87.5384047231,0.0
94.3852716083,411.554952728,87.5384047231,0.0
@ 1340 10 1.18243243243 0.459173529674
409.664205898,96.3651109851,88.3909877122,0.0
93.2012723382,311.410530679,88.3909877122,0.0
251.698872129,223.529401181,88.3909877122,0.0
423.580512345,319.388822779,88.3909877122,0.0
255.631853895,419.8065373,88.3909877122,0.0
@ 1350 10 1.18243243243 0.468161355638
414.536797438,104.471083314,96.3183148224,0.0
108.495983875,100.600368537,96.3183148224,0.0
270.451001376,236.227800145,96.3183148224,0.0
412.966664244,372.916671266,96.3183148224,0.0
116.092354328,383.72011817,96.3183148224,0.0
@ 1360 10 1.18243243243 0.555900851722
392.726517307,100.396016756,97.0670044475,0.0
101.123893601,104.405459599,97.0670044475,0.0
238.412613528,243.920288442,97.0670044475,0.0
378.769237574,402.856378546,97.0670044475,0.0
97.6917534426,386.989421849,97.0670044475,0.0
@ 1370 10 1.18243243243 0.564576559294
404.005501466,116.337549164,88.2921583667,0.0
88.4967741161,127.021224747,88.2921583667,0.0
223.726188747,244.198909875,88.2921583667,0.0
395.743819225,375.167897598,88.2921583667,0.0
98.2322735846,384.223498281,88.2921583667,0.0
@ 1380 10 1.18243243243 0.467115045024
189.065166312,92.8789331215,92.2897561777,0.0
262.857433003,290.966125702,92.2897561777,0.0
375.521408758,129.787718931,92.2897561777,0.0
409.054269183,414.225784184,92.2897561777,0.0
100.159025662,392.011242717,92.2897561777,0.0
@ 1390 10 1.18243243243 0.510371700744
281.209690658,259.138195738,90.2318686624,0.0
110.72420922,121.062035174,90.2318686624,0.0
414.279972717,110.067433005,90.2318686624,0.0
409.310547851,408.453057665,90.2318686624,0.0
92.8970703427,343.625378447,90.2318686624,0.0
@ 1400 10 1.18243243243 0.487864807708
256.330787361,257.605644119,105.234796274,0.0
108.768257975,106.683645852,105.234796274,0.0
406.138802928,108.300696448,105.234796274,0.0
406.529533158,405.725570293,105.234796274,0.0
106.499615969,406.512122168,105.234796274,0.0
@ 1410 10 33.3333333333 0.663587684726
256.179830059,255.336511211,104.976561671,0.0
105.175156843,109.45303456,104.976561671,0.0
406.638992718,106.411424189,104.976561671,0.0
405.925959522,403.484487173,104.976561671,0.0
105.223503892,403.370459026,104.976561671,0.0
@ 1420 10 33.3333333333 0.660334938353
255.674145389,254.426718191,105.220788713,0.0
105.563915963,105.667228096,105.220788713,0.0
406.067711005,106.35096215,105.220788713,0.0
405.663616377,403.537335405,105.220788713,0.0
106.845792497,406.602512947,105.220788713,0.0
@ 1430 10 33.3333333333 0.663411039241
257.153956303,256.368185967,105.637253063,0.0
106.361980653,107.607793719,105.637253063,0.0
406.184916358,105.677451648,105.637253063,0.0
406.135358794,406.34013178,105.637253063,0.0
106.667857324,404.662190217,105.637253063,0.0
@ 1440 10 33.3333333333 0.668672999797
256.155267846,255.732466081,105.585195145,0.0
105.664787054,106.720067176,105.585195145,0.0
405.367439959,105.860903782,105.585195145,0.0
405.985817909,405.466153771,105.585195145,0.0
107.535614034,406.088638569,105.585195145,0.0
@ 1450 10 33.3333333333 0.668014119592
255.867833752,255.689879025,105.371730229,0.0
107.375887992,105.715158768,105.371730229,0.0
405.939130448,106.278714649,105.371730229,0.0
404.411377534,405.402142684,105.371730229,0.0
107.5466911,406.376241155,105.371730229,0.0
@ 1460 10 33.3333333333 0.665315759639
255.57055773,255.151371606,105.580286704,0.0
105.707417692,106.051485583,105.580286704,0.0
405.465929411,105.930170123,105.580286704,0.0
405.954691005,403.547439375,105.580286704,0.0
106.339989471,405.417289905,105.580286704,0.0
@ 1470 10 33.3333333333 0.6679520118
255.372410957,253.610990451,105.062634098,0.0
105.735861144,105.662306614,105.062634098,0.0
405.388252869,105.764858973,105.062634098,0.0
401.069631362,406.796136914,105.062634098,0.0
108.263172956,406.258160708,105.062634098,0.0
@ 1480 10 33.3333333333 0.661418226477
255.197987019,255.600335762,105.711607666,0.0
105.809430569,105.781021139,105.711607666,0.0
405.233867295,106.30380918,105.711607666,0.0
405.5180136,405.732040219,105.711607666,0.0
106.248067944,406.11004794,105.711607666,0.0
@ 1490 10 33.3333333333 0.669614645124
255.728248867,255.097586668,105.19069794,0.0
106.535472793,105.965429761,105.19069794,0.0
406.741530034,105.56258217,105.19069794,0.0
406.793501785,404.278288845,105.19069794,0.0
107.715302403,405.349450453,105.19069794,0.0
@ 1500 10 33.3333333333 0.663031652288
