108.105866502,135.01791528,65.0933848554,0.0
200.134781072,251.459564129,65.0933848554,0.0
429.12617565,234.0320589,65.0933848554,0.0
124.958569281,445.195732312,65.0933848554,0.0
297.635993232,431.283709101,65.0933848554,0.0
@ 10 10 0.0873362445415 0.253894503547
200.360249043,143.687040187,47.6583931536,0.0
186.236275431,344.680432059,47.6583931536,0.0
91.2831020751,151.4941591,47.6583931536,0.0
305.475575329,435.863987899,47.6583931536,0.0
90.5412692247,337.786021059,47.6583931536,0.0
@ 20 10 0.0873362445415 0.136100079688
191.897273115,92.3134557058,71.3655980247,0.0
358.975960236,347.023174647,71.3655980247,0.0
152.879581487,401.396979255,71.3655980247,0.0
226.687644001,256.629427777,71.3655980247,0.0
334.465425636,146.553392782,71.3655980247,0.0
@ 30 10 0.0873362445415 0.305180940493
376.447561316,231.720254573,59.7405422771,0.0
124.744985074,423.959923904,59.7405422771,0.0
60.5287238265,63.4860722252,59.7405422771,0.0
221.504028348,307.50928602,59.7405422771,0.0
224.780631581,155.720903578,59.7405422771,0.0
@ 40 10 0.0873362445415 0.213854261627
295.976745047,401.849341641,70.1021815335,0.0
88.2871593806,70.5467961881,70.1021815335,0.0
145.40761628,219.101423156,70.1021815335,0.0
264.461614548,112.639195967,70.1021815335,0.0
117.262771288,422.753829789,70.1021815335,0.0
@ 50 10 0.0873362445415 0.294471083627
107.751878785,95.9292530483,63.6564364692,0.0
425.575838759,400.547840011,63.6564364692,0.0
270.960352285,440.937833668,63.6564364692,0.0
193.106774786,284.237910822,63.6564364692,0.0
372.003607375,179.499153851,63.6564364692,0.0
@ 60 10 0.0873362445415 0.242808694535
154.991360082,308.963372159,55.1603735792,0.0
82.8633747709,401.22573464,55.1603735792,0.0
226.539364834,169.336442733,55.1603735792,0.0
227.181728058,416.912329181,55.1603735792,0.0
358.16259818,336.840968449,55.1603735792,0.0
@ 70 10 0.0873362445415 0.18231986302
203.320203064,120.887070166,58.3371519555,0.0
319.726249186,251.132893686,58.3371519555,0.0
425.762296455,331.011187146,58.3371519555,0.0
344.296315552,76.1949858909,58.3371519555,0.0
303.409542156,439.416883874,58.3371519555,0.0
@ 80 10 0.0873362445415 0.203924794801
110.331767694,192.008120524,57.5685248516,0.0
276.225331759,273.099850581,57.5685248516,0.0
424.287300357,391.553603152,57.5685248516,0.0
188.916628777,78.9011470068,57.5685248516,0.0
452.186076555,226.52442572,57.5685248516,0.0
@ 90 10 0.0873362445415 0.198586531506
220.899573408,104.200980786,39.3460061165,0.0
265.063796945,201.691215184,39.3460061165,0.0
349.597579129,375.714654951,39.3460061165,0.0
379.016905635,43.8184381856,39.3460061165,0.0
113.659281094,105.153633149,39.3460061165,0.0
@ 100 10 0.0873362445415 0.092764305718
409.768186228,403.951960817,54.9951573248,0.0
289.807783366,318.535357522,54.9951573248,0.0
339.165925985,187.531359626,54.9951573248,0.0
111.972064508,216.624255308,54.9951573248,0.0
202.320634492,86.5022249951,54.9951573248,0.0
@ 110 10 0.0940354648039 0.181229330381
325.365345974,132.822386772,60.7135935951,0.0
79.4986472522,266.001513211,60.7135935951,0.0
201.30197354,180.691056026,60.7135935951,0.0
403.461916889,337.017597718,60.7135935951,0.0
277.20105686,343.387686472,60.7135935951,0.0
@ 120 10 0.0940354648039 0.220877494195
116.897135668,191.296092971,59.9574784931,0.0
384.063506518,183.072535513,59.9574784931,0.0
106.304523311,64.4025045275,59.9574784931,0.0
64.6443032001,323.071430556,59.9574784931,0.0
237.46488938,115.540212152,59.9574784931,0.0
@ 130 10 0.0940354648039 0.215410222308
344.77223774,140.61149879,52.0508659642,0.0
102.373235363,314.591150624,52.0508659642,0.0
137.325614155,206.477555665,52.0508659642,0.0
67.0466573883,124.181200302,52.0508659642,0.0
380.939544881,350.263453792,52.0508659642,0.0
@ 140 10 0.0940354648039 0.162343724991
186.92584477,452.175293743,58.1343123994,0.0
413.240351413,262.832141316,58.1343123994,0.0
216.383293842,339.058329283,58.1343123994,0.0
71.8093386763,419.740012804,58.1343123994,0.0
416.798730899,108.237985045,58.1343123994,0.0
@ 150 10 0.0940354648039 0.202509158223
255.648564603,94.8655423518,75.4476856002,0.0
129.433802606,349.339713679,75.4476856002,0.0
321.137379141,394.171286686,75.4476856002,0.0
110.037450198,167.340902514,75.4476856002,0.0
409.905935913,253.646592595,75.4476856002,0.0
@ 160 10 0.0940354648039 0.34109192058
199.645331233,281.439266974,56.3376024468,0.0
230.525161648,129.541214263,56.3376024468,0.0
438.86167617,216.074737945,56.3376024468,0.0
433.520586447,92.5374088175,56.3376024468,0.0
72.5639136028,170.225660191,56.3376024468,0.0
@ 170 10 0.0940354648039 0.190185021453
195.97264015,178.659926347,74.5050323943,0.0
91.4794461283,404.164011808,74.5050323943,0.0
342.124684789,436.941485202,74.5050323943,0.0
431.248115155,289.695187966,74.5050323943,0.0
344.544800078,155.039072092,74.5050323943,0.0
@ 180 10 0.0940354648039 0.33262187243
195.279191963,220.669894625,54.4448132703,0.0
427.109637617,157.03212855,54.4448132703,0.0
292.389380221,111.208957022,54.4448132703,0.0
58.3190878266,161.345876293,54.4448132703,0.0
430.893899763,342.774711948,54.4448132703,0.0
@ 190 10 0.0940354648039 0.177620305842
411.466873032,128.438659933,64.1777295224,0.0
305.609936693,237.650096793,64.1777295224,0.0
204.549505333,347.183559845,64.1777295224,0.0
201.206913472,108.989589918,64.1777295224,0.0
365.760021379,389.785996956,64.1777295224,0.0
@ 200 10 0.0940354648039 0.246801778737
423.037816534,75.6527034244,68.6029346698,0.0
190.129697988,91.1197921257,68.6029346698,0.0
127.559564689,268.321221753,68.6029346698,0.0
322.995238343,218.275163626,68.6029346698,0.0
272.543909974,400.13460948,68.6029346698,0.0
@ 210 10 0.101847810272 0.282010303934
190.797570122,257.572834471,63.5168103581,0.0
446.241014484,67.8565281315,63.5168103581,0.0
175.957736112,120.126018084,63.5168103581,0.0
365.781475259,214.470299509,63.5168103581,0.0
89.3675698455,430.751930095,63.5168103581,0.0
@ 220 10 0.101847810272 0.241744693649
279.759583966,96.7415665495,68.7330258898,0.0
148.763340423,420.161466173,68.7330258898,0.0
399.458009971,224.860700167,68.7330258898,0.0
262.426567748,299.594514078,68.7330258898,0.0
79.2992468595,227.857629128,68.7330258898,0.0
@ 230 10 0.101847810272 0.283080865983
181.014229667,83.4366394603,78.2082940554,0.0
426.151232697,354.46449642,78.2082940554,0.0
284.531711016,206.573073761,78.2082940554,0.0
199.56337597,426.369885376,78.2082940554,0.0
92.1384040913,237.632486272,78.2082940554,0.0
@ 240 10 0.101847810272 0.366509481195
81.8305876071,186.406745976,49.6756684917,0.0
454.931917851,160.100329961,49.6756684917,0.0
314.04185566,267.41611806,49.6756684917,0.0
65.3282462757,320.252143163,49.6756684917,0.0
237.22320878,80.5109056855,49.6756684917,0.0
@ 250 10 0.101847810272 0.147865558709
152.753060245,173.065571828,58.9257988104,0.0
101.829112228,286.02760787,58.9257988104,0.0
218.227044094,326.011290314,58.9257988104,0.0
403.340989431,390.655067163,58.9257988104,0.0
444.721677874,96.0761479959,58.9257988104,0.0
@ 260 10 0.101847810272 0.208060934842
168.218494592,393.886941794,52.0241132554,0.0
418.367907087,191.757219693,52.0241132554,0.0
323.750370208,110.925986212,52.0241132554,0.0
412.460082059,449.92329597,52.0241132554,0.0
456.448113851,316.707517381,52.0241132554,0.0
@ 270 10 0.101847810272 0.162176887488
436.804252921,150.543089967,63.0634342889,0.0
108.034698411,94.2477323182,63.0634342889,0.0
302.157858223,190.601081207,63.0634342889,0.0
407.378892079,362.623201679,63.0634342889,0.0
90.9211375219,405.545735556,63.0634342889,0.0
@ 280 10 0.101847810272 0.23830591587
421.680118619,136.378551713,75.134502363,0.0
205.131063802,139.583934678,75.134502363,0.0
426.970509845,310.644537181,75.134502363,0.0
313.702661168,416.516822241,75.134502363,0.0
165.084305096,370.743654737,75.134502363,0.0
@ 290 10 0.101847810272 0.338266053695
112.753816667,359.368635086,69.6724737456,0.0
420.704578118,168.1306006,69.6724737456,0.0
251.866632181,406.212825652,69.6724737456,0.0
197.725418194,232.176364584,69.6724737456,0.0
386.630822507,310.933354302,69.6724737456,0.0
@ 300 10 0.101847810272 0.290872088631
432.424190346,172.499495269,61.575904426,0.0
297.477649682,155.682428251,61.575904426,0.0
148.732546665,199.007708633,61.575904426,0.0
80.8131661426,385.402530016,61.575904426,0.0
151.477483127,72.4630801372,61.575904426,0.0
@ 310 10 0.111075848937 0.227196264834
391.206980789,311.704532875,66.713747012,0.0
340.902745627,101.258168703,66.713747012,0.0
219.731019837,293.23501034,66.713747012,0.0
91.6903959147,415.027541539,66.713747012,0.0
205.58474227,99.3511696432,66.713747012,0.0
@ 320 10 0.111075848937 0.266692164192
234.246774343,133.404030989,64.1714399813,0.0
166.431675349,256.905628779,64.1714399813,0.0
436.594890408,349.368875311,64.1714399813,0.0
405.029267802,93.6789543578,64.1714399813,0.0
114.492355098,418.781866068,64.1714399813,0.0
@ 330 10 0.111075848937 0.246753407008
115.403340104,325.05927031,75.1199396966,0.0
413.442439182,131.41086651,75.1199396966,0.0
417.709347037,324.119765286,75.1199396966,0.0
263.823362869,398.769812508,75.1199396966,0.0
226.507378735,93.0519978401,75.1199396966,0.0
@ 340 10 0.111075848937 0.338134940074
118.354847697,423.695392195,61.132336547,0.0
342.945849979,425.199870677,61.132336547,0.0
420.789161994,208.405323759,61.132336547,0.0
156.893855689,255.818902398,61.132336547,0.0
278.75766688,282.764172771,61.132336547,0.0
@ 350 10 0.111075848937 0.223934794685
384.381145571,130.492611739,59.6099749174,0.0
158.159875072,139.801905763,59.6099749174,0.0
290.022512496,300.988066469,59.6099749174,0.0
151.833563957,448.431393161,59.6099749174,0.0
445.723549008,379.262295666,59.6099749174,0.0
@ 360 10 0.111075848937 0.21292049464
298.07462927,410.971392354,66.6552566961,0.0
296.199690779,250.211742272,66.6552566961,0.0
164.799095068,135.218588334,66.6552566961,0.0
147.974351936,397.403334592,66.6552566961,0.0
433.077036253,324.643870957,66.6552566961,0.0
@ 370 10 0.111075848937 0.26622473217
329.312508539,315.479918342,66.7649355697,0.0
283.540544028,154.858565875,66.7649355697,0.0
431.611642152,178.371401599,66.7649355697,0.0
70.9944154705,286.304737305,66.7649355697,0.0
81.9497337872,82.3027396405,66.7649355697,0.0
@ 380 10 0.111075848937 0.267101579799
358.236348163,71.6105120322,49.9282612269,0.0
197.857071909,290.805668085,49.9282612269,0.0
113.744515412,175.533308494,49.9282612269,0.0
337.343475301,402.335961463,49.9282612269,0.0
395.977575484,231.749755016,49.9282612269,0.0
@ 390 10 0.111075848937 0.149373126732
250.994716521,251.519084197,74.7739887582,0.0
395.738492269,180.978767551,74.7739887582,0.0
85.1023947158,80.3559852685,74.7739887582,0.0
432.696340842,428.801771324,74.7739887582,0.0
275.25566787,428.962089737,74.7739887582,0.0
@ 400 10 0.111075848937 0.335027676148
392.321231703,62.9975343036,56.1157129179,0.0
331.894343815,185.132206118,56.1157129179,0.0
340.369581432,395.877918783,56.1157129179,0.0
85.70918894,170.946183323,56.1157129179,0.0
137.510827399,306.676335653,56.1157129179,0.0
@ 410 10 0.122142732507 0.188689858043
368.343724388,339.323833922,59.2346320198,0.0
261.461161008,100.377577759,59.2346320198,0.0
424.907405213,142.130768149,59.2346320198,0.0
137.231830158,234.26824674,59.2346320198,0.0
84.2922211425,388.64669792,59.2346320198,0.0
@ 420 10 0.122142732507 0.210247566586
156.654810272,195.599520932,56.4448448565,0.0
419.070366472,169.070796401,56.4448448565,0.0
265.910434101,329.931459231,56.4448448565,0.0
296.612276818,75.3787282159,56.4448448565,0.0
389.918331544,396.517324606,56.4448448565,0.0
@ 430 10 0.122142732507 0.190909770522
401.088264812,182.409399384,64.4304443814,0.0
140.134693324,105.335955261,64.4304443814,0.0
141.785554013,355.780257535,64.4304443814,0.0
334.446913912,300.847901448,64.4304443814,0.0
283.919895891,84.2423659171,64.4304443814,0.0
@ 440 10 0.122142732507 0.248749285336
91.9747397952,240.455384159,76.5970332105,0.0
247.184243882,124.905443307,76.5970332105,0.0
420.209079675,182.462844986,76.5970332105,0.0
137.197305564,407.557038314,76.5970332105,0.0
296.490259469,297.573953971,76.5970332105,0.0
@ 450 10 0.122142732507 0.351563262124
425.22272083,417.865849291,61.8281436163,0.0
249.387725839,226.958967344,61.8281436163,0.0
181.641868626,389.754386651,61.8281436163,0.0
76.7486259492,264.663670345,61.8281436163,0.0
398.176228874,133.011944241,61.8281436163,0.0
@ 460 10 0.122142732507 0.229061448305
65.6383852568,461.155442604,50.076230586,0.0
164.670750203,442.323378759,50.076230586,0.0
334.499485817,207.662192706,50.076230586,0.0
69.4924323314,111.325292667,50.076230586,0.0
272.560996822,386.971321754,50.076230586,0.0
@ 470 10 0.122142732507 0.150259814849
393.589618287,401.111977873,58.7085873621,0.0
256.000958075,235.953855413,58.7085873621,0.0
364.422722873,127.570195203,58.7085873621,0.0
445.531819331,287.152336592,58.7085873621,0.0
147.807533439,112.828073568,58.7085873621,0.0
@ 480 10 0.122142732507 0.206529859401
138.349239595,122.19110357,62.993760674,0.0
228.667957257,286.933728282,62.993760674,0.0
318.850403132,432.004370225,62.993760674,0.0
96.3032333522,379.038988116,62.993760674,0.0
337.976741863,84.7044358667,62.993760674,0.0
@ 490 10 0.122142732507 0.237779637439
346.154164551,199.597800297,56.3500431823,0.0
439.994308491,295.108857132,56.3500431823,0.0
158.001622295,149.971207388,56.3500431823,0.0
446.282659137,411.684550534,56.3500431823,0.0
187.257186089,299.664561266,56.3500431823,0.0
@ 500 10 0.122142732507 0.190269025837
386.183647123,434.222238633,63.4789299884,0.0
198.345566205,417.848896689,63.4789299884,0.0
279.364627919,192.236814215,63.4789299884,0.0
64.9788929226,115.558702017,63.4789299884,0.0
112.657955669,300.815660243,63.4789299884,0.0
@ 510 10 0.135658914729 0.241456434599
112.844487377,81.7828779956,71.7975317095,0.0
183.486861103,289.455675742,71.7975317095,0.0
398.044210993,101.715050359,71.7975317095,0.0
335.182646992,255.02079516,71.7975317095,0.0
279.493309194,412.066942411,71.7975317095,0.0
@ 520 10 0.135658914729 0.308886278631
405.518702365,335.259094615,54.8547405411,0.0
123.007696657,55.103567065,54.8547405411,0.0
196.78989861,414.300865537,54.8547405411,0.0
70.3837278061,192.338361741,54.8547405411,0.0
342.097346326,197.56634607,54.8547405411,0.0
@ 530 10 0.135658914729 0.180305061637
174.489424364,244.518859462,65.6846719373,0.0
405.30734076,76.6135197122,65.6846719373,0.0
122.642074973,397.346016272,65.6846719373,0.0
244.085894236,122.758313496,65.6846719373,0.0
332.417854293,422.952415934,65.6846719373,0.0
@ 540 10 0.135658914729 0.258528042935
381.491387491,382.125224328,62.510106114,0.0
401.179737057,62.8840724038,62.510106114,0.0
248.840565404,268.250141582,62.510106114,0.0
123.370693357,444.013533824,62.510106114,0.0
164.515686314,85.3735516096,62.510106114,0.0
@ 550 10 0.135658914729 0.234142397245
70.9646739172,91.1947406794,70.6645812698,0.0
290.197154891,104.260277586,70.6645812698,0.0
109.059072774,393.776474514,70.6645812698,0.0
351.255714538,321.488978036,70.6645812698,0.0
164.818581311,231.95334187,70.6645812698,0.0
@ 560 10 0.135658914729 0.299214866688
161.523951707,77.8825348893,67.1872873299,0.0
140.859800659,436.10824485,67.1872873299,0.0
355.847530943,97.5131486296,67.1872873299,0.0
77.97036986,238.243671343,67.1872873299,0.0
378.808095016,427.690325944,67.1872873299,0.0
@ 570 10 0.135658914729 0.270491611986
194.831626924,388.110928713,59.5725773072,0.0
443.908531269,249.173652208,59.5725773072,0.0
318.555022634,187.302002205,59.5725773072,0.0
376.534858635,431.862038162,59.5725773072,0.0
305.629526499,321.732071111,59.5725773072,0.0
@ 580 10 0.135658914729 0.212653417867
121.680033047,374.678320927,77.4084091845,0.0
329.812254937,93.9133896519,77.4084091845,0.0
301.716606437,319.665702584,77.4084091845,0.0
125.346165912,108.061188202,77.4084091845,0.0
433.310958527,224.193468668,77.4084091845,0.0
@ 590 10 0.135658914729 0.35905077876
278.062123444,445.512168214,64.1441002438,0.0
307.227336049,273.620571554,64.1441002438,0.0
356.4224577,116.107544501,64.1441002438,0.0
68.501848569,373.21550599,64.1441002438,0.0
154.933823121,76.4773639587,64.1441002438,0.0
@ 600 10 0.135658914729 0.246543197098
395.390620078,231.114342217,77.1856270828,0.0
326.772033117,90.299548006,77.1856270828,0.0
82.1364701408,339.498401178,77.1856270828,0.0
240.737530834,333.07009323,77.1856270828,0.0
83.1463142931,97.4515532168,77.1856270828,0.0
@ 610 10 0.152538679451 0.356987049977
73.565582582,424.019714327,70.4965832744,0.0
270.055299584,112.837418989,70.4965832744,0.0
414.932110927,240.849160756,70.4965832744,0.0
154.912846336,258.720081202,70.4965832744,0.0
225.362537108,420.68258406,70.4965832744,0.0
@ 620 10 0.152538679451 0.297793850843
315.460991741,346.400413418,62.9483011658,0.0
354.216685282,136.774661385,62.9483011658,0.0
70.0604637123,135.287291243,62.9483011658,0.0
161.284253096,395.899637902,62.9483011658,0.0
159.767399789,244.647838917,62.9483011658,0.0
@ 630 10 0.152538679451 0.237436573461
431.239114992,233.01070215,59.5102910515,0.0
294.500785485,166.324689755,59.5102910515,0.0
145.282766019,161.833801167,59.5102910515,0.0
242.317529796,447.493442172,59.5102910515,0.0
389.186352338,432.942303542,59.5102910515,0.0
@ 640 10 0.152538679451 0.212208969721
191.869112155,345.304662449,68.0304580383,0.0
127.348590301,140.61848874,68.0304580383,0.0
436.293314812,424.301960088,68.0304580383,0.0
410.144783971,144.29544932,68.0304580383,0.0
329.43462423,313.855893566,68.0304580383,0.0
@ 650 10 0.152538679451 0.277323312022
87.2590841029,112.894966767,62.1154803437,0.0
412.455302134,284.105334999,62.1154803437,0.0
323.520935711,423.304382453,62.1154803437,0.0
250.770018831,272.973029538,62.1154803437,0.0
269.260374519,137.084930079,62.1154803437,0.0
@ 660 10 0.152538679451 0.231195450784
393.236116515,76.7679793385,74.6069144959,0.0
175.417594391,408.447070593,74.6069144959,0.0
123.667271183,99.2432118155,74.6069144959,0.0
91.290549726,276.896579837,74.6069144959,0.0
357.399693055,386.402056923,74.6069144959,0.0
@ 670 10 0.152538679451 0.333532183709
274.114570102,296.513281471,67.2657227465,0.0
88.7003316548,181.093855653,67.2657227465,0.0
427.073971059,236.797236942,67.2657227465,0.0
70.20121287,349.63040961,67.2657227465,0.0
250.669939713,159.570239628,67.2657227465,0.0
@ 680 10 0.152538679451 0.271123532312
121.363412686,418.552108635,62.6487419337,0.0
124.293532781,211.366112341,62.6487419337,0.0
391.551342811,306.491747593,62.6487419337,0.0
210.465478106,306.701311457,62.6487419337,0.0
320.206792938,448.738277237,62.6487419337,0.0
@ 690 10 0.152538679451 0.235182117729
279.260437765,80.5655218972,54.2432188145,0.0
400.795534908,294.077336038,54.2432188145,0.0
354.344578423,406.280458305,54.2432188145,0.0
140.6485959,411.395501857,54.2432188145,0.0
60.3765841072,112.08548045,54.2432188145,0.0
@ 700 10 0.152538679451 0.176307380903
87.7195134991,161.377954604,61.5255378009,0.0
294.873207955,165.736184239,61.5255378009,0.0
195.703833404,84.2635869242,61.5255378009,0.0
337.466019007,322.22342393,61.5255378009,0.0
176.327231874,449.114007584,61.5255378009,0.0
@ 710 10 0.174216027875 0.226824741941
224.899680671,234.063894702,70.4233693643,0.0
363.490478944,99.3276484565,70.4233693643,0.0
409.008479539,370.697015115,70.4233693643,0.0
89.2274692623,373.051222778,70.4233693643,0.0
258.460643447,380.536592479,70.4233693643,0.0
@ 720 10 0.174216027875 0.297175627103
241.890942474,248.918857238,68.7727311991,0.0
333.364057968,108.720169573,68.7727311991,0.0
193.484035505,436.989049119,68.7727311991,0.0
71.937353757,223.713055643,68.7727311991,0.0
425.932655145,353.494001096,68.7727311991,0.0
@ 730 10 0.174216027875 0.283408017588
200.147090519,210.199817196,55.605239965,0.0
141.482899353,57.3317702017,55.605239965,0.0
429.413114175,404.850715319,55.605239965,0.0
191.436199874,341.314286782,55.605239965,0.0
412.388310367,97.0207601027,55.605239965,0.0
@ 740 10 0.174216027875 0.185272527756
321.374857001,374.362486591,63.417954947,0.0
106.425442803,384.754533042,63.417954947,0.0
273.422043728,115.055234447,63.417954947,0.0
95.5649927325,146.422594503,63.417954947,0.0
408.531686327,138.497849723,63.417954947,0.0
@ 750 10 0.174216027875 0.240992792724
109.522920635,171.50899311,68.5775715606,0.0
436.374888132,374.189584294,68.5775715606,0.0
321.224993651,163.94938951,68.5775715606,0.0
267.520350011,319.987569123,68.5775715606,0.0
161.704772409,430.781421742,68.5775715606,0.0
@ 760 10 0.174216027875 0.281801819093
441.561914602,319.428177893,65.8476581515,0.0
154.96402862,261.997351345,65.8476581515,0.0
438.881367693,108.525790593,65.8476581515,0.0
70.0615401539,101.350331068,65.8476581515,0.0
255.931051996,94.0978763008,65.8476581515,0.0
@ 770 10 0.174216027875 0.259812628312
362.178901109,141.622912732,73.0310207263,0.0
82.6959685062,218.443621507,73.0310207263,0.0
172.851347509,102.222555916,73.0310207263,0.0
405.373966335,341.771193699,73.0310207263,0.0
87.4420660503,433.50185319,73.0310207263,0.0
@ 780 10 0.174216027875 0.31959084465
377.550946824,118.659457588,65.1822514872,0.0
126.414774041,284.451105712,65.1822514872,0.0
359.860949943,258.557674355,65.1822514872,0.0
148.127268905,108.585851705,65.1822514872,0.0
371.032342163,425.006103677,65.1822514872,0.0
@ 790 10 0.174216027875 0.254588219228
224.820936543,124.694289834,62.5257829049,0.0
107.951057372,331.716254893,62.5257829049,0.0
251.104210974,306.407124586,62.5257829049,0.0
86.0827226836,127.986977144,62.5257829049,0.0
282.032230757,445.578935078,62.5257829049,0.0
@ 800 10 0.174216027875 0.234259852227
248.753018582,323.443707814,73.1631704374,0.0
139.231314543,77.2284120954,73.1631704374,0.0
412.332651342,337.235784089,73.1631704374,0.0
383.946903998,147.608788262,73.1631704374,0.0
101.386820914,228.308596565,73.1631704374,0.0
@ 810 10 0.203075137801 0.320748491044
263.022147936,77.7350571829,75.7784011118,0.0
115.125414293,435.398746475,75.7784011118,0.0
300.030332262,421.492142587,75.7784011118,0.0
407.030815218,253.976123722,75.7784011118,0.0
234.373946794,231.108004829,75.7784011118,0.0
@ 820 10 0.203075137801 0.344088742023
272.813916589,196.364732752,78.6260597452,0.0
382.808888036,80.0318055694,78.6260597452,0.0
99.1925366441,214.780536944,78.6260597452,0.0
421.268909606,417.329189791,78.6260597452,0.0
128.931859325,376.211858362,78.6260597452,0.0
@ 830 10 0.203075137801 0.370435510676
426.720377278,411.173346727,69.6287842037,0.0
251.146043961,318.170480967,69.6287842037,0.0
70.0304401146,293.013201113,69.6287842037,0.0
197.063730632,78.1414858503,69.6287842037,0.0
420.625313266,252.784560556,69.6287842037,0.0
@ 840 10 0.203075137801 0.290507408487
113.713652719,184.424105428,78.3084190067,0.0
427.083085935,176.289823737,78.3084190067,0.0
267.563107984,88.1476502076,78.3084190067,0.0
370.412652003,348.605059344,78.3084190067,0.0
166.537678164,391.331549523,78.3084190067,0.0
@ 850 10 0.203075137801 0.367448518023
444.268051572,376.021711751,65.5359963235,0.0
384.201231423,96.4616722985,65.5359963235,0.0
303.678042451,316.473610935,65.5359963235,0.0
221.01174882,77.1519982993,65.5359963235,0.0
144.488759729,381.752936092,65.5359963235,0.0
@ 860 10 0.203075137801 0.257359023925
348.454775475,86.7346032572,63.2131444084,0.0
184.356386039,392.318117229,63.2131444084,0.0
334.032102,221.756884884,63.2131444084,0.0
229.588080188,138.314641437,63.2131444084,0.0
101.479223358,254.35910242,63.2131444084,0.0
@ 870 10 0.203075137801 0.239438716683
267.667654736,153.702203697,74.5416883921,0.0
78.5746633468,103.480251179,74.5416883921,0.0
296.716199705,396.335843824,74.5416883921,0.0
81.8163534413,383.788538832,74.5416883921,0.0
381.948876188,256.709065201,74.5416883921,0.0
@ 880 10 0.203075137801 0.332949248597
256.237749961,191.632197607,62.675173374,0.0
381.690184766,157.138574779,62.675173374,0.0
164.232557233,444.177413802,62.675173374,0.0
82.6961556749,259.296088942,62.675173374,0.0
318.147765651,369.727138778,62.675173374,0.0
@ 890 10 0.203075137801 0.235380605782
84.9255723513,420.622594137,79.8309244521,0.0
305.599939026,231.981002669,79.8309244521,0.0
122.976346515,119.076011976,79.8309244521,0.0
417.874260946,87.169962786,79.8309244521,0.0
312.888304688,400.056064461,79.8309244521,0.0
@ 900 10 0.203075137801 0.381875595839
383.676184739,90.9912371527,71.2206056726,0.0
433.354023939,262.2123499,71.2206056726,0.0
128.709919048,172.724728003,71.2206056726,0.0
151.388120397,435.262831914,71.2206056726,0.0
244.572073112,284.789016808,71.2206056726,0.0
@ 910 10 0.243393602225 0.303942137661
282.741249285,426.502560781,73.5431077621,0.0
110.294926692,354.580154742,73.5431077621,0.0
409.021571515,311.245942984,73.5431077621,0.0
269.25872568,241.142341151,73.5431077621,0.0
110.425353852,100.950213165,73.5431077621,0.0
@ 920 10 0.243393602225 0.324088443219
285.730494251,418.957910595,76.4110960404,0.0
427.153323687,279.825309633,76.4110960404,0.0
109.770883886,190.870941014,76.4110960404,0.0
121.766939047,349.084581811,76.4110960404,0.0
258.573213177,126.455804525,76.4110960404,0.0
@ 930 10 0.243393602225 0.34985851365
109.191551759,201.698357155,79.2318115712,0.0
119.080288556,417.103417194,79.2318115712,0.0
304.042279986,400.90957493,79.2318115712,0.0
295.362807792,211.701666209,79.2318115712,0.0
427.369894939,120.240271367,79.2318115712,0.0
@ 940 10 0.243393602225 0.37616532518
427.072150634,172.87528476,70.9824317253,0.0
86.5536152388,87.3709274096,70.9824317253,0.0
271.014596207,242.206933435,70.9824317253,0.0
145.588237984,363.600663819,70.9824317253,0.0
371.309807461,426.130772604,70.9824317253,0.0
@ 950 10 0.243393602225 0.301912667289
427.614194181,137.197234818,67.7901204558,0.0
249.687056629,84.6422093425,67.7901204558,0.0
343.246955809,397.090596412,67.7901204558,0.0
69.3693125965,183.083431756,67.7901204558,0.0
409.285185761,276.355548934,67.7901204558,0.0
@ 960 10 0.243393602225 0.275367321021
401.928478805,377.233321313,75.4982122748,0.0
85.6841575311,429.63217816,75.4982122748,0.0
129.920872685,104.617964194,75.4982122748,0.0
229.065337288,278.061075201,75.4982122748,0.0
356.705938602,180.703892061,75.4982122748,0.0
@ 970 10 0.243393602225 0.341548926283
100.485330773,93.2547076259,67.1263745568,0.0
68.3728664425,417.645518079,67.1263745568,0.0
278.604428734,143.8687559,67.1263745568,0.0
439.598050252,177.635223361,67.1263745568,0.0
310.487350931,334.814053332,67.1263745568,0.0
@ 980 10 0.243393602225 0.270001372657
393.719030348,79.0056850336,71.9256713518,0.0
90.7263824014,283.680128871,71.9256713518,0.0
381.313596782,265.375280331,71.9256713518,0.0
235.77570869,428.305638021,71.9256713518,0.0
74.4940047419,110.249981857,71.9256713518,0.0
@ 990 10 0.243393602225 0.309989823468
235.900912985,220.274925461,78.2713074676,0.0
86.1134379608,140.124957615,78.2713074676,0.0
94.8256635135,339.117384545,78.2713074676,0.0
244.475522736,403.145637917,78.2713074676,0.0
399.662868532,151.816997261,78.2713074676,0.0
@ 1000 10 0.243393602225 0.367100321777
429.14786605,421.335238141,81.3752619982,0.0
344.170264019,90.5375805948,81.3752619982,0.0
104.234443348,379.437897112,81.3752619982,0.0
378.395607186,255.341864416,81.3752619982,0.0
152.288232851,207.095255264,81.3752619982,0.0
@ 1010 10 0.303687635575 0.396793352639
351.097307542,89.0403267376,75.6387588388,0.0
84.7244409108,304.571760991,75.6387588388,0.0
375.185300363,261.505801386,75.6387588388,0.0
426.779460351,430.967440477,75.6387588388,0.0
122.925956018,123.407222598,75.6387588388,0.0
@ 1020 10 0.303687635575 0.342821756672
269.383609107,247.811409168,73.6709254856,0.0
140.609002508,123.776189395,73.6709254856,0.0
147.851509801,357.973661212,73.6709254856,0.0
415.379980138,212.655210426,73.6709254856,0.0
424.782968659,364.996636744,73.6709254856,0.0
@ 1030 10 0.303687635575 0.325215951858
122.78901612,145.410710135,78.2410751621,0.0
94.5414904247,336.479135422,78.2410751621,0.0
421.971776771,423.852956181,78.2410751621,0.0
266.479126563,334.150515435,78.2410751621,0.0
375.085015211,172.59656738,78.2410751621,0.0
@ 1040 10 0.303687635575 0.366816791424
413.31130565,429.457759073,75.8879695718,0.0
387.731865392,236.149437408,75.8879695718,0.0
253.266541037,114.969294936,75.8879695718,0.0
414.959014156,86.1349884648,75.8879695718,0.0
196.956412854,335.259475291,75.8879695718,0.0
@ 1050 10 0.303687635575 0.345084501481
270.959181383,161.048813878,76.2725715225,0.0
244.516074146,411.901809452,76.2725715225,0.0
420.329493153,123.17174232,76.2725715225,0.0
118.176004042,312.978830342,76.2725715225,0.0
416.413356611,431.868000214,76.2725715225,0.0
@ 1060 10 0.303687635575 0.348591157084
100.24292725,407.417341666,76.0334894889,0.0
264.995790258,284.365392614,76.0334894889,0.0
405.902116545,385.41511235,76.0334894889,0.0
85.4856049785,223.067759963,76.0334894889,0.0
267.984928857,109.196171132,76.0334894889,0.0
@ 1070 10 0.303687635575 0.346409212502
132.651922542,112.079289925,81.1893686744,0.0
386.945341145,91.1047996788,81.1893686744,0.0
257.970848752,333.182884509,81.1893686744,0.0
95.1820026949,361.863667929,81.1893686744,0.0
429.483855809,277.91354221,81.1893686744,0.0
@ 1080 10 0.303687635575 0.394982556988
78.8879683811,323.9269704,70.7617094202,0.0
400.360564278,88.2560996811,70.7617094202,0.0
233.798257776,297.244931178,70.7617094202,0.0
385.693577772,384.844778037,70.7617094202,0.0
223.470465789,124.203740803,70.7617094202,0.0
@ 1090 10 0.303687635575 0.300037970964
100.578993591,89.2325844937,76.2909076753,0.0
79.8384237002,387.704472032,76.2909076753,0.0
381.882281409,336.194520319,76.2909076753,0.0
432.962875069,91.586304391,76.2909076753,0.0
225.459508423,327.478111254,76.2909076753,0.0
@ 1100 10 0.303687635575 0.348758781929
93.7986024791,172.78747283,85.0558213966,0.0
335.796574724,376.664709253,85.0558213966,0.0
403.696865441,87.6598748291,85.0558213966,0.0
283.092936738,212.027689037,85.0558213966,0.0
160.355494743,410.796138749,85.0558213966,0.0
@ 1110 10 0.40369088812 0.433498575007
387.43998901,293.086665815,78.2541409871,0.0
252.048384699,412.278483117,78.2541409871,0.0
126.626403908,113.648136012,78.2541409871,0.0
144.814132886,278.371447534,78.2541409871,0.0
412.65215575,102.852740491,78.2541409871,0.0
@ 1120 10 0.40369088812 0.366939314387
83.9174485121,244.943601484,72.8379403474,0.0
428.2491667,153.24828955,72.8379403474,0.0
276.70869092,245.358381625,72.8379403474,0.0
76.8252088682,394.019324921,72.8379403474,0.0
224.152614321,435.025023257,72.8379403474,0.0
@ 1130 10 0.40369088812 0.317903201503
196.728648532,88.1111049133,80.4515057369,0.0
128.211949301,235.312810821,80.4515057369,0.0
327.10521254,388.686882926,80.4515057369,0.0
109.357328795,420.365672632,80.4515057369,0.0
393.879881211,177.657300575,80.4515057369,0.0
@ 1140 10 0.40369088812 0.387835841784
368.376112714,427.341928875,77.1030869998,0.0
193.396357068,84.5095064908,77.1030869998,0.0
107.260115565,399.283836187,77.1030869998,0.0
365.836473675,256.873724274,77.1030869998,0.0
400.279170764,102.116704428,77.1030869998,0.0
@ 1150 10 0.40369088812 0.356223954906
429.674601599,421.291711042,78.191444577,0.0
134.308858264,95.2751320119,78.191444577,0.0
267.038051994,385.881430686,78.191444577,0.0
82.2171537082,288.795693157,78.191444577,0.0
305.938139845,230.026051137,78.191444577,0.0
@ 1160 10 0.40369088812 0.366351573944
272.71647191,275.359899317,73.710478961,0.0
212.312294425,434.158155145,73.710478961,0.0
359.263268218,412.795055738,73.710478961,0.0
117.204722205,238.238590256,73.710478961,0.0
403.77857468,189.962117523,73.710478961,0.0
@ 1170 10 0.40369088812 0.325565258568
300.306375902,244.24825275,80.1468685428,0.0
400.468487913,423.392331425,80.1468685428,0.0
176.86830162,378.267371554,80.1468685428,0.0
102.531870351,228.065663414,80.1468685428,0.0
238.524822139,84.251180706,80.1468685428,0.0
@ 1180 10 0.40369088812 0.384904248896
143.039228503,233.032800485,78.816497702,0.0
323.95904481,259.533650146,78.816497702,0.0
356.89902165,416.416804229,78.816497702,0.0
190.73828778,79.8956784137,78.816497702,0.0
198.327568476,398.301944771,78.816497702,0.0
@ 1190 10 0.40369088812 0.37223212657
87.8290185536,137.084873753,83.7255655336,0.0
372.988332024,386.82711995,83.7255655336,0.0
171.78007096,422.460264655,83.7255655336,0.0
264.235361323,259.280676659,83.7255655336,0.0
424.091471978,122.77370077,83.7255655336,0.0
@ 1200 10 0.40369088812 0.420044949912
416.920272735,119.625088531,83.969029775,0.0
259.024393144,238.888479499,83.969029775,0.0
86.2626451699,160.291363485,83.969029775,0.0
103.488464898,359.417421139,83.969029775,0.0
302.116539443,404.966826356,83.969029775,0.0
@ 1210 10 0.601891659501 0.422491385792
128.119183194,340.487456373,84.2560256589,0.0
421.024105291,309.70874531,84.2560256589,0.0
295.634978815,426.98199847,84.2560256589,0.0
289.848563485,168.683142107,84.2560256589,0.0
106.188586718,106.931481627,84.2560256589,0.0
@ 1220 10 0.601891659501 0.425384369158
328.426545297,385.372742797,88.9759930643,0.0
102.289764948,98.2673996566,88.9759930643,0.0
390.474142065,215.182301299,88.9759930643,0.0
203.092784036,256.254222226,88.9759930643,0.0
97.8960892545,421.745641932,88.9759930643,0.0
@ 1230 10 0.601891659501 0.4743788042
393.614707051,405.776516871,87.3013729118,0.0
215.671374647,230.235418732,87.3013729118,0.0
366.162275279,108.238007936,87.3013729118,0.0
95.3987626741,406.359601194,87.3013729118,0.0
87.8841147956,90.8938863749,87.3013729118,0.0
@ 1240 10 0.601891659501 0.456690245224
423.022094397,422.102207214,87.0952095463,0.0
96.4703958026,88.1271383583,87.0952095463,0.0
203.709352895,247.499211415,87.0952095463,0.0
233.041251822,420.715684721,87.0952095463,0.0
413.813039582,155.748358153,87.0952095463,0.0
@ 1250 10 0.601891659501 0.454535831765
261.854528725,253.027925673,84.6139930306,0.0
202.511211069,85.4731404827,84.6139930306,0.0
159.996796488,424.880428329,84.6139930306,0.0
385.317035833,412.89950752,84.6139930306,0.0
425.852074107,206.929641406,84.6139930306,0.0
@ 1260 10 0.601891659501 0.429006595484
207.531890421,166.707382318,79.1379556999,0.0
85.2045922625,275.205946702,79.1379556999,0.0
424.239636119,139.98925444,79.1379556999,0.0
402.760059006,404.97290316,79.1379556999,0.0
223.213810199,417.73226887,79.1379556999,0.0
@ 1270 10 0.601891659501 0.375274662382
85.7529007939,144.896954481,81.4746561867,0.0
87.2425101266,333.037616991,81.4746561867,0.0
421.263886816,224.638363585,81.4746561867,0.0
264.230369802,378.907705082,81.4746561867,0.0
266.013438755,106.672037754,81.4746561867,0.0
@ 1280 10 0.601891659501 0.397763255243
248.993290826,326.42718625,80.5893551437,0.0
332.290915809,98.7742150084,80.5893551437,0.0
104.976120465,398.884311208,80.5893551437,0.0
412.26486904,314.482510295,80.5893551437,0.0
117.642886769,120.424481493,80.5893551437,0.0
@ 1290 10 0.601891659501 0.389166052903
361.660134759,407.396648476,80.7635195602,0.0
194.558910672,427.342018749,80.7635195602,0.0
111.530300638,283.126567594,80.7635195602,0.0
126.550476925,105.717443224,80.7635195602,0.0
366.427609334,196.884165016,80.7635195602,0.0
@ 1300 10 0.601891659501 0.390849950683
258.823287863,214.04762927,90.0280963339,0.0
409.270385446,375.095230164,90.0280963339,0.0
96.8446292725,398.77786447,90.0280963339,0.0
103.734821966,109.462055691,90.0280963339,0.0
416.593137015,121.402958334,90.0280963339,0.0
@ 1310 10 1.18243243243 0.485663787252
320.385814871,193.999115979,88.6944355037,0.0
406.3868054,366.613550175,88.6944355037,0.0
96.2858053149,277.994251096,88.6944355037,0.0
232.547313229,422.910757424,88.6944355037,0.0
94.090875319,91.7790478803,88.6944355037,0.0
@ 1320 10 1.18243243243 0.471381285288
272.777009365,264.038891341,97.4162166539,0.0
414.44724612,411.109515249,97.4162166539,0.0
125.241178714,132.046228173,97.4162166539,0.0
117.474245703,413.470582877,97.4162166539,0.0
397.092291535,107.742537191,97.4162166539,0.0
@ 1330 10 1.18243243243 0.568646153842
232.612674289,242.528730915,93.759764948,0.0
356.721983639,384.989188444,93.759764948,0.0
115.811580828,94.9275678515,93.759764948,0.0
130.724941415,400.744222682,93.759764948,0.0
401.283050628,102.152699327,93.759764948,0.0
@ 1340 10 1.18243243243 0.526759780564
249.495324557,229.110488761,88.1138476501,0.0
396.578990915,102.481581557,88.1138476501,0.0
102.228164881,389.082599054,88.1138476501,0.0
313.99660594,409.559414525,88.1138476501,0.0
89.9327886343,141.089581199,88.1138476501,0.0
@ 1350 10 1.18243243243 0.465230222769
252.717749931,300.81007473,92.475285532,0.0
396.518397295,184.269956225,92.475285532,0.0
101.959910101,408.763869308,92.475285532,0.0
415.511561835,417.737442496,92.475285532,0.0
144.218017581,118.880018395,92.475285532,0.0
@ 1360 10 1.18243243243 0.512425755542
106.287544744,126.242146503,91.9019496126,0.0
377.922171158,411.062832198,91.9019496126,0.0
265.854381389,258.531506656,91.9019496126,0.0
365.287738364,93.5163516175,91.9019496126,0.0
135.010168883,396.146270624,91.9019496126,0.0
@ 1370 10 1.18243243243 0.506091493328
121.813713164,99.3090288029,95.4406193993,0.0
394.893595097,388.183613612,95.4406193993,0.0
244.821289204,256.189130987,95.4406193993,0.0
395.259167179,124.649953995,95.4406193993,0.0
121.188900183,407.209054977,95.4406193993,0.0
@ 1380 10 1.18243243243 0.545815779116
99.3185466064,157.963309295,89.592239921,0.0
388.605911009,392.022619945,89.592239921,0.0
256.899842806,270.371929763,89.592239921,0.0
400.833811082,137.913610174,89.592239921,0.0
93.6326146652,393.528253865,89.592239921,0.0
@ 1390 10 1.18243243243 0.480972645744
154.4837156,108.019463073,95.9443222646,0.0
411.621481723,405.70754808,95.9443222646,0.0
264.871013719,279.574244185,95.9443222646,0.0
413.609674041,138.377882132,95.9443222646,0.0
96.5151576519,403.408030384,95.9443222646,0.0
@ 1400 10 1.18243243243 0.551592239161
105.912405776,105.615503947,105.289457541,0.0
406.293343555,406.35890424,105.289457541,0.0
256.145942818,257.58649872,105.289457541,0.0
405.678333811,106.428932383,105.289457541,0.0
105.910801151,405.645793404,105.289457541,0.0
@ 1410 10 33.3333333333 0.664277227836
105.432668557,107.676775181,105.146539927,0.0
405.555926699,406.832584846,105.146539927,0.0
256.953427138,257.152359616,105.146539927,0.0
404.282002162,105.387385901,105.146539927,0.0
107.156345431,406.075428538,105.146539927,0.0
@ 1420 10 33.3333333333 0.662475100892
105.947530694,105.69655327,105.572049586,0.0
406.400196471,403.87823359,105.572049586,0.0
255.023505761,255.317802496,105.572049586,0.0
406.314775159,106.346634158,105.572049586,0.0
105.785912054,405.708563804,105.572049586,0.0
@ 1430 10 33.3333333333 0.667847791871
106.037599404,105.58641919,105.226543225,0.0
405.315507856,405.005788981,105.226543225,0.0
255.090651191,254.450118223,105.226543225,0.0
406.602772478,105.579213003,105.226543225,0.0
106.576990032,404.822656884,105.226543225,0.0
@ 1440 10 33.3333333333 0.663483604959
106.009781415,107.264680827,104.906481563,0.0
406.490092602,403.271744493,104.906481563,0.0
256.652982324,255.010282292,104.906481563,0.0
405.766302934,105.739476038,104.906481563,0.0
110.246399587,406.167424378,104.906481563,0.0
@ 1450 10 33.3333333333 0.659453581659
105.118742096,106.501179994,104.863817652,0.0
403.883598012,402.891016709,104.863817652,0.0
255.493773972,254.097838388,104.863817652,0.0
405.403401335,106.107006941,104.863817652,0.0
105.213563143,404.246969468,104.863817652,0.0
@ 1460 10 33.3333333333 0.658917310737
108.688904416,105.030491518,105.018333559,0.0
404.958356896,405.6146919,105.018333559,0.0
256.275589029,256.669257291,105.018333559,0.0
406.931010573,106.614766808,105.018333559,0.0
105.176138263,403.624896216,105.018333559,0.0
@ 1470 10 33.3333333333 0.660860559011
106.634267744,105.592470196,105.505347484,0.0
403.873082789,406.128052632,105.505347484,0.0
256.149037048,255.272404971,105.505347484,0.0
406.425339015,106.750473218,105.505347484,0.0
106.485859843,405.254251357,105.505347484,0.0
@ 1480 10 33.3333333333 0.66700414474
105.488113257,110.701405403,105.259440683,0.0
406.119783326,406.170766804,105.259440683,0.0
256.509568397,257.87809676,105.259440683,0.0
405.208565183,106.872694686,105.259440683,0.0
105.288959633,404.483517298,105.259440683,0.0
@ 1490 10 33.3333333333 0.663898525659
105.947752711,106.088039669,105.705811681,0.0
405.482439429,405.041213049,105.705811681,0.0
255.34982047,255.833941204,105.705811681,0.0
406.177585475,106.925878495,105.705811681,0.0
106.018867812,405.813264988,105.705811681,0.0
@ 1500 10 33.3333333333 0.669541219509
