10 5 0.0873362445415 0.267897230612 0.0487328336868 38.447735927 2 0.1 0.44345 0.418181818182 58.6342380775 0 0.29085890265
20 5 0.0873362445415 0.162428559838 0.0602275131872 9.23352896696 2 0.1 0.38836 0.408637873754 96.706823084 0 0.3578190041
30 5 0.0873362445415 0.287836826404 0.0587640934259 5.66751284181 2 0.1 0.42044 0.343339587242 54.5724124194 0 0.3578190041
40 5 0.0873362445415 0.316112914842 0.0793392623078 10.5015428777 2 0.1 0.41704 0.429078014184 49.6909466918 0 0.384913166402
50 5 0.0873362445415 0.186108335618 0.0446313494003 6.73188092136 2 0.1 0.36269 0.378048780488 84.4021840711 0 0.384913166402
60 5 0.0873362445415 0.271957446118 0.0596897784991 13.8223302848 2 0.1 0.42209 0.416812609457 57.758852439 0 0.384913166402
70 5 0.0873362445415 0.244356777339 0.0293781991542 19.9272745547 2 0.1 0.36456 0.362542955326 64.2828497375 0 0.384913166402
80 5 0.0873362445415 0.318153070024 0.0534368975461 10.8183263214 2 0.1 0.40917 0.425081433225 49.3723037116 0 0.384913166402
90 5 0.0873362445415 0.215422902699 0.0635632184987 9.9750755054 2 0.1 0.34728 0.360225140713 72.9168059812 0 0.384913166402
100 5 0.0873362445415 0.152336887292 0.0674225624802 44.8970705887 2 0.1 0.42249 0.404255319149 103.113239868 0 0.384913166402
110 5 0.0940354648039 0.273580470343 0.0562216564867 4.30523237773 2 0.1 0.39977 0.359430604982 57.41619634 0 0.384913166402
120 5 0.0940354648039 0.173048393359 0.0453809755529 19.7307890189 2 0.1 0.4307 0.384105960265 90.7720071542 0 0.384913166402
130 5 0.0940354648039 0.240652319254 0.0637785691017 21.5630955214 2 0.1 0.39277 0.466666666667 65.2723815366 0 0.412575263914
140 5 0.0940354648039 0.180336635941 0.0279096323497 21.0394924659 2 0.1 0.43654 0.364705882353 87.1034879742 0 0.412575263914
150 5 0.0940354648039 0.156624738888 0.0468126581766 18.8728307639 2 0.1 0.38186 0.416666666667 100.290350755 0 0.412575263914
160 5 0.0940354648039 0.265208115134 0.0582214188912 13.2218329112 2 0.1 0.42937 0.347471451876 59.2287682903 0 0.412575263914
170 5 0.0940354648039 0.147171361483 0.0463853623087 32.7771197008 2 0.1 0.4236 0.436392914654 106.732382182 0 0.412575263914
180 5 0.0940354648039 0.29505563023 0.0378572920483 14.5243937884 2 0.1 0.36883 0.39965095986 53.2372488122 0 0.412575263914
190 5 0.0940354648039 0.191278603214 0.0531817132681 20.4883229971 2 0.1 0.45067 0.464012251149 82.1207899683 0 0.412575263914
200 5 0.0940354648039 0.171997054521 0.054890686663 24.7565389171 2 0.1 0.3818 0.392 91.3268546587 0 0.412575263914
210 5 0.101847810272 0.138396015254 0.0486069574973 8.89208745731 2 0.1 0.34613 0.350458715596 113.500016393 0 0.412575263914
220 5 0.101847810272 0.265612948609 0.0509301958549 23.579089219 2 0.1 0.40971 0.41054313099 59.1384948749 0 0.412575263914
230 5 0.101847810272 0.157519870612 0.0439709306928 29.6324408533 2 0.1 0.4136 0.415435139573 99.7204348824 0 0.412575263914
240 5 0.101847810272 0.197298954409 0.0290170552869 15.7592965367 2 0.1 0.32836 0.306451612903 79.6149682956 0 0.412575263914
250 5 0.101847810272 0.178480679478 0.0480374768041 12.9258144669 2 0.1 0.41048 0.428802588997 88.0092458521 0 0.412575263914
260 5 0.101847810272 0.303487681415 0.0406264084229 13.2853430891 2 0.1 0.35649 0.371666666667 51.7581139595 0 0.412575263914
270 5 0.101847810272 0.186941133081 0.0353425109929 12.4146190653 2 0.1 0.37818 0.348184818482 84.0261837572 0 0.412575263914
280 5 0.101847810272 0.236748688521 0.0451863019524 12.5318818409 2 0.1 0.40737 0.408940397351 66.3486251947 0 0.412575263914
290 5 0.101847810272 0.158488914283 0.0562541147496 27.2144922806 2 0.1 0.39345 0.373590982287 99.1107174343 0 0.412575263914
300 5 0.101847810272 0.261931178245 0.0449738807619 14.3916352305 2 0.1 0.42765 0.443365695793 59.9697603977 0 0.412575263914
310 5 0.111075848937 0.318410796071 0.0540868809978 6.32416526803 2 0.1 0.43317 0.461538461538 49.3323410947 0 0.412575263914
320 5 0.111075848937 0.224567429692 0.0389098168309 23.4484229875 2 0.1 0.35602 0.340869565217 69.9475877759 0 0.412575263914
330 5 0.111075848937 0.223693293613 0.0428127147184 12.979263004 2 0.1 0.4157 0.398104265403 70.2209250278 0 0.412575263914
340 5 0.111075848937 0.341280314539 0.0484542837308 6.80582381267 2 0.1 0.41304 0.459041731066 46.0265339981 0 0.412575263914
350 5 0.111075848937 0.196553333505 0.0403589664232 11.8606448311 2 0.1 0.37538 0.408517350158 79.91698599 0 0.412575263914
360 5 0.111075848937 0.239881843982 0.0442107203777 11.3726459779 2 0.1 0.41219 0.416118421053 65.4820295661 0 0.412575263914
370 5 0.111075848937 0.133817233464 0.0497180824987 30.1344971436 2 0.1 0.3428 0.344537815126 117.383610417 0 0.412575263914
380 5 0.111075848937 0.15757949361 0.0470454360804 22.4958142025 2 0.1 0.37417 0.3772070626 99.682703886 0 0.412575263914
390 5 0.111075848937 0.339995203207 0.0473701854566 17.3520143989 2 0.1 0.4024 0.393687707641 46.2005047478 0 0.412575263914
400 5 0.111075848937 0.254386699886 0.0635050841242 18.7944529912 2 0.1 0.38643 0.416539050536 61.7483146999 0 0.412575263914
410 5 0.122142732507 0.186718678548 0.0557531875043 20.3028094415 2 0.1 0.38153 0.357723577236 84.1262916071 0 0.412575263914
420 5 0.122142732507 0.199839800209 0.0438540146356 23.2451300986 2 0.1 0.4521 0.444084278768 78.602710689 0 0.412575263914
430 5 0.122142732507 0.194792000388 0.071181142093 15.4313489954 2 0.1 0.39546 0.37417218543 80.6396051618 0 0.412575263914
440 5 0.122142732507 0.208488785518 0.0481001707979 14.8349734779 2 0.1 0.43804 0.391233766234 75.3419420666 0 0.412575263914
450 5 0.122142732507 0.268547487715 0.037543061081 22.3055218001 2 0.1 0.39198 0.401898734177 58.4922619596 0 0.412575263914
460 5 0.122142732507 0.294523840622 0.0493467586349 13.610182072 2 0.1 0.41546 0.347402597403 53.3333735117 0 0.412575263914
470 5 0.122142732507 0.300975431903 0.0581943608412 7.85411874523 2 0.1 0.40118 0.468899521531 52.1901402407 0 0.412575263914
480 5 0.122142732507 0.284425146117 0.0391617738735 8.22820232198 2 0.1 0.37189 0.389632107023 55.2270086329 0 0.412575263914
490 5 0.122142732507 0.217142927619 0.0342064749421 15.4096054007 2 0.1 0.42084 0.471264367816 72.3392199426 0 0.412575263914
500 5 0.122142732507 0.225342874603 0.0361512256421 11.716982753 2 0.1 0.36844 0.40350877193 69.7068856856 0 0.412575263914
510 5 0.135658914729 0.251691647774 0.0530433290431 17.9541008984 2 0.1 0.32322 0.333884297521 62.40950043 0 0.412575263914
520 5 0.135658914729 0.222539415374 0.0656777228541 24.2900320019 2 0.1 0.40961 0.422893481717 70.5850241117 0 0.412575263914
530 5 0.135658914729 0.306702987025 0.0523595598495 11.5970978556 2 0.1 0.3557 0.360068259386 51.2155103292 0 0.412575263914
540 5 0.135658914729 0.215584680605 0.0681898401462 26.5850560816 2 0.1 0.43493 0.461920529801 72.8620881405 0 0.412575263914
550 5 0.135658914729 0.282119924752 0.0443633084971 9.88984412956 2 0.1 0.3774 0.358333333333 55.6782723299 0 0.412575263914
560 5 0.135658914729 0.264041166585 0.0663597820929 13.3118156324 2 0.1 0.38521 0.391575663027 59.490534007 0 0.420411044923
570 5 0.135658914729 0.303336345392 0.0595188826929 15.1937274223 2 0.1 0.40569 0.461658841941 51.783936342 0 0.420411044923
580 5 0.135658914729 0.199520179873 0.0517772496005 11.7990639558 2 0.1 0.41418 0.413680781759 78.7286279011 0 0.420411044923
590 5 0.135658914729 0.211639801646 0.0413964188472 19.4659042461 2 0.1 0.37556 0.431893687708 74.220207531 0 0.420411044923
600 5 0.135658914729 0.330313964229 0.0461296583832 15.5975816343 2 0.1 0.41106 0.33607907743 47.5546047127 0 0.420411044923
610 5 0.152538679451 0.217985985803 0.0537488927434 21.4838815403 2 0.1 0.38993 0.362041467305 72.0594488776 0 0.420411044923
620 5 0.152538679451 0.286211801244 0.0409333297977 16.5763485923 2 0.1 0.43551 0.40332326284 54.8822582847 0 0.420411044923
630 5 0.152538679451 0.337189812961 0.0583419662572 12.3158784785 2 0.1 0.33398 0.305511811024 46.5848889742 0 0.45753372525
640 5 0.152538679451 0.243768612861 0.0349154522736 11.8032411865 2 0.1 0.40493 0.410094637224 64.4379512836 0 0.45753372525
650 5 0.152538679451 0.219147626544 0.0551804600863 20.3470928941 2 0.1 0.40744 0.409917355372 71.6774817402 0 0.45753372525
660 5 0.152538679451 0.256758206128 0.0476150558514 8.36460038489 2 0.1 0.38486 0.393162393162 61.1779862341 0 0.45753372525
670 5 0.152538679451 0.168051051548 0.0645248392331 24.3026501408 2 0.1 0.39345 0.396468699839 93.4712984852 0 0.45753372525
680 5 0.152538679451 0.190884874995 0.0406087528882 9.62148273395 2 0.1 0.44187 0.432137285491 82.2901762145 0 0.45753372525
690 5 0.152538679451 0.333011657421 0.0466291617406 11.7451254953 2 0.1 0.41407 0.404458598726 47.1693697501 0 0.45753372525
700 5 0.152538679451 0.287535296314 0.0475197899925 9.20803276307 2 0.1 0.35159 0.344887348354 54.6296409567 0 0.45753372525
710 5 0.174216027875 0.361514287415 0.0433557129717 0.951201957214 2 0.1 0.36867 0.413183279743 43.4504265719 0 0.45753372525
720 5 0.174216027875 0.206691892667 0.0682475873473 16.4896126138 2 0.1 0.41956 0.376532399299 75.9969333936 0 0.45753372525
730 5 0.174216027875 0.319376440041 0.0480289229957 10.4128054023 2 0.1 0.36053 0.394480519481 49.1831833243 0 0.45753372525
740 5 0.174216027875 0.345875426036 0.0537225719646 9.5917177565 2 0.1 0.38979 0.421221864952 45.4150506731 0 0.45753372525
750 5 0.174216027875 0.324126065715 0.0407592797694 12.4826841638 2 0.1 0.41237 0.370786516854 48.4624708147 0 0.45753372525
760 5 0.174216027875 0.258805925171 0.0386292144831 14.7455352918 2 0.1 0.39766 0.401263823065 60.6939350002 0 0.45753372525
770 5 0.174216027875 0.393422020894 0.0561666427035 8.19585805089 2 0.1 0.40434 0.357859531773 39.9264636085 0 0.45753372525
780 5 0.174216027875 0.237816787545 0.0378325437124 26.0970154938 2 0.1 0.40853 0.441412520064 66.0506357105 0 0.45753372525
790 5 0.174216027875 0.282645003468 0.0642810228489 15.182749941 2 0.1 0.36843 0.406542056075 55.5748370121 0 0.45753372525
800 5 0.174216027875 0.306283029324 0.0503991524135 6.64635736198 2 0.1 0.39877 0.359872611465 51.285734096 0 0.45753372525
810 5 0.203075137801 0.333938300137 0.0206519571718 6.40972089435 2 0.1 0.38251 0.386942675159 47.0384798436 0 0.45753372525
820 5 0.203075137801 0.240482165603 0.065118257916 13.9660621692 2 0.1 0.4046 0.375 65.3185651443 0 0.457808710989
830 5 0.203075137801 0.336221255312 0.0373204540887 4.60831991277 2 0.1 0.38652 0.454113924051 46.7190867675 0 0.457808710989
840 5 0.203075137801 0.314653521528 0.0374089864018 12.43331982 2 0.1 0.41749 0.43961352657 49.9214180847 0 0.457808710989
850 5 0.203075137801 0.211260988804 0.0554062484559 14.0290965374 2 0.1 0.39609 0.389718076285 74.3532920531 0 0.457808710989
860 5 0.203075137801 0.274113279858 0.0411115648222 9.27714766371 2 0.1 0.42888 0.447530864198 57.3045932256 0 0.457808710989
870 5 0.203075137801 0.365432254755 0.051742014001 8.75111873145 2 0.1 0.4089 0.422330097087 42.9845745568 0 0.457808710989
880 5 0.203075137801 0.247126933299 0.061433527658 8.84197927965 2 0.1 0.35237 0.366013071895 63.5622746185 0 0.457808710989
890 5 0.203075137801 0.279713760703 0.0431150882243 8.06927568234 2 0.1 0.38721 0.3875 56.1572300215 0 0.457808710989
900 5 0.203075137801 0.347963924868 0.0386919207554 7.2327810493 2 0.1 0.4302 0.414976599064 45.1424670129 0 0.457808710989
910 5 0.243393602225 0.314706848597 0.0466215457858 14.488381655 2 0.1 0.36597 0.362745098039 49.9129589014 0 0.457808710989
920 5 0.243393602225 0.435520668606 0.0540368414697 12.28526457 2 0.1 0.43158 0.405186385737 36.0670598029 0 0.457808710989
930 5 0.243393602225 0.378787803806 0.0425967277122 9.53925863979 2 0.1 0.40445 0.343185550082 41.4689962089 0 0.457808710989
940 5 0.243393602225 0.307673144383 0.0369139308516 9.60243222082 2 0.1 0.39849 0.433006535948 51.0540171828 0 0.457808710989
950 5 0.243393602225 0.305698159428 0.0379772223993 10.648614966 2 0.1 0.44445 0.41307814992 51.3838553342 0 0.457808710989
960 5 0.243393602225 0.421659821658 0.0748631961 5.75526016874 2 0.1 0.40794 0.392 37.2526600667 0 0.457808710989
970 5 0.243393602225 0.347251896463 0.0406827869761 11.8815368383 2 0.1 0.31282 0.330112721417 45.2350301322 0 0.457808710989
980 5 0.243393602225 0.385827976511 0.0598966425484 11.3455500204 2 0.1 0.36899 0.38125 40.7123147006 0 0.457808710989
990 5 0.243393602225 0.289646015668 0.0536091905359 16.9329217541 2 0.1 0.41362 0.477491961415 54.2315417797 0 0.457808710989
1000 5 0.243393602225 0.290616235364 0.0291756287505 10.7797743988 2 0.1 0.39559 0.4336 54.0504902637 0 0.457808710989
1010 5 0.303687635575 0.24122768762 0.0694690621569 9.08198101331 2 0.1 0.44335 0.36569579288 65.1166959936 0 0.489431607934
1020 5 0.303687635575 0.318010943516 0.0398837809162 9.44442811274 2 0.1 0.40206 0.396411092985 49.3943693457 0 0.489431607934
1030 5 0.303687635575 0.355620020018 0.0392007814583 10.9463917611 2 0.1 0.36258 0.445820433437 44.1706009667 0 0.489431607934
1040 5 0.303687635575 0.260516574233 0.0538431871636 14.4090905304 2 0.1 0.37594 0.380152671756 60.2953959694 0 0.489431607934
1050 5 0.303687635575 0.331758894279 0.00670912927459 5.31944765743 2 0.1 0.42231 0.425324675325 47.3474871989 0 0.489431607934
1060 5 0.303687635575 0.326062798139 0.0365624790977 6.25436127685 2 0.1 0.41267 0.418985270049 48.1746157172 0 0.489431607934
1070 5 0.303687635575 0.402830280234 0.0487617184825 8.40806451803 2 0.1 0.39868 0.419773095624 38.9939653764 0 0.489431607934
1080 5 0.303687635575 0.341313125137 0.0465297459434 8.42078536041 2 0.1 0.39419 0.359805510535 46.0221094448 0 0.489431607934
1090 5 0.303687635575 0.355222393887 0.044011739551 4.77923494342 2 0.1 0.42183 0.401960784314 44.2200443167 0 0.489431607934
1100 5 0.303687635575 0.418870934437 0.0582171348546 7.79874539268 2 0.1 0.4266 0.357504215852 37.5006922386 0 0.489431607934
1110 5 0.40369088812 0.29339046095 0.0410583543107 5.52854432462 2 0.1 0.38611 0.371633752244 53.5394025733 0 0.489431607934
1120 5 0.40369088812 0.348972428118 0.0434165102748 7.97756089824 2 0.1 0.40658 0.379661016949 45.0120087846 0 0.489431607934
1130 5 0.40369088812 0.43496121248 0.0418812979125 7.85844882545 2 0.1 0.33315 0.347352024922 36.1134500027 0 0.489431607934
1140 5 0.40369088812 0.30482586448 0.0453550692686 14.5772051735 2 0.1 0.40306 0.402173913043 51.5308962604 0 0.489431607934
1150 5 0.40369088812 0.34162850821 0.0441295332869 15.8460841552 2 0.1 0.37352 0.438080495356 45.9796229604 0 0.489431607934
1160 5 0.40369088812 0.401420313529 0.0375581235015 13.8535967055 2 0.1 0.41256 0.38351822504 39.1309295285 0 0.489431607934
1170 5 0.40369088812 0.380337109218 0.0429625802087 12.2359769538 2 0.1 0.36026 0.417207792208 41.3000720132 0 0.489431607934
1180 5 0.40369088812 0.347879601031 0.0310454782944 8.173736996 2 0.1 0.41497 0.388349514563 45.1534092642 0 0.489431607934
1190 5 0.40369088812 0.357285230637 0.0610614048476 11.8614233422 2 0.1 0.3712 0.372053872054 43.9647336443 0 0.508213522445
1200 5 0.40369088812 0.425431677411 0.0371692909788 7.55211854355 2 0.1 0.42317 0.452229299363 36.9223798651 0 0.508213522445
1210 5 0.601891659501 0.391820515869 0.0419158408003 8.13960332406 2 0.1 0.37055 0.346760070053 40.0896567786 0 0.508213522445
1220 5 0.601891659501 0.402675588987 0.0397803484541 3.27948049762 2 0.1 0.39819 0.372131147541 39.0089452393 0 0.508213522445
1230 5 0.601891659501 0.414557411953 0.0450803187286 17.8743316411 2 0.1 0.42006 0.362760834671 37.8908917006 0 0.508213522445
1240 5 0.601891659501 0.455299646674 0.0420298286085 10.1601452967 2 0.1 0.37177 0.407012195122 34.5002464086 0 0.527362724899
1250 5 0.601891659501 0.483126415072 0.0577314901453 7.38759627607 2 0.1 0.3758 0.342019543974 32.5131259852 0 0.55752716897
1260 5 0.601891659501 0.402227491497 0.050096678409 10.792039673 2 0.1 0.43913 0.444078947368 39.0524027623 0 0.55752716897
1270 5 0.601891659501 0.39936435208 0.0328155287299 7.94615443923 2 0.1 0.39287 0.355095541401 39.332378862 0 0.55752716897
1280 5 0.601891659501 0.463792250284 0.0365444547493 9.54463023916 2 0.1 0.41996 0.390205371248 33.8685046815 0 0.55752716897
1290 5 0.601891659501 0.383932914234 0.0288813302194 4.28795494914 2 0.1 0.42951 0.445686900958 40.9132674424 0 0.55752716897
1300 5 0.601891659501 0.45709205608 0.0615648964428 11.7609913492 2 0.1 0.38263 0.363636363636 34.364959511 0 0.55752716897
1310 5 1.18243243243 0.500454603448 0.0403452365225 2.17657606954 2 0.1 0.35835 0.337979094077 31.3873623937 10 0.596870381258
1320 5 1.18243243243 0.523301166042 0.0374359368677 0.12528438008 2 0.1 0.354 0.342512908778 30.0170361148 10 0.596870381258
1330 5 1.18243243243 0.548776702432 0.0241618567747 0.167835646702 2 0.1 0.36616 0.326923076923 28.623572995 10 0.596870381258
1340 5 1.18243243243 0.520573981836 0.0184023483833 0.300396197467 2 0.1 0.42383 0.3753894081 30.1742894345 10 0.596870381258
1350 5 1.18243243243 0.448515255338 0.0362157115694 6.02756781754 2 0.1 0.41053 0.4288 35.0221086419 10 0.596870381258
1360 5 1.18243243243 0.539093170431 0.0378804692465 6.97008496305 2 0.1 0.39297 0.429951690821 29.1377276908 10 0.596870381258
1370 5 1.18243243243 0.459254794961 0.0435839069317 4.46727281971 2 0.1 0.43688 0.385620915033 34.2031268315 10 0.596870381258
1380 5 1.18243243243 0.532339946513 0.0138270081311 0.0919826175731 2 0.1 0.3941 0.3856 29.5073666797 10 0.596870381258
1390 5 1.18243243243 0.515377591955 0.0293373842894 4.03822546259 2 0.1 0.39929 0.400921658986 30.478527288 10 0.596870381258
1400 5 1.18243243243 0.468403520636 0.0461728595426 0.218472569562 2 0.1 0.4416 0.389671361502 33.5350809889 10 0.596870381258
1410 5 33.3333333333 0.660424891634 0.0374833062094 0.126403884876 2 0.1 0.62057 0.498245614035 23.7846122988 260 0.669733274574
1420 5 33.3333333333 0.663785948145 0.00461928596008 0.00177918236657 2 0.1 0.39035 0.323825503356 23.6641797614 260 0.669733274574
1430 5 33.3333333333 0.666762927846 0.00227691447441 0.000443904130201 2 0.1 0.35355 0.278846153846 23.5585233431 260 0.669733274574
1440 5 33.3333333333 0.666338675991 0.00271927334637 0.000248790301326 2 0.1 0.4357 0.304777594728 23.5735228435 260 0.669733274574
1450 5 33.3333333333 0.661727307409 0.00386680897987 0.000423414579036 2 0.1 0.46825 0.39173553719 23.7377992779 260 0.669733274574
1460 5 33.3333333333 0.656969458011 0.00314770498819 0.000397724608873 2 0.1 0.35019 0.350547730829 23.9097111874 260 0.670051006584
1470 5 33.3333333333 0.664089900554 0.00217695791105 0.000482615009739 2 0.1 0.41746 0.428109854604 23.6533487211 260 0.670051006584
1480 5 33.3333333333 0.664047871777 0.00173286633302 0.000302990492166 2 0.1 0.40129 0.414355628059 23.6548457839 260 0.670051006584
1490 5 33.3333333333 0.662557680725 0.00293757511844 0.000366146713415 2 0.1 0.37398 0.403361344538 23.7080490605 260 0.670051006584
1500 5 33.3333333333 0.659660756464 0.00254235548907 0.00153604339195 2 0.1 0.3931 0.371134020619 23.8121638222 260 0.670051006584
