10 5 0.0873362445415 0.16436822411 0.0620732466884 50.8828283851 1 0.1 0.43278 0.405451448041 95.5656124231 0 0.357054617777
20 5 0.0873362445415 0.33461708262 0.0804045430699 6.2974760928 1 0.1 0.3861 0.375680580762 46.9430606382 0 0.376880875668
30 5 0.0873362445415 0.166659800933 0.0518760400742 25.0426126359 1 0.1 0.40618 0.394693200663 94.2515826378 0 0.376880875668
40 5 0.0873362445415 0.393811807369 0.0795053924113 12.4026800534 1 0.1 0.39994 0.430194805195 39.8869452517 0 0.393811807369
50 5 0.0873362445415 0.253815941607 0.052724784574 13.7157597728 1 0.1 0.38669 0.349040139616 61.887168712 0 0.393811807369
60 5 0.0873362445415 0.18612015653 0.0375207991288 18.0553130755 1 0.1 0.48699 0.515397082658 84.3968234974 0 0.393811807369
70 5 0.0873362445415 0.188233270619 0.046266437026 23.647168817 1 0.1 0.42547 0.4144 83.449381442 0 0.393811807369
80 5 0.0873362445415 0.217395652997 0.038146455634 20.7466397132 1 0.1 0.4086 0.407467532468 72.2551246238 0 0.393811807369
90 5 0.0873362445415 0.209506027114 0.0328326473532 11.1826297679 1 0.1 0.39563 0.391231028668 74.9761246316 0 0.393811807369
100 5 0.0873362445415 0.385567263161 0.072657379568 12.5265141423 1 0.1 0.41497 0.373927958834 40.7398436039 0 0.393811807369
110 5 0.0940354648039 0.250909595674 0.039065718063 12.710780583 1 0.1 0.41359 0.37037037037 62.6040226074 0 0.393811807369
120 5 0.0940354648039 0.287326803807 0.0383651124815 7.20021348035 1 0.1 0.36657 0.399323181049 54.669281779 0 0.393811807369
130 5 0.0940354648039 0.297866292372 0.0585864088384 9.74041188037 1 0.1 0.39783 0.435980551053 52.7349028818 0 0.393811807369
140 5 0.0940354648039 0.323546073479 0.0442917992948 15.8679787108 1 0.1 0.41227 0.376936316695 48.5493451709 0 0.393811807369
150 5 0.0940354648039 0.198624195709 0.0442820774007 6.48280162781 1 0.1 0.37728 0.365573770492 79.0837689432 0 0.393811807369
160 5 0.0940354648039 0.28275587139 0.040650836068 23.262120613 1 0.1 0.4334 0.460030165913 55.5530462473 0 0.393811807369
170 5 0.0940354648039 0.225849342945 0.0638366778199 18.9027146409 1 0.1 0.37829 0.387434554974 69.5505676271 0 0.393811807369
180 5 0.0940354648039 0.21855825031 0.0436534622132 19.7184539568 1 0.1 0.43606 0.417197452229 71.8707711912 0 0.393811807369
190 5 0.0940354648039 0.23312185646 0.0479140852629 23.3951461841 1 0.1 0.41447 0.447665056361 67.3808549681 0 0.393811807369
200 5 0.0940354648039 0.266602347845 0.0437982829772 5.86352181442 1 0.1 0.38452 0.428797468354 58.9190235082 0 0.393811807369
210 5 0.101847810272 0.245886450724 0.0498446919068 15.5217611671 1 0.1 0.4541 0.432119205298 63.8829425278 0 0.397612054681
220 5 0.101847810272 0.17599768872 0.06464391448 19.9603152964 1 0.1 0.3833 0.373263888889 89.2508879763 0 0.397612054681
230 5 0.101847810272 0.287837532225 0.0582790900606 14.1239588391 1 0.1 0.44525 0.364705882353 54.5722785996 0 0.397612054681
240 5 0.101847810272 0.285978032101 0.0540458800186 5.84093524321 1 0.1 0.39476 0.418940609952 54.927121096 0 0.397612054681
250 5 0.101847810272 0.186833481896 0.0666710222441 15.1051675064 1 0.1 0.46055 0.39082278481 84.0745986242 0 0.397612054681
260 5 0.101847810272 0.17976329902 0.0662731250643 17.227136111 1 0.1 0.42451 0.363779527559 87.3812957686 0 0.397612054681
270 5 0.101847810272 0.185431131679 0.0570732325383 19.1828929315 1 0.1 0.37688 0.434294871795 84.7104251468 0 0.397612054681
280 5 0.101847810272 0.209031122891 0.0505825180861 15.3887050806 1 0.1 0.4541 0.447115384615 75.1464651902 0 0.397612054681
290 5 0.101847810272 0.202640174837 0.0523265982432 24.4018698238 1 0.1 0.38991 0.372881355932 77.5164648995 0 0.397612054681
300 5 0.101847810272 0.29486537223 0.0468896425565 17.5305281028 1 0.1 0.42032 0.451410658307 53.2715994462 0 0.397612054681
310 5 0.111075848937 0.319234725916 0.0607246759488 14.4692850484 1 0.1 0.4316 0.481418918919 49.2050166376 0 0.397612054681
320 5 0.111075848937 0.234633899607 0.0364588985182 17.2288515234 1 0.1 0.39809 0.400966183575 66.9466348482 0 0.397612054681
330 5 0.111075848937 0.259582256761 0.0428959181362 12.8112539798 1 0.1 0.41804 0.344481605351 60.5124178978 0 0.397612054681
340 5 0.111075848937 0.279366994216 0.0662465127774 9.24314251424 1 0.1 0.36777 0.384359400998 56.2269356266 0 0.397612054681
350 5 0.111075848937 0.244522933635 0.0535385656813 19.2092205743 1 0.1 0.40648 0.379032258065 64.2391687621 0 0.397612054681
360 5 0.111075848937 0.199790556078 0.0570008926337 21.3763270477 1 0.1 0.364 0.405271828666 78.6220845886 0 0.397612054681
370 5 0.111075848937 0.29238511223 0.0482116807269 19.7387412854 1 0.1 0.43851 0.405198776758 53.7234946069 0 0.397612054681
380 5 0.111075848937 0.29640054725 0.0410547897153 14.4846926605 1 0.1 0.41908 0.447004608295 52.9956848789 0 0.397612054681
390 5 0.111075848937 0.240106868233 0.0333444733064 10.8668104233 1 0.1 0.38226 0.375215146299 65.4206608732 0 0.397612054681
400 5 0.111075848937 0.239726173424 0.0575236606553 24.5835043048 1 0.1 0.40245 0.405405405405 65.5245515149 0 0.397612054681
410 5 0.122142732507 0.219915128329 0.0335135191131 14.7710178368 1 0.1 0.41137 0.408403361345 71.427327985 0 0.435109185874
420 5 0.122142732507 0.308061963132 0.0503211448304 6.36324371043 1 0.1 0.34997 0.324278438031 50.9895796297 0 0.435109185874
430 5 0.122142732507 0.212377849908 0.0614662997736 10.2223514968 1 0.1 0.36706 0.338842975207 73.9622799967 0 0.435109185874
440 5 0.122142732507 0.229919488635 0.0476100983747 16.9632839987 1 0.1 0.45106 0.448946515397 68.3193499309 0 0.435109185874
450 5 0.122142732507 0.187580137436 0.0518752519895 20.8295325987 1 0.1 0.4035 0.390651085142 83.7399429103 0 0.435109185874
460 5 0.122142732507 0.177212958112 0.0550092147154 28.925262772 1 0.1 0.36058 0.37181663837 88.638834131 0 0.435109185874
470 5 0.122142732507 0.238608216981 0.0450562077704 25.8676476296 1 0.1 0.39716 0.418789808917 65.8315551691 0 0.435109185874
480 5 0.122142732507 0.200296079051 0.0499595370937 25.3185440668 1 0.1 0.44035 0.388429752066 78.4236519977 0 0.435109185874
490 5 0.122142732507 0.228592603861 0.0493723001727 12.8351806186 1 0.1 0.39423 0.426771653543 68.7159152776 0 0.435109185874
500 5 0.122142732507 0.211318455969 0.0710608691311 19.4839707282 1 0.1 0.4238 0.419627749577 74.3330719883 0 0.435109185874
510 5 0.135658914729 0.20063747281 0.0487947077213 17.1280894621 1 0.1 0.43921 0.369458128079 78.2902105972 0 0.435109185874
520 5 0.135658914729 0.253804448686 0.0383912843927 20.5448981066 1 0.1 0.41903 0.446372239748 61.8899711228 0 0.435109185874
530 5 0.135658914729 0.266556902217 0.0385076450547 25.8065158045 1 0.1 0.37114 0.389525368249 58.929068688 0 0.435109185874
540 5 0.135658914729 0.301276306091 0.0525460616486 14.3196178456 1 0.1 0.41005 0.380258899676 52.1380197594 0 0.435109185874
550 5 0.135658914729 0.269072946204 0.048858131129 12.8553028784 1 0.1 0.36582 0.41204437401 58.3780354793 0 0.435109185874
560 5 0.135658914729 0.265428726201 0.053861022512 9.38603108203 1 0.1 0.39906 0.417832167832 59.1795403038 0 0.435109185874
570 5 0.135658914729 0.167054430652 0.0532724180122 23.2223202676 1 0.1 0.4288 0.370731707317 94.0289337952 0 0.435109185874
580 5 0.135658914729 0.237531334661 0.0572322485294 16.0041074856 1 0.1 0.39317 0.387559808612 66.1300119515 0 0.435109185874
590 5 0.135658914729 0.236928540812 0.0534294162128 21.861782453 1 0.1 0.4497 0.45652173913 66.2982599993 0 0.435109185874
600 5 0.135658914729 0.191096213619 0.0528847825894 28.2674374225 1 0.1 0.40512 0.421974522293 82.199169217 0 0.435109185874
610 5 0.152538679451 0.217033972847 0.06124454471 14.4627993417 1 0.1 0.38701 0.369384359401 72.3755354699 0 0.435109185874
620 5 0.152538679451 0.273531398208 0.0468282164712 13.0096748791 1 0.1 0.45363 0.449165402124 57.4264969321 0 0.435109185874
630 5 0.152538679451 0.217205658966 0.034599229108 19.4309830262 1 0.1 0.39073 0.375786163522 72.3183275921 0 0.435109185874
640 5 0.152538679451 0.260505840403 0.0770718649405 9.69751376756 1 0.1 0.43306 0.404088050314 60.2978803687 0 0.468863264335
650 5 0.152538679451 0.30278413554 0.0484161473364 15.7028737387 1 0.1 0.36282 0.361563517915 51.8783785419 0 0.468863264335
660 5 0.152538679451 0.126592325226 0.0710595418788 55.0976305011 1 0.1 0.43793 0.462382445141 124.082956624 0 0.468863264335
670 5 0.152538679451 0.22784182394 0.0404886014136 27.175531191 1 0.1 0.41942 0.44776119403 68.9423466172 0 0.468863264335
680 5 0.152538679451 0.264072442044 0.0703305447461 13.5108701933 1 0.1 0.34497 0.324546952224 59.4834882368 0 0.468863264335
690 5 0.152538679451 0.327796165617 0.0363225569374 9.56657778035 1 0.1 0.40319 0.392491467577 47.9198710896 0 0.468863264335
700 5 0.152538679451 0.369427031807 0.0676561264336 7.19739593277 1 0.1 0.37069 0.44233807267 42.5197634379 0 0.468863264335
710 5 0.174216027875 0.340150910303 0.045813446915 7.0152567043 1 0.1 0.40813 0.36877076412 46.1793560571 0 0.468863264335
720 5 0.174216027875 0.208702325245 0.0509748434607 11.4634382171 1 0.1 0.39571 0.417721518987 75.264853813 0 0.468863264335
730 5 0.174216027875 0.264178957814 0.0434770741802 12.2673958497 1 0.1 0.42752 0.386138613861 59.4595047614 0 0.468863264335
740 5 0.174216027875 0.227221458608 0.0540018414516 10.9906756625 1 0.1 0.41601 0.426791277259 69.130574622 0 0.468863264335
750 5 0.174216027875 0.245121828527 0.0505360823093 12.9461967156 1 0.1 0.34029 0.392248062016 64.0822161551 0 0.468863264335
760 5 0.174216027875 0.316736957799 0.0251540447027 7.63414567886 1 0.1 0.40441 0.44170771757 49.5930443645 0 0.468863264335
770 5 0.174216027875 0.253032677657 0.055500847523 16.3950458575 1 0.1 0.36785 0.444816053512 62.0787407597 0 0.468863264335
780 5 0.174216027875 0.290749905116 0.0426436917791 11.6888696858 1 0.1 0.40882 0.342062193126 54.0256410187 0 0.468863264335
790 5 0.174216027875 0.264639998998 0.0354347344762 12.4989595401 1 0.1 0.36211 0.355661881978 59.3559176974 0 0.468863264335
800 5 0.174216027875 0.364443008676 0.054785286439 6.35478734179 1 0.1 0.37851 0.391849529781 43.1012521192 0 0.468863264335
810 5 0.203075137801 0.322533448383 0.041377540777 7.01959841159 1 0.1 0.3655 0.344715447154 48.7017705566 0 0.468863264335
820 5 0.203075137801 0.252531515423 0.0618056009532 8.24505535729 1 0.1 0.39076 0.389525368249 62.2019393251 0 0.468863264335
830 5 0.203075137801 0.233549678467 0.0544926610243 14.2209102974 1 0.1 0.48378 0.472178060413 67.2574250717 0 0.468863264335
840 5 0.203075137801 0.327417606157 0.0333149137972 10.8686951493 1 0.1 0.39811 0.384737678855 47.9752759309 0 0.468863264335
850 5 0.203075137801 0.348318225638 0.0549472925908 8.04541441063 1 0.1 0.44472 0.459459459459 45.0965492007 0 0.468863264335
860 5 0.203075137801 0.215419174536 0.0542646068836 19.3098237244 1 0.1 0.43464 0.46261682243 72.9180679195 0 0.468863264335
870 5 0.203075137801 0.257338508437 0.0318997491681 16.3770842737 1 0.1 0.40371 0.396166134185 61.0400289309 0 0.468863264335
880 5 0.203075137801 0.323489577629 0.0322349790231 19.3769443728 1 0.1 0.3438 0.401652892562 48.5578240732 0 0.468863264335
890 5 0.203075137801 0.271334314042 0.0369895293343 12.0064770617 1 0.1 0.4089 0.409677419355 57.8914983733 0 0.468863264335
900 5 0.203075137801 0.261120646812 0.0355897377112 16.3335582686 1 0.1 0.3884 0.405990016639 60.1559095068 0 0.468863264335
910 5 0.243393602225 0.311519024853 0.0494208117664 12.9551910015 1 0.1 0.35571 0.350710900474 50.423726151 10 0.468863264335
920 5 0.243393602225 0.262799101032 0.0497307142968 10.5147813475 1 0.1 0.39669 0.385620915033 59.7717037019 10 0.468863264335
930 5 0.243393602225 0.265799442484 0.0431080162257 13.5660647203 1 0.1 0.44739 0.423756019262 59.0970013076 10 0.468863264335
940 5 0.243393602225 0.32803375657 0.0320527565813 12.6576461435 1 0.1 0.4148 0.390551181102 47.8851632961 10 0.468863264335
950 5 0.243393602225 0.308880022658 0.0471270864411 10.8819895203 1 0.1 0.39189 0.473846153846 50.8545352491 10 0.468863264335
960 5 0.243393602225 0.437683651123 0.0541324047048 8.95096024608 1 0.1 0.39106 0.343598055105 35.8888205207 10 0.468863264335
970 5 0.243393602225 0.259966520448 0.042424467585 14.6809248977 1 0.1 0.43811 0.416666666667 60.4229728234 10 0.468863264335
980 5 0.243393602225 0.256012888786 0.0561486857997 10.4335994018 1 0.1 0.42104 0.382875605816 61.3560906034 10 0.468863264335
990 5 0.243393602225 0.248275808776 0.0481724123722 13.3830389881 1 0.1 0.36971 0.395705521472 63.2681455251 10 0.468863264335
1000 5 0.243393602225 0.34044125456 0.0328159673904 11.049673339 1 0.1 0.41324 0.458015267176 46.1399721379 10 0.468863264335
1010 5 0.303687635575 0.316785051972 0.0537761781127 7.57098445801 1 0.1 0.41357 0.352180936995 49.5855151694 0 0.468863264335
1020 5 0.303687635575 0.356705777494 0.0263396426948 12.5719606008 1 0.1 0.37148 0.399334442596 44.036152457 0 0.468863264335
1030 5 0.303687635575 0.356281893099 0.0607680284073 8.34990807183 1 0.1 0.38886 0.375766871166 44.0885442237 0 0.47635980904
1040 5 0.303687635575 0.319523432996 0.0596036083016 17.2281923078 1 0.1 0.41811 0.420062695925 49.1605571858 0 0.47635980904
1050 5 0.303687635575 0.310195104018 0.0391852055402 12.3102176124 1 0.1 0.40328 0.420792079208 50.6389359358 0 0.47635980904
1060 5 0.303687635575 0.298666828439 0.045286237634 8.93591287358 1 0.1 0.35686 0.365448504983 52.593554102 0 0.47635980904
1070 5 0.303687635575 0.327714169265 0.0376003036843 10.6749824446 1 0.1 0.41595 0.414012738854 47.9318609728 0 0.47635980904
1080 5 0.303687635575 0.336349772695 0.0481977715602 16.1133845779 1 0.1 0.37267 0.39674796748 46.7012356636 0 0.47635980904
1090 5 0.303687635575 0.319025442221 0.0299834480758 3.29853540103 1 0.1 0.39049 0.394524959742 49.2372955921 0 0.47635980904
1100 5 0.303687635575 0.340238723838 0.0623032299036 14.702538024 1 0.1 0.43443 0.428794992175 46.1674374474 0 0.47635980904
1110 5 0.40369088812 0.346586207782 0.0396935662757 12.9152588168 1 0.1 0.38813 0.348993288591 45.3219131267 0 0.4833976041
1120 5 0.40369088812 0.303050705338 0.0284416607185 9.56228627399 1 0.1 0.43509 0.408293460925 51.8327452249 0 0.4833976041
1130 5 0.40369088812 0.330728121368 0.0380671159616 5.57845365726 1 0.1 0.42175 0.375203915171 47.4950540494 0 0.4833976041
1140 5 0.40369088812 0.29265516817 0.0374986529404 9.72361768027 1 0.1 0.39192 0.43661971831 53.6739197132 0 0.4833976041
1150 5 0.40369088812 0.396392342544 0.0554588490308 2.29470603578 1 0.1 0.42872 0.38347107438 39.6272791225 0 0.4833976041
1160 5 0.40369088812 0.451640245636 0.0364784620548 10.0677823457 1 0.1 0.37746 0.400635930048 34.7797835817 0 0.4833976041
1170 5 0.40369088812 0.382538157583 0.0517469702698 6.06692018542 1 0.1 0.40685 0.350584307179 41.062439625 0 0.4833976041
1180 5 0.40369088812 0.378197829234 0.0582095257156 16.8390573357 1 0.1 0.35198 0.40866873065 41.5336863034 0 0.4833976041
1190 5 0.40369088812 0.437845536038 0.0334969544893 13.9250613182 1 0.1 0.37799 0.361064891847 35.8755513238 0 0.4833976041
1200 5 0.40369088812 0.277885223015 0.0441736100293 22.6125218006 1 0.1 0.4411 0.382636655949 56.5267552898 0 0.4833976041
1210 5 0.601891659501 0.398936874012 0.0236826250509 7.09353782569 1 0.1 0.38531 0.359788359788 39.3745252025 0 0.524738766299
1220 5 0.601891659501 0.401770370444 0.030757542737 7.31190398821 1 0.1 0.38844 0.352657004831 39.0968352959 0 0.524738766299
1230 5 0.601891659501 0.402527569126 0.0301732467088 7.64307869917 1 0.1 0.43256 0.392063492063 39.0232898435 0 0.524738766299
1240 5 0.601891659501 0.399173055181 0.0276773371744 7.71850582808 1 0.1 0.39607 0.41124260355 39.3512282358 0 0.524738766299
1250 5 0.601891659501 0.447983577065 0.034844122782 10.5572558184 1 0.1 0.46502 0.467874794069 35.0636737689 0 0.524738766299
1260 5 0.601891659501 0.415911324672 0.029365487749 15.1008485152 1 0.1 0.43305 0.406919275124 37.7675457921 0 0.524738766299
1270 5 0.601891659501 0.438872056454 0.0420699839146 8.13160075103 1 0.1 0.36859 0.358003442341 35.7916385174 0 0.524738766299
1280 5 0.601891659501 0.399347063481 0.0467413514512 12.4586034846 1 0.1 0.40936 0.381493506494 39.3340816458 0 0.524738766299
1290 5 0.601891659501 0.373985752539 0.0260780946292 11.1428128475 1 0.1 0.38615 0.424590163934 42.0014663483 0 0.524738766299
1300 5 0.601891659501 0.453673435701 0.0450864145141 7.29002249875 1 0.1 0.42805 0.389162561576 34.6239139519 0 0.524738766299
1310 5 1.18243243243 0.511818616004 0.048964536133 1.75770561182 1 0.1 0.38863 0.337860780985 30.6904624193 20 0.595406586653
1320 5 1.18243243243 0.468041374179 0.0287854534119 0.330165057465 1 0.1 0.42074 0.362416107383 33.5610287179 20 0.595406586653
1330 5 1.18243243243 0.517984594397 0.0336653626595 0.12615910164 1 0.1 0.37463 0.396551724138 30.3251296852 20 0.595406586653
1340 5 1.18243243243 0.459173529674 0.0259403336121 0.390536519034 1 0.1 0.37987 0.416531604538 34.2091801571 20 0.595406586653
1350 5 1.18243243243 0.468161355638 0.0261321451041 1.83417120634 1 0.1 0.41548 0.362179487179 33.552427621 20 0.595406586653
1360 5 1.18243243243 0.555900851722 0.0376039928357 1.48813105214 1 0.1 0.34607 0.372239747634 28.2567474961 20 0.595406586653
1370 5 1.18243243243 0.564576559294 0.0321196520429 0.0862210288491 1 0.1 0.38788 0.419871794872 27.822533085 20 0.595406586653
1380 5 1.18243243243 0.467115045024 0.0416221969618 0.0597976512848 1 0.1 0.43864 0.393495934959 33.6275831133 20 0.595406586653
1390 5 1.18243243243 0.510371700744 0.0364195020781 3.33266012365 1 0.1 0.44004 0.421974522293 30.7774705712 20 0.595406586653
1400 5 1.18243243243 0.487864807708 0.0286515492659 2.27132131888 1 0.1 0.44133 0.432432432432 32.1973418698 20 0.595406586653
1410 5 33.3333333333 0.663587684726 0.0331749081919 0.0913139235861 1 0.1 0.59002 0.477876106195 23.671250027 280 0.670137578135
1420 5 33.3333333333 0.660334938353 0.00348942521473 0.000843123673517 1 0.1 0.34003 0.292253521127 23.7878523272 280 0.670137578135
1430 5 33.3333333333 0.663411039241 0.00352708372313 0.000524712232002 1 0.1 0.40247 0.338870431894 23.6775529361 280 0.670137578135
1440 5 33.3333333333 0.668672999797 0.00219344914851 0.000406908296611 1 0.1 0.34924 0.327674023769 23.491228156 280 0.670137578135
1450 5 33.3333333333 0.668014119592 0.00185528074349 0.000124710964702 1 0.1 0.40064 0.346534653465 23.5143981831 280 0.670137578135
1460 5 33.3333333333 0.665315759639 0.00192842083118 0.000127698900588 1 0.1 0.31956 0.329508196721 23.6097669 280 0.670137578135
1470 5 33.3333333333 0.6679520118 0.00285182410649 0.000212037732403 1 0.1 0.33291 0.385093167702 23.5165846086 280 0.670137578135
1480 5 33.3333333333 0.661418226477 0.0022636861867 0.0007505095007 1 0.1 0.37907 0.412816691505 23.7488919585 280 0.670137578135
1490 5 33.3333333333 0.669614645124 0.00285509488085 0.000524829801913 1 0.1 0.46161 0.447409733124 23.4581936258 280 0.670137578135
1500 5 33.3333333333 0.663031652288 0.00263476530177 0.000187781533529 1 0.1 0.41613 0.400318979266 23.6911012405 280 0.670137578135
