173.110053231,378.873528594,66.8643023988,0.0
364.611061937,442.240082102,66.8643023988,0.0
402.71543213,192.098940037,66.8643023988,0.0
310.630002567,70.5118087544,66.8643023988,0.0
145.968463611,188.643099112,66.8643023988,0.0
@ 10 10 0.0873362445415 0.267897230612
102.99589934,271.817606809,52.0644641198,0.0
349.668702878,278.087487649,52.0644641198,0.0
299.845413677,121.999289644,52.0644641198,0.0
229.795731056,309.348008737,52.0644641198,0.0
156.445707399,139.471702383,52.0644641198,0.0
@ 20 10 0.0873362445415 0.162428559838
93.4321624136,439.542181455,69.3080028681,0.0
369.858293567,293.150721663,69.3080028681,0.0
229.118689672,370.366447063,69.3080028681,0.0
280.621338131,115.848595581,69.3080028681,0.0
146.630507934,160.794604956,69.3080028681,0.0
@ 30 10 0.0873362445415 0.287836826404
341.446805,439.315744103,72.6325556569,0.0
281.193135279,125.615863648,72.6325556569,0.0
109.094487537,214.563856312,72.6325556569,0.0
172.926579904,366.553776308,72.6325556569,0.0
384.570218094,259.871649607,72.6325556569,0.0
@ 40 10 0.0873362445415 0.316112914842
379.222075064,292.161566892,55.7305229736,0.0
258.91588578,292.545531136,55.7305229736,0.0
137.759318053,75.7675803563,55.7305229736,0.0
277.1803437,446.115960173,55.7305229736,0.0
357.976537481,136.96093126,55.7305229736,0.0
@ 50 10 0.0873362445415 0.186108335618
73.5806280252,215.170689601,67.3690902919,0.0
260.999889629,351.812278623,67.3690902919,0.0
362.273685313,76.0395790118,67.3690902919,0.0
397.807753409,365.285293652,67.3690902919,0.0
87.7460025717,394.434587374,67.3690902919,0.0
@ 60 10 0.0873362445415 0.271957446118
254.651926304,283.137581453,63.8590421847,0.0
248.139591784,424.751646452,63.8590421847,0.0
70.0953154269,391.394432523,63.8590421847,0.0
383.279080878,403.628255385,63.8590421847,0.0
425.547638025,143.805543155,63.8590421847,0.0
@ 70 10 0.0873362445415 0.244356777339
166.817863849,260.890334909,72.8665596465,0.0
119.768129393,413.262564595,72.8665596465,0.0
399.906714419,201.805297434,72.8665596465,0.0
274.540697722,378.790030953,72.8665596465,0.0
103.620343639,104.022507598,72.8665596465,0.0
@ 80 10 0.0873362445415 0.318153070024
91.4394579544,209.069894231,59.959243203,0.0
113.29324303,445.463608941,59.959243203,0.0
254.945744774,63.9588612304,59.959243203,0.0
259.763606544,221.530350166,59.959243203,0.0
427.126613695,88.5041949791,59.959243203,0.0
@ 90 10 0.0873362445415 0.215422902699
361.677877794,224.003471784,50.4211497417,0.0
153.045208278,74.0486605262,50.4211497417,0.0
60.8065624048,352.815378567,50.4211497417,0.0
456.910894127,52.5818461051,50.4211497417,0.0
175.448065314,414.150389638,50.4211497417,0.0
@ 100 10 0.0873362445415 0.152336887292
408.071869465,329.398519885,67.5698184135,0.0
102.868925641,98.7556561302,67.5698184135,0.0
264.225938141,427.68235522,67.5698184135,0.0
287.741280326,84.9255494242,67.5698184135,0.0
118.145455219,369.874077104,67.5698184135,0.0
@ 110 10 0.0940354648039 0.273580470343
444.592430222,387.290055545,53.7395458151,0.0
264.984456147,324.158901843,53.7395458151,0.0
70.4426620688,321.747381479,53.7395458151,0.0
186.882937222,231.436077814,53.7395458151,0.0
447.488636735,250.482049126,53.7395458151,0.0
@ 120 10 0.0940354648039 0.173048393359
180.068709166,139.809590948,63.3731408207,0.0
99.6113432902,282.827815156,63.3731408207,0.0
413.69644045,95.3806087166,63.3731408207,0.0
430.636696223,265.981852258,63.3731408207,0.0
314.8827245,410.072327019,63.3731408207,0.0
@ 130 10 0.0940354648039 0.240652319254
447.794244113,267.158606978,54.8595433027,0.0
266.107309721,101.19677319,54.8595433027,0.0
99.5657152102,85.1324208188,54.8595433027,0.0
312.862552749,344.584215769,54.8595433027,0.0
139.935227954,273.856497742,54.8595433027,0.0
@ 140 10 0.0940354648039 0.180336635941
253.834966114,221.014313184,51.125831679,0.0
136.764457692,319.957389771,51.125831679,0.0
393.886071338,262.060297009,51.125831679,0.0
419.568222425,363.649525119,51.125831679,0.0
63.1509963929,191.727462018,51.125831679,0.0
@ 150 10 0.0940354648039 0.156624738888
441.467506633,125.989576103,66.5278686747,0.0
313.021636721,74.44417923,66.5278686747,0.0
265.316073874,420.64944486,66.5278686747,0.0
444.788819787,441.569892339,66.5278686747,0.0
385.52762885,260.300212758,66.5278686747,0.0
@ 160 10 0.0940354648039 0.265208115134
369.662825538,438.096097615,49.5589229782,0.0
384.892412567,257.059923813,49.5589229782,0.0
96.1068555245,447.989212687,49.5589229782,0.0
143.355474861,169.377951498,49.5589229782,0.0
207.278793538,448.275124411,49.5589229782,0.0
@ 170 10 0.0940354648039 0.147171361483
397.413601941,91.1766948844,70.1717260124,0.0
237.039035962,248.282527793,70.1717260124,0.0
122.353415018,372.244718442,70.1717260124,0.0
384.518118889,362.065700625,70.1717260124,0.0
78.2551508486,138.156277284,70.1717260124,0.0
@ 180 10 0.0940354648039 0.29505563023
109.965571025,84.7247167973,56.49934353,0.0
206.293660224,151.817092859,56.49934353,0.0
431.73720184,226.944658327,56.49934353,0.0
341.564591005,130.988803868,56.49934353,0.0
248.493062155,319.925004648,56.49934353,0.0
@ 190 10 0.0940354648039 0.191278603214
413.30709709,333.314222057,53.5760523988,0.0
232.656863779,347.972176898,53.5760523988,0.0
350.169927407,160.325261922,53.5760523988,0.0
349.100355954,438.772196768,53.5760523988,0.0
158.756420613,99.950152479,53.5760523988,0.0
@ 200 10 0.0940354648039 0.171997054521
403.45992395,204.650541523,48.0586977865,0.0
297.383272378,119.767252248,48.0586977865,0.0
254.266424438,255.583148654,48.0586977865,0.0
392.62216579,453.459545039,48.0586977865,0.0
70.008684554,138.830172251,48.0586977865,0.0
@ 210 10 0.101847810272 0.138396015254
102.196466919,405.6576969,66.5786258659,0.0
422.250482405,329.684820778,66.5786258659,0.0
285.703647126,185.350501076,66.5786258659,0.0
69.6102100983,166.723917643,66.5786258659,0.0
317.634466519,418.083602597,66.5786258659,0.0
@ 220 10 0.101847810272 0.265612948609
426.249092894,234.801785916,51.2717190813,0.0
299.784275341,188.439116584,51.2717190813,0.0
117.373031336,144.330002338,51.2717190813,0.0
253.443507212,73.7348056273,51.2717190813,0.0
453.709418096,58.415553562,51.2717190813,0.0
@ 230 10 0.101847810272 0.157519870612
134.684958337,102.152010854,57.3815926007,0.0
263.399720006,141.691635327,57.3815926007,0.0
162.446656865,439.560522687,57.3815926007,0.0
391.660821808,272.695206874,57.3815926007,0.0
427.373727714,127.399012742,57.3815926007,0.0
@ 240 10 0.101847810272 0.197298954409
65.5789645219,155.524442833,54.5765163805,0.0
436.914705996,165.243423963,54.5765163805,0.0
350.548868503,275.218033687,54.5765163805,0.0
263.184799962,363.439625784,54.5765163805,0.0
177.62478539,196.038984743,54.5765163805,0.0
@ 250 10 0.101847810272 0.178480679478
383.531700183,164.470639739,71.1673410002,0.0
396.547296859,433.368699361,71.1673410002,0.0
300.955443995,309.462658266,71.1673410002,0.0
93.9421328777,93.055976652,71.1673410002,0.0
113.883881563,424.724843084,71.1673410002,0.0
@ 260 10 0.101847810272 0.303487681415
56.146534222,328.03486117,55.855075247,0.0
452.507116181,339.20959855,55.855075247,0.0
298.715702993,190.24657201,55.855075247,0.0
57.8472463765,57.6077994621,55.855075247,0.0
262.493438576,330.589082203,55.855075247,0.0
@ 270 10 0.101847810272 0.186941133081
80.2131248058,154.364925397,62.8570502782,0.0
234.065225224,91.2359443858,62.8570502782,0.0
197.610689027,377.940829175,62.8570502782,0.0
177.95325783,237.305982729,62.8570502782,0.0
378.719648186,286.511263136,62.8570502782,0.0
@ 280 10 0.101847810272 0.236748688521
447.488179608,401.533116359,51.4291860584,0.0
265.790544826,296.674123338,51.4291860584,0.0
440.29286909,199.985992872,51.4291860584,0.0
81.4638005387,210.862926501,51.4291860584,0.0
329.194166743,153.51815081,51.4291860584,0.0
@ 290 10 0.101847810272 0.158488914283
282.759959847,103.01485858,66.1155787818,0.0
127.022500323,334.802804444,66.1155787818,0.0
101.443593789,179.125643962,66.1155787818,0.0
268.328618975,332.13810007,66.1155787818,0.0
440.810731982,169.371379596,66.1155787818,0.0
@ 300 10 0.101847810272 0.261931178245
107.748372443,81.2910845387,72.8960671548,0.0
84.3328242156,257.884577144,72.8960671548,0.0
389.038661156,125.261588864,72.8960671548,0.0
180.586403674,431.005100924,72.8960671548,0.0
300.389847862,249.274071731,72.8960671548,0.0
@ 310 10 0.111075848937 0.318410796071
271.515701481,446.975047285,61.2186276927,0.0
373.112984927,180.933597973,61.2186276927,0.0
148.641622466,421.646490574,61.2186276927,0.0
181.80993464,248.134273575,61.2186276927,0.0
379.536809863,313.992738044,61.2186276927,0.0
@ 320 10 0.111075848937 0.224567429692
207.141149779,245.523596566,61.0993637626,0.0
216.846930731,389.661955803,61.0993637626,0.0
372.044645285,365.442044656,61.0993637626,0.0
93.8654110963,140.439522975,61.0993637626,0.0
420.494148545,78.4605805263,61.0993637626,0.0
@ 330 10 0.111075848937 0.223693293613
231.851346732,330.917439075,75.4685185856,0.0
427.944979924,106.297230942,75.4685185856,0.0
372.52113707,429.816304615,75.4685185856,0.0
197.842670718,80.9189812013,75.4685185856,0.0
430.965710823,284.480502873,75.4685185856,0.0
@ 340 10 0.111075848937 0.341280314539
428.116685542,194.632245491,57.2730633533,0.0
142.987446553,139.05696984,57.2730633533,0.0
287.573848505,348.624995816,57.2730633533,0.0
360.149675587,70.4604109732,57.2730633533,0.0
400.133741774,402.579192825,57.2730633533,0.0
@ 350 10 0.111075848937 0.196553333505
401.739379804,444.590430916,63.2716113977,0.0
147.85789644,70.5797724731,63.2716113977,0.0
350.390935512,64.6415562254,63.2716113977,0.0
170.75314788,217.470609064,63.2716113977,0.0
376.375316215,271.764071448,63.2716113977,0.0
@ 360 10 0.111075848937 0.239881843982
58.6495562115,317.588742592,47.2570088566,0.0
180.540194074,396.45656408,47.2570088566,0.0
126.433448145,180.146221714,47.2570088566,0.0
271.993617226,99.2205366354,47.2570088566,0.0
299.317220044,313.149172981,47.2570088566,0.0
@ 370 10 0.111075848937 0.133817233464
80.3114638368,136.645519691,51.2814216172,0.0
277.527363881,146.770587168,51.2814216172,0.0
147.288791467,224.156809447,51.2814216172,0.0
72.8359980291,452.979298542,51.2814216172,0.0
415.764561787,212.672716485,51.2814216172,0.0
@ 380 10 0.111075848937 0.15757949361
242.483011045,85.0927448984,75.3262939719,0.0
138.109010583,386.004724934,75.3262939719,0.0
384.659950113,298.303538007,75.3262939719,0.0
393.469872516,115.920352848,75.3262939719,0.0
95.3893862131,136.80826899,75.3262939719,0.0
@ 390 10 0.111075848937 0.339995203207
70.4386726478,442.250237774,65.1564488698,0.0
254.675323565,220.184506468,65.1564488698,0.0
135.363729458,301.39366941,65.1564488698,0.0
404.315144885,259.587263916,65.1564488698,0.0
435.531640863,91.1040880665,65.1564488698,0.0
@ 400 10 0.111075848937 0.254386699886
62.4495407205,239.834954083,55.8218323938,0.0
416.618810906,259.652901465,55.8218323938,0.0
131.850509163,130.311434936,55.8218323938,0.0
286.792517215,310.276588362,55.8218323938,0.0
165.715915125,450.330185489,55.8218323938,0.0
@ 410 10 0.122142732507 0.186718678548
387.087400381,85.5945053024,57.7498950481,0.0
186.038361634,299.392832922,57.7498950481,0.0
184.971415373,423.519219854,57.7498950481,0.0
433.679916005,225.814005425,57.7498950481,0.0
271.631002325,176.521017337,57.7498950481,0.0
@ 420 10 0.122142732507 0.199839800209
335.758123991,444.479370587,57.0158711918,0.0
435.245174615,320.454095283,57.0158711918,0.0
105.75641829,311.380560073,57.0158711918,0.0
278.83130008,235.756780621,57.0158711918,0.0
154.485935523,162.692888577,57.0158711918,0.0
@ 430 10 0.122142732507 0.194792000388
232.860805434,336.481716743,58.9863543759,0.0
437.778968782,421.147947343,58.9863543759,0.0
451.422790605,195.096286049,58.9863543759,0.0
133.410636184,211.85508322,58.9863543759,0.0
401.529945266,63.044547057,58.9863543759,0.0
@ 440 10 0.122142732507 0.208488785518
94.9203619414,252.704275605,66.9454018482,0.0
397.070904494,195.458605422,66.9454018482,0.0
71.3773071118,87.0623725187,66.9454018482,0.0
252.64751543,431.732622411,66.9454018482,0.0
93.073734998,390.730478816,66.9454018482,0.0
@ 450 10 0.122142732507 0.268547487715
70.9358088887,264.515262516,70.1084609528,0.0
187.397082216,391.201872533,70.1084609528,0.0
413.210428156,152.034445715,70.1084609528,0.0
366.17491043,413.808534099,70.1084609528,0.0
251.978136542,87.4835795223,70.1084609528,0.0
@ 460 10 0.122142732507 0.294523840622
297.480943485,268.789531097,70.8721697773,0.0
98.1106329404,153.27012306,70.8721697773,0.0
440.840819469,342.614346413,70.8721697773,0.0
257.098181908,420.859304764,70.8721697773,0.0
428.908536959,118.95363775,70.8721697773,0.0
@ 470 10 0.122142732507 0.300975431903
154.678647904,87.8001454099,68.8960305646,0.0
243.723431956,225.085095131,68.8960305646,0.0
412.578611582,93.6708816646,68.8960305646,0.0
145.699939278,340.667190187,68.8960305646,0.0
367.323218117,293.216920415,68.8960305646,0.0
@ 480 10 0.122142732507 0.284425146117
266.837025164,338.394429565,60.1981369048,0.0
86.3402221184,327.230413734,60.1981369048,0.0
220.313146899,148.085309629,60.1981369048,0.0
356.494575995,168.57987837,60.1981369048,0.0
194.627543809,450.787712883,60.1981369048,0.0
@ 490 10 0.122142732507 0.217142927619
119.893513182,369.810794242,61.3242324175,0.0
373.759647489,435.330049963,61.3242324175,0.0
84.5308717453,101.500295707,61.3242324175,0.0
408.943207339,146.764596058,61.3242324175,0.0
414.231324541,273.633509633,61.3242324175,0.0
@ 500 10 0.122142732507 0.225342874603
331.793245631,313.535331595,64.8103859749,0.0
124.982666886,293.462733087,64.8103859749,0.0
260.594707724,67.4351132853,64.8103859749,0.0
77.2654404632,443.339432959,64.8103859749,0.0
321.792007503,182.445118172,64.8103859749,0.0
@ 510 10 0.135658914729 0.251691647774
258.389268322,147.166763984,60.9415754421,0.0
154.21101872,432.097393184,60.9415754421,0.0
109.559612458,288.475116579,60.9415754421,0.0
450.538967742,81.9057230446,60.9415754421,0.0
85.1270726762,166.250952047,60.9415754421,0.0
@ 520 10 0.135658914729 0.222539415374
290.8452523,370.121153284,71.5433395698,0.0
125.877451183,328.449214019,71.5433395698,0.0
80.807687084,179.177778726,71.5433395698,0.0
430.314172297,432.950575629,71.5433395698,0.0
385.693827621,78.3105068053,71.5433395698,0.0
@ 530 10 0.135658914729 0.306702987025
174.517845912,65.5815145466,59.9817530203,0.0
174.118744703,451.556445881,59.9817530203,0.0
412.604936417,416.562224042,59.9817530203,0.0
253.455877157,178.278084439,59.9817530203,0.0
242.049993073,345.274269306,59.9817530203,0.0
@ 540 10 0.135658914729 0.215584680605
122.514461672,336.559045103,68.6162667698,0.0
158.369605044,200.223353744,68.6162667698,0.0
270.201462886,340.495436666,68.6162667698,0.0
429.850373664,202.942994029,68.6162667698,0.0
429.67217995,361.903432448,68.6162667698,0.0
@ 550 10 0.135658914729 0.282119924752
267.339960749,356.907264809,66.3813418826,0.0
203.005245218,79.8913059622,66.3813418826,0.0
410.467177598,66.9984583918,66.3813418826,0.0
75.639314421,379.221523854,66.3813418826,0.0
393.277437044,417.505225781,66.3813418826,0.0
@ 560 10 0.135658914729 0.264041166585
309.826704335,422.890409205,71.1495947686,0.0
403.178933967,81.7186953492,71.1495947686,0.0
133.348361566,300.527737612,71.1495947686,0.0
421.361065757,279.366126273,71.1495947686,0.0
238.403241853,186.139264669,71.1495947686,0.0
@ 570 10 0.135658914729 0.303336345392
178.016401888,340.816727745,57.7036944736,0.0
351.103448707,396.833615296,57.7036944736,0.0
87.6451498602,190.927040586,57.7036944736,0.0
312.818316491,283.456139075,57.7036944736,0.0
437.341321766,116.550080016,57.7036944736,0.0
@ 580 10 0.135658914729 0.199520179873
145.980484246,448.187952838,59.4304308552,0.0
243.588615533,250.435438645,59.4304308552,0.0
447.351025704,231.075209176,59.4304308552,0.0
105.740744213,123.846750896,59.4304308552,0.0
258.938085314,375.460515103,59.4304308552,0.0
@ 590 10 0.135658914729 0.211639801646
75.1870699859,97.1563140565,74.246104614,0.0
384.747970865,415.545406113,74.246104614,0.0
79.440784402,346.072905436,74.246104614,0.0
400.350219316,258.326564013,74.246104614,0.0
227.846059604,382.958729229,74.246104614,0.0
@ 600 10 0.135658914729 0.330313964229
221.51788353,341.465415684,60.3148834371,0.0
65.5534575854,374.900053933,60.3148834371,0.0
431.882102751,181.096309514,60.3148834371,0.0
450.072020582,360.714342082,60.3148834371,0.0
216.466414094,178.935513684,60.3148834371,0.0
@ 610 10 0.152538679451 0.217985985803
265.873303671,353.058780153,69.1120816867,0.0
405.06057497,137.891989656,69.1120816867,0.0
193.687169797,210.389902754,69.1120816867,0.0
232.909342365,69.6032505391,69.1120816867,0.0
80.7580856041,299.044929333,69.1120816867,0.0
@ 620 10 0.152538679451 0.286211801244
340.101415509,85.6573754092,75.0148816788,0.0
174.000639409,416.578324319,75.0148816788,0.0
336.103996586,424.332619547,75.0148816788,0.0
168.738276094,85.7172888199,75.0148816788,0.0
336.395507429,247.359847106,75.0148816788,0.0
@ 630 10 0.152538679451 0.337189812961
425.473539744,107.665232756,63.7821418236,0.0
317.768089525,435.681940414,63.7821418236,0.0
87.0935928782,306.808180379,63.7821418236,0.0
416.826207812,304.310826048,63.7821418236,0.0
215.312184052,140.259016612,63.7821418236,0.0
@ 640 10 0.152538679451 0.243768612861
293.925486074,230.717660912,60.4753780005,0.0
139.5462067,176.382350285,60.4753780005,0.0
443.611462622,71.7745409463,60.4753780005,0.0
336.687325884,348.118100317,60.4753780005,0.0
126.634952177,345.386584746,60.4753780005,0.0
@ 650 10 0.152538679451 0.219147626544
374.14264597,346.962041713,65.4594530572,0.0
89.7865609767,433.771337725,65.4594530572,0.0
307.146423125,134.77822895,65.4594530572,0.0
276.505225269,439.164119771,65.4594530572,0.0
118.181879027,108.824748042,65.4594530572,0.0
@ 660 10 0.152538679451 0.256758206128
171.157688121,367.301256897,52.9579082729,0.0
211.883828115,101.526853789,52.9579082729,0.0
374.903428426,275.828837531,52.9579082729,0.0
317.812471198,85.2925045495,52.9579082729,0.0
90.5210101509,256.117800366,52.9579082729,0.0
@ 670 10 0.152538679451 0.168051051548
58.5042102777,428.339896328,56.4411644005,0.0
268.345504162,222.896337416,56.4411644005,0.0
402.875539724,208.430487874,56.4411644005,0.0
118.7820013,320.035203273,56.4411644005,0.0
66.1201835775,120.919479496,56.4411644005,0.0
@ 680 10 0.152538679451 0.190884874995
185.686455235,91.1418931776,74.5486742032,0.0
345.605597856,157.303788647,74.5486742032,0.0
89.8365306721,272.673517275,74.5486742032,0.0
110.27799002,428.192661128,74.5486742032,0.0
272.208293141,293.706591198,74.5486742032,0.0
@ 690 10 0.152538679451 0.333011657421
114.557311203,258.5112633,69.2716907592,0.0
221.926607333,107.529943033,69.2716907592,0.0
414.642479739,152.964401465,69.2716907592,0.0
255.120646865,368.900230743,69.2716907592,0.0
428.551371994,329.951657611,69.2716907592,0.0
@ 700 10 0.152538679451 0.287535296314
117.55211125,313.069960228,77.6735113854,0.0
125.334241503,80.9780401694,77.6735113854,0.0
348.489630062,83.5640139061,77.6735113854,0.0
289.436195593,424.47198404,77.6735113854,0.0
391.155907953,301.380400456,77.6735113854,0.0
@ 710 10 0.174216027875 0.361514287415
86.5155854832,140.260618088,58.7316127956,0.0
197.824279728,291.123133845,58.7316127956,0.0
356.1239082,384.429517934,58.7316127956,0.0
216.296862266,142.213974246,58.7316127956,0.0
394.182520713,132.418863904,58.7316127956,0.0
@ 720 10 0.174216027875 0.206691892667
433.608207222,286.48922963,73.0065193759,0.0
82.5708537937,260.972282776,73.0065193759,0.0
255.530777757,271.357632074,73.0065193759,0.0
209.943024539,115.883144236,73.0065193759,0.0
287.379478328,426.366876831,73.0065193759,0.0
@ 730 10 0.174216027875 0.319376440041
107.455792485,414.257525844,75.9748864076,0.0
114.984061319,78.8581367249,75.9748864076,0.0
323.609366889,376.159178249,75.9748864076,0.0
136.496308119,259.26309093,75.9748864076,0.0
363.120731183,156.918495944,75.9748864076,0.0
@ 740 10 0.174216027875 0.345875426036
74.1891636606,119.485151824,73.5473763422,0.0
222.229612408,413.393658204,73.5473763422,0.0
82.6242727484,271.39085852,73.5473763422,0.0
295.468181201,113.007109225,73.5473763422,0.0
380.401267523,257.829166739,73.5473763422,0.0
@ 750 10 0.174216027875 0.324126065715
405.203192752,129.445752661,65.7199634693,0.0
392.665939449,387.117216279,65.7199634693,0.0
97.5300075935,89.3696403238,65.7199634693,0.0
218.912736629,299.758531284,65.7199634693,0.0
74.2070961384,363.584123336,65.7199634693,0.0
@ 760 10 0.174216027875 0.258805925171
137.88537914,88.9506751691,81.0288244559,0.0
293.863941318,253.911046287,81.0288244559,0.0
83.4784181371,249.699299093,81.0288244559,0.0
195.319884023,424.286889656,81.0288244559,0.0
426.263772522,413.994882482,81.0288244559,0.0
@ 770 10 0.174216027875 0.393422020894
208.579987823,418.786595735,62.998681477,0.0
420.985642882,127.213151508,62.998681477,0.0
429.048809355,342.504822395,62.998681477,0.0
115.137208646,74.3952381443,62.998681477,0.0
129.977914423,249.066565976,62.998681477,0.0
@ 780 10 0.174216027875 0.237816787545
78.6582618833,183.178015611,68.680091033,0.0
369.484943467,259.611275634,68.680091033,0.0
316.76360825,79.8492038533,68.680091033,0.0
305.751758891,424.513045346,68.680091033,0.0
78.9337966476,398.703669598,68.680091033,0.0
@ 790 10 0.174216027875 0.282645003468
97.789836924,193.947773597,71.4943418917,0.0
92.7841457338,427.605973587,71.4943418917,0.0
408.634738933,126.173777156,71.4943418917,0.0
416.23988532,371.058811298,71.4943418917,0.0
276.22679545,403.060369123,71.4943418917,0.0
@ 800 10 0.174216027875 0.306283029324
365.357014555,268.96357991,74.6523222219,0.0
149.824031543,374.205480267,74.6523222219,0.0
341.419704986,108.967219151,74.6523222219,0.0
428.684781018,436.690379156,74.6523222219,0.0
111.199803858,160.633170705,74.6523222219,0.0
@ 810 10 0.203075137801 0.333938300137
230.937361883,160.963415487,63.3507328131,0.0
78.4945651592,90.3992603931,63.3507328131,0.0
251.461280172,427.255942393,63.3507328131,0.0
428.960569603,411.211842702,63.3507328131,0.0
331.402017053,240.295209367,63.3507328131,0.0
@ 820 10 0.203075137801 0.240482165603
140.309137564,240.331914772,74.9070663106,0.0
305.880322969,193.183134063,74.9070663106,0.0
100.913648752,391.002347139,74.9070663106,0.0
434.272756621,290.973704,74.9070663106,0.0
272.524204439,343.132048657,74.9070663106,0.0
@ 830 10 0.203075137801 0.336221255312
402.417267714,366.173724478,72.4647009349,0.0
112.541860758,259.884700807,72.4647009349,0.0
248.409468442,78.0982632977,72.4647009349,0.0
253.203570889,224.575036402,72.4647009349,0.0
426.294250972,203.220158769,72.4647009349,0.0
@ 840 10 0.203075137801 0.314653521528
244.764940015,340.284460858,59.377219944,0.0
257.611241268,212.324057681,59.377219944,0.0
381.779463382,210.767982216,59.377219944,0.0
365.375609413,404.94734553,59.377219944,0.0
85.4936600876,245.957495534,59.377219944,0.0
@ 850 10 0.203075137801 0.211260988804
108.973894312,89.1383496825,67.6355839457,0.0
241.411238325,168.540927409,67.6355839457,0.0
417.855019682,251.737628509,67.6355839457,0.0
141.995516279,346.433822322,67.6355839457,0.0
272.321861682,439.075844934,67.6355839457,0.0
@ 860 10 0.203075137801 0.274113279858
81.6784964525,81.8530146852,78.0932765155,0.0
426.104582021,404.507535183,78.0932765155,0.0
86.044006169,258.748987548,78.0932765155,0.0
340.932371771,207.963541277,78.0932765155,0.0
241.905591013,358.867544193,78.0932765155,0.0
@ 870 10 0.203075137801 0.365432254755
212.70233646,249.593767289,64.2199918048,0.0
360.077389416,194.357143199,64.2199918048,0.0
88.5425321495,391.610837929,64.2199918048,0.0
220.512229478,427.466846437,64.2199918048,0.0
332.238103893,357.252936813,64.2199918048,0.0
@ 880 10 0.203075137801 0.247126933299
414.370852493,386.390341029,68.323030592,0.0
297.103172684,221.954645901,68.323030592,0.0
81.4408351445,324.773986007,68.323030592,0.0
228.0917851,100.131215322,68.323030592,0.0
245.626758007,427.979955663,68.323030592,0.0
@ 890 10 0.203075137801 0.279713760703
87.3863068801,416.240392262,76.2039206792,0.0
133.120719528,79.5488653849,76.2039206792,0.0
232.723238182,346.601695584,76.2039206792,0.0
272.186679903,150.724207379,76.2039206792,0.0
410.080038373,417.308564048,76.2039206792,0.0
@ 900 10 0.203075137801 0.347963924868
265.654763458,190.499904333,72.4708412863,0.0
371.882560361,378.34553161,72.4708412863,0.0
214.837223637,413.43112941,72.4708412863,0.0
437.932734051,98.2125694885,72.4708412863,0.0
88.0355173656,304.554411667,72.4708412863,0.0
@ 910 10 0.243393602225 0.314706848597
106.080751937,112.798551531,85.2539659138,0.0
292.032196564,282.714302703,85.2539659138,0.0
411.466367485,136.16884349,85.2539659138,0.0
101.322707666,338.057487178,85.2539659138,0.0
406.312496434,413.038853178,85.2539659138,0.0
@ 920 10 0.243393602225 0.435520668606
421.405581065,82.7840806328,79.5075185922,0.0
204.787897309,239.866237956,79.5075185922,0.0
411.417493134,415.073884597,79.5075185922,0.0
244.920536024,84.1775410896,79.5075185922,0.0
368.916501181,247.299510407,79.5075185922,0.0
@ 930 10 0.243393602225 0.378787803806
427.400674855,229.361578199,71.6564025315,0.0
297.535520581,369.806196087,71.6564025315,0.0
97.5873290958,378.139584839,71.6564025315,0.0
375.750156687,90.8783969987,71.6564025315,0.0
87.9560570904,187.598847658,71.6564025315,0.0
@ 940 10 0.243393602225 0.307673144383
293.456126561,138.177098354,71.4260474296,0.0
205.549049939,289.19313039,71.4260474296,0.0
427.911960292,195.069293125,71.4260474296,0.0
428.680100561,376.628493022,71.4260474296,0.0
71.6736774665,132.240840514,71.4260474296,0.0
@ 950 10 0.243393602225 0.305698159428
89.6248956826,110.223243855,83.8863535026,0.0
91.7080658161,376.107159487,83.8863535026,0.0
413.818930442,320.413906358,83.8863535026,0.0
416.126714677,88.2638773445,83.8863535026,0.0
263.642546602,192.077765167,83.8863535026,0.0
@ 960 10 0.243393602225 0.421659821658
266.618462933,422.027430058,76.1259138258,0.0
126.431582572,148.654633008,76.1259138258,0.0
303.013469437,84.6666816921,76.1259138258,0.0
278.547124259,240.946875303,76.1259138258,0.0
412.581260403,366.749427476,76.1259138258,0.0
@ 970 10 0.243393602225 0.347251896463
146.62119094,115.50197212,80.2429827204,0.0
269.196714854,425.464598513,80.2429827204,0.0
366.121149987,294.169868329,80.2429827204,0.0
320.229439162,125.202613364,80.2429827204,0.0
105.195249123,415.831525008,80.2429827204,0.0
@ 980 10 0.243393602225 0.385827976511
72.3832825146,409.252351495,69.5254782991,0.0
426.781187484,254.255649673,69.5254782991,0.0
138.018433225,283.85225576,69.5254782991,0.0
368.28276603,412.644765986,69.5254782991,0.0
329.422115349,140.22656533,69.5254782991,0.0
@ 990 10 0.243393602225 0.289646015668
179.811601063,123.907848863,69.6418247895,0.0
237.173789186,397.938605097,69.6418247895,0.0
74.2320774526,256.269591086,69.6418247895,0.0
429.996777962,150.436338149,69.6418247895,0.0
402.178798016,311.006106064,69.6418247895,0.0
@ 1000 10 0.243393602225 0.290616235364
185.174209839,133.7964264,63.4488540574,0.0
406.849880765,315.80890231,63.4488540574,0.0
287.299419832,249.634141626,63.4488540574,0.0
314.118502825,106.873745363,63.4488540574,0.0
112.472039428,360.506000179,63.4488540574,0.0
@ 1010 10 0.303687635575 0.24122768762
432.252423277,383.100570513,72.8502822198,0.0
410.600486751,171.551032607,72.8502822198,0.0
239.458894176,224.788350811,72.8502822198,0.0
265.409968046,398.59967216,72.8502822198,0.0
87.2043882282,235.726172275,72.8502822198,0.0
@ 1020 10 0.303687635575 0.318010943516
218.110312589,240.159593406,77.037699767,0.0
278.996290178,84.4819816157,77.037699767,0.0
307.185731467,431.691085008,77.037699767,0.0
80.9050070507,166.615762264,77.037699767,0.0
400.470829706,220.111200568,77.037699767,0.0
@ 1030 10 0.303687635575 0.355620020018
278.090714342,251.164285762,65.9368028466,0.0
427.447492573,231.081369475,65.9368028466,0.0
228.863748886,407.060863869,65.9368028466,0.0
368.42748001,373.366301773,65.9368028466,0.0
76.3518502965,389.735288224,65.9368028466,0.0
@ 1040 10 0.303687635575 0.260516574233
292.742101929,165.397463174,74.4083190114,0.0
414.231197802,272.444917286,74.4083190114,0.0
314.260428053,416.174406292,74.4083190114,0.0
78.3633277234,397.090362225,74.4083190114,0.0
97.3600441464,176.932673234,74.4083190114,0.0
@ 1050 10 0.303687635575 0.331758894279
394.191935876,295.24729928,73.7667808518,0.0
246.960659705,420.85917833,73.7667808518,0.0
353.482228348,122.578019679,73.7667808518,0.0
83.6440504457,409.593510967,73.7667808518,0.0
126.147658765,111.684550479,73.7667808518,0.0
@ 1060 10 0.303687635575 0.326062798139
152.896794453,83.7595764722,81.991958463,0.0
301.809881355,266.768925246,81.991958463,0.0
404.581453471,414.268822948,81.991958463,0.0
135.863712656,290.348136252,81.991958463,0.0
345.095261768,93.1917882996,81.991958463,0.0
@ 1070 10 0.303687635575 0.402830280234
76.9442858115,129.161452484,75.4721462601,0.0
347.145423821,356.580773788,75.4721462601,0.0
116.244177917,402.723658799,75.4721462601,0.0
430.683035788,109.817155285,75.4721462601,0.0
277.903252309,213.930980876,75.4721462601,0.0
@ 1080 10 0.303687635575 0.341313125137
111.015971488,91.9963523271,76.9946189951,0.0
272.244405566,132.963289747,76.9946189951,0.0
318.420319377,312.503794571,76.9946189951,0.0
426.945179981,149.485716946,76.9946189951,0.0
102.777314507,261.175830066,76.9946189951,0.0
@ 1090 10 0.303687635575 0.355222393887
359.581966809,84.5355029629,83.608478197,0.0
176.834077498,86.6780867722,83.608478197,0.0
359.828562479,420.70390251,83.608478197,0.0
128.824543001,427.518455025,83.608478197,0.0
243.812846854,263.089606429,83.608478197,0.0
@ 1100 10 0.303687635575 0.418870934437
422.426774102,78.7217511526,69.9734360677,0.0
98.628045016,336.655241849,69.9734360677,0.0
419.560511358,438.940074866,69.9734360677,0.0
325.542944568,323.650885381,69.9734360677,0.0
290.635048753,178.359808686,69.9734360677,0.0
@ 1110 10 0.40369088812 0.29339046095
81.2995856044,79.9817515778,76.3142716263,0.0
131.50143286,277.518314785,76.3142716263,0.0
233.250477004,429.599214227,76.3142716263,0.0
358.597129019,103.874166636,76.3142716263,0.0
426.461625162,271.698994245,76.3142716263,0.0
@ 1120 10 0.40369088812 0.348972428118
252.651711767,316.638506343,85.1991910387,0.0
103.747841192,418.386177833,85.1991910387,0.0
419.0175709,251.141844364,85.1991910387,0.0
88.4736311537,154.186988045,85.1991910387,0.0
333.413750804,102.217045183,85.1991910387,0.0
@ 1130 10 0.40369088812 0.43496121248
116.169273638,102.166427514,71.3240692401,0.0
187.790825179,235.419141303,71.3240692401,0.0
388.236471277,80.0554240243,71.3240692401,0.0
437.106577262,222.480666126,71.3240692401,0.0
381.779276802,429.093258331,71.3240692401,0.0
@ 1140 10 0.40369088812 0.30482586448
197.976879109,418.558721361,75.5070074177,0.0
405.098410302,370.160385241,75.5070074177,0.0
384.230608128,207.439837641,75.5070074177,0.0
82.5663562052,317.748092737,75.5070074177,0.0
232.701103964,103.055070964,75.5070074177,0.0
@ 1150 10 0.40369088812 0.34162850821
385.360729656,395.870925123,81.8483405745,0.0
120.50169372,98.3169394687,81.8483405745,0.0
283.758418737,219.588662402,81.8483405745,0.0
393.007852692,92.5305902633,81.8483405745,0.0
110.091500546,421.084726216,81.8483405745,0.0
@ 1160 10 0.40369088812 0.401420313529
231.825803142,297.974533444,79.6699521848,0.0
90.5414847007,379.879941983,79.6699521848,0.0
414.600327235,274.131041552,79.6699521848,0.0
83.4628722862,131.917157881,79.6699521848,0.0
319.308194694,83.8019851164,79.6699521848,0.0
@ 1170 10 0.40369088812 0.380337109218
256.715867846,192.870975433,76.1946866813,0.0
79.153029059,144.311068083,76.1946866813,0.0
425.432826224,141.272834488,76.1946866813,0.0
90.2797262813,369.479020548,76.1946866813,0.0
301.97890998,392.717429926,76.1946866813,0.0
@ 1180 10 0.40369088812 0.347879601031
113.50907204,132.666362394,77.217855783,0.0
165.707482421,279.810834824,77.217855783,0.0
351.304179307,383.383651839,77.217855783,0.0
420.074399947,105.717081239,77.217855783,0.0
270.569325144,147.349022161,77.217855783,0.0
@ 1190 10 0.40369088812 0.357285230637
129.477868567,90.3646081154,84.2607107095,0.0
281.676773639,171.116136392,84.2607107095,0.0
100.353792701,293.580774952,84.2607107095,0.0
255.834600857,405.430661,84.2607107095,0.0
412.766916962,328.245664966,84.2607107095,0.0
@ 1200 10 0.40369088812 0.425431677411
352.735700009,384.003749804,80.8637340518,0.0
83.8436704549,94.6488506195,80.8637340518,0.0
251.100865299,124.03431406,80.8637340518,0.0
149.177280443,345.661861209,80.8637340518,0.0
419.093188441,191.827023103,80.8637340518,0.0
@ 1210 10 0.601891659501 0.391820515869
401.674786627,409.158928547,81.9762140455,0.0
291.714467904,248.015308183,81.9762140455,0.0
104.237474665,158.796447029,81.9762140455,0.0
120.394190823,384.914577791,81.9762140455,0.0
359.395106758,83.5567191328,81.9762140455,0.0
@ 1220 10 0.601891659501 0.402675588987
196.53535189,246.418085665,83.1768651199,0.0
102.39600293,91.8057020975,83.1768651199,0.0
389.513381706,422.454844754,83.1768651199,0.0
426.49608214,131.347952132,83.1768651199,0.0
96.9869053246,417.843743548,83.1768651199,0.0
@ 1230 10 0.601891659501 0.414557411953
243.247640444,247.205119468,87.16835746,0.0
89.7313992569,423.184157835,87.16835746,0.0
421.290884278,188.958275721,87.16835746,0.0
88.4415782479,98.1923710522,87.16835746,0.0
417.821536951,417.502660455,87.16835746,0.0
@ 1240 10 0.601891659501 0.455299646674
103.45705993,401.505959325,89.7926104464,0.0
215.264601467,101.677846267,89.7926104464,0.0
249.740199221,285.712218229,89.7926104464,0.0
391.385962859,159.943350746,89.7926104464,0.0
391.432860881,401.086784046,89.7926104464,0.0
@ 1250 10 0.601891659501 0.483126415072
404.00950121,323.604050385,81.9305897742,0.0
151.664084516,425.013906777,81.9305897742,0.0
171.337277485,260.525199245,81.9305897742,0.0
163.215529739,90.5382860715,81.9305897742,0.0
351.057252032,97.8834276588,81.9305897742,0.0
@ 1260 10 0.601891659501 0.402227491497
187.112344584,94.6592594535,81.6384694649,0.0
411.495953869,402.824649019,81.6384694649,0.0
105.686922241,372.528943575,81.6384694649,0.0
387.164908999,97.5851958702,81.6384694649,0.0
268.95830852,251.298363528,81.6384694649,0.0
@ 1270 10 0.601891659501 0.39936435208
133.73671741,91.2067624993,87.9775674369,0.0
94.6579082058,292.102859046,87.9775674369,0.0
344.304536045,90.4126207677,87.9775674369,0.0
252.747404676,377.477864652,87.9775674369,0.0
412.042307609,272.842802218,87.9775674369,0.0
@ 1280 10 0.601891659501 0.463792250284
353.63029911,235.723274683,80.0456763522,0.0
82.4425474279,91.1942050039,80.0456763522,0.0
293.729756701,80.880616172,80.0456763522,0.0
160.951423936,345.180521917,80.0456763522,0.0
388.389701992,395.079638497,80.0456763522,0.0
@ 1290 10 0.601891659501 0.383932914234
353.03450488,111.989968806,87.3397697544,0.0
414.937062474,403.032482169,87.3397697544,0.0
89.4329516031,415.950019386,87.3397697544,0.0
142.715064268,126.830389673,87.3397697544,0.0
287.57269992,279.797595208,87.3397697544,0.0
@ 1300 10 0.601891659501 0.45709205608
357.085769818,104.078499499,91.3887106401,0.0
399.310680456,337.051403789,91.3887106401,0.0
128.468289104,416.988325796,91.3887106401,0.0
234.522780155,252.493657004,91.3887106401,0.0
99.2175090166,121.704040973,91.3887106401,0.0
@ 1310 10 1.18243243243 0.500454603448
363.761891128,128.93129148,93.4514527522,0.0
413.064472209,389.628569885,93.4514527522,0.0
104.018742031,401.063256284,93.4514527522,0.0
242.639637877,274.027528781,93.4514527522,0.0
111.389533837,139.752781306,93.4514527522,0.0
@ 1320 10 1.18243243243 0.523301166042
415.630887314,110.847574195,95.6991408204,0.0
412.410831438,394.309121327,95.6991408204,0.0
145.774730727,409.716480489,95.6991408204,0.0
247.831688442,243.696401099,95.6991408204,0.0
107.880869533,96.5320368197,95.6991408204,0.0
@ 1330 10 1.18243243243 0.548776702432
364.783744687,95.6936814396,93.2076235192,0.0
327.775606125,414.220969474,93.2076235192,0.0
103.590951658,392.654175782,93.2076235192,0.0
234.981271682,251.249069558,93.2076235192,0.0
95.6749220244,111.772499597,93.2076235192,0.0
@ 1340 10 1.18243243243 0.520573981836
266.606668405,253.535012244,86.51647483,0.0
396.683130508,378.191358465,86.51647483,0.0
117.896158584,153.705367079,86.51647483,0.0
107.040404817,409.489334014,86.51647483,0.0
389.373982405,115.845731275,86.51647483,0.0
@ 1350 10 1.18243243243 0.448515255338
239.532351388,253.594502223,94.8510451877,0.0
374.144366318,114.25307805,94.8510451877,0.0
130.486328801,411.444838558,94.8510451877,0.0
408.031962253,352.335318853,94.8510451877,0.0
102.988086308,102.900507248,94.8510451877,0.0
@ 1360 10 1.18243243243 0.539093170431
420.578178869,144.930066961,87.5461507258,0.0
402.355800602,416.402674673,87.5461507258,0.0
124.658784731,377.88385121,87.5461507258,0.0
255.450873398,255.306307583,87.5461507258,0.0
88.3373875433,124.039484944,87.5461507258,0.0
@ 1370 10 1.18243243243 0.459254794961
412.844054821,99.4360371887,94.2550730153,0.0
380.49798547,401.995915788,94.2550730153,0.0
110.435214456,398.293761221,94.2550730153,0.0
266.761751999,247.811911447,94.2550730153,0.0
103.411629046,108.520940321,94.2550730153,0.0
@ 1380 10 1.18243243243 0.532339946513
246.885178588,256.835213183,92.7412557,0.0
408.280880283,390.388436925,92.7412557,0.0
103.137775178,397.203419529,92.7412557,0.0
103.325407941,104.862160302,92.7412557,0.0
373.949735028,115.437199859,92.7412557,0.0
@ 1390 10 1.18243243243 0.515377591955
254.644759685,238.320010786,88.4138456817,0.0
397.727623641,372.508661996,88.4138456817,0.0
176.761067292,408.647534358,88.4138456817,0.0
131.518778196,107.691532702,88.4138456817,0.0
408.45292151,102.779017339,88.4138456817,0.0
@ 1400 10 1.18243243243 0.468403520636
253.809773417,254.81144999,104.983711577,0.0
406.931410866,400.255431754,104.983711577,0.0
105.352811136,406.936343607,104.983711577,0.0
105.443603132,106.083246267,104.983711577,0.0
405.686114043,109.588640724,104.983711577,0.0
@ 1410 10 33.3333333333 0.660424891634
257.793416027,254.806532689,105.250515863,0.0
405.178598451,406.099675381,105.250515863,0.0
109.822865619,405.724473294,105.250515863,0.0
107.879702975,105.368375183,105.250515863,0.0
406.595620034,105.498875844,105.250515863,0.0
@ 1420 10 33.3333333333 0.663785948145
256.478638361,255.362693008,105.486268163,0.0
406.158234719,405.541468054,105.486268163,0.0
105.826066349,404.422489426,105.486268163,0.0
106.550062086,106.314834946,105.486268163,0.0
405.872095724,106.227825237,105.486268163,0.0
@ 1430 10 33.3333333333 0.666762927846
254.931658775,255.905620656,105.45270311,0.0
406.290052444,404.354704929,105.45270311,0.0
107.213430992,406.498449692,105.45270311,0.0
106.50514951,105.967463895,105.45270311,0.0
404.146648619,105.607230546,105.45270311,0.0
@ 1440 10 33.3333333333 0.666338675991
256.195194563,256.141207001,105.087179131,0.0
406.488949589,405.4856005,105.087179131,0.0
105.708028033,405.494187974,105.087179131,0.0
106.017231179,106.869045627,105.087179131,0.0
406.91100844,108.512676474,105.087179131,0.0
@ 1450 10 33.3333333333 0.661727307409
253.835434677,254.028655472,104.7087068,0.0
404.301425464,404.78866985,104.7087068,0.0
105.817463937,405.730151107,104.7087068,0.0
105.452504722,105.02036376,104.7087068,0.0
406.799235694,106.874358062,104.7087068,0.0
@ 1460 10 33.3333333333 0.656969458011
256.499705339,255.994730183,105.274610593,0.0
406.049462826,406.304609497,105.274610593,0.0
107.167069128,406.45836893,105.274610593,0.0
106.641353618,105.741739299,105.274610593,0.0
404.744246837,105.489606227,105.274610593,0.0
@ 1470 10 33.3333333333 0.664089900554
257.32056219,255.464551289,105.271279242,0.0
406.568654124,404.305490569,105.271279242,0.0
105.716894922,405.228514156,105.271279242,0.0
105.455970646,108.147605582,105.271279242,0.0
405.577977893,105.74230091,105.271279242,0.0
@ 1480 10 33.3333333333 0.664047871777
258.162215419,257.170514168,105.153093164,0.0
406.576427854,406.58172004,105.153093164,0.0
106.213555472,404.701505219,105.153093164,0.0
108.296450156,107.388473097,105.153093164,0.0
406.773988528,106.660619859,105.153093164,0.0
@ 1490 10 33.3333333333 0.662557680725
253.052722304,255.631949485,104.922959048,0.0
406.789067316,401.227251723,104.922959048,0.0
106.114614819,406.303962427,104.922959048,0.0
106.39605057,105.504568169,104.922959048,0.0
403.869358505,109.691359773,104.922959048,0.0
@ 1500 10 33.3333333333 0.659660756464
