10 5 0.0873362445415 0.253894503547 0.0329586104159 40.6183306141 0 0.1 0.4491 0.491776315789 61.8680191203 0 0.340777368025
20 5 0.0873362445415 0.136100079688 0.0599061042109 19.6117715697 0 0.1 0.37982 0.353790613718 115.414700976 0 0.348474900452
30 5 0.0873362445415 0.305180940493 0.0510190569502 9.1576734141 0 0.1 0.42129 0.404721753794 51.4709404022 0 0.348474900452
40 5 0.0873362445415 0.213854261627 0.068226446772 14.1061437476 0 0.1 0.40792 0.419689119171 73.4516575937 0 0.351647088595
50 5 0.0873362445415 0.294471083627 0.0497895103822 12.8504729327 0 0.1 0.36913 0.339754816112 53.3429286384 0 0.351647088595
60 5 0.0873362445415 0.242808694535 0.0312141923695 28.3928007587 0 0.1 0.39671 0.392156862745 64.6926998642 0 0.351647088595
70 5 0.0873362445415 0.18231986302 0.0495370321914 18.7019859899 0 0.1 0.43496 0.404761904762 86.155999351 0 0.351647088595
80 5 0.0873362445415 0.203924794801 0.0471720706883 19.1284894199 0 0.1 0.38646 0.356666666667 77.0281515564 0 0.351647088595
90 5 0.0873362445415 0.198586531506 0.0570732058272 6.72002282188 0 0.1 0.42599 0.402317880795 79.0987680831 0 0.351647088595
100 5 0.0873362445415 0.092764305718 0.0580318254833 25.5393913489 0 0.1 0.42661 0.407224958949 169.331833817 0 0.351647088595
110 5 0.0940354648039 0.181229330381 0.0505158722628 18.8259333402 0 0.1 0.41877 0.442538593482 86.6744360141 0 0.351647088595
120 5 0.0940354648039 0.220877494195 0.041789485703 17.2395054117 0 0.1 0.36925 0.394265232975 71.1161182685 0 0.351647088595
130 5 0.0940354648039 0.215410222308 0.0527622531786 18.7792738974 0 0.1 0.4033 0.35737704918 72.9210983198 0 0.351647088595
140 5 0.0940354648039 0.162343724991 0.0508349522504 21.225705952 0 0.1 0.38236 0.409461663948 96.7573585048 0 0.351647088595
150 5 0.0940354648039 0.202509158223 0.0563910646717 23.2200688051 0 0.1 0.40253 0.377622377622 77.566615445 0 0.351647088595
160 5 0.0940354648039 0.34109192058 0.0520342218041 11.2709630872 0 0.1 0.35549 0.357142857143 46.0519556526 0 0.351647088595
170 5 0.0940354648039 0.190185021453 0.0241421711677 23.5071649223 0 0.1 0.40516 0.428343949045 82.5929922347 0 0.351647088595
180 5 0.0940354648039 0.33262187243 0.0537316596885 9.96394290907 0 0.1 0.39269 0.366666666667 47.2246454668 0 0.351647088595
190 5 0.0940354648039 0.177620305842 0.0613890510113 32.5421160332 0 0.1 0.41782 0.433870967742 88.4355531624 0 0.351647088595
200 5 0.0940354648039 0.246801778737 0.0379070556532 8.23134810368 0 0.1 0.38909 0.407766990291 63.6460161689 0 0.351647088595
210 5 0.101847810272 0.282010303934 0.0503136055217 3.63107798216 0 0.1 0.43385 0.369668246445 55.6999151481 0 0.428667825077
220 5 0.101847810272 0.241744693649 0.0463922808234 10.5991358722 0 0.1 0.41887 0.415458937198 64.9774345111 0 0.428667825077
230 5 0.101847810272 0.283080865983 0.0319702477063 15.5161931282 0 0.1 0.36306 0.364864864865 55.489267865 0 0.428667825077
240 5 0.101847810272 0.366509481195 0.0564222869794 4.08775273692 0 0.1 0.43108 0.43025210084 42.858236433 0 0.428667825077
250 5 0.101847810272 0.147865558709 0.0537409926296 11.2361411117 0 0.1 0.39753 0.375 106.231296437 0 0.428667825077
260 5 0.101847810272 0.208060934842 0.0610136431308 18.4818619859 0 0.1 0.39848 0.418152350081 75.4968731249 0 0.428667825077
270 5 0.101847810272 0.162176887488 0.0290458756932 19.7962383888 0 0.1 0.46745 0.421416234888 96.8568964625 0 0.428667825077
280 5 0.101847810272 0.23830591587 0.0598546369049 19.7703466879 0 0.1 0.44047 0.415282392027 65.9150652751 0 0.428667825077
290 5 0.101847810272 0.338266053695 0.0777374293879 2.13605424645 0 0.1 0.36197 0.291280148423 46.4366726381 0 0.428667825077
300 5 0.101847810272 0.290872088631 0.0454469520277 13.6924783677 0 0.1 0.40462 0.367622259696 54.0029470478 0 0.428667825077
310 5 0.111075848937 0.227196264834 0.0553055759335 18.7431323206 0 0.1 0.41123 0.411669367909 69.1382405052 0 0.428667825077
320 5 0.111075848937 0.266692164192 0.0534133584672 1.99925797709 0 0.1 0.38403 0.396351575456 58.8991808123 0 0.428667825077
330 5 0.111075848937 0.246753407008 0.0415579448146 22.9751232069 0 0.1 0.42699 0.409539473684 63.6584928674 0 0.428667825077
340 5 0.111075848937 0.338134940074 0.075343914722 12.7690745238 0 0.1 0.38105 0.402482269504 46.4546787048 0 0.428667825077
350 5 0.111075848937 0.223934794685 0.0431573237381 9.90101671097 0 0.1 0.42644 0.379367720466 70.1451957123 0 0.428667825077
360 5 0.111075848937 0.21292049464 0.0245749730878 20.9561097193 0 0.1 0.41368 0.398042414356 73.7737812725 0 0.428667825077
370 5 0.111075848937 0.26622473217 0.0711477039316 7.48537670838 0 0.1 0.3769 0.434169278997 59.0025948077 0 0.428667825077
380 5 0.111075848937 0.267101579799 0.0641742079976 13.1321461409 0 0.1 0.38946 0.409917355372 58.8088996397 0 0.428667825077
390 5 0.111075848937 0.149373126732 0.0591015023624 31.4929197284 0 0.1 0.44526 0.420608108108 105.159143037 0 0.428667825077
400 5 0.111075848937 0.335027676148 0.0508049662197 6.01754811249 0 0.1 0.3878 0.357894736842 46.8855295198 0 0.428667825077
410 5 0.122142732507 0.188689858043 0.0740604588683 28.2720311244 0 0.1 0.35722 0.309644670051 83.2474525282 0 0.428667825077
420 5 0.122142732507 0.210247566586 0.0471005058268 10.0791241036 0 0.1 0.4432 0.423271500843 74.711685158 0 0.428667825077
430 5 0.122142732507 0.190909770522 0.0310562793864 18.8131056788 0 0.1 0.40767 0.396321070234 82.2794451905 0 0.428667825077
440 5 0.122142732507 0.248749285336 0.0769232106337 15.3631187887 0 0.1 0.36289 0.412903225806 63.1477191132 0 0.428667825077
450 5 0.122142732507 0.351563262124 0.0624400362649 10.7134358683 0 0.1 0.3771 0.378737541528 44.6802942523 0 0.428667825077
460 5 0.122142732507 0.229061448305 0.0335247512678 16.4451420692 0 0.1 0.44455 0.3953125 68.5752671008 0 0.428667825077
470 5 0.122142732507 0.150259814849 0.040426202723 27.5237347686 0 0.1 0.43407 0.458199356913 104.538595471 0 0.428667825077
480 5 0.122142732507 0.206529859401 0.0612730494574 25.0927486167 0 0.1 0.37389 0.427892234548 76.0565568851 0 0.428667825077
490 5 0.122142732507 0.237779637439 0.0415540188857 20.5838994285 0 0.1 0.40864 0.351485148515 66.0609552995 0 0.428667825077
500 5 0.122142732507 0.190269025837 0.062922490017 24.6772004403 0 0.1 0.36466 0.404567699837 82.5565271642 0 0.428667825077
510 5 0.135658914729 0.241456434599 0.0386022627981 19.1223676164 0 0.1 0.40858 0.354943273906 65.0550068219 0 0.428667825077
520 5 0.135658914729 0.308886278631 0.0489498432792 14.377935474 0 0.1 0.40078 0.446601941748 50.8535052758 0 0.428667825077
530 5 0.135658914729 0.180305061637 0.0827348470056 31.284206573 0 0.1 0.34896 0.369529983793 87.1187411902 0 0.428667825077
540 5 0.135658914729 0.258528042935 0.0480597817839 10.8219789957 0 0.1 0.40455 0.425665101721 60.7591726673 0 0.428667825077
550 5 0.135658914729 0.234142397245 0.0467691180334 18.1450622837 0 0.1 0.36681 0.407224958949 67.0871665483 0 0.428667825077
560 5 0.135658914729 0.299214866688 0.0604919623894 12.7695161621 0 0.1 0.39685 0.365935919056 52.4972243989 0 0.428667825077
570 5 0.135658914729 0.270491611986 0.0573965149254 20.167713297 0 0.1 0.42254 0.390675241158 58.0718562202 0 0.428667825077
580 5 0.135658914729 0.212653417867 0.059549290257 21.2346831688 0 0.1 0.39086 0.468395461912 73.8664356187 0 0.428667825077
590 5 0.135658914729 0.35905077876 0.0652612096584 8.48516141094 0 0.1 0.40597 0.308207705193 43.7485473621 0 0.428667825077
600 5 0.135658914729 0.246543197098 0.0358036878758 13.5890387233 0 0.1 0.39942 0.403624382208 63.7127699522 0 0.428667825077
610 5 0.152538679451 0.356987049977 0.0665689753375 8.58488382635 0 0.1 0.37933 0.392917369309 44.001456078 0 0.428667825077
620 5 0.152538679451 0.297793850843 0.0493347778822 16.2015903183 0 0.1 0.39456 0.378164556962 52.7477312091 0 0.428667825077
630 5 0.152538679451 0.237436573461 0.0379623057094 12.9425641489 0 0.1 0.4516 0.438650306748 66.1564045128 0 0.428667825077
640 5 0.152538679451 0.212208969721 0.0328935167056 7.58894465491 0 0.1 0.44336 0.431962025316 74.0211406741 0 0.428667825077
650 5 0.152538679451 0.277323312022 0.0452372023295 16.8504778013 0 0.1 0.39563 0.378289473684 56.6412894951 0 0.428667825077
660 5 0.152538679451 0.231195450784 0.0485451378843 13.2895526372 0 0.1 0.44659 0.419512195122 67.9422970769 0 0.428667825077
670 5 0.152538679451 0.333532183709 0.0508423473043 14.6207196003 0 0.1 0.39678 0.384370015949 47.0957549742 0 0.428667825077
680 5 0.152538679451 0.271123532312 0.0531494064912 13.3155536758 0 0.1 0.42482 0.41652892562 57.9365054226 0 0.428667825077
690 5 0.152538679451 0.235182117729 0.0696788683955 7.97476416135 0 0.1 0.42688 0.470304975923 66.7905797927 0 0.43888029252
700 5 0.152538679451 0.176307380903 0.0661753271254 29.2615458318 0 0.1 0.35838 0.336025848142 89.0941146057 0 0.43888029252
710 5 0.174216027875 0.226824741941 0.0642541435544 19.7333789939 0 0.1 0.34548 0.384 69.2514840559 0 0.43888029252
720 5 0.174216027875 0.297175627103 0.0355653771032 9.53402514257 0 0.1 0.39249 0.395993836672 52.8574639621 0 0.43888029252
730 5 0.174216027875 0.283408017588 0.0264528532912 4.3863195134 0 0.1 0.43047 0.43769470405 55.4252139149 0 0.43888029252
740 5 0.174216027875 0.185272527756 0.0547098931 12.5143495193 0 0.1 0.38678 0.422258592471 84.7829421353 0 0.43888029252
750 5 0.174216027875 0.240992792724 0.0432616109535 15.2817809832 0 0.1 0.41167 0.342995169082 65.1801650267 0 0.43888029252
760 5 0.174216027875 0.281801819093 0.0607332360018 17.2545830848 0 0.1 0.4188 0.466666666667 55.7411234979 0 0.43888029252
770 5 0.174216027875 0.259812628312 0.0337009571269 20.7499762066 0 0.1 0.36538 0.393388429752 60.4587625399 0 0.43888029252
780 5 0.174216027875 0.31959084465 0.0627286350201 16.111951771 0 0.1 0.39465 0.397435897436 49.1501876945 0 0.43888029252
790 5 0.174216027875 0.254588219228 0.0518993660499 12.5916379596 0 0.1 0.44883 0.470219435737 61.6994378123 0 0.43888029252
800 5 0.174216027875 0.234259852227 0.0338495182771 2.69220736709 0 0.1 0.42125 0.444099378882 67.0535298758 0 0.43888029252
810 5 0.203075137801 0.320748491044 0.041683670566 11.2728317189 0 0.1 0.3847 0.370139968896 48.972794693 0 0.43888029252
820 5 0.203075137801 0.344088742023 0.0336099786027 8.3134604429 0 0.1 0.40248 0.389408099688 45.6508687487 0 0.43888029252
830 5 0.203075137801 0.370435510676 0.0534904145368 11.4600879815 0 0.1 0.38859 0.445669291339 42.404007033 0 0.43888029252
840 5 0.203075137801 0.290507408487 0.0386975960365 17.1809852742 0 0.1 0.45149 0.45524691358 54.0707380986 0 0.43888029252
850 5 0.203075137801 0.367448518023 0.038210301681 15.2772897094 0 0.1 0.39942 0.418238993711 42.7487096275 0 0.43888029252
860 5 0.203075137801 0.257359023925 0.0625895109427 14.1658636921 0 0.1 0.41729 0.352459016393 61.035163098 0 0.465219402771
870 5 0.203075137801 0.239438716683 0.0497791802102 12.6190429808 0 0.1 0.41164 0.391447368421 65.6032166294 0 0.465219402771
880 5 0.203075137801 0.332949248597 0.0563274858932 10.735651188 0 0.1 0.34177 0.427701674277 47.1782112925 0 0.465219402771
890 5 0.203075137801 0.235380605782 0.0499494891999 7.56132377925 0 0.1 0.38059 0.406862745098 66.7342576836 0 0.465219402771
900 5 0.203075137801 0.381875595839 0.0466087102081 10.7795108324 0 0.1 0.41352 0.368595041322 41.1336837734 0 0.465219402771
910 5 0.243393602225 0.303942137661 0.0514950123406 16.8832941229 0 0.1 0.40021 0.353140916808 51.6807248935 0 0.465219402771
920 5 0.243393602225 0.324088443219 0.0369366237122 16.1515606933 0 0.1 0.39411 0.43023255814 48.4680966836 0 0.465219402771
930 5 0.243393602225 0.34985851365 0.043393882142 9.11504973968 0 0.1 0.40999 0.372053872054 44.8980070147 0 0.465219402771
940 5 0.243393602225 0.37616532518 0.0669680386995 11.1990459656 0 0.1 0.39665 0.435139573071 41.7581019528 0 0.465219402771
950 5 0.243393602225 0.301912667289 0.0441397476311 15.089996471 0 0.1 0.41961 0.382943143813 52.0281250239 0 0.465219402771
960 5 0.243393602225 0.275367321021 0.0643712334159 5.19508984558 0 0.1 0.38973 0.439807383628 57.0436242826 0 0.465219402771
970 5 0.243393602225 0.341548926283 0.0578466838966 13.3922488354 0 0.1 0.4293 0.426282051282 45.9903363508 0 0.465219402771
980 5 0.243393602225 0.270001372657 0.0388984832638 12.2459447871 0 0.1 0.38735 0.338788870704 58.1772968242 0 0.465219402771
990 5 0.243393602225 0.309989823468 0.014736854499 13.161788092 0 0.1 0.42246 0.366352201258 50.6724699033 0 0.465219402771
1000 5 0.243393602225 0.367100321777 0.0437464824092 8.52629862073 0 0.1 0.40058 0.465331278891 42.7892569638 0 0.465219402771
1010 5 0.303687635575 0.396793352639 0.0540724333794 7.62818249776 0 0.1 0.38467 0.393034825871 39.5872307223 0 0.465219402771
1020 5 0.303687635575 0.342821756672 0.0475515719781 12.5150917016 0 0.1 0.38716 0.38550247117 45.8195831925 0 0.465219402771
1030 5 0.303687635575 0.325215951858 0.0604887262749 12.011466684 0 0.1 0.4285 0.403669724771 48.3000600379 0 0.465219402771
1040 5 0.303687635575 0.366816791424 0.0446219628888 7.68558401251 0 0.1 0.3882 0.364077669903 42.8223308399 0 0.465219402771
1050 5 0.303687635575 0.345084501481 0.0365192794653 18.2924678995 0 0.1 0.42091 0.400326797386 45.5191407687 0 0.465219402771
1060 5 0.303687635575 0.348591157084 0.0425934657345 12.6761313923 0 0.1 0.43391 0.46463022508 45.0612405988 0 0.465219402771
1070 5 0.303687635575 0.346409212502 0.0394815931826 10.7525352455 0 0.1 0.36776 0.397689768977 45.3450700301 0 0.465219402771
1080 5 0.303687635575 0.394982556988 0.0453709010571 7.25195046596 0 0.1 0.43267 0.428792569659 39.7687181929 0 0.465219402771
1090 5 0.303687635575 0.300037970964 0.0461404728009 8.0215082332 0 0.1 0.37215 0.371710526316 52.3532069943 0 0.465219402771
1100 5 0.303687635575 0.348758781929 0.0696436605678 13.778012828 0 0.1 0.37095 0.329617834395 45.039582697 0 0.499149218534
1110 5 0.40369088812 0.433498575007 0.0612325884073 5.06066558316 0 0.1 0.44258 0.360446570973 36.2352978894 0 0.499149218534
1120 5 0.40369088812 0.366939314387 0.0268181382809 12.0328336545 0 0.1 0.38694 0.404458598726 42.8080322389 0 0.499149218534
1130 5 0.40369088812 0.317903201503 0.0264692585677 14.9406011524 0 0.1 0.45227 0.3968 49.411109815 0 0.499149218534
1140 5 0.40369088812 0.387835841784 0.0473375741893 7.84743794556 0 0.1 0.38285 0.371382636656 40.5015429408 0 0.499149218534
1150 5 0.40369088812 0.356223954906 0.0349825444149 10.706133297 0 0.1 0.41167 0.433283358321 44.0957150233 0 0.499149218534
1160 5 0.40369088812 0.366351573944 0.0672839704139 4.5741628262 0 0.1 0.38388 0.388012618297 42.8767094704 0 0.500555744
1170 5 0.40369088812 0.325565258568 0.0408105724817 7.0324972729 0 0.1 0.42312 0.409302325581 48.2482377545 0 0.500555744
1180 5 0.40369088812 0.384904248896 0.0386700695949 3.44080052524 0 0.1 0.37561 0.369529983793 40.8100197518 0 0.500555744
1190 5 0.40369088812 0.37223212657 0.0414154126426 7.12831697142 0 0.1 0.43665 0.471138845554 42.1993398172 0 0.500555744
1200 5 0.40369088812 0.420044949912 0.0360053527218 6.55161605184 0 0.1 0.36981 0.387658227848 37.3958787109 0 0.500555744
1210 5 0.601891659501 0.422491385792 0.052194016866 9.92520448758 0 0.1 0.36761 0.362153344209 37.1793379184 0 0.516117428345
1220 5 0.601891659501 0.425384369158 0.0330189278227 13.4307252531 0 0.1 0.42745 0.438485804416 36.9264861121 0 0.516117428345
1230 5 0.601891659501 0.4743788042 0.0372573686484 9.01034718539 0 0.1 0.38778 0.353135313531 33.1126725329 0 0.516117428345
1240 5 0.601891659501 0.456690245224 0.0384329182369 5.0031336142 0 0.1 0.44634 0.41610738255 34.3951949144 0 0.516117428345
1250 5 0.601891659501 0.454535831765 0.0600552161998 5.56073594797 0 0.1 0.36006 0.342532467532 34.5582216016 0 0.547430547042
1260 5 0.601891659501 0.429006595484 0.0254412435636 3.49746941835 0 0.1 0.48141 0.455538221529 36.6147051475 0 0.547430547042
1270 5 0.601891659501 0.375274662382 0.0350131488373 9.48505999184 0 0.1 0.39434 0.35175879397 41.8572090646 0 0.547430547042
1280 5 0.601891659501 0.397763255243 0.0368508457201 4.34728364791 0 0.1 0.46074 0.433333333333 39.4907015491 0 0.547430547042
1290 5 0.601891659501 0.389166052903 0.0310588888511 10.8765337802 0 0.1 0.41236 0.387722132472 40.3631043428 0 0.547430547042
1300 5 0.601891659501 0.390849950683 0.0381863478978 10.8106332649 0 0.1 0.40032 0.468253968254 40.18920809 0 0.547430547042
1310 5 1.18243243243 0.485663787252 0.0447942119201 2.93963258739 0 0.1 0.36324 0.307073954984 32.3432597042 30 0.582161419918
1320 5 1.18243243243 0.471381285288 0.0454412514494 6.06579833609 0 0.1 0.40084 0.337370242215 33.3232363911 30 0.582161419918
1330 5 1.18243243243 0.568646153842 0.050707295009 2.88204534276 0 0.1 0.33901 0.350076103501 27.6234172936 30 0.582161419918
1340 5 1.18243243243 0.526759780564 0.0361614000859 0.1807188401 0 0.1 0.35617 0.38768718802 29.8199493955 30 0.592668113763
1350 5 1.18243243243 0.465230222769 0.0410446045808 7.74588429929 0 0.1 0.42006 0.46935483871 33.7638210745 30 0.592668113763
1360 5 1.18243243243 0.512425755542 0.0282825858442 0.609010226216 0 0.1 0.39807 0.373205741627 30.6540993112 30 0.592668113763
1370 5 1.18243243243 0.506091493328 0.0399699075795 7.99744561902 0 0.1 0.439 0.439937597504 31.0377672952 30 0.592668113763
1380 5 1.18243243243 0.545815779116 0.0281469150882 0.0967584446764 0 0.1 0.39025 0.415360501567 28.7788492034 30 0.592668113763
1390 5 1.18243243243 0.480972645744 0.0284696066598 0.137071028876 0 0.1 0.41871 0.385878489327 32.6587179936 30 0.592668113763
1400 5 1.18243243243 0.551592239161 0.0310632241259 0.144963171477 0 0.1 0.39167 0.401840490798 28.477467384 30 0.592668113763
1410 5 33.3333333333 0.664277227836 0.0193474051113 0.074514306739 0 0.1 0.52519 0.449300699301 23.6466784375 290 0.670617070978
1420 5 33.3333333333 0.662475100892 0.00202125526754 0.000196425127485 0 0.1 0.37757 0.309836065574 23.7110043515 290 0.670617070978
1430 5 33.3333333333 0.667847791871 0.00253411076387 0.00049854465356 0 0.1 0.43283 0.348958333333 23.520254452 290 0.670617070978
1440 5 33.3333333333 0.663483604959 0.00191639262267 9.58773529056e-05 0 0.1 0.33472 0.308441558442 23.6749633037 290 0.670617070978
1450 5 33.3333333333 0.659453581659 0.00225578027155 0.00047171316999 0 0.1 0.45583 0.397129186603 23.8196446829 290 0.670617070978
1460 5 33.3333333333 0.658917310737 0.00336896898391 0.000723441547593 0 0.1 0.41388 0.421052631579 23.8390307009 290 0.670617070978
1470 5 33.3333333333 0.660860559011 0.00372727190126 0.00061086534677 0 0.1 0.3246 0.394611727417 23.7689324712 290 0.671163542208
1480 5 33.3333333333 0.66700414474 0.00270102369873 0.000226211187383 0 0.1 0.38514 0.411944869832 23.5500035852 290 0.671163542208
1490 5 33.3333333333 0.663898525659 0.00200207934317 0.000774509212494 0 0.1 0.45811 0.397350993377 23.6601670179 290 0.671163542208
1500 5 33.3333333333 0.669541219509 0.0026003384735 0.000571750958237 0 0.1 0.37217 0.404724409449 23.4607661818 290 0.671163542208
