423.958925263,259.538308349,64.6373004253,0.0
439.708358649,69.3462435149,64.6373004253,0.0
179.847400427,420.594346765,64.6373004253,0.0
76.0990751341,309.498590777,64.6373004253,0.0
267.611083989,295.929236811,64.6373004253,0.0
@ 10 10 0.0873362445415 0.250349084718
432.647163214,191.877145211,59.9353140164,0.0
307.049204469,72.0638410206,59.9353140164,0.0
129.735560466,382.783755563,59.9353140164,0.0
125.895250669,172.4717764,59.9353140164,0.0
378.003399651,369.484068829,59.9353140164,0.0
@ 20 10 0.0873362445415 0.215250990382
318.199908975,391.379694014,58.2923136693,0.0
296.001140463,86.1348179698,58.2923136693,0.0
425.230350846,439.526750097,58.2923136693,0.0
148.862176862,423.859936138,58.2923136693,0.0
96.3643842179,75.533180491,58.2923136693,0.0
@ 30 10 0.0873362445415 0.203611439621
134.38169865,74.0796859975,56.5516815989,0.0
441.015930125,453.553837013,56.5516815989,0.0
129.998568333,322.529307237,56.5516815989,0.0
401.656914842,126.79074847,56.5516815989,0.0
295.262986611,257.554341785,56.5516815989,0.0
@ 40 10 0.0873362445415 0.191633148559
441.184922466,134.35805913,66.5651003808,0.0
330.545845907,431.301057848,66.5651003808,0.0
247.581865025,219.860723349,66.5651003808,0.0
72.3987639961,147.040739226,66.5651003808,0.0
285.313529075,84.991522317,66.5651003808,0.0
@ 50 10 0.0873362445415 0.265505040732
338.578863611,400.914076444,59.3005709185,0.0
262.354519634,272.590696206,59.3005709185,0.0
451.879014563,342.303189669,59.3005709185,0.0
261.424455521,61.77559878,59.3005709185,0.0
132.592755836,302.744016219,59.3005709185,0.0
@ 60 10 0.0873362445415 0.210715914538
200.3353826,235.069132484,64.5971616062,0.0
130.589767453,359.632745197,64.5971616062,0.0
169.63737761,106.792814607,64.5971616062,0.0
325.084440968,81.7213793547,64.5971616062,0.0
384.821235698,334.642179008,64.5971616062,0.0
@ 70 10 0.0873362445415 0.250038255011
298.011631686,132.431986699,51.3808665305,0.0
117.616569078,442.91516541,51.3808665305,0.0
94.8977454361,243.92425269,51.3808665305,0.0
76.2354261614,103.888432323,51.3808665305,0.0
326.563850153,421.264206027,51.3808665305,0.0
@ 80 10 0.0873362445415 0.158191242375
156.26852222,81.4585784673,64.5125868694,0.0
398.046573132,432.185178021,64.5125868694,0.0
341.660888306,84.0528867643,64.5125868694,0.0
328.594457822,303.167725576,64.5125868694,0.0
71.4634234689,276.876727267,64.5125868694,0.0
@ 90 10 0.0873362445415 0.249383951459
443.200379199,232.129200454,57.1813900323,0.0
331.639170779,119.75716721,57.1813900323,0.0
101.529375605,77.9332673184,57.1813900323,0.0
335.464084323,358.46377647,57.1813900323,0.0
231.336400556,195.233641772,57.1813900323,0.0
@ 100 10 0.0873362445415 0.19592461644
252.636818878,233.67516407,62.8165456289,0.0
417.122588942,174.793366275,62.8165456289,0.0
186.72767,406.960708076,62.8165456289,0.0
77.8986306534,115.294592636,62.8165456289,0.0
118.780064107,243.543912624,62.8165456289,0.0
@ 110 10 0.0940354648039 0.236443668388
406.253149255,387.466814801,50.2845050423,0.0
299.991843306,195.214098888,50.2845050423,0.0
415.950465121,152.066774519,50.2845050423,0.0
195.015271472,431.761905591,50.2845050423,0.0
344.682305794,294.879715942,50.2845050423,0.0
@ 120 10 0.0940354648039 0.15151231975
253.465179198,130.192667254,64.3965137189,0.0
316.441682098,318.706809004,64.3965137189,0.0
263.933154044,437.429142331,64.3965137189,0.0
80.5041012666,264.925669803,64.3965137189,0.0
118.723091816,86.8250436613,64.3965137189,0.0
@ 130 10 0.0940354648039 0.248487359295
270.881948235,65.0048202815,56.7757027153,0.0
276.166683952,187.086166288,56.7757027153,0.0
101.925934037,100.25060884,56.7757027153,0.0
94.2865493017,403.867644202,56.7757027153,0.0
349.651087646,402.664102956,56.7757027153,0.0
@ 140 10 0.0940354648039 0.193154408435
384.221413865,430.243756235,74.9855839171,0.0
185.463696502,83.6663784188,74.9855839171,0.0
181.538801378,234.385608571,74.9855839171,0.0
362.027689411,264.79860112,74.9855839171,0.0
360.220436478,114.419594315,74.9855839171,0.0
@ 150 10 0.0940354648039 0.336926479142
65.9938141621,302.002274432,55.1376495406,0.0
255.686838022,79.9822852319,55.1376495406,0.0
456.852321329,302.137621299,55.1376495406,0.0
368.503949512,93.4132841228,55.1376495406,0.0
190.581559025,272.936328446,55.1376495406,0.0
@ 160 10 0.0940354648039 0.18216967585
408.289022737,135.885248446,58.6903247574,0.0
85.1840044185,204.688836307,58.6903247574,0.0
284.184055338,118.85035665,58.6903247574,0.0
451.278217928,436.254692499,58.6903247574,0.0
425.736946359,308.19588182,58.6903247574,0.0
@ 170 10 0.0940354648039 0.206401388024
443.799182265,247.427567036,58.524659071,0.0
63.8656084409,119.350941715,58.524659071,0.0
65.6423064113,420.822745321,58.524659071,0.0
230.142097686,234.127012818,58.524659071,0.0
356.854467648,359.325041978,58.524659071,0.0
@ 180 10 0.0940354648039 0.205237810605
80.6427369656,215.449032849,59.061523657,0.0
423.971762292,69.2491138219,59.061523657,0.0
222.566081674,413.033041927,59.061523657,0.0
407.003276875,452.121852992,59.061523657,0.0
437.692349558,287.984128051,59.061523657,0.0
@ 190 10 0.0940354648039 0.209020499609
323.233889583,215.17432743,62.1744581514,0.0
98.4617843404,436.21252219,62.1744581514,0.0
446.46502691,380.191787045,62.1744581514,0.0
72.7926464615,287.495568355,62.1744581514,0.0
135.733930187,86.8737919493,62.1744581514,0.0
@ 200 10 0.0940354648039 0.231634693114
405.970938423,235.382833808,65.9557130186,0.0
143.164169472,154.230241341,65.9557130186,0.0
253.467244419,232.065835339,65.9557130186,0.0
108.991425753,331.782584927,65.9557130186,0.0
327.656025392,115.008641447,65.9557130186,0.0
@ 210 10 0.101847810272 0.260666023993
117.678803358,176.2670533,49.9014816913,0.0
145.237336483,68.6176084783,49.9014816913,0.0
457.111561879,387.019593691,49.9014816913,0.0
340.757031284,370.640125748,49.9014816913,0.0
318.670853131,98.7679715454,49.9014816913,0.0
@ 220 10 0.101847810272 0.149212934084
441.214883997,370.183951717,62.5355622652,0.0
226.853247519,291.431607138,62.5355622652,0.0
123.699145895,382.915156572,62.5355622652,0.0
410.169199371,177.247958766,62.5355622652,0.0
82.9386083717,126.514373911,62.5355622652,0.0
@ 230 10 0.101847810272 0.234333136896
251.709914879,68.147616707,62.1597811024,0.0
403.500851,98.8667275604,62.1597811024,0.0
351.109538865,412.782845515,62.1597811024,0.0
91.3101996253,275.627072486,62.1597811024,0.0
106.261589689,81.7784081224,62.1597811024,0.0
@ 240 10 0.101847810272 0.231525345559
207.06814976,219.10264349,58.3541125185,0.0
88.4885126874,119.203281028,58.3541125185,0.0
410.604368668,338.304201934,58.3541125185,0.0
333.518009495,187.163581614,58.3541125185,0.0
141.863961756,333.378993052,58.3541125185,0.0
@ 250 10 0.101847810272 0.204043387567
452.930653892,362.00905841,58.7943211428,0.0
276.385788906,368.57281798,58.7943211428,0.0
151.059720808,178.415658767,58.7943211428,0.0
262.320200573,251.774237144,58.7943211428,0.0
95.3304025963,344.068967575,58.7943211428,0.0
@ 260 10 0.101847810272 0.207133502417
119.156671839,165.914827125,66.0690874736,0.0
376.180342199,375.410609638,66.0690874736,0.0
225.801698004,67.1011629858,66.0690874736,0.0
365.506616515,134.456486119,66.0690874736,0.0
193.790721376,323.055910007,66.0690874736,0.0
@ 270 10 0.101847810272 0.261562936997
111.906097048,308.023786999,65.1857289667,0.0
413.356458308,161.91198396,65.1857289667,0.0
198.299740696,443.153127992,65.1857289667,0.0
253.72219532,106.526849687,65.1857289667,0.0
349.047644627,372.514909163,65.1857289667,0.0
@ 280 10 0.101847810272 0.254615384566
343.052563578,134.290209188,62.2419339774,0.0
376.529931291,304.196800467,62.2419339774,0.0
171.438978402,151.922414899,62.2419339774,0.0
73.436229988,237.285928523,62.2419339774,0.0
240.076937815,267.379692681,62.2419339774,0.0
@ 290 10 0.101847810272 0.232137736451
442.233249432,271.706981818,68.6256447729,0.0
274.783829943,195.706126992,68.6256447729,0.0
390.828774048,434.29273264,68.6256447729,0.0
188.261890336,386.633699763,68.6256447729,0.0
123.186024589,253.216545205,68.6256447729,0.0
@ 300 10 0.101847810272 0.282197046474
147.959744854,358.691367082,59.5353365684,0.0
419.374183917,109.641293954,59.5353365684,0.0
402.940331064,369.257797006,59.5353365684,0.0
267.101329807,297.853452546,59.5353365684,0.0
252.751267744,176.309136318,59.5353365684,0.0
@ 310 10 0.111075848937 0.212387627954
190.377485179,451.37641713,60.393177814,0.0
222.298040249,86.8591362946,60.393177814,0.0
321.603716056,393.927805722,60.393177814,0.0
406.437478086,219.016317839,60.393177814,0.0
79.9579026262,369.839866494,60.393177814,0.0
@ 320 10 0.111075848937 0.218552285638
437.943541873,404.097455132,51.084631708,0.0
439.842035415,295.902930267,51.084631708,0.0
70.7572289741,430.279040809,51.084631708,0.0
156.948099918,146.79189449,51.084631708,0.0
205.277062254,409.656359784,51.084631708,0.0
@ 330 10 0.111075848937 0.156372407164
132.155733897,169.614411429,57.4727090225,0.0
321.703109918,238.173073856,57.4727090225,0.0
64.3889609456,397.011927924,57.4727090225,0.0
276.820640488,127.860858325,57.4727090225,0.0
229.513038024,343.482272326,57.4727090225,0.0
@ 340 10 0.111075848937 0.197926035217
177.821397458,349.521819282,68.0626476682,0.0
341.411677867,101.076897065,68.0626476682,0.0
145.923482174,133.280063053,68.0626476682,0.0
278.819869865,253.416349054,68.0626476682,0.0
393.025812783,382.726390013,68.0626476682,0.0
@ 350 10 0.111075848937 0.277585813466
431.34626908,344.042733518,60.9783841401,0.0
72.5976550911,167.953802653,60.9783841401,0.0
245.314447404,104.826381034,60.9783841401,0.0
236.047038709,396.323739263,60.9783841401,0.0
184.381411903,261.985957536,60.9783841401,0.0
@ 360 10 0.111075848937 0.222808324074
198.432576887,315.20613767,60.2030411916,0.0
112.122112662,105.873823798,60.2030411916,0.0
138.209123832,420.639558581,60.2030411916,0.0
445.201226224,352.594223809,60.2030411916,0.0
342.251277382,278.720706961,60.2030411916,0.0
@ 370 10 0.111075848937 0.217178309929
308.913432711,159.198523948,53.8145230327,0.0
150.61498172,222.238259578,53.8145230327,0.0
273.024864291,396.953120254,53.8145230327,0.0
120.758291148,387.592434156,53.8145230327,0.0
143.804104133,91.2451078174,53.8145230327,0.0
@ 380 10 0.111075848937 0.17353160318
112.512099809,195.593706079,58.7492526095,0.0
294.562442476,144.753779954,58.7492526095,0.0
306.514366917,432.503772823,58.7492526095,0.0
89.1150856604,425.542560644,58.7492526095,0.0
357.549737569,285.534319058,58.7492526095,0.0
@ 390 10 0.111075848937 0.206816069541
108.495220934,210.385812084,78.3251227567,0.0
302.072931238,244.962922346,78.3251227567,0.0
387.893989901,413.508014729,78.3251227567,0.0
258.483003127,89.7898150227,78.3251227567,0.0
147.785179262,365.057764523,78.3251227567,0.0
@ 400 10 0.111075848937 0.367605293575
449.64025355,425.964775535,52.5879808611,0.0
68.6614279147,221.736378817,52.5879808611,0.0
378.669873203,342.147591057,52.5879808611,0.0
96.2006017559,335.453654038,52.5879808611,0.0
453.957739647,54.0813820244,52.5879808611,0.0
@ 410 10 0.122142732507 0.165711474108
97.5633607632,310.927410288,61.6430145568,0.0
267.294404061,238.376217098,61.6430145568,0.0
338.112788574,126.462478875,61.6430145568,0.0
442.221941042,240.143911791,61.6430145568,0.0
374.37859606,413.173281918,61.6430145568,0.0
@ 420 10 0.122142732507 0.227691766442
282.415355967,381.702167357,63.8580655892,0.0
345.742417089,66.2459356237,63.8580655892,0.0
70.0470393109,272.173436559,63.8580655892,0.0
282.634088468,231.485970634,63.8580655892,0.0
83.4152484817,414.090120193,63.8580655892,0.0
@ 430 10 0.122142732507 0.244349303505
248.247050648,83.2172957548,72.9545355202,0.0
430.080014481,178.140307374,72.9545355202,0.0
264.690303606,398.153420466,72.9545355202,0.0
119.415232841,189.217087459,72.9545355202,0.0
433.801164507,328.96208154,72.9545355202,0.0
@ 440 10 0.122142732507 0.318921781797
238.300859109,265.806887576,61.020370907,0.0
449.4411051,237.030964616,61.020370907,0.0
91.6993608861,66.7118637181,61.020370907,0.0
207.602899433,409.148882429,61.020370907,0.0
279.087038597,84.046476659,61.020370907,0.0
@ 450 10 0.122142732507 0.223115259786
417.749583593,181.873356848,56.7469348212,0.0
89.9126531883,365.752378415,56.7469348212,0.0
324.621278244,429.445991933,56.7469348212,0.0
280.1969244,144.687316158,56.7469348212,0.0
74.7810615172,218.151500797,56.7469348212,0.0
@ 460 10 0.122142732507 0.192958717759
304.664465422,113.139150975,58.6267805955,0.0
106.852291148,380.593053643,58.6267805955,0.0
416.120753336,156.669496581,58.6267805955,0.0
148.721276435,245.572977579,58.6267805955,0.0
315.286684271,398.572270698,58.6267805955,0.0
@ 470 10 0.122142732507 0.205954687375
165.743474255,423.643886281,62.7223477826,0.0
435.887505457,101.233445291,62.7223477826,0.0
356.798972083,243.603427298,62.7223477826,0.0
346.852676664,424.01313568,62.7223477826,0.0
196.968706902,298.471373514,62.7223477826,0.0
@ 480 10 0.122142732507 0.235735072124
414.793192234,64.2542536471,61.0233849369,0.0
446.176920594,321.765491411,61.0233849369,0.0
157.354192102,360.625953446,61.0233849369,0.0
264.998354949,272.623340505,61.0233849369,0.0
283.027778379,84.6150121067,61.0233849369,0.0
@ 490 10 0.122142732507 0.223137301366
135.09387784,396.998465037,55.6183689132,0.0
282.648364461,69.706737584,55.6183689132,0.0
432.921084284,138.776976202,55.6183689132,0.0
430.836698694,313.513728579,55.6183689132,0.0
412.620513567,439.869650242,55.6183689132,0.0
@ 500 10 0.122142732507 0.185360027444
417.926415144,137.807841351,70.7378903682,0.0
95.746250346,354.039401948,70.7378903682,0.0
83.2167939042,84.4763365961,70.7378903682,0.0
381.820725799,378.210312412,70.7378903682,0.0
283.275974977,229.039122161,70.7378903682,0.0
@ 510 10 0.135658914729 0.299836013795
326.409632153,260.955654202,67.7772132421,0.0
408.861030671,409.95325049,67.7772132421,0.0
401.215313584,145.631465777,67.7772132421,0.0
142.047596431,128.217963528,67.7772132421,0.0
94.312128886,343.435237422,67.7772132421,0.0
@ 520 10 0.135658914729 0.275262471332
354.593125834,157.378020161,65.4465957698,0.0
383.766898864,288.709059768,65.4465957698,0.0
73.163956108,79.7050683831,65.4465957698,0.0
132.418072793,197.883417193,65.4465957698,0.0
244.452568662,435.903418909,65.4465957698,0.0
@ 530 10 0.135658914729 0.256657353167
91.7080145052,424.208989539,81.0270025139,0.0
429.828674285,177.742394937,81.0270025139,0.0
299.824489827,353.563656295,81.0270025139,0.0
242.013529338,165.514188815,81.0270025139,0.0
91.204331509,85.6201483609,81.0270025139,0.0
@ 540 10 0.135658914729 0.393404328818
114.668588587,424.117009636,67.8427219743,0.0
234.462361378,192.611119721,67.8427219743,0.0
88.8203068831,90.721528057,67.8427219743,0.0
259.798066314,414.471488157,67.8427219743,0.0
359.678924219,93.8672540816,67.8427219743,0.0
@ 550 10 0.135658914729 0.275794827531
99.8060202225,177.654399031,77.490169418,0.0
309.122320296,434.209618468,77.490169418,0.0
117.117107408,354.466741102,77.490169418,0.0
391.134055958,88.7477764019,77.490169418,0.0
427.667693346,261.684372827,77.490169418,0.0
@ 560 10 0.135658914729 0.359809651835
102.074394053,85.8932410755,83.9982206307,0.0
396.231655527,116.64390744,83.9982206307,0.0
181.479346206,378.540529493,83.9982206307,0.0
235.315682285,205.251971896,83.9982206307,0.0
382.604602832,427.582884419,83.9982206307,0.0
@ 570 10 0.135658914729 0.422785185275
292.51001215,81.3845550595,74.2275106918,0.0
380.895736752,420.72119945,74.2275106918,0.0
399.829986434,256.289251957,74.2275106918,0.0
85.0852379366,74.8412491594,74.2275106918,0.0
113.286644693,432.170007202,74.2275106918,0.0
@ 580 10 0.135658914729 0.33014853971
82.6827368417,93.8633123727,69.4592818627,0.0
312.538329519,273.322148389,69.4592818627,0.0
248.261167815,106.585753802,69.4592818627,0.0
142.632244925,256.8997203,69.4592818627,0.0
441.444871445,386.440835758,69.4592818627,0.0
@ 590 10 0.135658914729 0.28909472406
425.350866043,98.903682149,76.9623644663,0.0
237.419602509,227.834178064,76.9623644663,0.0
324.605691969,412.44076185,76.9623644663,0.0
90.39598017,302.714223816,76.9623644663,0.0
153.75992185,86.3847658069,76.9623644663,0.0
@ 600 10 0.135658914729 0.354924837222
440.326998051,423.655120619,60.1374806899,0.0
385.421869031,278.603389859,60.1374806899,0.0
191.371611486,384.331039509,60.1374806899,0.0
119.687519046,91.7081570285,60.1374806899,0.0
162.420998039,244.970922953,60.1374806899,0.0
@ 610 10 0.152538679451 0.216705557523
241.2091633,237.139347599,87.6993562586,0.0
403.095402092,418.91672598,87.6993562586,0.0
113.006145768,109.211823059,87.6993562586,0.0
107.244121119,364.284692541,87.6993562586,0.0
413.923779152,132.356030438,87.6993562586,0.0
@ 620 10 0.152538679451 0.460863590783
329.626360078,328.124391739,56.9497211629,0.0
367.4409721,116.612259607,56.9497211629,0.0
207.378849455,162.117284042,56.9497211629,0.0
103.421993763,58.0413350038,56.9497211629,0.0
218.171565548,352.048115283,56.9497211629,0.0
@ 630 10 0.152538679451 0.194340265765
256.911933938,411.160593544,79.9904432535,0.0
425.314716535,91.6065631844,79.9904432535,0.0
93.7145739331,415.622578764,79.9904432535,0.0
279.096489282,252.551973745,79.9904432535,0.0
118.308637587,231.975443187,79.9904432535,0.0
@ 640 10 0.152538679451 0.383403254438
208.042094761,300.208211426,70.4121084837,0.0
390.631692598,238.54131457,70.4121084837,0.0
276.569892308,154.344778681,70.4121084837,0.0
74.6858497064,107.563191244,70.4121084837,0.0
413.002436456,74.2083228829,70.4121084837,0.0
@ 650 10 0.152538679451 0.297080596384
182.35135817,81.6844440113,71.2935708248,0.0
148.533378563,401.854674296,71.2935708248,0.0
301.669420721,416.196679925,71.2935708248,0.0
77.1312693215,262.569476741,71.2935708248,0.0
416.972624864,85.0502192287,71.2935708248,0.0
@ 660 10 0.152538679451 0.304565231057
431.621134764,358.790118554,74.7976417497,0.0
116.556530215,180.053495746,74.7976417497,0.0
110.925322805,363.298626165,74.7976417497,0.0
255.884954191,93.4177164173,74.7976417497,0.0
286.827054534,411.659670448,74.7976417497,0.0
@ 670 10 0.152538679451 0.335239665912
447.976334005,421.166811376,64.0224788848,0.0
118.679024239,99.8179157407,64.0224788848,0.0
391.46493717,303.795438127,64.0224788848,0.0
430.580158846,68.7119379874,64.0224788848,0.0
265.20673341,131.002146653,64.0224788848,0.0
@ 680 10 0.152538679451 0.245609159769
130.886511715,117.837957255,70.3462902678,0.0
399.560744942,130.595813967,70.3462902678,0.0
256.175124115,285.105052089,70.3462902678,0.0
128.273744979,392.449169381,70.3462902678,0.0
410.18585656,322.343028309,70.3462902678,0.0
@ 690 10 0.152538679451 0.296525459592
112.154613577,427.659158958,77.6419862489,0.0
382.30369866,270.508128734,77.6419862489,0.0
201.506825633,204.35272718,77.6419862489,0.0
401.518392572,426.873435466,77.6419862489,0.0
336.52603038,108.796769732,77.6419862489,0.0
@ 700 10 0.152538679451 0.361220893328
417.725309524,305.689828072,69.7306927672,0.0
92.9774283994,195.400394706,69.7306927672,0.0
295.05073815,72.2892666145,69.7306927672,0.0
182.774865101,370.475693292,69.7306927672,0.0
434.961011969,91.8492919547,69.7306927672,0.0
@ 710 10 0.174216027875 0.291358403031
450.849665093,380.070724701,56.0982545994,0.0
312.119971871,386.435824524,56.0982545994,0.0
374.628904456,186.64161482,56.0982545994,0.0
189.287693351,151.131713855,56.0982545994,0.0
124.454649975,422.597221599,56.0982545994,0.0
@ 720 10 0.174216027875 0.188572468634
251.15751159,167.230824145,69.2908549369,0.0
275.068725373,394.658291109,69.2908549369,0.0
378.370290509,94.9289151723,69.2908549369,0.0
78.7799284446,424.847508954,69.2908549369,0.0
427.351026199,346.308279879,69.2908549369,0.0
@ 730 10 0.174216027875 0.287694412965
415.367288376,405.910339631,69.6982780295,0.0
122.05412817,244.421555745,69.6982780295,0.0
217.029089154,115.452914232,69.6982780295,0.0
76.4346187964,433.962359667,69.6982780295,0.0
425.430394144,78.953165432,69.6982780295,0.0
@ 740 10 0.174216027875 0.291087586531
225.216519359,319.809834993,61.8316727576,0.0
434.029332701,225.728270369,61.8316727576,0.0
148.370666015,128.423163466,61.8316727576,0.0
83.3266772366,240.200768531,61.8316727576,0.0
300.431374274,71.0928390449,61.8316727576,0.0
@ 750 10 0.174216027875 0.229087598638
245.717909789,109.592875241,70.6281823114,0.0
100.683990296,315.945265648,70.6281823114,0.0
416.432260453,422.682046302,70.6281823114,0.0
241.11671283,257.560591066,70.6281823114,0.0
432.618116929,281.323264803,70.6281823114,0.0
@ 760 10 0.174216027875 0.298906698032
369.713604112,372.253467852,72.2667111746,0.0
115.877694368,100.175656546,72.2667111746,0.0
110.169971317,326.161526954,72.2667111746,0.0
419.75940232,179.815124512,72.2667111746,0.0
268.414103842,213.470663337,72.2667111746,0.0
@ 770 10 0.174216027875 0.312936462925
141.711566474,428.168492054,60.9871778416,0.0
139.390403114,248.730553765,60.9871778416,0.0
353.986671228,438.294736631,60.9871778416,0.0
356.028453296,107.505290262,60.9871778416,0.0
136.256366563,107.604272876,60.9871778416,0.0
@ 780 10 0.174216027875 0.222872591149
396.595546757,416.1568424,88.6913528881,0.0
91.0800649356,193.512564837,88.6913528881,0.0
268.487641521,246.573395863,88.6913528881,0.0
199.973382066,418.366643528,88.6913528881,0.0
361.74229275,93.2059597124,88.6913528881,0.0
@ 790 10 0.174216027875 0.471348519713
423.967553184,124.665142471,76.2560296746,0.0
88.7795614513,221.278915063,76.2560296746,0.0
273.490184708,240.03214593,76.2560296746,0.0
377.218819359,383.483467751,76.2560296746,0.0
83.7733496865,386.705973476,76.2560296746,0.0
@ 800 10 0.174216027875 0.348439969927
301.872590868,236.912689661,70.7439393653,0.0
78.0201120971,319.045302862,70.7439393653,0.0
289.976758923,92.9965819975,70.7439393653,0.0
96.957867138,171.703935936,70.7439393653,0.0
440.992391551,403.874343632,70.7439393653,0.0
@ 810 10 0.203075137801 0.29988729564
198.747084374,434.824864003,62.0939354498,0.0
215.50916702,141.182409834,62.0939354498,0.0
271.584026652,311.084964475,62.0939354498,0.0
105.663822041,202.087648196,62.0939354498,0.0
443.053276253,142.811685328,62.0939354498,0.0
@ 820 10 0.203075137801 0.231035097275
188.73404277,66.5262413015,62.0663188387,0.0
93.8859003741,191.638917005,62.0663188387,0.0
214.519061471,360.719548233,62.0663188387,0.0
360.463282458,199.065054189,62.0663188387,0.0
360.990747752,441.472844469,62.0663188387,0.0
@ 830 10 0.203075137801 0.230829634776
101.291302523,67.7699675107,65.7951408911,0.0
253.909845246,226.313614606,65.7951408911,0.0
422.472240871,283.188832983,65.7951408911,0.0
149.181484782,335.073942949,65.7951408911,0.0
331.397228734,398.36620619,65.7951408911,0.0
@ 840 10 0.203075137801 0.25939836282
303.44668428,114.202330786,75.5107164048,0.0
410.163132247,406.035334294,75.5107164048,0.0
169.555664584,282.784124909,75.5107164048,0.0
127.929656073,77.745954559,75.5107164048,0.0
228.414420627,424.872373651,75.5107164048,0.0
@ 850 10 0.203075137801 0.341662071368
237.782755752,93.5700020565,78.8781471846,0.0
125.103611784,404.001007831,78.8781471846,0.0
426.435441445,87.3996011082,78.8781471846,0.0
349.933875996,275.221321728,78.8781471846,0.0
121.65578639,241.011012158,78.8781471846,0.0
@ 860 10 0.203075137801 0.372814666863
324.060017052,400.3570089,57.1277210476,0.0
276.248746447,158.714462996,57.1277210476,0.0
436.543809922,337.293953982,57.1277210476,0.0
75.9184038905,313.500540402,57.1277210476,0.0
112.830064074,65.7488405496,57.1277210476,0.0
@ 870 10 0.203075137801 0.195557009404
430.379711353,338.135567753,71.2288270026,0.0
98.6647700672,81.0425950246,71.2288270026,0.0
72.2334557585,428.32457614,71.2288270026,0.0
241.158961258,215.903436169,71.2288270026,0.0
319.569129216,439.491450142,71.2288270026,0.0
@ 880 10 0.203075137801 0.304012312656
410.803559175,279.482758864,70.7279125597,0.0
94.6459063925,387.068332344,70.7279125597,0.0
205.249978378,148.438150661,70.7279125597,0.0
374.858927187,73.1221864264,70.7279125597,0.0
276.304022543,327.970505533,70.7279125597,0.0
@ 890 10 0.203075137801 0.29975143408
116.456724883,440.515863568,66.7834200146,0.0
419.017386551,309.131600137,66.7834200146,0.0
102.585663028,110.328655678,66.7834200146,0.0
317.397225203,204.715201777,66.7834200146,0.0
427.579239562,112.2416444,66.7834200146,0.0
@ 900 10 0.203075137801 0.267249498997
214.568267836,327.847113002,76.8825539996,0.0
404.604673881,245.961916693,76.8825539996,0.0
93.5741339239,186.930028762,76.8825539996,0.0
322.506932691,110.645153458,76.8825539996,0.0
398.981236872,428.955355975,76.8825539996,0.0
@ 910 10 0.243393602225 0.354189100227
89.8091343498,191.523727292,68.5743525816,0.0
304.578913653,361.615551455,68.5743525816,0.0
435.808817744,228.848475406,68.5743525816,0.0
165.176614548,365.937527038,68.5743525816,0.0
225.295579293,168.195682438,68.5743525816,0.0
@ 920 10 0.243393602225 0.281775364589
265.523063793,304.812843706,73.5474036822,0.0
170.856742935,426.40173704,73.5474036822,0.0
146.647643219,116.581301731,73.5474036822,0.0
113.429105563,273.425588263,73.5474036822,0.0
401.08865017,396.989733709,73.5474036822,0.0
@ 930 10 0.243393602225 0.324126306692
422.179520283,386.996070136,74.979598153,0.0
89.8100943086,418.204536382,74.979598153,0.0
426.962143034,193.20523253,74.979598153,0.0
193.907364113,118.542798407,74.979598153,0.0
243.155902434,412.193211927,74.979598153,0.0
@ 940 10 0.243393602225 0.336872690618
258.459732213,274.702587952,70.5376258676,0.0
413.485206436,198.005150505,70.5376258676,0.0
90.1543347386,164.429884519,70.5376258676,0.0
134.711997545,371.850943619,70.5376258676,0.0
241.26196884,117.883431326,70.5376258676,0.0
@ 950 10 0.243393602225 0.298140698567
89.0335849594,301.033246856,69.2300811292,0.0
207.287386859,381.184908755,69.2300811292,0.0
433.500290839,235.380095541,69.2300811292,0.0
398.281587392,396.273557239,69.2300811292,0.0
268.583447566,230.920153313,69.2300811292,0.0
@ 960 10 0.243393602225 0.287189970716
241.403784278,422.528346379,75.1462083444,0.0
319.524101911,110.964591535,75.1462083444,0.0
134.6058602,85.5202419661,75.1462083444,0.0
405.798229631,343.305483604,75.1462083444,0.0
127.586726496,278.762652923,75.1462083444,0.0
@ 970 10 0.243393602225 0.338371465841
353.220380505,419.623058718,71.7919127513,0.0
129.15051652,430.357957983,71.7919127513,0.0
345.857234931,88.936124888,71.7919127513,0.0
375.213909128,267.919604667,71.7919127513,0.0
87.6657589925,99.782152704,71.7919127513,0.0
@ 980 10 0.243393602225 0.308837932925
82.6416790862,108.658782142,70.3067203194,0.0
138.942928157,405.193652639,70.3067203194,0.0
419.701889892,90.5440549911,70.3067203194,0.0
338.220100151,417.11818096,70.3067203194,0.0
164.115075483,256.180010702,70.3067203194,0.0
@ 990 10 0.243393602225 0.296191960923
327.992494356,306.961477644,86.0927320061,0.0
199.161206819,93.6336348469,86.0927320061,0.0
422.315340386,152.198914333,86.0927320061,0.0
134.955913609,422.03109872,86.0927320061,0.0
96.346231083,240.866935879,86.0927320061,0.0
@ 1000 10 0.243393602225 0.444132513379
415.141860314,415.389499024,85.096804171,0.0
177.441662691,148.991553112,85.096804171,0.0
119.054464078,409.843675892,85.096804171,0.0
328.786300131,257.967287238,85.096804171,0.0
425.359411398,86.5444300136,85.096804171,0.0
@ 1010 10 0.303687635575 0.433916424229
383.857729874,393.477634414,89.5973026667,0.0
241.196486549,251.916684503,89.5973026667,0.0
392.028275459,149.104070504,89.5973026667,0.0
102.506337925,108.232745448,89.5973026667,0.0
127.647931188,395.535745842,89.5973026667,0.0
@ 1020 10 0.303687635575 0.481027005608
236.998856377,119.918227808,70.0104740762,0.0
106.017703183,407.763202044,70.0104740762,0.0
235.920355837,285.199985228,70.0104740762,0.0
90.926364937,190.802801463,70.0104740762,0.0
371.824114206,247.303095019,70.0104740762,0.0
@ 1030 10 0.303687635575 0.293701135255
246.725593031,250.654130478,78.2056008882,0.0
427.994839575,189.646057699,78.2056008882,0.0
411.738980666,355.262877056,78.2056008882,0.0
160.520243227,403.393427207,78.2056008882,0.0
114.423828165,120.922532612,78.2056008882,0.0
@ 1040 10 0.303687635575 0.366484239516
345.397125285,266.481859154,79.8780890894,0.0
116.921009695,411.085492915,79.8780890894,0.0
162.036171398,207.176106904,79.8780890894,0.0
314.769908107,100.718648267,79.8780890894,0.0
427.293902878,424.464085794,79.8780890894,0.0
@ 1050 10 0.303687635575 0.38232695838
133.870353974,100.797173174,74.544447012,0.0
429.747472911,311.800170118,74.544447012,0.0
120.483516861,379.841139348,74.544447012,0.0
294.047992038,207.788887617,74.544447012,0.0
413.428568836,89.1598752287,74.544447012,0.0
@ 1060 10 0.303687635575 0.332973892456
224.069663086,443.146406394,65.8453166255,0.0
77.530309887,82.0886136728,65.8453166255,0.0
375.147703147,375.045218283,65.8453166255,0.0
225.432523975,194.010667399,65.8453166255,0.0
368.594763499,78.3796027131,65.8453166255,0.0
@ 1070 10 0.303687635575 0.259794150898
202.101667194,106.433361938,73.6283612046,0.0
76.483691746,213.548850688,73.6283612046,0.0
425.468143565,433.688393579,73.6283612046,0.0
371.547198921,230.012616787,73.6283612046,0.0
261.009777525,366.322871551,73.6283612046,0.0
@ 1080 10 0.303687635575 0.324840265406
155.164071114,385.065388217,69.2753493415,0.0
86.5563370439,204.839457036,69.2753493415,0.0
258.972589808,153.192572258,69.2753493415,0.0
425.964500517,122.606789755,69.2753493415,0.0
382.660615165,312.641586471,69.2753493415,0.0
@ 1090 10 0.303687635575 0.287565669452
294.127168595,294.402587721,71.5497571099,0.0
94.6477858482,144.366746804,71.5497571099,0.0
394.201578706,437.751765828,71.5497571099,0.0
266.298724146,78.0687872897,71.5497571099,0.0
142.363593772,426.668454544,71.5497571099,0.0
@ 1100 10 0.303687635575 0.306758012889
255.729031766,126.618325745,83.6482839829,0.0
87.5098945431,95.9249754502,83.6482839829,0.0
425.374004887,139.896743546,83.6482839829,0.0
407.53928661,392.190993553,83.6482839829,0.0
159.095170039,316.720400585,83.6482839829,0.0
@ 1110 10 0.40369088812 0.419269876176
78.0878158544,224.988421459,76.8524095271,0.0
378.325180557,263.718123335,76.8524095271,0.0
166.978757452,434.402732722,76.8524095271,0.0
149.546975544,84.3355854138,76.8524095271,0.0
342.941252078,97.4631379629,76.8524095271,0.0
@ 1120 10 0.40369088812 0.353911410427
189.599164707,110.522481063,78.5275412923,0.0
429.450480415,372.382087316,78.5275412923,0.0
217.733151822,284.787974866,78.5275412923,0.0
388.58474975,161.116218643,78.5275412923,0.0
128.287693179,417.395867482,78.5275412923,0.0
@ 1130 10 0.40369088812 0.369507780874
401.708217955,81.0539220807,78.2568993343,0.0
197.0587253,124.456266229,78.2568993343,0.0
398.736782713,350.251766684,78.2568993343,0.0
78.8044921361,259.381176052,78.2568993343,0.0
231.20387617,405.937435911,78.2568993343,0.0
@ 1140 10 0.40369088812 0.366965183021
251.567227526,194.263173981,79.2452521905,0.0
139.498487966,374.434527972,79.2452521905,0.0
411.06744522,346.366659337,79.2452521905,0.0
415.698698462,150.508848331,79.2452521905,0.0
136.535457328,80.1690532605,79.2452521905,0.0
@ 1150 10 0.40369088812 0.376292958858
289.162813589,423.867496433,80.367137188,0.0
427.216473693,104.446612877,80.367137188,0.0
280.29752688,182.663452625,80.367137188,0.0
121.724222871,259.017291821,80.367137188,0.0
416.978930548,278.994538713,80.367137188,0.0
@ 1160 10 0.40369088812 0.387022830524
301.181412403,110.032438369,72.9775730926,0.0
99.2590742766,162.27118092,72.9775730926,0.0
427.433396795,187.434483826,72.9775730926,0.0
264.960604821,408.300894104,72.9775730926,0.0
437.901400019,354.931584032,72.9775730926,0.0
@ 1170 10 0.40369088812 0.319123231744
255.909294572,405.597738374,80.6791635648,0.0
101.384261739,120.485501369,80.6791635648,0.0
127.192586354,308.041069486,80.6791635648,0.0
290.95152008,87.7362367482,80.6791635648,0.0
410.705207345,302.669617553,80.6791635648,0.0
@ 1180 10 0.40369088812 0.390033906057
106.606367363,159.072056202,75.7433329982,0.0
332.622241912,93.3255511083,75.7433329982,0.0
327.397174831,333.680893236,75.7433329982,0.0
171.760788405,366.147846109,75.7433329982,0.0
428.567987478,217.39456365,75.7433329982,0.0
@ 1190 10 0.40369088812 0.34377034652
364.753836431,90.5358035448,74.2821404883,0.0
410.73747152,356.418453705,74.2821404883,0.0
265.36738787,220.379031736,74.2821404883,0.0
102.829462641,215.754956089,74.2821404883,0.0
185.599241484,413.290264943,74.2821404883,0.0
@ 1200 10 0.40369088812 0.330634682499
379.143697717,416.63418815,91.0490158687,0.0
387.482915063,128.977296166,91.0490158687,0.0
252.327100857,268.559192428,91.0490158687,0.0
119.003512017,404.550516957,91.0490158687,0.0
154.762433785,95.988133191,91.0490158687,0.0
@ 1210 10 0.601891659501 0.496741106238
87.537487255,199.351665399,84.4210594102,0.0
316.383695735,347.662896742,84.4210594102,0.0
123.960329427,371.912166189,84.4210594102,0.0
254.111497124,124.925430215,84.4210594102,0.0
426.550920243,107.171446766,84.4210594102,0.0
@ 1220 10 0.601891659501 0.427052416785
232.648353007,158.094441454,81.0061033699,0.0
409.23174683,116.262052252,81.0061033699,0.0
83.5417621364,251.694295801,81.0061033699,0.0
97.3579503546,418.533419341,81.0061033699,0.0
373.660358278,428.67152768,81.0061033699,0.0
@ 1230 10 0.601891659501 0.393201414897
408.088857403,422.348240675,83.9140875604,0.0
104.341125092,402.582353117,83.9140875604,0.0
364.294651355,112.297292993,83.9140875604,0.0
88.1527087417,217.92652818,83.9140875604,0.0
281.974913791,262.165809383,83.9140875604,0.0
@ 1240 10 0.601891659501 0.42193868158
129.35315679,382.001505672,81.0061348519,0.0
88.1073512371,84.7310374846,81.0061348519,0.0
192.79161767,230.680064105,81.0061348519,0.0
339.62527639,420.540670466,81.0061348519,0.0
411.253796932,223.250361464,81.0061348519,0.0
@ 1250 10 0.601891659501 0.393201720522
149.29862283,428.014934833,81.6677560899,0.0
290.553333685,110.263124748,81.6677560899,0.0
260.537469522,300.260405017,81.6677560899,0.0
405.912885339,408.342117408,81.6677560899,0.0
88.7649083798,231.255001067,81.6677560899,0.0
@ 1260 10 0.601891659501 0.399650935893
416.358097553,94.3394363306,88.4238808336,0.0
89.8787254598,384.247211856,88.4238808336,0.0
280.776712475,210.376408372,88.4238808336,0.0
281.11966627,387.45788566,88.4238808336,0.0
120.151087835,104.117955296,88.4238808336,0.0
@ 1270 10 0.601891659501 0.468509856181
206.106980879,257.568935828,84.8121728386,0.0
100.557111687,103.738741203,84.8121728386,0.0
107.987665357,404.89767943,84.8121728386,0.0
394.558391846,179.907182034,84.8121728386,0.0
349.745579212,363.31938297,84.8121728386,0.0
@ 1280 10 0.601891659501 0.431018556096
351.7863254,418.18260754,91.6556264065,0.0
254.105638079,232.42426727,91.6556264065,0.0
110.976699089,378.444568121,91.6556264065,0.0
411.296885386,122.724996899,91.6556264065,0.0
113.770673487,113.119060674,91.6556264065,0.0
@ 1290 10 0.601891659501 0.503382192493
91.443683888,124.130981102,84.484609262,0.0
222.20563376,262.802769588,84.484609262,0.0
96.1252597706,383.495971831,84.484609262,0.0
388.9075993,198.528945954,84.484609262,0.0
299.348737063,426.152456209,84.484609262,0.0
@ 1300 10 0.601891659501 0.427695605412
