10 8 0.0873362445415 0.306372617231 0.0423553259272 56.3566062781 3 0.1 0.43787 0.333333333333 82.0331798159 0 0.306372617231
20 8 0.0873362445415 0.217042218553 0.0490476691762 33.581069954 3 0.1 0.42978 0.347540983607 115.796457332 0 0.319400645668
30 8 0.0873362445415 0.177931071061 0.044032807239 43.1952786419 3 0.1 0.38275 0.368760064412 141.249753908 0 0.319400645668
40 8 0.0873362445415 0.175867583832 0.0350875688362 19.4538042586 3 0.1 0.4481 0.45409015025 142.907063669 0 0.319400645668
50 8 0.0873362445415 0.32192674501 0.0512540810122 10.8203209061 3 0.1 0.38498 0.346905537459 78.0696863169 0 0.32192674501
60 8 0.0873362445415 0.169283518532 0.0327197674173 56.4320194079 3 0.1 0.43243 0.407120743034 148.465250592 0 0.32192674501
70 8 0.0873362445415 0.153788172591 0.0563312707166 45.7287484592 3 0.1 0.40287 0.418006430868 163.424271038 0 0.332641839921
80 8 0.0873362445415 0.204493373541 0.0315129560697 39.0282755583 3 0.1 0.34428 0.334959349593 122.902368741 0 0.332641839921
90 8 0.0873362445415 0.305210593919 0.0510270519523 17.0852105319 3 0.1 0.42696 0.408653846154 82.3455034025 0 0.332641839921
100 8 0.0873362445415 0.307354088143 0.0522486612567 16.7260717032 3 0.1 0.36212 0.342715231788 81.7712240361 0 0.332641839921
110 8 0.0940354648039 0.222507831861 0.0542962277267 19.7561600456 3 0.1 0.40367 0.383757961783 112.952069102 0 0.345544497666
120 8 0.0940354648039 0.185203083463 0.0603554834792 44.389595783 3 0.1 0.38373 0.408950617284 135.703572155 0 0.353953969869
130 8 0.0940354648039 0.208326297514 0.0550923555293 36.9895657267 3 0.1 0.41129 0.385993485342 120.641130284 0 0.366866913889
140 8 0.0940354648039 0.255729599583 0.0586764238599 24.2612711145 3 0.1 0.39339 0.418789808917 98.2784943196 0 0.366866913889
150 8 0.0940354648039 0.237455448317 0.0637633450285 21.2806857319 3 0.1 0.43466 0.407120743034 105.841833397 0 0.382814595186
160 8 0.0940354648039 0.188545640874 0.0351080894181 45.2417981385 3 0.1 0.40229 0.375404530744 133.297804625 0 0.382814595186
170 8 0.0940354648039 0.233736842492 0.0560842296356 33.4930057537 3 0.1 0.35975 0.414125200642 107.525710248 0 0.382814595186
180 8 0.0940354648039 0.156016914607 0.0321921884258 48.3668204644 3 0.1 0.40687 0.416 161.089713018 0 0.382814595186
190 8 0.0940354648039 0.205528220939 0.037457244352 24.6424293491 3 0.1 0.37039 0.370860927152 122.283547657 0 0.382814595186
200 8 0.0940354648039 0.169168473644 0.0575136156919 35.1146417649 3 0.1 0.41887 0.368421052632 148.566216025 0 0.382814595186
210 8 0.101847810272 0.227782440746 0.0281509401516 20.1250862724 3 0.1 0.39847 0.385259631491 110.33651197 0 0.382814595186
220 8 0.101847810272 0.242434730185 0.032078261889 14.7214219448 3 0.1 0.42993 0.378763866878 103.667985114 0 0.382814595186
230 8 0.101847810272 0.189626203086 0.0436015242244 35.6509433036 3 0.1 0.39041 0.447784810127 132.538223046 0 0.382814595186
240 8 0.101847810272 0.218194326201 0.0366132841895 20.4430929579 3 0.1 0.44338 0.415605095541 115.185029957 0 0.382814595186
250 8 0.101847810272 0.150938518896 0.040260523626 42.8275684276 3 0.1 0.4207 0.390163934426 166.509650312 0 0.382814595186
260 8 0.101847810272 0.316451473732 0.0406853552723 22.4771467178 3 0.1 0.36477 0.359013867488 79.4204549076 0 0.382814595186
270 8 0.101847810272 0.295399995701 0.0496102407118 21.3991583376 3 0.1 0.41922 0.470304975923 85.0802991393 0 0.382814595186
280 8 0.101847810272 0.261452346318 0.0639254632767 23.3008162387 3 0.1 0.36365 0.371150729335 96.1273453995 0 0.395547381271
290 8 0.101847810272 0.246510001538 0.0476394402158 22.4827401982 3 0.1 0.39655 0.417445482866 101.954159438 0 0.395547381271
300 8 0.101847810272 0.179426231219 0.0386220861771 34.3304603376 3 0.1 0.42769 0.357710651828 140.072718628 0 0.395547381271
310 8 0.111075848937 0.197683321871 0.0489458617444 25.3428275967 3 0.1 0.37264 0.432739059968 127.13626907 0 0.395547381271
320 8 0.111075848937 0.249775794081 0.0471013385788 17.4715052644 3 0.1 0.40389 0.347602739726 100.621119402 0 0.395547381271
330 8 0.111075848937 0.260369451344 0.0211405731984 7.86271159746 3 0.1 0.38463 0.390492359932 96.5271458316 0 0.395547381271
340 8 0.111075848937 0.267181838751 0.0544772781291 22.8193585864 3 0.1 0.40877 0.405103668262 94.0659743848 0 0.395547381271
350 8 0.111075848937 0.262252422303 0.0558930108233 18.6316662135 3 0.1 0.35309 0.332273449921 95.8340814522 0 0.396016550792
360 8 0.111075848937 0.314413002292 0.0219338872835 24.2426611197 3 0.1 0.38837 0.378787878788 79.9353710462 0 0.396016550792
370 8 0.111075848937 0.228167217955 0.0547571341356 40.6655248156 3 0.1 0.45609 0.450393700787 110.150442405 0 0.396016550792
380 8 0.111075848937 0.358135123522 0.0587451808145 12.3987893752 3 0.1 0.40685 0.378214826021 70.1766410199 0 0.396016550792
390 8 0.111075848937 0.290260615942 0.0450477953864 18.1096548971 3 0.1 0.36411 0.457364341085 86.5867383297 0 0.396016550792
400 8 0.111075848937 0.293437040583 0.0563786170699 17.9170194965 3 0.1 0.4295 0.406199021207 85.6494461302 0 0.396016550792
410 8 0.122142732507 0.385730768824 0.0557016130411 17.5828039542 3 0.1 0.39853 0.417862838915 65.1561193229 0 0.396016550792
420 8 0.122142732507 0.275913486168 0.0494929716637 33.1136666683 3 0.1 0.41741 0.328767123288 91.0891321373 0 0.396016550792
430 8 0.122142732507 0.319394685148 0.031163654643 8.89801568201 3 0.1 0.40236 0.371287128713 78.6885980534 0 0.396016550792
440 8 0.122142732507 0.227283027153 0.0574357376704 34.3747875647 3 0.1 0.36392 0.393798449612 110.57895662 0 0.396016550792
450 8 0.122142732507 0.232691334249 0.0539040754911 30.90144254 3 0.1 0.39025 0.444620253165 108.008835315 0 0.401777805888
460 8 0.122142732507 0.349589783944 0.0664955751816 12.2673031143 3 0.1 0.42206 0.416267942584 71.8920321883 0 0.401777805888
470 8 0.122142732507 0.292169691333 0.0353094601934 25.9443622933 3 0.1 0.43745 0.406491499227 86.0209691337 0 0.401777805888
480 8 0.122142732507 0.278377667267 0.0502720046698 28.687998037 3 0.1 0.37038 0.361736334405 90.2828170333 0 0.401777805888
490 8 0.122142732507 0.264161013668 0.0441535013649 21.6977930366 3 0.1 0.43017 0.411949685535 95.1416700408 0 0.401777805888
500 8 0.122142732507 0.265036864534 0.041279659253 25.4290511271 3 0.1 0.39349 0.371382636656 94.8272612725 0 0.401777805888
510 8 0.135658914729 0.250482105188 0.0484665284782 27.0365740637 3 0.1 0.38282 0.375 100.3373873 0 0.401777805888
520 8 0.135658914729 0.332118966382 0.0654003428391 19.7212860867 3 0.1 0.42219 0.418719211823 75.6738474584 0 0.401777805888
530 8 0.135658914729 0.200398408018 0.0377107830289 34.745162978 3 0.1 0.41147 0.377668308703 125.413770741 0 0.401777805888
540 8 0.135658914729 0.289473429074 0.0416701467606 23.5554741454 3 0.1 0.37545 0.426929392447 86.8222001597 0 0.401777805888
550 8 0.135658914729 0.221034988798 0.0529705896313 28.8873850987 3 0.1 0.38299 0.347529812606 113.704713162 0 0.401777805888
560 8 0.135658914729 0.326003078885 0.0425393325073 19.5793305041 3 0.1 0.42798 0.4375 77.0935050245 0 0.401777805888
570 8 0.135658914729 0.267598694485 0.0401932985787 22.4727414921 3 0.1 0.35108 0.317567567568 93.9194417536 0 0.401777805888
580 8 0.135658914729 0.31778351296 0.0595521199929 21.5264310228 3 0.1 0.3979 0.358609794629 79.0875516666 0 0.401777805888
590 8 0.135658914729 0.320010458265 0.039881788808 18.3515023137 3 0.1 0.46665 0.467716535433 78.5371832418 0 0.401777805888
600 8 0.135658914729 0.329312765553 0.0455556945662 13.5372099076 3 0.1 0.44137 0.427001569859 76.3186934396 0 0.401777805888
610 8 0.152538679451 0.300973475511 0.0338694616016 22.0083155742 3 0.1 0.41623 0.398026315789 83.5047671804 0 0.401777805888
620 8 0.152538679451 0.380222701267 0.0697544857421 20.7884195147 3 0.1 0.3714 0.391089108911 66.0999985436 0 0.418035434914
630 8 0.152538679451 0.280456954778 0.0430605266574 20.5216352698 3 0.1 0.41844 0.482866043614 89.6134667791 0 0.418035434914
640 8 0.152538679451 0.347034439308 0.0282330877737 16.4607367884 3 0.1 0.38768 0.376835236542 72.4214001645 0 0.418035434914
650 8 0.152538679451 0.181853381605 0.0402920144657 40.1297163391 3 0.1 0.42157 0.400950871632 138.203204022 0 0.418035434914
660 8 0.152538679451 0.326941654442 0.0328782833888 20.5810990421 3 0.1 0.36929 0.388971684054 76.872187005 0 0.418035434914
670 8 0.152538679451 0.223739411106 0.055903937287 19.659491772 3 0.1 0.3988 0.388888888889 112.330321581 0 0.418035434914
680 8 0.152538679451 0.227813291138 0.0451142714838 22.1916289405 3 0.1 0.45502 0.443234836703 110.32157024 0 0.418035434914
690 8 0.152538679451 0.326600914995 0.0427200702472 26.9457749176 3 0.1 0.43682 0.4078125 76.9523869839 0 0.418035434914
700 8 0.152538679451 0.2177378851 0.0629463778056 39.7229541792 3 0.1 0.38538 0.414483821263 115.42649084 0 0.418035434914
710 8 0.174216027875 0.323628086458 0.0245012356214 11.9056644419 3 0.1 0.38476 0.400309119011 77.6592670773 0 0.418035434914
720 8 0.174216027875 0.282255420587 0.0421036451285 20.31495269 3 0.1 0.4059 0.347826086957 89.0424706379 0 0.418035434914
730 8 0.174216027875 0.369507000824 0.0444949163447 24.4976064068 3 0.1 0.38273 0.397689768977 68.0168980396 0 0.418035434914
740 8 0.174216027875 0.329266998223 0.0563057111412 17.0685792079 3 0.1 0.40335 0.391803278689 76.3293015565 0 0.418035434914
750 8 0.174216027875 0.319906906783 0.0383993028085 22.5266147205 3 0.1 0.37101 0.412337662338 78.5626051426 0 0.418035434914
760 8 0.174216027875 0.252542707731 0.0444819077836 18.8873041711 3 0.1 0.42376 0.411674347158 99.5186922079 0 0.418035434914
770 8 0.174216027875 0.250125088396 0.0349589946491 23.3926350419 3 0.1 0.39107 0.384496124031 100.48060417 0 0.418035434914
780 8 0.174216027875 0.250450080326 0.0469754645225 24.8762325656 3 0.1 0.42829 0.436420722135 100.350217366 0 0.418035434914
790 8 0.174216027875 0.371973665699 0.0569560774434 22.9179072718 3 0.1 0.40874 0.39603960396 67.5658583324 0 0.418035434914
800 8 0.174216027875 0.293870247579 0.0567957150043 24.3539254233 3 0.1 0.35477 0.42658423493 85.5231865324 0 0.418035434914
810 8 0.203075137801 0.327495847656 0.0353184109175 26.4957435281 3 0.1 0.42944 0.405063291139 76.7421027775 0 0.424827209636
820 8 0.203075137801 0.330892089152 0.0473214332516 16.651377353 3 0.1 0.38456 0.361563517915 75.9544299303 0 0.424827209636
830 8 0.203075137801 0.345530135415 0.0359529615796 26.1945336873 3 0.1 0.42563 0.415857605178 72.7366947888 0 0.424827209636
840 8 0.203075137801 0.300222182842 0.0296704054023 9.8459374483 3 0.1 0.39717 0.386541471049 83.7137341487 0 0.424827209636
850 8 0.203075137801 0.385277119774 0.0552847667238 22.3020141658 3 0.1 0.42266 0.433613445378 65.2328381575 0 0.424827209636
860 8 0.203075137801 0.286348811556 0.0612195926903 31.2490084976 3 0.1 0.39329 0.389072847682 87.7695977276 0 0.424827209636
870 8 0.203075137801 0.308075263501 0.028741111853 16.5295187403 3 0.1 0.43372 0.415692821369 81.5798052539 0 0.424827209636
880 8 0.203075137801 0.341653449244 0.0476029022953 15.9521613778 3 0.1 0.3678 0.346581875994 73.5620262451 0 0.424827209636
890 8 0.203075137801 0.357809325345 0.0387096546681 23.7903460816 3 0.1 0.40396 0.36303630363 70.2405393592 0 0.424827209636
900 8 0.203075137801 0.319535091821 0.0385585359607 17.5900349365 3 0.1 0.40016 0.447368421053 78.6540215559 0 0.424827209636
910 8 0.243393602225 0.386349953681 0.0555894083839 20.9129699945 3 0.1 0.43603 0.446227929374 65.0516966821 10 0.424827209636
920 8 0.243393602225 0.306714901799 0.0304349173751 14.4441977235 3 0.1 0.36084 0.361155698234 81.9416332646 10 0.424827209636
930 8 0.243393602225 0.266183685448 0.0731358959491 30.0638279271 3 0.1 0.37024 0.337559429477 94.4187092373 10 0.522949530151
940 8 0.243393602225 0.387573570312 0.0527461158819 17.7077793368 3 0.1 0.44153 0.417445482866 64.8463206089 10 0.522949530151
950 8 0.243393602225 0.329762278555 0.0374788621313 17.5857469663 3 0.1 0.4042 0.40162601626 76.2146601792 10 0.522949530151
960 8 0.243393602225 0.383688042643 0.0467187966201 17.0218032627 3 0.1 0.40243 0.38768718802 65.5030055846 10 0.522949530151
970 8 0.243393602225 0.279803129454 0.0368606080684 26.5307079295 3 0.1 0.35559 0.413570274637 89.8228695619 10 0.522949530151
980 8 0.243393602225 0.410183219797 0.0556583297717 19.8447757777 3 0.1 0.38263 0.386824324324 61.2719360203 10 0.522949530151
990 8 0.243393602225 0.23203090495 0.0452355222593 32.2387795882 3 0.1 0.42234 0.423380726698 108.316260739 10 0.522949530151
1000 8 0.243393602225 0.342548314548 0.0222248742557 18.76599469 3 0.1 0.34446 0.322147651007 73.369854507 10 0.522949530151
1010 8 0.303687635575 0.266501685633 0.0363682872415 33.2939283248 3 0.1 0.43481 0.39603960396 94.3060451581 0 0.522949530151
1020 8 0.303687635575 0.37383469823 0.0440973499063 20.9995687772 3 0.1 0.37583 0.393790849673 67.2295004156 0 0.522949530151
1030 8 0.303687635575 0.435681196431 0.0607589251759 27.0492705528 3 0.1 0.39421 0.4144 57.6860332874 0 0.524802565576
1040 8 0.303687635575 0.447598667474 0.0612484274801 17.6349752935 3 0.1 0.44408 0.43937007874 56.1501224788 0 0.524802565576
1050 8 0.303687635575 0.392310981046 0.0289976103371 15.9449628932 3 0.1 0.40018 0.355817875211 64.0632590324 0 0.524802565576
1060 8 0.303687635575 0.34934268773 0.0489552118276 17.7651658836 3 0.1 0.40278 0.42904290429 71.9428826844 0 0.524802565576
1070 8 0.303687635575 0.348768073443 0.0402946356012 17.2522911322 3 0.1 0.35446 0.371567043619 72.0614124793 0 0.524802565576
1080 8 0.303687635575 0.393220837257 0.0465348308507 13.3485723267 3 0.1 0.40801 0.413738019169 63.9150259059 0 0.524802565576
1090 8 0.303687635575 0.373886879022 0.0531858789443 16.5700847858 3 0.1 0.34801 0.376360808709 67.2201176617 0 0.524802565576
1100 8 0.303687635575 0.415112646295 0.0315411805937 25.1424187488 3 0.1 0.37943 0.377419354839 60.5443371199 0 0.524802565576
1110 8 0.40369088812 0.387165232283 0.0262023772182 19.8418003309 3 0.1 0.40714 0.371335504886 64.9147131622 0 0.524802565576
1120 8 0.40369088812 0.454601048862 0.0359615593959 16.4919670605 3 0.1 0.35964 0.386731391586 55.2852222029 0 0.524802565576
1130 8 0.40369088812 0.371432013096 0.0604075771042 13.6826729149 3 0.1 0.3819 0.415384615385 67.6643884044 0 0.543915007487
1140 8 0.40369088812 0.426119921073 0.0264153789131 10.0759667211 3 0.1 0.42756 0.406441717791 58.9803920378 0 0.543915007487
1150 8 0.40369088812 0.393288336198 0.0365111000275 13.5705085705 3 0.1 0.42902 0.360317460317 63.9040563546 0 0.543915007487
1160 8 0.40369088812 0.378221543392 0.0513256713964 11.5940439983 3 0.1 0.3862 0.434169278997 66.4497314843 0 0.543915007487
1170 8 0.40369088812 0.451515330897 0.0213864886384 13.1557609053 3 0.1 0.44386 0.400966183575 55.6630490266 0 0.543915007487
1180 8 0.40369088812 0.42941028983 0.0509576332316 18.860276959 3 0.1 0.4058 0.372611464968 58.5284530791 0 0.543915007487
1190 8 0.40369088812 0.479980175856 0.0573131450479 13.9668779726 3 0.1 0.34042 0.402243589744 52.3619958995 0 0.543915007487
1200 8 0.40369088812 0.511902158254 0.0617562119064 14.5506109411 3 0.1 0.38513 0.357382550336 49.0967259949 0 0.543915007487
1210 8 0.601891659501 0.542172004685 0.0691291291476 7.14965991733 3 0.1 0.38395 0.355592654424 46.3556210628 0 0.594758037668
