10 8 0.0873362445415 0.242074908239 0.0346583707283 80.9479617932 1 0.1 0.418 0.355960264901 103.822077979 10 0.305656493719
20 8 0.0873362445415 0.228886984062 0.0314336495588 31.912788278 1 0.1 0.37365 0.342762063228 109.804059427 10 0.305656493719
30 8 0.0873362445415 0.211686791918 0.0320287749779 20.0219182941 1 0.1 0.41422 0.38905775076 118.725971386 10 0.309748687792
40 8 0.0873362445415 0.219024446896 0.0345382240559 30.4734045369 1 0.1 0.40998 0.471728594507 114.748469206 10 0.309748687792
50 8 0.0873362445415 0.231055015437 0.0312419475194 24.703715667 1 0.1 0.37738 0.431118314425 108.773747899 10 0.309748687792
60 8 0.0873362445415 0.301756314319 0.0337652702727 20.5584954122 1 0.1 0.38775 0.367149758454 83.2881328656 10 0.309748687792
70 8 0.0873362445415 0.15119297187 0.0455985795555 38.4780728009 1 0.1 0.43791 0.411570247934 166.229419854 10 0.309748687792
80 8 0.0873362445415 0.274411070902 0.0380631800628 30.9847412255 1 0.1 0.40222 0.393203883495 91.5878499996 10 0.309748687792
90 8 0.0873362445415 0.139530564147 0.0569044519278 45.1859600939 1 0.1 0.37115 0.397456279809 180.123402738 10 0.339247515327
100 8 0.0873362445415 0.150692842306 0.0308766124949 43.4069277181 1 0.1 0.40064 0.440124416796 166.78111326 10 0.339247515327
110 8 0.0940354648039 0.258443532554 0.0429181167625 27.516236649 1 0.1 0.39841 0.393939393939 97.2464652206 0 0.339247515327
120 8 0.0940354648039 0.227341829958 0.0460273494648 29.8928677737 1 0.1 0.42449 0.428351309707 110.550354964 0 0.339247515327
130 8 0.0940354648039 0.249199953708 0.0369072112973 25.3251445738 1 0.1 0.3805 0.376602564103 100.853630292 0 0.339247515327
140 8 0.0940354648039 0.253162095958 0.0397223131489 23.1295610555 1 0.1 0.43515 0.430817610063 99.2752090508 0 0.339247515327
150 8 0.0940354648039 0.195004387101 0.0359556295289 26.1882122477 1 0.1 0.38275 0.367380560132 128.882843989 0 0.339247515327
160 8 0.0940354648039 0.1954185866 0.0372081309493 29.6405043669 1 0.1 0.43027 0.455555555556 128.609670335 0 0.339247515327
170 8 0.0940354648039 0.159900949531 0.0418013811169 55.7845602138 1 0.1 0.40845 0.4544 157.176802726 0 0.339247515327
180 8 0.0940354648039 0.249025559342 0.0312305560096 30.2031200368 1 0.1 0.35549 0.349683544304 100.924258805 0 0.339247515327
190 8 0.0940354648039 0.210390830658 0.0540942588919 31.9307565175 1 0.1 0.40353 0.4208 119.457297266 0 0.393589057935
200 8 0.0940354648039 0.284870456253 0.0455711174765 27.8058030979 1 0.1 0.36159 0.348171701113 88.2250842387 0 0.393589057935
210 8 0.101847810272 0.152410832202 0.05572519162 43.1692761164 1 0.1 0.37245 0.403225806452 164.901140142 0 0.393589057935
220 8 0.101847810272 0.257701369612 0.0397064689934 34.5287091037 1 0.1 0.39563 0.321951219512 97.5265286242 0 0.393589057935
230 8 0.101847810272 0.231802529374 0.0303947629278 20.1518318142 1 0.1 0.42897 0.363333333333 108.422975659 0 0.393589057935
240 8 0.101847810272 0.265819614285 0.0484154582383 20.5022090231 1 0.1 0.39579 0.400651465798 94.5480267421 0 0.393589057935
250 8 0.101847810272 0.257003476921 0.028112752923 23.7094795076 1 0.1 0.43093 0.37460815047 97.7913618177 0 0.393589057935
260 8 0.101847810272 0.257445466232 0.0312630834566 28.0787918533 1 0.1 0.41262 0.382636655949 97.6234709738 0 0.393589057935
270 8 0.101847810272 0.26425144736 0.0344238028744 16.8449842856 1 0.1 0.37388 0.382736156352 95.1091100962 0 0.393589057935
280 8 0.101847810272 0.269280387966 0.0191875632225 12.3058651282 1 0.1 0.40619 0.472131147541 93.3329017752 0 0.393589057935
290 8 0.101847810272 0.21763244097 0.0367892507717 36.0349645514 1 0.1 0.35673 0.409810126582 115.482415618 0 0.393589057935
300 8 0.101847810272 0.280543626438 0.0448976481258 25.0344830006 1 0.1 0.42582 0.438485804416 89.5857814313 0 0.393589057935
310 8 0.111075848937 0.256538875748 0.0228795069639 19.3085608831 1 0.1 0.4101 0.383870967742 97.9684655072 0 0.393589057935
320 8 0.111075848937 0.326959253367 0.0424478069512 26.8847100292 1 0.1 0.37017 0.38253968254 76.8680492789 0 0.393589057935
330 8 0.111075848937 0.220582906341 0.0324484306605 36.5993220872 1 0.1 0.37665 0.392156862745 113.937749832 0 0.393589057935
340 8 0.111075848937 0.302388265689 0.0398085018913 21.7919544394 1 0.1 0.4453 0.461414790997 83.1140717141 0 0.393589057935
350 8 0.111075848937 0.184754675559 0.0510158984964 23.6964095415 1 0.1 0.39644 0.423566878981 136.032930825 0 0.393589057935
360 8 0.111075848937 0.216672631061 0.0566527010937 30.5010155024 1 0.1 0.42595 0.423076923077 115.993976152 0 0.425837184632
370 8 0.111075848937 0.252140484517 0.0519550397179 21.8179097746 1 0.1 0.41782 0.397009966777 99.6774478645 0 0.425837184632
380 8 0.111075848937 0.228199438873 0.036508235632 28.2016268843 1 0.1 0.37805 0.411580594679 110.134889569 0 0.425837184632
390 8 0.111075848937 0.316626496226 0.0419613016461 30.5929879567 1 0.1 0.4121 0.413373860182 79.3765534456 0 0.425837184632
400 8 0.111075848937 0.221023663215 0.0567154460669 21.5146052444 1 0.1 0.36487 0.326892109501 113.710539561 0 0.425837184632
410 8 0.122142732507 0.23785178425 0.0327516596635 38.24320234 1 0.1 0.45085 0.387459807074 105.66546759 0 0.425837184632
420 8 0.122142732507 0.371874070657 0.0511766163737 25.3312138055 1 0.1 0.41765 0.4234375 67.5839537713 0 0.425837184632
430 8 0.122142732507 0.268754308284 0.0566354091018 26.6019976071 1 0.1 0.3545 0.367576243981 93.5155985424 0 0.425837184632
440 8 0.122142732507 0.322440383044 0.0687123503673 20.0898586859 1 0.1 0.40948 0.430842607313 77.945323606 0 0.432925300611
450 8 0.122142732507 0.268274371653 0.0642409791267 28.9990794627 1 0.1 0.36063 0.368078175896 93.6828957799 0 0.432925300611
460 8 0.122142732507 0.277315370045 0.0314346206333 15.3386623396 1 0.1 0.38644 0.365151515152 90.6286586131 0 0.432925300611
470 8 0.122142732507 0.256023013769 0.0472155486214 29.027966714 1 0.1 0.43271 0.41875 98.165862631 0 0.432925300611
480 8 0.122142732507 0.23342829329 0.0353055530058 20.4650131081 1 0.1 0.41963 0.438985736926 107.667839429 0 0.432925300611
490 8 0.122142732507 0.200962185981 0.0411389988295 34.1951884335 1 0.1 0.38516 0.365573770492 125.061935793 0 0.432925300611
500 8 0.122142732507 0.213862486149 0.0321009316891 23.864601502 1 0.1 0.43848 0.432634730539 117.518132575 0 0.432925300611
510 8 0.135658914729 0.273234118716 0.0420228250341 26.9262946107 1 0.1 0.43326 0.444270015699 91.9823633964 0 0.432925300611
520 8 0.135658914729 0.317882025726 0.0445332750713 26.6665595563 1 0.1 0.37054 0.388797364086 79.0630421541 0 0.432925300611
530 8 0.135658914729 0.290201515909 0.051209456632 13.3610608378 1 0.1 0.41183 0.419152276295 86.6043718665 0 0.432925300611
540 8 0.135658914729 0.28899193902 0.0586856542413 16.6657613729 1 0.1 0.40829 0.407290015848 86.966854803 0 0.432925300611
550 8 0.135658914729 0.239256301803 0.0312031886513 31.3404647198 1 0.1 0.35592 0.343042071197 105.045174612 0 0.432925300611
560 8 0.135658914729 0.25042750126 0.0357786940807 26.7786760367 1 0.1 0.40558 0.43954248366 100.359265151 0 0.432925300611
570 8 0.135658914729 0.263029483653 0.0329290675 23.4632777554 1 0.1 0.3478 0.358428805237 95.5509612493 0 0.432925300611
580 8 0.135658914729 0.26536220783 0.044623308779 21.6393895179 1 0.1 0.4268 0.429048414023 94.710999752 0 0.432925300611
590 8 0.135658914729 0.340725593372 0.0471542378516 5.5750715355 1 0.1 0.37339 0.433673469388 73.7623486139 0 0.432925300611
600 8 0.135658914729 0.322384727067 0.0435457331456 18.4760701798 1 0.1 0.40496 0.364085667216 77.9587799603 0 0.432925300611
610 8 0.152538679451 0.279772258596 0.0557734779344 22.1766730831 1 0.1 0.3468 0.319672131148 89.8327808701 0 0.432925300611
620 8 0.152538679451 0.290469275499 0.0433387264097 32.6744022963 1 0.1 0.40975 0.41065830721 86.5245384623 0 0.432925300611
630 8 0.152538679451 0.374915754949 0.0488217453654 12.9014090582 1 0.1 0.37149 0.351882160393 67.0356464572 0 0.432925300611
640 8 0.152538679451 0.434067170525 0.0614264514713 15.2585406615 1 0.1 0.38911 0.36319218241 57.9005317762 0 0.434067170525
650 8 0.152538679451 0.251721075654 0.0453780682314 32.9267913219 1 0.1 0.44248 0.414239482201 99.8435269464 0 0.434067170525
660 8 0.152538679451 0.371286110946 0.0435297112643 14.2092198317 1 0.1 0.41315 0.385483870968 67.6909780869 0 0.434067170525
670 8 0.152538679451 0.296656411801 0.0456421373997 27.3051337773 1 0.1 0.38295 0.42921686747 84.7199622197 0 0.434067170525
680 8 0.152538679451 0.266629710351 0.0426073912197 26.0015647561 1 0.1 0.44258 0.41204437401 94.2607632394 0 0.434067170525
690 8 0.152538679451 0.288585722729 0.0460929389844 29.948312912 1 0.1 0.40662 0.381112984823 87.0892702602 0 0.434067170525
700 8 0.152538679451 0.237121090461 0.0442681550982 19.7769118311 1 0.1 0.34084 0.34012539185 105.991078023 0 0.434067170525
710 8 0.174216027875 0.257141223539 0.0399805001209 19.5671837446 1 0.1 0.38767 0.396899224806 97.7389764817 0 0.434067170525
720 8 0.174216027875 0.271706873562 0.0322183183369 12.5561136868 1 0.1 0.4656 0.508143322476 92.4993897671 0 0.434067170525
730 8 0.174216027875 0.258165715384 0.0379480662751 21.1090892046 1 0.1 0.43375 0.450320512821 97.3511140417 0 0.434067170525
740 8 0.174216027875 0.306984071703 0.063845058462 24.179881327 1 0.1 0.39093 0.413509060956 81.8697851668 0 0.434067170525
750 8 0.174216027875 0.276935471816 0.0303602806975 21.9713632919 1 0.1 0.40079 0.340983606557 90.7529824012 0 0.434067170525
760 8 0.174216027875 0.224693918067 0.0533864941446 34.7529375939 1 0.1 0.38771 0.429467084639 111.853138777 0 0.434067170525
770 8 0.174216027875 0.327765941606 0.0466509562941 30.1040515794 1 0.1 0.4217 0.396581196581 76.6788638162 0 0.434067170525
780 8 0.174216027875 0.352443880637 0.0449417102789 21.0379597549 1 0.1 0.39077 0.365384615385 71.3098492576 0 0.434067170525
790 8 0.174216027875 0.247051696098 0.0442655964765 24.3585852706 1 0.1 0.44483 0.487616099071 101.73061103 0 0.434067170525
800 8 0.174216027875 0.302094735543 0.0467421238875 16.5756499322 1 0.1 0.39321 0.440134907251 83.1948294459 0 0.434067170525
810 8 0.203075137801 0.356459419714 0.0462944803687 14.899398484 1 0.1 0.4428 0.372580645161 70.5065390617 0 0.442730506919
820 8 0.203075137801 0.260778986171 0.0427229511462 29.5665025124 1 0.1 0.39263 0.380067567568 96.3755568229 0 0.442730506919
830 8 0.203075137801 0.409986945435 0.0657201747523 11.7886631935 1 0.1 0.40408 0.393939393939 61.3012689302 0 0.455038399466
840 8 0.203075137801 0.329265200994 0.0371882297271 23.8953687744 1 0.1 0.40176 0.449297971919 76.3297181851 0 0.455038399466
850 8 0.203075137801 0.304087482867 0.0397959158411 15.9757785098 1 0.1 0.36166 0.424920127796 82.6496367528 0 0.455038399466
860 8 0.203075137801 0.361077374495 0.0467297170726 26.4291375857 1 0.1 0.40677 0.412238325282 69.6048043307 0 0.455038399466
870 8 0.203075137801 0.347682857332 0.0475328214044 13.5451129721 1 0.1 0.39188 0.376053962901 72.2863364415 0 0.455038399466
880 8 0.203075137801 0.339962721327 0.0467301360104 21.226228959 1 0.1 0.41112 0.397832817337 73.9278703909 0 0.455038399466
890 8 0.203075137801 0.240019569172 0.0494792015397 20.5409132772 1 0.1 0.37563 0.39636913767 104.711128708 0 0.455038399466
900 8 0.203075137801 0.25245006577 0.0335767802717 27.8429331546 1 0.1 0.42807 0.456140350877 99.5552127241 0 0.455038399466
910 8 0.243393602225 0.316241988869 0.0457882159336 18.4502936675 1 0.1 0.40038 0.410334346505 79.4730645664 0 0.455038399466
920 8 0.243393602225 0.352215996155 0.0275554005805 28.4210499573 1 0.1 0.37772 0.4096 71.3559868785 0 0.455038399466
930 8 0.243393602225 0.406971643054 0.0544446828919 15.9039851463 1 0.1 0.38774 0.391640866873 61.7554574845 0 0.455038399466
940 8 0.243393602225 0.317508012958 0.0586758857052 16.8150209316 1 0.1 0.41223 0.377887788779 79.1561755114 0 0.506307397638
950 8 0.243393602225 0.277136722946 0.0457416343489 18.9469787417 1 0.1 0.40413 0.429725363489 90.6870794055 0 0.506307397638
960 8 0.243393602225 0.357687601097 0.0214392670579 15.7269854719 1 0.1 0.3934 0.395534290271 70.2644428348 0 0.506307397638
970 8 0.243393602225 0.295005722541 0.0500501589902 19.3976213314 1 0.1 0.40259 0.375786163522 85.1940083858 0 0.506307397638
980 8 0.243393602225 0.430204138536 0.0587860688741 8.17254657199 1 0.1 0.38591 0.465991316932 58.4204514757 0 0.506307397638
990 8 0.243393602225 0.305417714442 0.0267756109064 15.2501883002 1 0.1 0.44616 0.484615384615 82.2896603949 0 0.506307397638
1000 8 0.243393602225 0.387646748163 0.0577194964414 15.4262040474 1 0.1 0.37213 0.404761904762 64.8340792722 0 0.506307397638
1010 8 0.303687635575 0.403349806334 0.0406701609274 15.2884363492 1 0.1 0.39241 0.299832495812 62.3099840519 0 0.506307397638
1020 8 0.303687635575 0.32342140718 0.0391981746989 20.3581370174 1 0.1 0.42649 0.366554054054 77.7088944704 0 0.506307397638
1030 8 0.303687635575 0.32917783633 0.0473128700676 20.4860905259 1 0.1 0.43353 0.409967845659 76.349976293 0 0.506307397638
1040 8 0.303687635575 0.426672536161 0.0531119874911 17.0545042605 1 0.1 0.38504 0.384848484848 58.9040021795 0 0.506307397638
1050 8 0.303687635575 0.367155904953 0.0620200706633 22.6045487569 1 0.1 0.38696 0.354330708661 68.4524466608 0 0.514194509719
1060 8 0.303687635575 0.407488852939 0.0391896801013 13.2168391858 1 0.1 0.46195 0.4796875 61.677073664 0 0.514194509719
1070 8 0.303687635575 0.301336901366 0.0535285299663 15.3732402158 1 0.1 0.40321 0.407975460123 83.4040566758 0 0.514194509719
1080 8 0.303687635575 0.321007503436 0.0468943765919 17.6100986917 1 0.1 0.4231 0.374161073826 78.2932477621 0 0.514194509719
1090 8 0.303687635575 0.373526592162 0.0390128530086 15.4724073925 1 0.1 0.3584 0.427406199021 67.2849551475 0 0.514194509719
1100 8 0.303687635575 0.44744025927 0.0405635671071 10.5714079641 1 0.1 0.37045 0.327868852459 56.1700014232 0 0.514194509719
1110 8 0.40369088812 0.397358636914 0.0600002966968 11.0197772991 1 0.1 0.39615 0.36790923825 63.2494619852 0 0.525519073187
1120 8 0.40369088812 0.390110991781 0.0527412462857 15.6276233666 1 0.1 0.41943 0.395604395604 64.4245369382 0 0.525519073187
1130 8 0.40369088812 0.441087600492 0.0360971932958 22.9806192207 1 0.1 0.42993 0.4375 56.9789764481 0 0.525519073187
1140 8 0.40369088812 0.431986342761 0.0383526157744 20.3070101956 1 0.1 0.36175 0.350604490501 58.1794318759 0 0.525519073187
1150 8 0.40369088812 0.390661977456 0.0350173670527 20.7062881686 1 0.1 0.4277 0.424920127796 64.3336732274 0 0.525519073187
1160 8 0.40369088812 0.488452884732 0.0409331456196 12.4118270062 1 0.1 0.40557 0.414442700157 51.4537241679 0 0.525519073187
1170 8 0.40369088812 0.376244499652 0.0340140958564 16.3215842244 1 0.1 0.35106 0.367213114754 66.7989034344 0 0.525519073187
1180 8 0.40369088812 0.361651638872 0.0463296355879 23.1250394136 1 0.1 0.38208 0.365231259968 69.494279297 0 0.525519073187
1190 8 0.40369088812 0.361019154092 0.0427775316162 13.5064874238 1 0.1 0.43788 0.461773700306 69.6160292748 0 0.525519073187
1200 8 0.40369088812 0.394816014329 0.038965384673 19.9688655298 1 0.1 0.41833 0.419093851133 63.6567897144 0 0.525519073187
1210 8 0.601891659501 0.486145502291 0.0221683161812 14.2874777609 1 0.1 0.43622 0.386581469649 51.6979379251 30 0.565886548292
1220 8 0.601891659501 0.47882204096 0.0314174158558 12.6054220336 1 0.1 0.3916 0.400667779633 52.4886447366 30 0.565886548292
1230 8 0.601891659501 0.530356990104 0.0494078072963 12.6687820986 1 0.1 0.42633 0.369458128079 47.3883072515 30 0.565886548292
1240 8 0.601891659501 0.479030014341 0.0394801568252 14.5716994206 1 0.1 0.36575 0.370253164557 52.4658565175 30 0.565886548292
1250 8 0.601891659501 0.5220949648 0.0545598465574 9.97048595035 1 0.1 0.41308 0.428139183056 48.1382156398 30 0.570447342461
1260 8 0.601891659501 0.46858227783 0.0315359559375 17.2235262026 1 0.1 0.39949 0.421135646688 53.635660564 30 0.570447342461
1270 8 0.601891659501 0.382500489906 0.0404323248622 17.1210513937 1 0.1 0.45095 0.409090909091 65.7063733596 30 0.570447342461
1280 8 0.601891659501 0.4501562837 0.0373262179718 14.3150892453 1 0.1 0.41037 0.360485268631 55.8310989096 30 0.570447342461
1290 8 0.601891659501 0.48366035434 0.0330549621954 14.1287347146 1 0.1 0.35016 0.385737439222 51.9635727313 30 0.570447342461
1300 8 0.601891659501 0.420278238242 0.0455815347157 17.828772428 1 0.1 0.40547 0.407633587786 59.8001935697 30 0.570447342461
1310 8 1.18243243243 0.555968338688 0.0342564056695 8.59296036454 1 0.1 0.41412 0.353697749196 45.2053080204 40 0.63949477095
1320 8 1.18243243243 0.474037071983 0.0284911607932 6.8365312625 1 0.1 0.41724 0.432475884244 53.0184694097 40 0.63949477095
1330 8 1.18243243243 0.496522874249 0.0249585119459 11.1498557538 1 0.1 0.36665 0.397670549085 50.617446453 40 0.63949477095
1340 8 1.18243243243 0.588810417275 0.026898768291 5.15912750395 1 0.1 0.40154 0.37030995106 42.6838915594 40 0.63949477095
1350 8 1.18243243243 0.49915482382 0.0461760618649 8.81857276465 1 0.1 0.29725 0.371653543307 50.3505501713 40 0.63949477095
1360 8 1.18243243243 0.471238075527 0.0415339869533 16.6851188822 1 0.1 0.43412 0.477564102564 53.3333813739 40 0.63949477095
1370 8 1.18243243243 0.636143089462 0.0277192576886 6.67636599971 1 0.1 0.35074 0.429892141757 39.507966708 40 0.63949477095
1380 8 1.18243243243 0.492855744356 0.032323855219 10.5207788163 1 0.1 0.42485 0.408450704225 50.9940693353 40 0.63949477095
1390 8 1.18243243243 0.567883969367 0.0396571219391 12.4617801118 1 0.1 0.332 0.323854660348 44.2567872237 40 0.63949477095
1400 8 1.18243243243 0.584792324362 0.0241274362113 6.90881355703 1 0.1 0.40084 0.375786163522 42.9771714727 40 0.63949477095
1410 8 33.3333333333 0.707984095513 0.0243334649469 0.31846897377 1 0.1 0.54552 0.446102819237 35.4989895384 270 0.724468448195
1420 8 33.3333333333 0.7065185765 0.00348355126612 0.000791237402752 1 0.1 0.35268 0.287804878049 35.5726244659 270 0.724468448195
1430 8 33.3333333333 0.701967571757 0.00134667161456 0.00147321048351 1 0.1 0.38576 0.314641744548 35.8032493397 270 0.724468448195
1440 8 33.3333333333 0.708103094436 0.00229600414883 0.00273401255029 1 0.1 0.40818 0.347266881029 35.4930238231 270 0.724468448195
1450 8 33.3333333333 0.704443164747 0.00113848834329 0.00337935611251 1 0.1 0.34414 0.379471228616 35.6774275878 270 0.724468448195
1460 8 33.3333333333 0.700861907429 0.00257655597485 0.0034438814809 1 0.1 0.36533 0.417981072555 35.8597317583 270 0.724468448195
1470 8 33.3333333333 0.706162665207 0.00182504825598 0.00154223429344 1 0.1 0.44183 0.393526405451 35.5905533361 270 0.724468448195
1480 8 33.3333333333 0.705737601581 0.002098054458 0.000565239912062 1 0.1 0.36661 0.371753246753 35.6119894189 270 0.724468448195
1490 8 33.3333333333 0.706050966676 0.00332274519536 0.000387270233705 1 0.1 0.47308 0.450160771704 35.5961838256 270 0.724468448195
1500 8 33.3333333333 0.707401024052 0.0016185915079 0.000904113456457 1 0.1 0.39484 0.405956112853 35.5282493882 270 0.724468448195
