234.637976013,210.509195485,56.5295056863,0.0
193.08671399,382.785499047,56.5295056863,0.0
284.314959448,312.346885491,56.5295056863,0.0
85.0926018044,427.726563316,56.5295056863,0.0
418.768357311,71.3766889237,56.5295056863,0.0
363.750302543,421.414247745,56.5295056863,0.0
416.221439254,275.947219116,56.5295056863,0.0
212.631482146,63.3311519575,56.5295056863,0.0
@ 10 10 0.0873362445415 0.306372617231
440.230698584,344.989468163,47.5797684916,0.0
92.7033867169,294.805026604,47.5797684916,0.0
357.552235763,409.379259638,47.5797684916,0.0
69.9959058155,80.5646291738,47.5797684916,0.0
166.19121692,406.598531009,47.5797684916,0.0
182.800856019,95.1069227997,47.5797684916,0.0
148.213916561,217.388509741,47.5797684916,0.0
273.890234149,54.4429982096,47.5797684916,0.0
@ 20 10 0.0873362445415 0.217042218553
155.999696543,114.465429449,43.0800413077,0.0
299.692963128,188.039421088,43.0800413077,0.0
283.461930189,283.208566769,43.0800413077,0.0
108.833023967,430.977721874,43.0800413077,0.0
461.292032151,73.1483878446,43.0800413077,0.0
372.484098776,91.0649829432,43.0800413077,0.0
167.367044689,314.897100298,43.0800413077,0.0
465.204663229,217.849501648,43.0800413077,0.0
@ 30 10 0.0873362445415 0.177931071061
104.687638085,229.741341019,42.8295107184,0.0
221.377122274,256.317074466,42.8295107184,0.0
286.464804601,346.341103835,42.8295107184,0.0
382.850700784,455.804111594,42.8295107184,0.0
357.62335444,126.041686241,42.8295107184,0.0
207.6405363,73.5976144584,42.8295107184,0.0
196.790084409,443.387677057,42.8295107184,0.0
127.679255159,135.706103707,42.8295107184,0.0
@ 40 10 0.0873362445415 0.175867583832
409.051118163,358.549759536,57.9467047193,0.0
185.19605923,72.3169588754,57.9467047193,0.0
156.02155689,417.09854393,57.9467047193,0.0
176.75453959,286.768543016,57.9467047193,0.0
338.54771087,220.27620354,57.9467047193,0.0
362.18473279,99.8336278307,57.9467047193,0.0
304.617086711,434.011488911,57.9467047193,0.0
72.6474307728,203.806588809,57.9467047193,0.0
@ 50 10 0.0873362445415 0.32192674501
260.78929247,212.248546169,42.0201456233,0.0
137.152270156,308.025632324,42.0201456233,0.0
431.430649127,239.734571827,42.0201456233,0.0
451.359113963,77.1561177855,42.0201456233,0.0
400.651615126,430.041903362,42.0201456233,0.0
59.2124442694,400.570483194,42.0201456233,0.0
136.622066131,77.7567439322,42.0201456233,0.0
353.179404034,276.579233707,42.0201456233,0.0
@ 60 10 0.0873362445415 0.169283518532
398.504372931,434.970813178,40.0508449456,0.0
141.198499296,470.176221855,40.0508449456,0.0
352.486984032,314.319719875,40.0508449456,0.0
65.9994483634,122.702608911,40.0508449456,0.0
261.215305029,88.9393613532,40.0508449456,0.0
237.898103756,443.087346662,40.0508449456,0.0
392.511586968,240.243937475,40.0508449456,0.0
97.7420473836,222.6711592,40.0508449456,0.0
@ 70 10 0.0873362445415 0.153788172591
431.25738561,91.2901103172,46.1838181381,0.0
405.7605939,338.94661027,46.1838181381,0.0
192.277851904,77.1428365351,46.1838181381,0.0
456.038976409,185.261899869,46.1838181381,0.0
303.147862791,329.207228388,46.1838181381,0.0
59.8884719474,274.560012868,46.1838181381,0.0
352.883830877,451.154738616,46.1838181381,0.0
333.49597428,203.075612052,46.1838181381,0.0
@ 80 10 0.0873362445415 0.204493373541
420.499054375,313.796852679,56.4222000644,0.0
205.327147234,242.529027416,56.4222000644,0.0
75.1381129341,362.038824239,56.4222000644,0.0
329.877078237,202.431302331,56.4222000644,0.0
351.554456385,449.059447536,56.4222000644,0.0
169.170080891,430.454137486,56.4222000644,0.0
382.440610408,60.5326649305,56.4222000644,0.0
268.119178959,83.7407324248,56.4222000644,0.0
@ 90 10 0.0873362445415 0.305210593919
259.887795631,165.567099196,56.619979996,0.0
286.286536579,441.555440138,56.619979996,0.0
132.847111532,92.2655920417,56.619979996,0.0
56.8376373877,248.568708795,56.619979996,0.0
384.516965874,368.554419843,56.619979996,0.0
174.333723504,289.408361838,56.619979996,0.0
421.016797848,172.09249562,56.619979996,0.0
142.321056718,437.291785566,56.619979996,0.0
@ 100 10 0.0873362445415 0.307354088143
231.285552196,288.252269313,48.1751267002,0.0
440.233379449,202.943228526,48.1751267002,0.0
108.506858877,338.038389285,48.1751267002,0.0
86.358844487,95.5999947715,48.1751267002,0.0
251.165777634,398.813282542,48.1751267002,0.0
360.327040211,279.979489396,48.1751267002,0.0
271.92121317,137.166020004,48.1751267002,0.0
461.400996871,357.336664271,48.1751267002,0.0
@ 110 10 0.0940354648039 0.222507831861
226.893821769,458.759190827,43.951562701,0.0
103.220153869,185.698367894,43.951562701,0.0
380.724914054,167.346091159,43.951562701,0.0
359.465044018,376.043686605,43.951562701,0.0
466.761637858,228.180646781,43.951562701,0.0
284.480176709,83.3654957604,43.951562701,0.0
192.203603523,248.578633001,43.951562701,0.0
77.4839353583,376.95725846,43.951562701,0.0
@ 120 10 0.0940354648039 0.185203083463
78.0515677347,246.604392142,46.6146322394,0.0
441.133637667,371.146603755,46.6146322394,0.0
385.877616528,182.971101307,46.6146322394,0.0
133.861078825,322.234328212,46.6146322394,0.0
222.933696623,171.786781112,46.6146322394,0.0
68.5854914421,423.135605242,46.6146322394,0.0
239.902638898,55.6654635057,46.6146322394,0.0
79.276786399,46.7753528584,46.6146322394,0.0
@ 130 10 0.0940354648039 0.208326297514
62.7065932302,380.948595932,51.6464784094,0.0
168.306637015,272.812275846,51.6464784094,0.0
202.860911004,55.8142483855,51.6464784094,0.0
388.779482741,163.482554954,51.6464784094,0.0
67.5512136446,179.479893451,51.6464784094,0.0
316.397297924,358.240036083,51.6464784094,0.0
171.715227841,382.54489609,51.6464784094,0.0
286.0054086,224.001556512,51.6464784094,0.0
@ 140 10 0.0940354648039 0.255729599583
76.5873921364,230.48587722,49.7669796084,0.0
347.931961749,431.914567697,49.7669796084,0.0
179.98084034,460.118683202,49.7669796084,0.0
457.407713403,55.5498668909,49.7669796084,0.0
250.14569168,289.652187098,49.7669796084,0.0
207.526900884,195.117857843,49.7669796084,0.0
133.918099664,349.257898353,49.7669796084,0.0
74.3202232275,51.9173761541,49.7669796084,0.0
@ 150 10 0.0940354648039 0.237455448317
462.849378261,420.533013733,44.3464094574,0.0
155.456762029,406.044022127,44.3464094574,0.0
387.557820722,100.254953416,44.3464094574,0.0
315.232256481,363.67325268,44.3464094574,0.0
356.898538947,262.99956349,44.3464094574,0.0
70.4857427217,136.673335959,44.3464094574,0.0
382.658598552,463.016539906,44.3464094574,0.0
219.58922593,317.975429471,44.3464094574,0.0
@ 160 10 0.0940354648039 0.188545640874
294.618068992,433.911167774,49.3757608639,0.0
132.671091098,334.812040924,49.3757608639,0.0
104.541160425,206.152406237,49.3757608639,0.0
414.9712167,312.587438311,49.3757608639,0.0
369.590342885,76.0969395637,49.3757608639,0.0
445.52647155,437.702894946,49.3757608639,0.0
137.152328635,98.5799226457,49.3757608639,0.0
419.962224567,192.717986506,49.3757608639,0.0
@ 170 10 0.0940354648039 0.233736842492
285.2940385,42.3776328753,40.3400151581,0.0
275.349815384,361.166266969,40.3400151581,0.0
416.040513537,101.237427258,40.3400151581,0.0
280.27684432,249.688321837,40.3400151581,0.0
204.927959667,98.2447756035,40.3400151581,0.0
81.8702546919,411.37240943,40.3400151581,0.0
184.547813176,269.457354025,40.3400151581,0.0
55.1362049761,194.513403944,40.3400151581,0.0
@ 180 10 0.0940354648039 0.156016914607
240.41361019,248.231581348,46.3005282565,0.0
247.318723471,454.52866203,46.3005282565,0.0
310.241257029,187.352356792,46.3005282565,0.0
287.68526791,357.939881742,46.3005282565,0.0
47.3388081545,147.311159128,46.3005282565,0.0
377.492915956,76.6476633518,46.3005282565,0.0
379.392322447,429.25962726,46.3005282565,0.0
190.693664572,367.106310732,46.3005282565,0.0
@ 190 10 0.0940354648039 0.205528220939
417.12323617,406.409512737,42.0058647749,0.0
280.511997833,353.507074492,42.0058647749,0.0
46.863765273,125.967068314,42.0058647749,0.0
397.120770451,126.553414026,42.0058647749,0.0
86.6745567614,374.515456139,42.0058647749,0.0
80.2426552983,254.767865413,42.0058647749,0.0
200.610501454,159.299237109,42.0058647749,0.0
139.128507797,460.469595266,42.0058647749,0.0
@ 200 10 0.0940354648039 0.169168473644
194.499018477,442.622297913,48.7427845469,0.0
363.795859221,106.655761024,48.7427845469,0.0
177.174703366,299.178938335,48.7427845469,0.0
424.056895331,194.543212628,48.7427845469,0.0
266.833706463,205.182752929,48.7427845469,0.0
177.281894203,65.0952677913,48.7427845469,0.0
276.100830591,63.3048699499,48.7427845469,0.0
49.313400248,174.226426341,48.7427845469,0.0
@ 210 10 0.101847810272 0.227782440746
253.271538286,399.457097411,50.2860626517,0.0
249.794156915,216.881120593,50.2860626517,0.0
361.63348848,367.027387612,50.2860626517,0.0
415.228286121,453.375723496,50.2860626517,0.0
226.939073664,102.742872306,50.2860626517,0.0
116.46547586,176.342648035,50.2860626517,0.0
97.3804997923,363.341099929,50.2860626517,0.0
74.2368575939,69.8284210016,50.2860626517,0.0
@ 220 10 0.101847810272 0.242434730185
213.892512658,362.849984194,44.4733033852,0.0
67.6584167106,369.454537692,44.4733033852,0.0
239.979407933,229.584403741,44.4733033852,0.0
89.5705023399,44.8894111006,44.4733033852,0.0
343.880298921,80.8704625317,44.4733033852,0.0
161.243923639,281.727354923,44.4733033852,0.0
281.938782432,448.4263502,44.4733033852,0.0
359.607327875,289.271622443,44.4733033852,0.0
@ 230 10 0.101847810272 0.189626203086
122.097492268,241.400001466,47.7058832696,0.0
332.538679936,418.39409713,47.7058832696,0.0
215.65493018,129.189080105,47.7058832696,0.0
234.913426005,399.157777374,47.7058832696,0.0
439.130149184,174.354029056,47.7058832696,0.0
279.493416534,295.614512347,47.7058832696,0.0
433.692251178,279.849728618,47.7058832696,0.0
432.87905028,463.528536189,47.7058832696,0.0
@ 240 10 0.101847810272 0.218194326201
160.407017802,136.674750456,39.6780441748,0.0
466.408123414,166.024043896,39.6780441748,0.0
189.603492593,247.532625658,39.6780441748,0.0
353.159755545,88.3200590586,39.6780441748,0.0
83.15531178,87.4013796286,39.6780441748,0.0
175.714519973,47.9313935125,39.6780441748,0.0
307.846668652,469.503121027,39.6780441748,0.0
184.888798458,444.283983178,39.6780441748,0.0
@ 250 10 0.101847810272 0.150938518896
451.516003576,333.559973166,57.4518179746,0.0
81.6286920303,118.212695668,57.4518179746,0.0
421.521842805,170.742512778,57.4518179746,0.0
367.104986574,62.763538836,57.4518179746,0.0
210.598668791,430.700126133,57.4518179746,0.0
192.684883124,87.0390244695,57.4518179746,0.0
299.142674672,169.17598812,57.4518179746,0.0
65.8498853437,307.210538072,57.4518179746,0.0
@ 260 10 0.101847810272 0.316451473732
85.7308934472,417.913916919,55.5079843123,0.0
298.273900741,444.44943173,55.5079843123,0.0
450.211283871,280.778158719,55.5079843123,0.0
68.338941886,124.643214148,55.5079843123,0.0
194.974670207,370.445437816,55.5079843123,0.0
280.806554111,188.349495219,55.5079843123,0.0
130.489308978,220.897862945,55.5079843123,0.0
337.931272714,318.043979071,55.5079843123,0.0
@ 270 10 0.101847810272 0.295399995701
271.63689301,419.280959566,52.2211565953,0.0
370.850012743,356.151780726,52.2211565953,0.0
92.6261773875,242.798291148,52.2211565953,0.0
134.581235559,357.776786058,52.2211565953,0.0
326.925969971,260.820174832,52.2211565953,0.0
419.949919635,71.8333085567,52.2211565953,0.0
457.59205182,191.833966027,52.2211565953,0.0
122.054909383,81.7074438521,52.2211565953,0.0
@ 280 10 0.101847810272 0.261452346318
88.7334883986,101.310370805,50.7069497704,0.0
433.976589514,403.848522996,50.7069497704,0.0
274.101929759,163.781673793,50.7069497704,0.0
86.3209221818,387.660052537,50.7069497704,0.0
234.934449084,320.892039951,50.7069497704,0.0
217.563299332,428.130805068,50.7069497704,0.0
422.410222228,134.7556656,50.7069497704,0.0
386.21032779,239.786206484,50.7069497704,0.0
@ 290 10 0.101847810272 0.246510001538
109.592480572,338.250892318,43.2606641002,0.0
201.652344212,371.293679125,43.2606641002,0.0
56.6093537125,174.204742806,43.2606641002,0.0
271.910178704,267.738064846,43.2606641002,0.0
440.302506683,121.221156127,43.2606641002,0.0
216.094740537,56.4201161112,43.2606641002,0.0
184.046316153,285.897271887,43.2606641002,0.0
363.832329778,163.841847656,43.2606641002,0.0
@ 300 10 0.101847810272 0.179426231219
299.137441867,207.930079471,45.4082986062,0.0
140.890920846,145.793850469,45.4082986062,0.0
423.46049772,410.850030675,45.4082986062,0.0
289.327907313,365.267867032,45.4082986062,0.0
392.857788671,147.642521594,45.4082986062,0.0
201.87644232,229.734828389,45.4082986062,0.0
439.369344918,258.446415397,45.4082986062,0.0
367.20764933,58.7485118652,45.4082986062,0.0
@ 310 10 0.111075848937 0.197683321871
364.044391574,265.037555633,51.0417303353,0.0
102.489085413,402.448007435,51.0417303353,0.0
133.545403207,253.215722188,51.0417303353,0.0
234.229791153,410.592306404,51.0417303353,0.0
166.532838659,55.3138473624,51.0417303353,0.0
447.411360013,156.210838143,51.0417303353,0.0
361.970969108,414.82616002,51.0417303353,0.0
262.623092558,150.991579478,51.0417303353,0.0
@ 320 10 0.111075848937 0.249775794081
363.474976327,325.152171888,52.1128984257,0.0
136.853981319,452.77926491,52.1128984257,0.0
101.074041552,320.231161382,52.1128984257,0.0
227.990229511,365.215616208,52.1128984257,0.0
95.9764283866,164.243647655,52.1128984257,0.0
396.491561351,183.05819785,52.1128984257,0.0
429.131778512,53.7152359378,52.1128984257,0.0
247.656751088,127.313581668,52.1128984257,0.0
@ 330 10 0.111075848937 0.260369451344
261.996312518,71.7043178103,52.7902455048,0.0
456.192852554,393.644136204,52.7902455048,0.0
102.220237087,457.752888296,52.7902455048,0.0
369.067133427,66.5190029188,52.7902455048,0.0
291.231938457,408.343561502,52.7902455048,0.0
388.006051263,294.598139038,52.7902455048,0.0
181.55232758,152.790276306,52.7902455048,0.0
376.937791657,178.831990227,52.7902455048,0.0
@ 340 10 0.111075848937 0.267181838751
446.154870103,55.9029230924,52.3009971075,0.0
415.606838128,166.701846126,52.3009971075,0.0
379.068927821,291.19240731,52.3009971075,0.0
194.988869761,150.540859329,52.3009971075,0.0
303.064948524,177.019210058,52.3009971075,0.0
313.142545736,59.9556351577,52.3009971075,0.0
169.092313589,280.750233826,52.3009971075,0.0
319.847046816,389.910307484,52.3009971075,0.0
@ 350 10 0.111075848937 0.262252422303
207.341393779,250.329588708,57.2664766006,0.0
289.213121356,333.607607258,57.2664766006,0.0
82.1928561533,142.519054542,57.2664766006,0.0
401.652509036,178.81416445,57.2664766006,0.0
442.963797926,336.51846758,57.2664766006,0.0
127.525599457,390.394318334,57.2664766006,0.0
353.207847701,62.2374366219,57.2664766006,0.0
73.2265706765,278.184712094,57.2664766006,0.0
@ 360 10 0.111075848937 0.314413002292
119.998454313,437.958678892,48.7839360921,0.0
136.159650495,61.2899326974,48.7839360921,0.0
441.003051897,415.0207613,48.7839360921,0.0
196.319997402,212.674018238,48.7839360921,0.0
95.3147620096,253.450260629,48.7839360921,0.0
357.725219058,96.1405105694,48.7839360921,0.0
349.502795648,357.564653476,48.7839360921,0.0
240.093342945,349.533966653,48.7839360921,0.0
@ 370 10 0.111075848937 0.228167217955
69.5853892412,249.611510806,61.1186386805,0.0
121.292250832,65.1432014627,61.1186386805,0.0
263.448307007,434.937049188,61.1186386805,0.0
286.790643481,282.66040846,61.1186386805,0.0
305.140736188,96.8711628207,61.1186386805,0.0
423.628606943,388.938139167,61.1186386805,0.0
180.625958729,195.774296393,61.1186386805,0.0
439.766678545,164.914833462,61.1186386805,0.0
@ 380 10 0.111075848937 0.358135123522
440.637638337,132.49269504,55.0230006612,0.0
288.361476274,61.6632779313,55.0230006612,0.0
193.169418626,309.972715591,55.0230006612,0.0
293.939178928,238.715296871,55.0230006612,0.0
134.012792418,190.136898194,55.0230006612,0.0
157.613501354,444.213410201,55.0230006612,0.0
149.968225296,67.7059715409,55.0230006612,0.0
269.404507415,445.262198428,55.0230006612,0.0
@ 390 10 0.111075848937 0.290260615942
393.243277947,164.992072864,55.323249548,0.0
401.269760107,410.647872436,55.323249548,0.0
160.08854953,417.298781833,55.323249548,0.0
233.782450774,189.980816438,55.323249548,0.0
142.559472792,291.312401702,55.323249548,0.0
290.158959481,61.0423671133,55.323249548,0.0
247.246833856,328.740286359,55.323249548,0.0
367.950968438,302.980353173,55.323249548,0.0
@ 400 10 0.111075848937 0.293437040583
394.624932703,444.428618063,63.4296559868,0.0
373.372647723,190.485310824,63.4296559868,0.0
70.0008352267,140.792725512,63.4296559868,0.0
225.30363467,114.936838677,63.4296559868,0.0
446.084902824,65.7389252495,63.4296559868,0.0
64.959917368,368.859667192,63.4296559868,0.0
143.723500549,262.678307424,63.4296559868,0.0
203.493548859,436.074626992,63.4296559868,0.0
@ 410 10 0.122142732507 0.385730768824
65.036364188,189.154848131,53.6459176785,0.0
243.821441477,300.932632534,53.6459176785,0.0
453.217332032,60.7781609276,53.6459176785,0.0
114.474444703,383.144908983,53.6459176785,0.0
164.565688825,133.794726205,53.6459176785,0.0
385.018186936,151.213159914,53.6459176785,0.0
281.853103419,115.794805074,53.6459176785,0.0
347.136174266,271.30992372,53.6459176785,0.0
@ 420 10 0.122142732507 0.275913486168
120.762593043,157.020501582,57.7183698933,0.0
318.35463369,354.803477829,57.7183698933,0.0
316.682739459,86.9912130564,57.7183698933,0.0
229.423307423,449.228240402,57.7183698933,0.0
270.045343465,213.406775266,57.7183698933,0.0
426.970972901,179.590896641,57.7183698933,0.0
84.5356263962,447.587355881,57.7183698933,0.0
446.281896969,364.901787747,57.7183698933,0.0
@ 430 10 0.122142732507 0.319394685148
387.095424073,451.200634883,48.6893208851,0.0
375.056895763,293.16727206,48.6893208851,0.0
192.286339948,184.322440826,48.6893208851,0.0
202.126353276,76.3966538695,48.6893208851,0.0
403.932374686,95.3371999515,48.6893208851,0.0
91.7122512252,63.8175321028,48.6893208851,0.0
156.109763958,331.287267948,48.6893208851,0.0
67.2078488277,417.10641229,48.6893208851,0.0
@ 440 10 0.122142732507 0.227283027153
413.717937524,204.112120487,49.2652078564,0.0
144.023856542,441.647626084,49.2652078564,0.0
311.558112334,456.076107533,49.2652078564,0.0
206.236797602,68.6599177929,49.2652078564,0.0
117.920268935,298.294748932,49.2652078564,0.0
376.473097491,82.0654181556,49.2652078564,0.0
434.640372292,365.115934637,49.2652078564,0.0
254.452175513,179.492974158,49.2652078564,0.0
@ 450 10 0.122142732507 0.232691334249
386.401954111,253.520754621,60.3850709525,0.0
89.5276490348,365.0668839,60.3850709525,0.0
223.159401521,293.652754202,60.3850709525,0.0
386.234354438,404.225727752,60.3850709525,0.0
91.8804668425,202.332484186,60.3850709525,0.0
89.1008314053,76.1915981201,60.3850709525,0.0
370.100414811,129.156864617,60.3850709525,0.0
231.291830897,62.2579983063,60.3850709525,0.0
@ 460 10 0.122142732507 0.349589783944
60.7417232975,58.9016088504,55.2036502164,0.0
361.935006774,90.9773336094,55.2036502164,0.0
75.521879712,432.642703436,55.2036502164,0.0
154.668803832,217.803166089,55.2036502164,0.0
278.752732688,235.422022884,55.2036502164,0.0
345.631064322,384.149360632,55.2036502164,0.0
453.478845397,192.990907286,55.2036502164,0.0
188.503934327,77.7239930449,55.2036502164,0.0
@ 470 10 0.122142732507 0.292169691333
241.452864226,90.5799866356,53.8849408135,0.0
395.505676473,378.211595722,53.8849408135,0.0
441.447111743,194.631512168,53.8849408135,0.0
270.193827267,434.152476205,53.8849408135,0.0
130.825259861,196.049403592,53.8849408135,0.0
389.509558815,82.1357605328,53.8849408135,0.0
181.895861515,300.948729189,53.8849408135,0.0
56.7950622659,358.901574651,53.8849408135,0.0
@ 480 10 0.122142732507 0.278377667267
222.990107909,447.604447077,52.4909672734,0.0
435.300381723,310.037745872,52.4909672734,0.0
276.810601825,354.881107976,52.4909672734,0.0
93.4240477584,100.35772999,52.4909672734,0.0
292.210647425,63.0610207565,52.4909672734,0.0
367.034292239,190.480016814,52.4909672734,0.0
118.565239595,342.420377261,52.4909672734,0.0
336.533561537,452.829338499,52.4909672734,0.0
@ 490 10 0.122142732507 0.264161013668
279.976319326,426.328333274,52.5779146499,0.0
235.288204534,221.88609718,52.5779146499,0.0
429.760321814,281.120223672,52.5779146499,0.0
164.651336562,330.779688552,52.5779146499,0.0
99.602589125,456.643136957,52.5779146499,0.0
448.797144527,76.9215277705,52.5779146499,0.0
121.502923956,104.145006342,52.5779146499,0.0
250.180346312,68.0275405954,52.5779146499,0.0
@ 500 10 0.122142732507 0.265036864534
70.2964429494,93.0594009403,51.1138467924,0.0
167.846308814,455.835818516,51.1138467924,0.0
290.940623186,352.656731057,51.1138467924,0.0
225.877256154,126.327382425,51.1138467924,0.0
66.5246168264,246.589441451,51.1138467924,0.0
364.470676879,155.107673824,51.1138467924,0.0
419.953133136,394.357152742,51.1138467924,0.0
202.687978693,284.469630052,51.1138467924,0.0
@ 510 10 0.135658914729 0.250482105188
191.342807896,167.66885071,58.8568551891,0.0
323.213058007,183.067025943,58.8568551891,0.0
425.623409193,446.646376428,58.8568551891,0.0
343.636070809,300.299948036,58.8568551891,0.0
114.492744194,71.0921837156,58.8568551891,0.0
197.14125605,433.146888327,58.8568551891,0.0
83.7538473996,231.255198581,58.8568551891,0.0
372.686464143,61.4622234453,58.8568551891,0.0
@ 520 10 0.135658914729 0.332118966382
442.155755709,205.553617498,45.7190658479,0.0
50.337155215,398.670001235,45.7190658479,0.0
65.1700834645,205.690620099,45.7190658479,0.0
97.0706488031,317.496106556,45.7190658479,0.0
259.552150204,371.181136765,45.7190658479,0.0
153.405645333,390.932721446,45.7190658479,0.0
131.453659173,110.33355441,45.7190658479,0.0
256.079708734,98.261674427,45.7190658479,0.0
@ 530 10 0.135658914729 0.200398408018
152.986061704,82.3312615545,54.9483388099,0.0
433.575715717,94.8046490534,54.9483388099,0.0
86.3643787096,230.609102718,54.9483388099,0.0
310.673738238,270.160216672,54.9483388099,0.0
429.866308164,226.419301466,54.9483388099,0.0
156.856608024,362.046392668,54.9483388099,0.0
259.060624001,446.682103344,54.9483388099,0.0
297.487014812,107.670175252,54.9483388099,0.0
@ 540 10 0.135658914729 0.289473429074
438.120531039,177.069124033,48.0154194943,0.0
73.1602901767,142.817135581,48.0154194943,0.0
288.58103506,336.874864936,48.0154194943,0.0
181.752479652,169.790759035,48.0154194943,0.0
137.515420604,384.776822712,48.0154194943,0.0
333.435918554,187.993470262,48.0154194943,0.0
453.763797175,337.768443342,48.0154194943,0.0
204.52615032,76.0432695339,48.0154194943,0.0
@ 550 10 0.135658914729 0.221034988798
64.1339317949,316.971310461,58.3124200178,0.0
146.117840991,125.562407534,58.3124200178,0.0
167.909395564,390.330881928,58.3124200178,0.0
410.929955814,427.056999297,58.3124200178,0.0
261.176145937,82.3090596919,58.3124200178,0.0
286.833146282,435.920066131,58.3124200178,0.0
318.311105638,319.080540972,58.3124200178,0.0
398.091700315,145.626326766,58.3124200178,0.0
@ 560 10 0.135658914729 0.326003078885
441.010216632,233.383088856,52.8314109897,0.0
268.274009453,422.903516728,52.8314109897,0.0
229.32328003,321.025130032,52.8314109897,0.0
417.926496224,406.319767761,52.8314109897,0.0
109.72800122,245.490458904,52.8314109897,0.0
57.8392205283,105.504958544,52.8314109897,0.0
330.4316353,158.464810042,52.8314109897,0.0
432.184906079,99.7404791123,52.8314109897,0.0
@ 570 10 0.135658914729 0.267598694485
426.294874344,201.427859816,57.572606971,0.0
171.31307189,272.281744067,57.572606971,0.0
162.404342112,88.0351234459,57.572606971,0.0
260.677483007,192.470409913,57.572606971,0.0
256.768452601,376.503661704,57.572606971,0.0
383.147015862,375.254928818,57.572606971,0.0
279.203712776,61.2768482242,57.572606971,0.0
117.211249427,381.896227724,57.572606971,0.0
@ 580 10 0.135658914729 0.31778351296
451.073853315,328.051490098,57.7739818184,0.0
289.369577278,447.543195231,57.7739818184,0.0
160.985442456,199.763241391,57.7739818184,0.0
146.30924904,81.5244184931,57.7739818184,0.0
289.312324042,295.59387715,57.7739818184,0.0
300.203258931,75.7818559611,57.7739818184,0.0
165.847445021,439.247430771,57.7739818184,0.0
423.185693573,188.616123928,57.7739818184,0.0
@ 590 10 0.135658914729 0.320010458265
366.790796041,69.2741878351,58.6076756207,0.0
193.334817077,356.270526619,58.6076756207,0.0
302.136562093,424.289020965,58.6076756207,0.0
77.8176050862,294.851898736,58.6076756207,0.0
422.595632148,242.561784463,58.6076756207,0.0
75.1754197281,122.503217294,58.6076756207,0.0
219.443779368,219.814171974,58.6076756207,0.0
440.266750386,376.011165376,58.6076756207,0.0
@ 600 10 0.135658914729 0.329312765553
164.09939459,374.071368872,56.029187703,0.0
357.58037009,59.2901514606,56.029187703,0.0
221.652105315,91.4461711976,56.029187703,0.0
292.736752522,323.389025592,56.029187703,0.0
424.38686462,216.655024197,56.029187703,0.0
85.4368117712,455.181365864,56.029187703,0.0
95.4598812267,109.835887364,56.029187703,0.0
453.840068752,362.275539363,56.029187703,0.0
@ 610 10 0.152538679451 0.300973475511
184.229397535,436.730433422,62.9751536837,0.0
69.3918424349,69.1458539039,62.9751536837,0.0
378.347933715,367.836149639,62.9751536837,0.0
162.674660678,222.72778708,62.9751536837,0.0
415.593114873,241.212780619,62.9751536837,0.0
434.264766334,77.7312133612,62.9751536837,0.0
296.547044386,120.461875868,62.9751536837,0.0
83.4702520214,323.216030997,62.9751536837,0.0
@ 620 10 0.152538679451 0.380222701267
175.46704573,375.756439164,54.0858079373,0.0
292.130103009,444.153223382,54.0858079373,0.0
82.3388981244,300.990199903,54.0858079373,0.0
340.204173344,220.219165356,54.0858079373,0.0
299.751912698,104.497849138,54.0858079373,0.0
409.4917787,351.813801049,54.0858079373,0.0
134.803549671,57.8282228644,54.0858079373,0.0
217.430751217,241.199798601,54.0858079373,0.0
@ 630 10 0.152538679451 0.280456954778
124.086772141,141.544727542,60.1639722763,0.0
257.612793254,371.386429328,60.1639722763,0.0
390.320775347,423.280270109,60.1639722763,0.0
403.083715439,91.9946013292,60.1639722763,0.0
370.028161688,230.650132832,60.1639722763,0.0
89.3885037378,321.434099557,60.1639722763,0.0
147.219908552,438.521661062,60.1639722763,0.0
268.01121447,138.257622637,60.1639722763,0.0
@ 640 10 0.152538679451 0.347034439308
193.153243486,445.259217584,43.5522809576,0.0
466.893458312,221.745328006,43.5522809576,0.0
219.854660874,130.623681469,43.5522809576,0.0
402.910099081,380.533081294,43.5522809576,0.0
74.0782285548,155.857996325,43.5522809576,0.0
344.987677779,258.977672376,43.5522809576,0.0
147.031433212,203.755402122,43.5522809576,0.0
417.691307621,49.6640053797,43.5522809576,0.0
@ 650 10 0.152538679451 0.181853381605
61.7110066454,226.363800056,58.3963015505,0.0
179.875836838,83.0225223137,58.3963015505,0.0
77.4758715736,406.915091281,58.3963015505,0.0
338.421134231,78.7241276358,58.3963015505,0.0
317.784004816,257.584773575,58.3963015505,0.0
307.849358163,451.611360292,58.3963015505,0.0
180.92153459,207.846953941,58.3963015505,0.0
391.112772498,354.134690464,58.3963015505,0.0
@ 660 10 0.152538679451 0.326941654442
255.279354125,390.028544739,48.308267211,0.0
295.675819346,110.307778389,48.308267211,0.0
456.898766666,368.954672919,48.308267211,0.0
419.761924166,82.7642870968,48.308267211,0.0
68.5575709491,119.626065101,48.308267211,0.0
120.033243187,398.390978971,48.308267211,0.0
174.528167532,257.440759868,48.308267211,0.0
359.010115071,236.644287499,48.308267211,0.0
@ 670 10 0.152538679451 0.223739411106
368.754127812,165.74567307,48.746085247,0.0
253.43765524,154.144314481,48.746085247,0.0
424.107545738,84.4583665273,48.746085247,0.0
273.681778261,410.357417335,48.746085247,0.0
294.996680656,49.8446936812,48.746085247,0.0
57.7374782416,378.599724742,48.746085247,0.0
92.3359478519,55.1290545703,48.746085247,0.0
169.68741349,217.92982132,48.746085247,0.0
@ 680 10 0.152538679451 0.227813291138
301.304645365,441.508611798,58.3658632286,0.0
119.684697272,426.095431284,58.3658632286,0.0
228.173484337,339.086208034,58.3658632286,0.0
100.06330013,299.60166474,58.3658632286,0.0
269.756041936,80.4865437396,58.3658632286,0.0
436.814552419,70.4235148898,58.3658632286,0.0
444.664423895,247.041743034,58.3658632286,0.0
292.332059512,220.937285216,58.3658632286,0.0
@ 690 10 0.152538679451 0.326600914995
426.94345143,109.828151529,47.6559591356,0.0
461.79132913,220.382959232,47.6559591356,0.0
284.153744942,251.670437857,47.6559591356,0.0
454.120007679,319.72161091,47.6559591356,0.0
325.473182178,361.536197859,47.6559591356,0.0
102.426488654,102.040199909,47.6559591356,0.0
248.845020418,157.536930425,47.6559591356,0.0
73.9385517461,326.137670717,47.6559591356,0.0
@ 700 10 0.152538679451 0.2177378851
348.527479661,88.8088843956,58.0996233879,0.0
156.117707196,244.389032446,58.0996233879,0.0
273.418439616,373.37727452,58.0996233879,0.0
440.145309874,196.993275647,58.0996233879,0.0
424.20284281,413.46923797,58.0996233879,0.0
70.9996392235,377.752360609,58.0996233879,0.0
65.5655201127,63.0057582758,58.0996233879,0.0
258.975139738,169.604863978,58.0996233879,0.0
@ 710 10 0.174216027875 0.323628086458
167.240877144,73.2847424646,54.2589468651,0.0
286.312540672,72.5446495452,54.2589468651,0.0
318.342941251,368.872817644,54.2589468651,0.0
410.45598577,98.7434411471,54.2589468651,0.0
61.677571387,200.658184452,54.2589468651,0.0
175.465195378,204.946837842,54.2589468651,0.0
210.766798191,323.077031187,54.2589468651,0.0
240.71400055,452.025312827,54.2589468651,0.0
@ 720 10 0.174216027875 0.282255420587
445.004400975,441.095066603,62.0814068556,0.0
107.228433646,400.892531016,62.0814068556,0.0
292.051258374,107.899527686,62.0814068556,0.0
214.349243509,323.520108958,62.0814068556,0.0
333.03272404,278.184944285,62.0814068556,0.0
139.719274922,64.7189938442,62.0814068556,0.0
429.33968201,130.834394772,62.0814068556,0.0
98.6315236191,252.715421775,62.0814068556,0.0
@ 730 10 0.174216027875 0.369507000824
431.850092301,74.9640440326,58.6036028815,0.0
242.607562521,381.842933729,58.6036028815,0.0
90.9426042119,268.507208097,58.6036028815,0.0
393.64903279,368.975682484,58.6036028815,0.0
246.260557627,84.3100020352,58.6036028815,0.0
87.1054904998,437.86466161,58.6036028815,0.0
442.495188243,196.827028492,58.6036028815,0.0
120.328613375,99.5193141048,58.6036028815,0.0
@ 740 10 0.174216027875 0.329266998223
83.2018824205,439.070960191,57.7646335842,0.0
259.835522239,225.354851059,57.7646335842,0.0
109.676903653,315.669386293,57.7646335842,0.0
207.055853213,416.404313291,57.7646335842,0.0
282.231788676,101.645780596,57.7646335842,0.0
444.516460555,60.8232371081,57.7646335842,0.0
369.484657441,268.158461145,57.7646335842,0.0
141.314198719,79.1945734872,57.7646335842,0.0
@ 750 10 0.174216027875 0.319906906783
344.64404588,232.318637957,51.3236613681,0.0
212.829902095,77.7884369784,51.3236613681,0.0
265.751571971,372.151469164,51.3236613681,0.0
452.791706784,190.240969081,51.3236613681,0.0
200.536983065,217.420605988,51.3236613681,0.0
417.782622425,79.7741870051,51.3236613681,0.0
458.554881149,336.342266244,51.3236613681,0.0
74.5062924296,371.84490597,51.3236613681,0.0
@ 760 10 0.174216027875 0.252542707731
187.572115119,398.029503538,51.0774070462,0.0
130.395026975,235.282938715,51.0774070462,0.0
125.411029798,101.62284093,51.0774070462,0.0
315.000757641,84.8183640519,51.0774070462,0.0
407.360783255,263.507452493,51.0774070462,0.0
428.703708843,135.613045879,51.0774070462,0.0
70.3720577531,460.005128939,51.0774070462,0.0
332.594882834,343.666869339,51.0774070462,0.0
@ 770 10 0.174216027875 0.250125088396
422.164785787,320.616053023,51.1105791614,0.0
109.962669824,400.148390982,51.1105791614,0.0
171.222730953,253.548708039,51.1105791614,0.0
52.8833020285,110.943556159,51.1105791614,0.0
312.836093982,166.463392472,51.1105791614,0.0
219.235902631,117.934563494,51.1105791614,0.0
391.555789265,74.1523388705,51.1105791614,0.0
455.539423452,427.215156687,51.1105791614,0.0
@ 780 10 0.174216027875 0.250450080326
290.516052011,325.610275493,62.2882761585,0.0
182.219866167,437.94098529,62.2882761585,0.0
223.373821658,62.6555152314,62.2882761585,0.0
445.637519985,386.977386174,62.2882761585,0.0
80.2139721657,316.824448268,62.2882761585,0.0
421.825542683,146.655619151,62.2882761585,0.0
282.108194409,188.555406748,62.2882761585,0.0
64.4551985394,79.1897662499,62.2882761585,0.0
@ 790 10 0.174216027875 0.371973665699
145.767517213,215.435844901,55.364071899,0.0
449.881641881,393.767028109,55.364071899,0.0
433.862980444,108.803857353,55.364071899,0.0
79.2585177486,372.665914067,55.364071899,0.0
208.723250636,122.382957948,55.364071899,0.0
63.6110973983,85.1604322008,55.364071899,0.0
349.625215623,314.980382198,55.364071899,0.0
220.693605284,358.942010298,55.364071899,0.0
@ 800 10 0.174216027875 0.293870247579
358.537882023,445.732531254,58.445773881,0.0
387.004026222,84.2635591189,58.445773881,0.0
60.072626234,449.932515558,58.445773881,0.0
235.702698824,111.590781274,58.445773881,0.0
74.6051721723,85.2145324663,58.445773881,0.0
311.201089673,247.385035992,58.445773881,0.0
96.2723216936,240.581401713,58.445773881,0.0
242.167059011,348.515286406,58.445773881,0.0
@ 810 10 0.203075137801 0.327495847656
377.437114448,402.873723331,58.7480433568,0.0
247.818292594,85.3928205294,58.7480433568,0.0
442.891278093,94.545637277,58.7480433568,0.0
452.534812401,300.574681483,58.7480433568,0.0
76.7761774142,62.9326610581,58.7480433568,0.0
118.67132704,306.458295119,58.7480433568,0.0
142.723679586,170.618495499,58.7480433568,0.0
363.934297162,208.272124471,58.7480433568,0.0
@ 820 10 0.203075137801 0.330892089152
256.57337356,286.190724566,60.0334330856,0.0
70.5049165196,248.932904199,60.0334330856,0.0
273.079263142,419.282451424,60.0334330856,0.0
76.6332497901,99.1705060227,60.0334330856,0.0
213.257329326,126.62162075,60.0334330856,0.0
344.261254736,66.2138262464,60.0334330856,0.0
416.906978132,247.866787786,60.0334330856,0.0
65.1155988194,433.99636106,60.0334330856,0.0
@ 830 10 0.203075137801 0.345530135415
86.4206078457,429.706342435,55.9592137298,0.0
312.477195531,324.846821911,55.9592137298,0.0
423.747053,412.030566852,55.9592137298,0.0
222.310551761,61.0828771895,55.9592137298,0.0
144.048634763,169.204495096,55.9592137298,0.0
398.758949056,247.598286192,55.9592137298,0.0
338.405265711,150.399831767,55.9592137298,0.0
235.988828644,428.19784481,55.9592137298,0.0
@ 840 10 0.203075137801 0.300222182842
308.184815822,182.682008444,63.3923459368,0.0
447.356517254,444.325121357,63.3923459368,0.0
196.430801341,321.361886978,63.3923459368,0.0
230.688385353,446.138593404,63.3923459368,0.0
436.135473142,133.676902686,63.3923459368,0.0
88.5507664077,199.658768982,63.3923459368,0.0
324.966536171,352.54976405,63.3923459368,0.0
122.782511924,71.6637612054,63.3923459368,0.0
@ 850 10 0.203075137801 0.385277119774
124.567493257,323.659069612,54.6509740765,0.0
331.391472497,315.647804974,54.6509740765,0.0
261.248920762,103.289904733,54.6509740765,0.0
433.322707676,64.4622688672,54.6509740765,0.0
331.637257003,440.590190231,54.6509740765,0.0
443.633498319,224.415048866,54.6509740765,0.0
121.455429482,155.360792979,54.6509740765,0.0
225.175508225,390.994063207,54.6509740765,0.0
@ 860 10 0.203075137801 0.286348811556
386.909877187,194.829081433,56.6863676111,0.0
441.885968641,316.219593727,56.6863676111,0.0
217.611555435,321.627811327,56.6863676111,0.0
409.039262257,72.169852916,56.6863676111,0.0
343.112353088,451.690819938,56.6863676111,0.0
77.2139001336,406.660369871,56.6863676111,0.0
226.579448057,169.219007944,56.6863676111,0.0
141.546002812,89.17145949,56.6863676111,0.0
@ 870 10 0.203075137801 0.308075263501
451.99345314,324.966715452,59.695709648,0.0
194.433635439,447.003173444,59.695709648,0.0
158.999304859,184.733825964,59.695709648,0.0
303.026035703,105.875794891,59.695709648,0.0
75.8509066772,424.551317582,59.695709648,0.0
347.937200616,248.709375554,59.695709648,0.0
365.571791982,443.974976632,59.695709648,0.0
142.471734241,324.755374618,59.695709648,0.0
@ 880 10 0.203075137801 0.341653449244
192.34731976,261.785984528,61.0908323158,0.0
85.9507836514,199.108989251,61.0908323158,0.0
432.601291173,418.372056631,61.0908323158,0.0
91.6345088198,398.902071262,61.0908323158,0.0
448.773952784,143.778521159,61.0908323158,0.0
354.988981992,241.343788451,61.0908323158,0.0
243.369562541,388.155926647,61.0908323158,0.0
116.861294241,62.1452942021,61.0908323158,0.0
@ 890 10 0.203075137801 0.357809325345
61.0577197296,127.008163151,57.7310550666,0.0
292.285906951,205.695262119,57.7310550666,0.0
157.548869704,428.638504619,57.7310550666,0.0
258.622828398,87.7016451462,57.7310550666,0.0
427.864256343,181.124258549,57.7310550666,0.0
433.466203328,61.8067768721,57.7310550666,0.0
412.546990201,425.500723954,57.7310550666,0.0
299.727711438,356.786680163,57.7310550666,0.0
@ 900 10 0.203075137801 0.319535091821
448.187430552,356.799149104,63.4805450228,0.0
404.15910896,185.309006083,63.4805450228,0.0
139.328828617,397.783890502,63.4805450228,0.0
303.034444811,317.925060779,63.4805450228,0.0
244.011784336,204.656617972,63.4805450228,0.0
349.70946766,438.142496802,63.4805450228,0.0
319.898077177,70.8952357519,63.4805450228,0.0
72.1931654379,174.486229934,63.4805450228,0.0
@ 910 10 0.243393602225 0.386349953681
434.60102034,309.170069689,56.5610747219,0.0
329.873231491,403.286515058,56.5610747219,0.0
127.705554422,160.686638793,56.5610747219,0.0
83.6231260375,359.366698521,56.5610747219,0.0
320.061097909,236.303255022,56.5610747219,0.0
440.570663982,155.588563756,56.5610747219,0.0
202.169276371,277.736677546,56.5610747219,0.0
287.81614383,74.6614903059,56.5610747219,0.0
@ 920 10 0.243393602225 0.306714901799
424.437793488,120.111035303,52.6915448157,0.0
85.7824936708,164.187129027,52.6915448157,0.0
415.846588853,227.187040385,52.6915448157,0.0
381.090655475,331.798975809,52.6915448157,0.0
309.937841873,131.967113185,52.6915448157,0.0
60.2454079825,444.250291266,52.6915448157,0.0
277.204599127,289.958933183,52.6915448157,0.0
137.352584197,341.275771911,52.6915448157,0.0
@ 930 10 0.243393602225 0.266183685448
438.954667182,421.259986316,63.5809908038,0.0
76.0620222047,221.969938151,63.5809908038,0.0
125.364780093,83.5829309978,63.5809908038,0.0
244.899773141,266.349794379,63.5809908038,0.0
66.5080229914,354.496265301,63.5809908038,0.0
379.041287463,294.879618873,63.5809908038,0.0
228.169647532,406.423142504,63.5809908038,0.0
402.113785864,163.172145768,63.5809908038,0.0
@ 940 10 0.243393602225 0.387573570312
413.237623767,356.055087202,58.6476618145,0.0
234.067823378,302.142260483,58.6476618145,0.0
172.785422782,416.629984114,58.6476618145,0.0
116.454104199,310.887408569,58.6476618145,0.0
135.150974488,64.6132826428,58.6476618145,0.0
321.790278715,79.2779342244,58.6476618145,0.0
402.071178974,224.743396717,58.6476618145,0.0
64.9655097029,185.860876585,58.6476618145,0.0
@ 950 10 0.243393602225 0.329762278555
384.869203118,279.284935451,63.2614798569,0.0
83.1374660115,219.721709306,63.2614798569,0.0
99.0772381361,90.9481981404,63.2614798569,0.0
412.437052015,444.06863268,63.2614798569,0.0
237.570465307,328.539408792,63.2614798569,0.0
82.8071565135,426.077947449,63.2614798569,0.0
359.183351037,125.0234908,63.2614798569,0.0
214.692403339,174.709126913,63.2614798569,0.0
@ 960 10 0.243393602225 0.383688042643
65.850285768,424.333444713,54.0227264118,0.0
332.828016274,295.590805968,54.0227264118,0.0
134.465628974,71.2330569032,54.0227264118,0.0
234.43383562,414.266924491,54.0227264118,0.0
443.834852314,60.7490511724,54.0227264118,0.0
401.189952357,178.180824753,54.0227264118,0.0
443.496417984,392.731522666,54.0227264118,0.0
75.5658093491,312.881899211,54.0227264118,0.0
@ 970 10 0.243393602225 0.279803129454
419.887905069,376.412046768,65.4092484996,0.0
414.235454343,90.3719963829,65.4092484996,0.0
128.36843521,234.017713966,65.4092484996,0.0
263.280710076,115.595590036,65.4092484996,0.0
86.7176698114,404.55717219,65.4092484996,0.0
111.381059374,80.7479838127,65.4092484996,0.0
413.573586251,235.922223693,65.4092484996,0.0
221.663607365,327.861884731,65.4092484996,0.0
@ 980 10 0.243393602225 0.410183219797
81.3540335287,162.634979228,49.1952454193,0.0
370.594109451,459.842231383,49.1952454193,0.0
148.252379128,447.120266873,49.1952454193,0.0
139.110124728,245.550748546,49.1952454193,0.0
437.760579579,127.294064221,49.1952454193,0.0
173.912279772,81.2783493043,49.1952454193,0.0
286.152577237,182.821999101,49.1952454193,0.0
360.904916948,257.908238751,49.1952454193,0.0
@ 990 10 0.243393602225 0.23203090495
443.125172008,432.429835486,59.7738366006,0.0
437.738370205,166.13893346,59.7738366006,0.0
68.2711075048,258.407492257,59.7738366006,0.0
281.548099671,389.70153797,59.7738366006,0.0
385.221355898,282.454214618,59.7738366006,0.0
134.757566278,148.348985407,59.7738366006,0.0
76.2194767807,429.784314775,59.7738366006,0.0
280.745880267,137.391007977,59.7738366006,0.0
@ 1000 10 0.243393602225 0.342548314548
77.5184518385,118.039082061,52.7230097786,0.0
210.707481362,406.667471675,52.7230097786,0.0
209.560162423,251.381558066,52.7230097786,0.0
410.418008744,151.329073064,52.7230097786,0.0
332.370006337,234.683531398,52.7230097786,0.0
63.0311876968,382.089518708,52.7230097786,0.0
313.959523929,70.592954459,52.7230097786,0.0
403.908827207,336.064362116,52.7230097786,0.0
@ 1010 10 0.303687635575 0.266501685633
422.512832842,437.308907517,62.4438999152,0.0
404.138205231,306.541131735,62.4438999152,0.0
338.393141887,65.7721884928,62.4438999152,0.0
432.290285494,172.068676635,62.4438999152,0.0
106.49339424,284.05519764,62.4438999152,0.0
212.688066333,69.7925034185,62.4438999152,0.0
134.479429769,406.327188559,62.4438999152,0.0
277.549102635,315.453022942,62.4438999152,0.0
@ 1020 10 0.303687635575 0.37383469823
278.800421603,109.102229354,67.4115980925,0.0
87.209275942,124.55742787,67.4115980925,0.0
232.393581408,441.262223366,67.4115980925,0.0
82.9869538987,426.161879552,67.4115980925,0.0
100.823954822,265.364661305,67.4115980925,0.0
434.825257955,423.548086319,67.4115980925,0.0
411.902606352,71.8200686484,67.4115980925,0.0
370.768292471,214.420925382,67.4115980925,0.0
@ 1030 10 0.303687635575 0.435681196431
399.225730147,94.8370630922,68.3273546564,0.0
89.6540873966,129.189359911,68.3273546564,0.0
442.515991813,441.602246651,68.3273546564,0.0
376.073781873,236.259955572,68.3273546564,0.0
270.739328053,394.462220952,68.3273546564,0.0
250.880754295,83.5140023974,68.3273546564,0.0
131.20537648,415.823910007,68.3273546564,0.0
85.4600080309,279.805237515,68.3273546564,0.0
@ 1040 10 0.303687635575 0.447598667474
101.959005507,71.4556480862,63.968393912,0.0
367.746358999,292.090745129,63.968393912,0.0
389.386161252,125.26783046,63.968393912,0.0
249.993484266,208.927338395,63.968393912,0.0
259.094673849,69.0895402826,63.968393912,0.0
299.769731146,400.85041938,63.968393912,0.0
124.848833921,427.581990636,63.968393912,0.0
69.6711944137,290.996164526,63.968393912,0.0
@ 1050 10 0.303687635575 0.392310981046
263.153572975,332.010014837,60.3637265645,0.0
430.446364742,293.832554562,60.3637265645,0.0
95.8806229766,445.61615267,60.3637265645,0.0
335.911713233,180.804468651,60.3637265645,0.0
155.068536907,141.848010099,60.3637265645,0.0
418.673589926,68.6731158803,60.3637265645,0.0
404.342559159,413.460031478,60.3637265645,0.0
132.080761931,273.544766664,60.3637265645,0.0
@ 1060 10 0.303687635575 0.34934268773
319.163069974,382.616260062,60.3140616712,0.0
179.714092177,70.6815020381,60.3140616712,0.0
450.405829354,385.414692532,60.3140616712,0.0
149.633022574,419.428441526,60.3140616712,0.0
179.376234973,194.635042909,60.3140616712,0.0
319.583392367,220.360479939,60.3140616712,0.0
426.9442867,61.0847133118,60.3140616712,0.0
96.8750914237,298.895108967,60.3140616712,0.0
@ 1070 10 0.303687635575 0.348768073443
302.084430341,435.116353135,64.0425294021,0.0
433.05453469,324.974636475,64.0425294021,0.0
258.134213549,299.958912689,64.0425294021,0.0
104.225550203,113.811659866,64.0425294021,0.0
402.706300039,116.648643384,64.0425294021,0.0
125.174130662,288.512670053,64.0425294021,0.0
229.483265973,165.43083576,64.0425294021,0.0
107.740780865,432.924192138,64.0425294021,0.0
@ 1080 10 0.303687635575 0.393220837257
421.554856201,102.319667071,62.4482578018,0.0
98.2769106726,349.338350341,62.4482578018,0.0
285.874577476,360.556302583,62.4482578018,0.0
229.622921447,247.364150564,62.4482578018,0.0
429.118986011,388.270753828,62.4482578018,0.0
259.655967594,92.9081024433,62.4482578018,0.0
409.809505904,264.377738518,62.4482578018,0.0
101.140852486,171.993141333,62.4482578018,0.0
@ 1090 10 0.303687635575 0.373886879022
84.7268231696,269.305693632,65.8011064963,0.0
431.968467322,117.177417527,65.8011064963,0.0
237.508812081,247.774943101,65.8011064963,0.0
432.696022412,274.711285591,65.8011064963,0.0
215.163990727,94.4177958206,65.8011064963,0.0
143.761878109,432.895691638,65.8011064963,0.0
66.3364791613,120.488451837,65.8011064963,0.0
346.776301619,389.006271973,65.8011064963,0.0
@ 1100 10 0.303687635575 0.415112646295
334.092932342,406.415943521,63.5474882891,0.0
98.1413631704,130.584603646,63.5474882891,0.0
371.188533822,79.9800992947,63.5474882891,0.0
259.304159967,286.970644491,63.5474882891,0.0
437.053847238,215.350147164,63.5474882891,0.0
213.8009786,68.3275085785,63.5474882891,0.0
176.110244204,411.392595293,63.5474882891,0.0
88.5271291837,304.57999232,63.5474882891,0.0
@ 1110 10 0.40369088812 0.387165232283
425.032089349,217.271701409,68.8597483532,0.0
260.567276202,221.509328978,68.8597483532,0.0
131.655469083,416.493694632,68.8597483532,0.0
363.36800882,91.600109746,68.8597483532,0.0
280.346002885,433.559302297,68.8597483532,0.0
416.236959415,395.973686669,68.8597483532,0.0
184.675423998,92.5897142225,68.8597483532,0.0
104.816818756,235.263630378,68.8597483532,0.0
@ 1120 10 0.40369088812 0.454601048862
447.143631576,360.300151701,62.2429088367,0.0
336.081006428,208.38250122,62.2429088367,0.0
215.435922874,105.457003059,62.2429088367,0.0
135.541696541,389.458194113,62.2429088367,0.0
129.26493536,238.788900191,62.2429088367,0.0
286.753283559,439.255937095,62.2429088367,0.0
411.750140441,103.38877364,62.2429088367,0.0
69.1404538046,92.0421383051,62.2429088367,0.0
@ 1130 10 0.40369088812 0.371432013096
87.7138930002,443.400136117,66.6678014761,0.0
213.607860097,90.9339478272,66.6678014761,0.0
311.528153063,268.871182589,66.6678014761,0.0
434.552408121,365.110797257,66.6678014761,0.0
75.8280495612,214.569618782,66.6678014761,0.0
303.209298328,404.850101214,66.6678014761,0.0
424.348045947,88.4328153151,66.6678014761,0.0
171.503335657,319.383987968,66.6678014761,0.0
@ 1140 10 0.40369088812 0.426119921073
206.381029343,423.943833846,64.0480258268,0.0
300.878525487,310.777735392,64.0480258268,0.0
126.542282184,215.568616804,64.0480258268,0.0
78.6568304373,443.076403086,64.0480258268,0.0
116.64343937,74.194885658,64.0480258268,0.0
285.563511114,101.887691167,64.0480258268,0.0
433.461330207,276.607564723,64.0480258268,0.0
373.679453245,443.078744381,64.0480258268,0.0
@ 1150 10 0.40369088812 0.393288336198
439.380659268,109.41806014,62.8092121434,0.0
414.264044827,415.807420585,62.8092121434,0.0
302.093198607,122.075915565,62.8092121434,0.0
109.50110426,396.191452887,62.8092121434,0.0
80.8912730611,86.1014485241,62.8092121434,0.0
441.573174908,247.989154743,62.8092121434,0.0
188.221367641,179.981503443,62.8092121434,0.0
286.255304801,295.195238361,62.8092121434,0.0
@ 1160 10 0.40369088812 0.378221543392
112.457266214,274.971724211,68.6256490696,0.0
115.253358694,440.733135636,68.6256490696,0.0
393.853629813,417.748542339,68.6256490696,0.0
251.536563607,308.098480335,68.6256490696,0.0
140.486168232,139.990717196,68.6256490696,0.0
290.299974267,169.653392995,68.6256490696,0.0
388.520092553,265.571179322,68.6256490696,0.0
439.628188002,92.4197543177,68.6256490696,0.0
@ 1170 10 0.40369088812 0.451515330897
345.402892085,224.754718486,66.924700774,0.0
244.02542805,336.709974897,66.924700774,0.0
101.885108269,234.9317058,66.924700774,0.0
420.899750079,430.6243999,66.924700774,0.0
431.003020775,101.96061689,66.924700774,0.0
226.513853494,76.6875544595,66.924700774,0.0
75.5674548455,93.2037942178,66.924700774,0.0
114.578185515,404.463191662,66.924700774,0.0
@ 1180 10 0.40369088812 0.42941028983
79.5326410707,407.484707409,70.7557705323,0.0
365.358349733,401.90098674,70.7557705323,0.0
98.3022521951,76.9934540129,70.7557705323,0.0
220.374441678,438.984912097,70.7557705323,0.0
225.997024345,219.649382361,70.7557705323,0.0
419.767495721,235.794349672,70.7557705323,0.0
424.167769338,75.3640826016,70.7557705323,0.0
273.005886268,79.46833734,70.7557705323,0.0
@ 1190 10 0.40369088812 0.479980175856
233.844379828,248.3693795,73.0707718514,0.0
430.004686743,390.670601443,73.0707718514,0.0
233.856275325,102.199747853,73.0707718514,0.0
420.558512762,73.7702655378,73.0707718514,0.0
246.104634208,422.186663439,73.0707718514,0.0
86.2096363082,102.83478466,73.0707718514,0.0
93.752676739,300.90431058,73.0707718514,0.0
429.797242897,223.11188124,73.0707718514,0.0
@ 1200 10 0.40369088812 0.511902158254
79.2633314649,112.133399597,75.2001590193,0.0
257.151097327,408.186446025,75.2001590193,0.0
396.643616335,241.225899593,75.2001590193,0.0
436.179117008,83.2562863527,75.2001590193,0.0
264.33688111,87.0316715884,75.2001590193,0.0
218.214487404,243.223095829,75.2001590193,0.0
99.2248824684,422.672622219,75.2001590193,0.0
411.0599371,422.228899763,75.2001590193,0.0
@ 1210 10 0.601891659501 0.542172004685
