252.314331616,406.165297488,50.2487314746,0.0
422.45262065,170.828488404,50.2487314746,0.0
262.528562045,62.4933102686,50.2487314746,0.0
54.8826948369,298.204677265,50.2487314746,0.0
359.486192912,275.06116088,50.2487314746,0.0
376.770594195,416.627080641,50.2487314746,0.0
111.086824559,435.674004792,50.2487314746,0.0
459.559777107,316.686131024,50.2487314746,0.0
@ 10 10 0.0873362445415 0.242074908239
299.983661269,208.672156919,48.8608213172,0.0
76.717753267,237.03355324,48.8608213172,0.0
94.7971720468,102.726992587,48.8608213172,0.0
180.509260341,242.953193105,48.8608213172,0.0
242.145698526,354.974754109,48.8608213172,0.0
233.7345064,99.2421880114,48.8608213172,0.0
405.584165835,353.864346941,48.8608213172,0.0
68.8308340439,407.71669142,48.8608213172,0.0
@ 20 10 0.0873362445415 0.228886984062
146.756317734,213.581886519,46.9890965704,0.0
68.5321892575,69.1624426847,46.9890965704,0.0
444.030153485,111.222729408,46.9890965704,0.0
290.860057898,264.543136901,46.9890965704,0.0
311.910165257,140.890623909,46.9890965704,0.0
93.4402968165,358.903402806,46.9890965704,0.0
456.206422025,325.928583577,46.9890965704,0.0
200.868337847,314.705682032,46.9890965704,0.0
@ 30 10 0.0873362445415 0.211686791918
369.550288196,65.1988025214,47.7965456783,0.0
233.124854683,309.31611062,47.7965456783,0.0
122.390521471,246.037361628,47.7965456783,0.0
211.922283378,169.976146876,47.7965456783,0.0
400.672572265,276.839415505,47.7965456783,0.0
116.236467673,128.224142665,47.7965456783,0.0
203.62145989,67.0885429516,47.7965456783,0.0
417.350753312,391.897557296,47.7965456783,0.0
@ 40 10 0.0873362445415 0.219024446896
60.3758953499,233.246821081,49.0916822528,0.0
190.310870434,113.761138727,49.0916822528,0.0
66.8006100074,108.32303913,49.0916822528,0.0
400.849669259,418.208900803,49.0916822528,0.0
265.735039867,319.49178481,49.0916822528,0.0
49.1297376762,334.867855279,49.0916822528,0.0
401.557082876,243.463654919,49.0916822528,0.0
284.600399941,197.28922131,49.0916822528,0.0
@ 50 10 0.0873362445415 0.231055015437
399.537382614,455.136674905,56.102006974,0.0
437.823663167,229.998382489,56.102006974,0.0
350.396359326,85.0877563321,56.102006974,0.0
376.151189374,343.303039607,56.102006974,0.0
199.634540595,397.25510353,56.102006974,0.0
168.426104094,62.3389241665,56.102006974,0.0
274.748686506,284.566369059,56.102006974,0.0
85.8449202156,384.991189907,56.102006974,0.0
@ 60 10 0.0873362445415 0.301756314319
265.787400982,385.528940506,39.7114748224,0.0
50.3315235629,261.09290893,39.7114748224,0.0
181.212920078,343.394775595,39.7114748224,0.0
411.500223364,462.192437402,39.7114748224,0.0
84.2080423085,397.446883112,39.7114748224,0.0
281.600471207,188.999504068,39.7114748224,0.0
154.247261393,216.774274868,39.7114748224,0.0
372.936843849,145.939226777,39.7114748224,0.0
@ 70 10 0.0873362445415 0.15119297187
105.034268104,62.0076873909,53.4996608464,0.0
445.237363568,276.510662733,53.4996608464,0.0
171.85952136,159.351711457,53.4996608464,0.0
94.8233806716,352.236541834,53.4996608464,0.0
324.829350844,128.942868201,53.4996608464,0.0
230.552499903,319.340125898,53.4996608464,0.0
178.50068171,426.831576022,53.4996608464,0.0
307.308530326,424.942604168,53.4996608464,0.0
@ 80 10 0.0873362445415 0.274411070902
354.60977507,254.470988961,38.1491520849,0.0
260.584880345,235.217410644,38.1491520849,0.0
397.504040642,110.729341482,38.1491520849,0.0
38.5171771981,56.8576292038,38.1491520849,0.0
63.1089813165,373.573549252,38.1491520849,0.0
126.643721031,201.783294579,38.1491520849,0.0
289.775736611,163.366542383,38.1491520849,0.0
418.89638929,417.370436392,38.1491520849,0.0
@ 90 10 0.0873362445415 0.139530564147
61.9031832275,62.7807779907,39.6457398416,0.0
470.935572023,206.239575276,39.6457398416,0.0
241.786966734,144.719018672,39.6457398416,0.0
47.4691311106,232.870310724,39.6457398416,0.0
373.402459403,91.395765807,39.6457398416,0.0
323.160379281,281.066591116,39.6457398416,0.0
374.301510233,349.532663872,39.6457398416,0.0
249.415323939,242.7268317,39.6457398416,0.0
@ 100 10 0.0873362445415 0.150692842306
253.289400086,420.651465565,51.9198045422,0.0
138.14088215,122.568605637,51.9198045422,0.0
109.321904573,271.869450337,51.9198045422,0.0
286.553677118,228.231463853,51.9198045422,0.0
426.279999812,383.574529506,51.9198045422,0.0
416.461714496,260.295425283,51.9198045422,0.0
350.569407018,91.902289309,51.9198045422,0.0
125.40754255,443.80065024,51.9198045422,0.0
@ 110 10 0.0940354648039 0.258443532554
244.789382154,212.059647125,48.6956189433,0.0
420.949582301,320.841078131,48.6956189433,0.0
303.646122735,89.0836049831,48.6956189433,0.0
69.5160265214,406.564551842,48.6956189433,0.0
187.582503336,383.855327257,48.6956189433,0.0
369.568244657,406.139818214,48.6956189433,0.0
55.3790458291,154.655282906,48.6956189433,0.0
153.533600023,157.789755038,48.6956189433,0.0
@ 120 10 0.0940354648039 0.227341829958
241.690834378,227.755657491,50.9828598412,0.0
344.890185981,215.181538561,50.9828598412,0.0
55.3297270097,184.440113448,50.9828598412,0.0
439.711919739,264.223087131,50.9828598412,0.0
366.875359616,380.45424603,50.9828598412,0.0
186.010751912,84.0617248664,50.9828598412,0.0
161.892488537,304.026185844,50.9828598412,0.0
133.195778907,436.520777771,50.9828598412,0.0
@ 130 10 0.0940354648039 0.249199953708
451.168983072,165.995492336,51.3865612319,0.0
346.534699301,340.983552555,51.3865612319,0.0
122.062070451,353.120640214,51.3865612319,0.0
459.875970348,61.8278150372,51.3865612319,0.0
239.640946536,143.662351523,51.3865612319,0.0
279.217050468,422.588196311,51.3865612319,0.0
350.692625843,125.358591274,51.3865612319,0.0
97.9616108672,142.502496375,51.3865612319,0.0
@ 140 10 0.0940354648039 0.253162095958
410.035003463,280.646038859,45.0995704579,0.0
401.464905005,378.959306757,45.0995704579,0.0
93.0693424972,452.529421815,45.0995704579,0.0
61.9046904343,317.536104067,45.0995704579,0.0
430.702724344,141.907028043,45.0995704579,0.0
48.6642898038,176.019057293,45.0995704579,0.0
275.514451197,78.6916894527,45.0995704579,0.0
137.745561503,254.175487482,45.0995704579,0.0
@ 150 10 0.0940354648039 0.195004387101
380.393600176,143.303220709,45.1474419721,0.0
208.045376444,264.189679508,45.1474419721,0.0
131.31849903,204.607889377,45.1474419721,0.0
335.846986046,50.2996435902,45.1474419721,0.0
443.451305646,316.487621739,45.1474419721,0.0
157.807507241,45.5555709956,45.1474419721,0.0
95.2934335029,369.671948117,45.1474419721,0.0
277.723345676,168.744262603,45.1474419721,0.0
@ 160 10 0.0940354648039 0.1954185866
46.8470557374,230.501065231,40.8390598687,0.0
451.372719872,107.532535043,40.8390598687,0.0
420.74757602,262.17842107,40.8390598687,0.0
120.820037054,464.167244635,40.8390598687,0.0
277.453952332,66.4152442732,40.8390598687,0.0
341.858495064,216.350193894,40.8390598687,0.0
124.025176672,356.862685071,40.8390598687,0.0
452.35701355,397.821598711,40.8390598687,0.0
@ 170 10 0.0940354648039 0.159900949531
319.907845842,401.027824371,50.9650173828,0.0
80.3365847205,77.0537587248,50.9650173828,0.0
397.992510251,172.727248117,50.9650173828,0.0
329.625837357,269.799720869,50.9650173828,0.0
140.312710343,380.153375692,50.9650173828,0.0
194.863527524,149.342815795,50.9650173828,0.0
61.7753624772,241.020214251,50.9650173828,0.0
298.534011048,64.3916590134,50.9650173828,0.0
@ 180 10 0.0940354648039 0.249025559342
259.545325105,82.3715814889,46.8450404932,0.0
196.813859712,406.884456718,46.8450404932,0.0
216.835757724,271.498951322,46.8450404932,0.0
79.3269870551,453.604790176,46.8450404932,0.0
450.84704847,430.660490424,46.8450404932,0.0
376.857290823,91.6485692853,46.8450404932,0.0
133.289605559,85.2396620586,46.8450404932,0.0
425.460097163,178.813997899,46.8450404932,0.0
@ 190 10 0.0940354648039 0.210390830658
199.935074165,412.759566263,54.5097161004,0.0
327.688000562,454.569119897,54.5097161004,0.0
155.559358519,55.7513402397,54.5097161004,0.0
395.778597842,76.944010706,54.5097161004,0.0
70.7925908461,260.88050943,54.5097161004,0.0
329.932943918,281.655238165,54.5097161004,0.0
211.72947391,172.0937008,54.5097161004,0.0
321.124603452,159.437728759,54.5097161004,0.0
@ 200 10 0.0940354648039 0.284870456253
361.500783658,231.234301753,39.8710921262,0.0
71.1062361844,367.812522918,39.8710921262,0.0
285.120119442,314.120752088,39.8710921262,0.0
115.889923723,85.2107484465,39.8710921262,0.0
458.847255575,63.3577510456,39.8710921262,0.0
213.937261068,392.15777448,39.8710921262,0.0
47.0671956755,269.57309426,39.8710921262,0.0
295.697890021,113.410414474,39.8710921262,0.0
@ 210 10 0.101847810272 0.152410832202
155.583366396,80.6530991523,51.8452028339,0.0
189.691110484,254.13609908,51.8452028339,0.0
385.986800633,207.622265852,51.8452028339,0.0
374.933345103,445.887583606,51.8452028339,0.0
168.532329914,359.336515545,51.8452028339,0.0
377.829243083,76.8543308762,51.8452028339,0.0
288.053326301,331.009626785,51.8452028339,0.0
437.914808037,340.299252023,51.8452028339,0.0
@ 220 10 0.101847810272 0.257701369612
403.998660585,252.299457584,49.1710293383,0.0
201.051043924,122.418879493,49.1710293383,0.0
73.251091121,98.5057324235,49.1710293383,0.0
91.2311110215,209.983025644,49.1710293383,0.0
67.7670930569,433.013699121,49.1710293383,0.0
357.825240838,58.2545704271,49.1710293383,0.0
272.548268571,312.787507257,49.1710293383,0.0
334.545831731,428.040154088,49.1710293383,0.0
@ 230 10 0.101847810272 0.231802529374
183.759169367,170.211276244,52.6554982114,0.0
98.8547893552,246.746255779,52.6554982114,0.0
279.2577093,115.303928576,52.6554982114,0.0
261.694520063,264.001445089,52.6554982114,0.0
405.989712247,339.182329106,52.6554982114,0.0
126.68812602,351.184191378,52.6554982114,0.0
409.152976052,215.633236092,52.6554982114,0.0
255.019858838,382.669179085,52.6554982114,0.0
@ 240 10 0.101847810272 0.265819614285
88.096738781,64.21972977,51.774953075,0.0
204.819100958,405.114163093,51.774953075,0.0
198.484600796,264.23967302,51.774953075,0.0
95.3425301623,441.764058723,51.774953075,0.0
221.529806064,70.0676662084,51.774953075,0.0
322.796953749,211.785521484,51.774953075,0.0
116.063279826,195.58471437,51.774953075,0.0
456.501149718,113.329871865,51.774953075,0.0
@ 250 10 0.101847810272 0.257003476921
423.66427134,122.008424964,51.8194547014,0.0
247.252166354,67.0898642081,51.8194547014,0.0
124.346240825,86.3646642033,51.8194547014,0.0
229.878365552,427.345119966,51.8194547014,0.0
51.9231145887,414.388909611,51.8194547014,0.0
54.7142679715,261.327757874,51.8194547014,0.0
326.151313079,328.156589056,51.8194547014,0.0
313.06916344,221.997697819,51.8194547014,0.0
@ 260 10 0.101847810272 0.257445466232
373.11610061,117.003345822,52.499951464,0.0
164.129933572,305.330375486,52.499951464,0.0
166.082650385,424.504452223,52.499951464,0.0
310.183962795,310.962957124,52.499951464,0.0
62.8599667289,343.020273682,52.499951464,0.0
265.241261982,177.292124166,52.499951464,0.0
82.3626698441,165.238520849,52.499951464,0.0
449.903604971,310.39111877,52.499951464,0.0
@ 270 10 0.101847810272 0.26425144736
379.467995224,193.218426131,52.9971574827,0.0
282.29127569,396.054305606,52.9971574827,0.0
249.922944851,146.787145869,52.9971574827,0.0
456.618570801,88.4200989533,52.9971574827,0.0
87.3173352833,237.522694837,52.9971574827,0.0
110.029846519,96.6566146216,52.9971574827,0.0
169.693497223,330.639102644,52.9971574827,0.0
423.326534837,434.20657469,52.9971574827,0.0
@ 280 10 0.101847810272 0.269280387966
462.417583596,368.56795278,47.6444185402,0.0
276.787918644,276.39267619,47.6444185402,0.0
393.133541748,90.194956042,47.6444185402,0.0
68.0510628211,364.998428015,47.6444185402,0.0
186.129603248,121.838727922,47.6444185402,0.0
333.93380787,429.471904611,47.6444185402,0.0
91.4599734614,99.1043119592,47.6444185402,0.0
141.333666866,267.089040418,47.6444185402,0.0
@ 290 10 0.101847810272 0.21763244097
142.485346462,375.490912849,54.0941645577,0.0
121.842309413,67.6711861279,54.0941645577,0.0
438.805145677,424.021529616,54.0941645577,0.0
290.165109666,151.04024977,54.0941645577,0.0
355.792205721,63.6732259529,54.0941645577,0.0
229.142748327,446.147559156,54.0941645577,0.0
313.130043974,275.251099981,54.0941645577,0.0
415.465174666,173.893020195,54.0941645577,0.0
@ 300 10 0.101847810272 0.280543626438
242.504589427,382.366051613,51.728133504,0.0
108.216900345,394.205188757,51.728133504,0.0
330.398684734,243.446981055,51.728133504,0.0
433.05905511,289.794848425,51.728133504,0.0
370.107409314,54.3083138146,51.728133504,0.0
420.107732149,157.928186674,51.728133504,0.0
453.635373506,393.487820805,51.728133504,0.0
175.657023678,210.968604345,51.728133504,0.0
@ 310 10 0.111075848937 0.256538875748
83.8683953032,231.281413232,58.397873235,0.0
363.177256734,319.044312256,58.397873235,0.0
226.138201512,276.04851896,58.397873235,0.0
263.034692111,158.330504051,58.397873235,0.0
145.56833517,377.623415483,58.397873235,0.0
339.426266171,446.236200111,58.397873235,0.0
82.6356534223,59.2718867478,58.397873235,0.0
425.776685655,195.825893292,58.397873235,0.0
@ 320 10 0.111075848937 0.326959253367
409.164785652,319.417284029,47.9662914364,0.0
113.989968293,260.803713807,47.9662914364,0.0
150.592236368,72.6857621642,47.9662914364,0.0
199.817695654,371.645466398,47.9662914364,0.0
377.125106901,168.065605007,47.9662914364,0.0
241.051161435,162.969496539,47.9662914364,0.0
333.394195083,51.5049378772,47.9662914364,0.0
106.176978237,409.089793456,47.9662914364,0.0
@ 330 10 0.111075848937 0.220582906341
454.724183163,289.42336002,56.1607218968,0.0
382.488306645,61.9570277964,56.1607218968,0.0
162.847752576,339.421095132,56.1607218968,0.0
156.538716016,64.1774656068,56.1607218968,0.0
321.712010084,174.179383829,56.1607218968,0.0
450.521282915,425.633474939,56.1607218968,0.0
63.9917975838,149.316990918,56.1607218968,0.0
342.067016216,291.710210902,56.1607218968,0.0
@ 340 10 0.111075848937 0.302388265689
279.358288401,207.420358292,43.8983233828,0.0
378.158764253,398.596655932,43.8983233828,0.0
151.052436445,297.657980319,43.8983233828,0.0
118.721397455,87.2833194449,43.8983233828,0.0
212.971651229,450.895474134,43.8983233828,0.0
261.75165733,361.227875495,43.8983233828,0.0
189.158747246,181.629040177,43.8983233828,0.0
227.210620009,62.440447658,43.8983233828,0.0
@ 350 10 0.111075848937 0.184754675559
262.000795226,382.103460172,47.5392409393,0.0
84.8959895756,50.9331745073,47.5392409393,0.0
400.479690196,301.85107866,47.5392409393,0.0
342.679358955,210.734837782,47.5392409393,0.0
448.163706776,175.608167438,47.5392409393,0.0
56.7900181671,281.376779255,47.5392409393,0.0
179.926651564,201.372345198,47.5392409393,0.0
269.143839292,128.913284701,47.5392409393,0.0
@ 360 10 0.111075848937 0.216672631061
346.230593677,216.249612557,51.2827736417,0.0
262.914696667,52.561472733,51.2827736417,0.0
65.7714393699,103.415754771,51.2827736417,0.0
80.4795559115,328.360011734,51.2827736417,0.0
459.191345541,108.664791137,51.2827736417,0.0
230.002320558,344.424266033,51.2827736417,0.0
333.336160488,395.374756865,51.2827736417,0.0
413.871719435,323.980444971,51.2827736417,0.0
@ 370 10 0.111075848937 0.252140484517
292.711781411,129.562536556,48.7873805127,0.0
452.211265485,91.9077724766,48.7873805127,0.0
159.555748727,428.380413963,48.7873805127,0.0
350.917478067,255.720147652,48.7873805127,0.0
435.131720592,444.755619329,48.7873805127,0.0
89.5945372825,191.388531893,48.7873805127,0.0
461.089921839,217.685158009,48.7873805127,0.0
195.323044567,113.964486874,48.7873805127,0.0
@ 380 10 0.111075848937 0.228199438873
289.821883049,252.432584229,57.4677034599,0.0
91.4274513869,450.028980737,57.4677034599,0.0
320.601475765,57.5801204369,57.4677034599,0.0
86.1932620612,287.824951789,57.4677034599,0.0
430.521074073,449.882737461,57.4677034599,0.0
429.353158399,290.582057765,57.4677034599,0.0
156.150885009,101.020904216,57.4677034599,0.0
218.002247092,374.312095763,57.4677034599,0.0
@ 390 10 0.111075848937 0.316626496226
100.787476985,184.30664949,48.0141893506,0.0
254.412530406,305.814811349,48.0141893506,0.0
79.3394009147,71.996521263,48.0141893506,0.0
311.1098641,459.042024694,48.0141893506,0.0
263.456556609,169.867807503,48.0141893506,0.0
440.54680527,461.428829581,48.0141893506,0.0
218.585942168,81.5836794225,48.0141893506,0.0
344.909444809,252.975849855,48.0141893506,0.0
@ 400 10 0.111075848937 0.221023663215
439.539815262,203.985381737,49.808495225,0.0
289.381670598,136.855284827,49.808495225,0.0
366.851474438,337.687776577,49.808495225,0.0
51.987357264,142.636630494,49.808495225,0.0
413.770981678,456.099190775,49.808495225,0.0
341.140358362,224.699952806,49.808495225,0.0
143.963015083,277.436401506,49.808495225,0.0
95.053896435,382.567976313,49.808495225,0.0
@ 410 10 0.122142732507 0.23785178425
430.398843394,108.752476277,62.2799368332,0.0
118.36453018,429.197029286,62.2799368332,0.0
129.073860435,295.098380606,62.2799368332,0.0
437.083255387,426.070984964,62.2799368332,0.0
148.113704811,118.355966474,62.2799368332,0.0
282.990501454,332.339736384,62.2799368332,0.0
278.445479156,95.4112674093,62.2799368332,0.0
437.878989999,299.94418014,62.2799368332,0.0
@ 420 10 0.122142732507 0.371874070657
93.9786747348,197.354060223,52.9453632199,0.0
418.450869133,68.2646948454,52.9453632199,0.0
231.220378181,83.1826418957,52.9453632199,0.0
341.482354246,418.306194632,52.9453632199,0.0
84.1477672947,309.821746853,52.9453632199,0.0
448.481682304,193.835768642,52.9453632199,0.0
252.585791528,230.273064702,52.9453632199,0.0
192.915035862,456.431310827,52.9453632199,0.0
@ 430 10 0.122142732507 0.268754308284
71.1996189886,430.910709616,57.9929136307,0.0
136.16217698,286.970397237,57.9929136307,0.0
291.189348251,101.902567844,57.9929136307,0.0
400.625849903,260.217700701,57.9929136307,0.0
105.96927441,116.391982843,57.9929136307,0.0
442.26072607,419.101986972,57.9929136307,0.0
288.599322603,398.065462471,57.9929136307,0.0
413.640140092,58.1133558437,57.9929136307,0.0
@ 440 10 0.122142732507 0.322440383044
97.3169856137,101.971985153,52.8980676549,0.0
207.534577329,107.587084766,52.8980676549,0.0
96.8141384414,416.63913241,52.8980676549,0.0
217.058416249,403.940552732,52.8980676549,0.0
113.848716802,215.973932123,52.8980676549,0.0
353.614701885,69.5257111381,52.8980676549,0.0
393.491977927,288.094257301,52.8980676549,0.0
457.746871122,441.169386221,52.8980676549,0.0
@ 450 10 0.122142732507 0.268274371653
217.630249049,307.66297816,53.7820292957,0.0
233.356705053,433.697087249,53.7820292957,0.0
103.252230511,270.043585949,53.7820292957,0.0
301.926437232,136.359860582,53.7820292957,0.0
119.045281882,81.2472609275,53.7820292957,0.0
415.107689165,98.2646959143,53.7820292957,0.0
382.507765713,397.81152913,53.7820292957,0.0
441.983562002,205.346229829,53.7820292957,0.0
@ 460 10 0.122142732507 0.277315370045
227.848908381,458.527724252,51.6760984948,0.0
65.6354891835,347.283504281,51.6760984948,0.0
444.599060888,143.086952899,51.6760984948,0.0
426.572847413,423.09348721,51.6760984948,0.0
438.574948705,249.885750805,51.6760984948,0.0
225.100094069,295.000065426,51.6760984948,0.0
193.636795902,172.8434266,51.6760984948,0.0
313.784829596,357.728019341,51.6760984948,0.0
@ 470 10 0.122142732507 0.256023013769
101.946968074,382.35761074,49.3431603493,0.0
211.93434621,247.03002789,49.3431603493,0.0
272.87827973,331.929456794,49.3431603493,0.0
365.747246477,286.776944594,49.3431603493,0.0
421.084156106,189.818121199,49.3431603493,0.0
217.672401749,452.811486685,49.3431603493,0.0
416.828499854,440.46480001,49.3431603493,0.0
171.738335392,61.7690114999,49.3431603493,0.0
@ 480 10 0.122142732507 0.23342829329
449.884331883,298.892328856,45.7833310761,0.0
395.242634403,154.737430315,45.7833310761,0.0
125.504232673,407.861068277,45.7833310761,0.0
266.57770402,179.028031361,45.7833310761,0.0
300.213655624,56.1336972613,45.7833310761,0.0
154.424470673,97.2738663982,45.7833310761,0.0
310.158289203,297.39932754,45.7833310761,0.0
286.90453964,444.315820721,45.7833310761,0.0
@ 490 10 0.122142732507 0.200962185981
325.041903328,90.8748720391,47.2299537336,0.0
325.03034303,231.599067032,47.2299537336,0.0
418.120572701,391.76868883,47.2299537336,0.0
151.968298365,47.3066266305,47.2299537336,0.0
462.049690116,257.014133838,47.2299537336,0.0
102.478705365,382.209620429,47.2299537336,0.0
150.801124255,162.59401322,47.2299537336,0.0
221.375345886,240.559178657,47.2299537336,0.0
@ 500 10 0.122142732507 0.213862486149
293.295784431,453.310670699,53.3848072367,0.0
82.7031996479,432.06155332,53.3848072367,0.0
335.811027025,78.0969372999,53.3848072367,0.0
217.910876786,230.324689111,53.3848072367,0.0
381.300106743,392.233272588,53.3848072367,0.0
324.732470979,215.023586222,53.3848072367,0.0
419.141167354,279.584550595,53.3848072367,0.0
64.9083416868,75.3491941053,53.3848072367,0.0
@ 510 10 0.135658914729 0.273234118716
437.640327623,70.5262424893,57.5815300225,0.0
399.069257447,384.886532521,57.5815300225,0.0
375.674980064,169.92897144,57.5815300225,0.0
151.381653731,316.63662506,57.5815300225,0.0
158.030870786,87.3481184664,57.5815300225,0.0
273.906430736,282.264111431,57.5815300225,0.0
58.0019005114,187.357291438,57.5815300225,0.0
65.2141077707,431.61527907,57.5815300225,0.0
@ 520 10 0.135658914729 0.317882025726
330.520220653,66.4737962535,55.0173987529,0.0
324.829652993,455.506930466,55.0173987529,0.0
453.969812107,147.853755294,55.0173987529,0.0
304.620352106,232.263292673,55.0173987529,0.0
58.7092003843,386.18590114,55.0173987529,0.0
104.312884433,61.9417404885,55.0173987529,0.0
219.172988031,110.052542454,55.0173987529,0.0
92.7332593765,196.77098681,55.0173987529,0.0
@ 530 10 0.135658914729 0.290201515909
286.275583399,68.8325898997,54.9026211604,0.0
136.770077679,391.16604505,54.9026211604,0.0
433.662561094,364.813035986,54.9026211604,0.0
361.6876613,153.18071051,54.9026211604,0.0
452.829004546,88.195253627,54.9026211604,0.0
89.1618689109,65.177441006,54.9026211604,0.0
297.19571676,333.096792367,54.9026211604,0.0
132.365384326,237.328777102,54.9026211604,0.0
@ 540 10 0.135658914729 0.28899193902
391.884924179,106.08337498,49.9553386379,0.0
233.814002794,339.176089817,49.9553386379,0.0
80.5038629376,356.609359296,49.9553386379,0.0
63.1379289373,98.9851099969,49.9553386379,0.0
54.5596109383,217.798176942,49.9553386379,0.0
417.459527264,261.83906378,49.9553386379,0.0
186.332978387,458.4723971,49.9553386379,0.0
316.605876404,255.940639279,49.9553386379,0.0
@ 550 10 0.135658914729 0.239256301803
262.337369317,421.167192446,51.108275199,0.0
373.227700786,269.139377927,51.108275199,0.0
369.475355447,454.643855455,51.108275199,0.0
245.934634159,55.7920784736,51.108275199,0.0
179.413741853,341.007349184,51.108275199,0.0
79.4602438104,435.119401284,51.108275199,0.0
53.6631929822,179.997306923,51.108275199,0.0
389.089969915,132.087218358,51.108275199,0.0
@ 560 10 0.135658914729 0.25042750126
123.83427004,210.153764964,52.3784244625,0.0
246.931617272,289.996080306,52.3784244625,0.0
206.129238403,66.1859812526,52.3784244625,0.0
351.734468589,275.485009333,52.3784244625,0.0
291.842399413,168.40564327,52.3784244625,0.0
72.5847692578,379.365635642,52.3784244625,0.0
369.135178678,409.454485402,52.3784244625,0.0
395.517132169,137.967011915,52.3784244625,0.0
@ 570 10 0.135658914729 0.263029483653
457.461632368,128.961473752,52.6101754936,0.0
198.138002636,112.493069654,52.6101754936,0.0
183.1807445,390.351677157,52.6101754936,0.0
435.581744151,244.738704172,52.6101754936,0.0
323.05324221,381.529945758,52.6101754936,0.0
289.75520563,261.412128022,52.6101754936,0.0
131.970698156,197.535967705,52.6101754936,0.0
349.228053272,83.1145255201,52.6101754936,0.0
@ 580 10 0.135658914729 0.26536220783
378.966275915,402.706383165,59.6145943072,0.0
172.037471094,83.8947459044,59.6145943072,0.0
230.625040408,395.90812431,59.6145943072,0.0
447.87171244,190.11142089,59.6145943072,0.0
350.299603906,279.290722687,59.6145943072,0.0
76.9458372211,349.715422513,59.6145943072,0.0
189.454694318,248.540620756,59.6145943072,0.0
339.262025326,97.4784429849,59.6145943072,0.0
@ 590 10 0.135658914729 0.340725593372
432.889170874,115.335890606,57.9879083774,0.0
274.158693425,100.038501394,57.9879083774,0.0
414.526654113,243.992890143,57.9879083774,0.0
106.168866709,453.969501398,57.9879083774,0.0
451.194588906,423.164830697,57.9879083774,0.0
258.721218935,405.19430976,57.9879083774,0.0
262.480132624,217.997328798,57.9879083774,0.0
76.3312592281,220.620420605,57.9879083774,0.0
@ 600 10 0.135658914729 0.322384727067
360.048329129,350.776910983,54.0197461487,0.0
57.5130092069,149.338484629,54.0197461487,0.0
207.3928746,63.9313615405,54.0197461487,0.0
320.078002308,117.486875592,54.0197461487,0.0
235.710329923,205.195908111,54.0197461487,0.0
118.732169793,436.447327663,54.0197461487,0.0
425.065386415,59.392342422,54.0197461487,0.0
79.8530468579,305.402498202,54.0197461487,0.0
@ 610 10 0.152538679451 0.279772258596
93.9453277328,90.3022733731,55.0427742917,0.0
363.223403189,439.283623559,55.0427742917,0.0
77.3419220678,436.974800411,55.0427742917,0.0
187.587855266,416.321642912,55.0427742917,0.0
381.475173791,66.2543611003,55.0427742917,0.0
134.619755171,246.021091198,55.0427742917,0.0
268.279846134,326.852412468,55.0427742917,0.0
248.816341287,200.028705851,55.0427742917,0.0
@ 620 10 0.152538679451 0.290469275499
398.643449148,126.26429461,62.5341224992,0.0
423.747822439,408.250605175,62.5341224992,0.0
111.308979171,209.000727467,62.5341224992,0.0
87.5571246734,66.1130686584,62.5341224992,0.0
211.466097941,129.214355318,62.5341224992,0.0
402.814293469,261.873402314,62.5341224992,0.0
250.068456931,408.02194091,62.5341224992,0.0
265.083297729,282.729193133,62.5341224992,0.0
@ 630 10 0.152538679451 0.374915754949
97.0407101966,88.698807985,67.2866156253,0.0
106.948590036,382.581797059,67.2866156253,0.0
253.235039566,268.899172746,67.2866156253,0.0
407.470413277,374.738606847,67.2866156253,0.0
97.9796375173,242.76063024,67.2866156253,0.0
442.027906629,90.9488190069,67.2866156253,0.0
424.661696607,238.059904531,67.2866156253,0.0
317.832425807,143.932024238,67.2866156253,0.0
@ 640 10 0.152538679451 0.434067170525
431.487608535,75.418199442,51.240104172,0.0
343.131188971,236.094582681,51.240104172,0.0
188.391477722,146.955604824,51.240104172,0.0
56.5994548999,381.105719908,51.240104172,0.0
289.145929934,110.259729132,51.240104172,0.0
265.174696714,379.865237036,51.240104172,0.0
78.2583952845,89.590351369,51.240104172,0.0
437.327594412,330.857086393,51.240104172,0.0
@ 650 10 0.152538679451 0.251721075654
449.25832244,201.116046348,62.2306828223,0.0
166.05699545,67.7026345335,62.2306828223,0.0
410.360125714,72.8276833323,62.2306828223,0.0
287.678851607,403.269229282,62.2306828223,0.0
430.46834823,434.255388152,62.2306828223,0.0
320.864407537,185.035918584,62.2306828223,0.0
68.0851108838,204.465451996,62.2306828223,0.0
163.789647959,290.720301015,62.2306828223,0.0
@ 660 10 0.152538679451 0.371286110946
75.3266164945,102.91807627,55.6259042962,0.0
323.895285989,157.042214973,55.6259042962,0.0
444.045373152,452.368550188,55.6259042962,0.0
223.551793799,105.956024572,55.6259042962,0.0
443.825986357,201.413402707,55.6259042962,0.0
416.002218513,69.3022630137,55.6259042962,0.0
424.703505106,340.023986963,55.6259042962,0.0
309.204641131,401.698297113,55.6259042962,0.0
@ 670 10 0.152538679451 0.296656411801
165.179001679,400.713705888,52.7356720588,0.0
261.241652601,455.254854349,52.7356720588,0.0
448.98679838,184.765773913,52.7356720588,0.0
55.0658892111,209.926817841,52.7356720588,0.0
56.6216493711,431.53834381,52.7356720588,0.0
230.448738195,121.383629068,52.7356720588,0.0
365.188988976,276.106278691,52.7356720588,0.0
180.114636885,284.525433644,52.7356720588,0.0
@ 680 10 0.152538679451 0.266629710351
248.506734427,350.994212305,54.8640211532,0.0
127.894845806,191.930708636,54.8640211532,0.0
133.848192404,315.131029079,54.8640211532,0.0
447.6893399,58.0659901584,54.8640211532,0.0
434.456718184,216.712070961,54.8640211532,0.0
331.573021182,425.358489367,54.8640211532,0.0
243.409237165,234.615009585,54.8640211532,0.0
150.666164325,433.372857244,54.8640211532,0.0
@ 690 10 0.152538679451 0.288585722729
111.704054153,102.776412775,49.7319291548,0.0
125.073258307,352.620938813,49.7319291548,0.0
207.18792012,438.36631805,49.7319291548,0.0
259.045072265,148.482454702,49.7319291548,0.0
57.7512444819,268.453134673,49.7319291548,0.0
333.434426747,403.510082941,49.7319291548,0.0
455.305173761,126.005988064,49.7319291548,0.0
245.441199296,332.966573455,49.7319291548,0.0
@ 700 10 0.152538679451 0.237121090461
275.587005185,354.959322925,51.788826174,0.0
151.883869166,360.066346888,51.788826174,0.0
55.5182344242,133.665004272,51.788826174,0.0
291.656535486,173.867882602,51.788826174,0.0
384.389888446,346.464573918,51.788826174,0.0
72.6221544648,440.648280647,51.788826174,0.0
415.821353738,169.450484082,51.788826174,0.0
355.561899374,448.335436536,51.788826174,0.0
@ 710 10 0.174216027875 0.257141223539
85.250929171,218.204747266,53.235400679,0.0
153.205785949,87.0350983393,53.235400679,0.0
56.2278941207,327.69535444,53.235400679,0.0
285.97614611,105.272808462,53.235400679,0.0
445.007905151,313.483636011,53.235400679,0.0
233.099716131,397.409523109,53.235400679,0.0
208.567827564,192.789058561,53.235400679,0.0
341.449002148,256.692766387,53.235400679,0.0
@ 720 10 0.174216027875 0.271706873562
348.091842862,442.354605087,51.8918911108,0.0
294.34038935,158.622355693,51.8918911108,0.0
158.107663887,140.168270802,51.8918911108,0.0
56.8995191779,275.325458447,51.8918911108,0.0
198.524972483,297.611477666,51.8918911108,0.0
388.351884638,345.381154417,51.8918911108,0.0
380.923074438,56.1427774111,51.8918911108,0.0
202.011264058,423.382947203,51.8918911108,0.0
@ 730 10 0.174216027875 0.258165715384
100.891118098,64.6597235993,56.5858879935,0.0
258.62695507,405.928089965,56.5858879935,0.0
361.588920176,303.216703555,56.5858879935,0.0
150.718332741,271.360256965,56.5858879935,0.0
330.570838522,95.5916081278,56.5858879935,0.0
137.300944684,412.091211967,56.5858879935,0.0
202.449425245,115.342796854,56.5858879935,0.0
426.322852687,168.466870117,56.5858879935,0.0
@ 740 10 0.174216027875 0.306984071703
346.913623314,410.699373657,53.7451782913,0.0
396.693704347,69.4147635607,53.7451782913,0.0
455.628799148,219.129595545,53.7451782913,0.0
114.138511213,415.806747664,53.7451782913,0.0
198.079350095,291.791141091,53.7451782913,0.0
68.9519851724,169.256021953,53.7451782913,0.0
285.835231945,114.839940105,53.7451782913,0.0
453.983232895,340.581819318,53.7451782913,0.0
@ 750 10 0.174216027875 0.276935471816
66.7080588989,350.627618498,48.4112028159,0.0
338.42580731,55.1783893357,48.4112028159,0.0
248.955841141,443.745557436,48.4112028159,0.0
242.091690273,98.5555015344,48.4112028159,0.0
373.660183505,382.421247461,48.4112028159,0.0
388.582237445,283.748785242,48.4112028159,0.0
294.792957792,312.098877239,48.4112028159,0.0
120.756390976,114.011160118,48.4112028159,0.0
@ 760 10 0.174216027875 0.224693918067
260.472338115,64.7737145611,58.4698697538,0.0
437.917559837,446.931989756,58.4698697538,0.0
440.158893554,74.9777677868,58.4698697538,0.0
294.319359743,342.700708536,58.4698697538,0.0
129.640877205,357.327084867,58.4698697538,0.0
136.330019382,197.217399321,58.4698697538,0.0
388.645724828,183.880145439,58.4698697538,0.0
450.98375495,314.605299772,58.4698697538,0.0
@ 770 10 0.174216027875 0.327765941606
238.603404905,122.226830122,60.6310656961,0.0
413.584593437,96.825190059,60.6310656961,0.0
239.415813332,282.886932196,60.6310656961,0.0
176.638331168,451.077473419,60.6310656961,0.0
410.81179861,349.762079412,60.6310656961,0.0
65.7701271769,371.728797954,60.6310656961,0.0
112.678728361,226.267756937,60.6310656961,0.0
95.3064271006,62.3492331036,60.6310656961,0.0
@ 780 10 0.174216027875 0.352443880637
183.877751666,84.7995218105,50.7626323096,0.0
325.678762963,383.708087048,50.7626323096,0.0
75.6945986122,350.038855988,50.7626323096,0.0
213.582439466,306.022434454,50.7626323096,0.0
213.826606409,445.579101125,50.7626323096,0.0
93.6834916879,178.97088863,50.7626323096,0.0
435.498990163,152.551928507,50.7626323096,0.0
78.3095629052,460.026116997,50.7626323096,0.0
@ 790 10 0.174216027875 0.247051696098
68.8166183677,241.515888873,56.1334575,0.0
200.934700128,130.569007943,56.1334575,0.0
133.244962901,410.058841684,56.1334575,0.0
68.7895870327,77.0542203274,56.1334575,0.0
269.830108791,270.635414473,56.1334575,0.0
419.792370651,340.432500633,56.1334575,0.0
377.750181621,171.855144911,56.1334575,0.0
295.704551526,405.599330667,56.1334575,0.0
@ 800 10 0.174216027875 0.302094735543
177.96778828,257.677832144,60.9754848663,0.0
233.80141048,78.7167893859,60.9754848663,0.0
386.279038385,439.306795716,60.9754848663,0.0
221.781389417,374.230910423,60.9754848663,0.0
78.6255150998,159.584913548,60.9754848663,0.0
421.355520619,209.776952211,60.9754848663,0.0
102.853212219,422.859385045,60.9754848663,0.0
300.232435103,190.969536518,60.9754848663,0.0
@ 810 10 0.203075137801 0.356459419714
334.869560143,313.572170737,52.153866483,0.0
442.895176063,300.493170793,52.153866483,0.0
75.8215679233,212.741171866,52.153866483,0.0
69.5963604226,458.374933022,52.153866483,0.0
326.713135237,159.865091226,52.153866483,0.0
122.803270812,108.830348325,52.153866483,0.0
445.15193068,404.834507733,52.153866483,0.0
197.35064613,427.232913013,52.153866483,0.0
@ 820 10 0.203075137801 0.260778986171
432.379896552,441.185831151,65.3935973296,0.0
423.874373776,70.9588099827,65.3935973296,0.0
248.3827811,349.297298268,65.3935973296,0.0
95.6896876535,439.874020878,65.3935973296,0.0
84.7742870449,268.446597506,65.3935973296,0.0
85.9167695686,67.2865454649,65.3935973296,0.0
242.898119925,68.0566932022,65.3935973296,0.0
230.355355829,212.334028936,65.3935973296,0.0
@ 830 10 0.203075137801 0.409986945435
180.663247341,427.00912264,58.603442944,0.0
132.120322765,296.26781912,58.603442944,0.0
419.877444207,289.290963173,58.603442944,0.0
199.671034459,104.066928595,58.603442944,0.0
255.510745718,316.251247792,58.603442944,0.0
326.121262507,434.716804323,58.603442944,0.0
87.8154014186,64.4955128315,58.603442944,0.0
411.998860341,73.4476623862,58.603442944,0.0
@ 840 10 0.203075137801 0.329265200994
436.476795226,252.33247567,56.318293449,0.0
153.079578372,335.954294321,56.318293449,0.0
217.033172173,70.0194156294,56.318293449,0.0
253.706900874,444.80696439,56.318293449,0.0
62.5966308854,449.965255944,56.318293449,0.0
433.563530005,435.479377761,56.318293449,0.0
77.2411788571,140.086617492,56.318293449,0.0
328.330895123,213.759061423,56.318293449,0.0
@ 850 10 0.203075137801 0.304087482867
68.6410809621,83.3558078146,61.3691845386,0.0
107.952999311,301.615644752,61.3691845386,0.0
425.34591674,411.44887052,61.3691845386,0.0
273.79861618,115.178457905,61.3691845386,0.0
445.372492474,279.627312707,61.3691845386,0.0
140.482580006,438.84713649,61.3691845386,0.0
267.124548207,386.365441238,61.3691845386,0.0
304.143700346,251.990303011,61.3691845386,0.0
@ 860 10 0.203075137801 0.361077374495
217.16212613,233.337485565,60.220152865,0.0
396.413189512,79.4770918032,60.220152865,0.0
438.213176853,221.720001283,60.220152865,0.0
100.310504953,118.586556742,60.220152865,0.0
284.442735907,127.045433758,60.220152865,0.0
430.876724003,410.042030193,60.220152865,0.0
185.268401969,400.097358893,60.220152865,0.0
322.044119225,341.653673156,60.220152865,0.0
@ 870 10 0.203075137801 0.347682857332
448.44388565,279.258158748,59.54781947,0.0
246.08463997,91.040071367,59.54781947,0.0
59.6418422192,363.349093273,59.54781947,0.0
280.606411625,331.124466095,59.54781947,0.0
179.190267349,229.697862954,59.54781947,0.0
347.32922269,153.881947819,59.54781947,0.0
418.401958912,416.435670252,59.54781947,0.0
69.2214155888,77.0817710033,59.54781947,0.0
@ 880 10 0.203075137801 0.339962721327
411.577644417,247.586781218,50.0349581053,0.0
272.673331433,229.748160469,50.0349581053,0.0
103.187850386,214.871891201,50.0349581053,0.0
91.7309846078,79.1115196316,50.0349581053,0.0
256.554498077,59.619430847,50.0349581053,0.0
135.415438153,417.014017809,50.0349581053,0.0
292.970117043,393.518161172,50.0349581053,0.0
386.15867827,63.2172346446,50.0349581053,0.0
@ 890 10 0.203075137801 0.240019569172
380.788430849,449.712902248,51.3142468006,0.0
122.049261939,438.410153402,51.3142468006,0.0
135.406057107,205.137713585,51.3142468006,0.0
459.323908532,190.765947772,51.3142468006,0.0
284.276286608,86.8981995576,51.3142468006,0.0
387.51284695,96.378694694,51.3142468006,0.0
243.532148395,386.165529536,51.3142468006,0.0
89.6762596498,330.593794586,51.3142468006,0.0
@ 900 10 0.203075137801 0.25245006577
207.363824355,71.3965724689,57.4327988205,0.0
115.270105399,282.718644985,57.4327988205,0.0
250.720526318,381.122162455,57.4327988205,0.0
299.405156362,183.775435037,57.4327988205,0.0
122.85617707,432.709166889,57.4327988205,0.0
360.128072983,84.8133207025,57.4327988205,0.0
376.540415035,343.933675207,57.4327988205,0.0
68.9524597746,100.236011552,57.4327988205,0.0
@ 910 10 0.243393602225 0.316241988869
279.025165847,449.186139547,60.6114609959,0.0
95.2959887382,431.701478702,60.6114609959,0.0
387.252543446,272.105663005,60.6114609959,0.0
60.8335007461,287.157088215,60.6114609959,0.0
442.730759093,68.9377860392,60.6114609959,0.0
190.048587751,239.946258351,60.6114609959,0.0
236.332880993,110.368215858,60.6114609959,0.0
413.913273778,393.251313911,60.6114609959,0.0
@ 920 10 0.243393602225 0.352215996155
376.029015554,287.776470745,65.1526806851,0.0
120.740443385,196.501223872,65.1526806851,0.0
237.09706458,261.182306658,65.1526806851,0.0
439.265517416,116.421717942,65.1526806851,0.0
409.406139759,424.079321719,65.1526806851,0.0
264.87181019,413.517803593,65.1526806851,0.0
295.178603536,112.883916955,65.1526806851,0.0
119.09905672,376.516203592,65.1526806851,0.0
@ 930 10 0.243393602225 0.406971643054
203.101294873,389.347454202,57.5476454928,0.0
442.538144483,411.045884835,57.5476454928,0.0
255.303351395,227.88214117,57.5476454928,0.0
257.842598888,85.7322262796,57.5476454928,0.0
66.9087478942,221.538095905,57.5476454928,0.0
327.554018439,397.529832122,57.5476454928,0.0
432.09278113,288.414137048,57.5476454928,0.0
65.93779561,450.67681876,57.5476454928,0.0
@ 940 10 0.243393602225 0.317508012958
64.7849885783,190.27033838,53.7647032611,0.0
90.6976493294,385.932158566,53.7647032611,0.0
338.648278587,211.568647852,53.7647032611,0.0
229.756900318,259.066803965,53.7647032611,0.0
197.502144992,89.0621507928,53.7647032611,0.0
306.209566664,432.874134296,53.7647032611,0.0
302.067454362,61.9195466371,53.7647032611,0.0
387.990436318,357.476317456,53.7647032611,0.0
@ 950 10 0.243393602225 0.277136722946
260.134753527,450.095857972,61.0804400934,0.0
61.6754842718,335.210487324,61.0804400934,0.0
294.123462948,116.788760622,61.0804400934,0.0
443.760372382,96.6802279726,61.0804400934,0.0
137.421344116,432.982340137,61.0804400934,0.0
104.897091529,153.603437482,61.0804400934,0.0
378.387277623,225.807907931,61.0804400934,0.0
443.10491842,389.829179798,61.0804400934,0.0
@ 960 10 0.243393602225 0.357687601097
175.694332246,77.9456832587,55.4709284284,0.0
74.5487701285,176.375695494,55.4709284284,0.0
367.689393967,68.4606273855,55.4709284284,0.0
304.755449249,422.703359896,55.4709284284,0.0
166.729981131,321.826272431,55.4709284284,0.0
289.426267013,266.833270671,55.4709284284,0.0
449.983335967,250.896639331,55.4709284284,0.0
118.822995513,435.802161286,55.4709284284,0.0
@ 970 10 0.243393602225 0.295005722541
388.838973268,123.314983459,66.9865338933,0.0
332.740395971,323.809819551,66.9865338933,0.0
187.190358135,74.4594595113,66.9865338933,0.0
421.003120276,434.477179803,66.9865338933,0.0
157.803041466,303.713868267,66.9865338933,0.0
73.0372283512,175.491484697,66.9865338933,0.0
260.346649843,203.040956428,66.9865338933,0.0
250.647440516,439.343017456,66.9865338933,0.0
@ 980 10 0.243393602225 0.430204138536
187.346550148,337.001170353,56.4413412965,0.0
57.9318740965,324.412652393,56.4413412965,0.0
291.816966847,256.533661624,56.4413412965,0.0
377.29681647,410.365194163,56.4413412965,0.0
65.8579455608,199.182816093,56.4413412965,0.0
180.392502689,195.006292782,56.4413412965,0.0
372.728080987,159.147858689,56.4413412965,0.0
127.791168699,93.8808189452,56.4413412965,0.0
@ 990 10 0.243393602225 0.305417714442
357.945301873,281.596465856,63.5869928909,0.0
343.976406029,93.9975325836,63.5869928909,0.0
203.703360454,76.1142090958,63.5869928909,0.0
209.66399798,206.619966003,63.5869928909,0.0
80.291333231,112.40009081,63.5869928909,0.0
97.3829808055,360.41415892,63.5869928909,0.0
369.275642236,430.071162973,63.5869928909,0.0
441.983333915,182.484444821,63.5869928909,0.0
@ 1000 10 0.243393602225 0.387646748163
243.344133539,277.226899278,64.8621202339,0.0
429.488255293,68.8575591874,64.8621202339,0.0
135.4115147,75.4347382188,64.8621202339,0.0
443.101081134,356.916356161,64.8621202339,0.0
433.479117259,225.999988424,64.8621202339,0.0
288.51739904,149.20650058,64.8621202339,0.0
314.721473462,421.006287004,64.8621202339,0.0
74.0918918592,415.992963443,64.8621202339,0.0
@ 1010 10 0.303687635575 0.403349806334
99.4704701596,383.195452581,58.0810682833,0.0
131.240423029,217.295438746,58.0810682833,0.0
446.98180436,400.55899207,58.0810682833,0.0
293.435543859,377.826729837,58.0810682833,0.0
448.697778518,91.7668974251,58.0810682833,0.0
365.700502162,275.493722537,58.0810682833,0.0
199.614733512,446.510491917,58.0810682833,0.0
231.202880465,96.4030233779,58.0810682833,0.0
@ 1020 10 0.303687635575 0.32342140718
434.309398469,95.2828149301,58.5956677377,0.0
233.364493008,434.031307161,58.5956677377,0.0
191.450214365,307.513754865,58.5956677377,0.0
60.3932768949,193.896494045,58.5956677377,0.0
346.862716748,345.507642337,58.5956677377,0.0
317.868010274,191.7777996,58.5956677377,0.0
450.810073207,453.045069857,58.5956677377,0.0
199.943082712,91.236404591,58.5956677377,0.0
@ 1030 10 0.303687635575 0.32917783633
82.2841453205,405.024862138,66.7110166537,0.0
240.175640799,107.232391798,66.7110166537,0.0
394.709446245,69.3568143925,66.7110166537,0.0
91.5881932648,164.72511885,66.7110166537,0.0
429.040699054,430.87412902,66.7110166537,0.0
188.623860016,279.229204334,66.7110166537,0.0
425.259276354,232.222859539,66.7110166537,0.0
302.964760217,377.950977479,66.7110166537,0.0
@ 1040 10 0.303687635575 0.426672536161
155.206742049,225.612502351,61.8835861677,0.0
430.84588128,425.307111849,61.8835861677,0.0
307.334916152,270.407230862,61.8835861677,0.0
279.5512108,436.988347677,61.8835861677,0.0
131.603484926,428.245907705,61.8835861677,0.0
317.673014992,91.5882811246,61.8835861677,0.0
68.4454910193,80.1706431201,61.8835861677,0.0
435.863941976,150.917401297,61.8835861677,0.0
@ 1050 10 0.303687635575 0.367155904953
95.4627166741,279.079191859,65.1940679802,0.0
279.969902849,421.903820972,65.1940679802,0.0
117.804086423,413.924817593,65.1940679802,0.0
432.105769071,395.933635031,65.1940679802,0.0
325.172972952,115.921427653,65.1940679802,0.0
446.188654062,250.719861316,65.1940679802,0.0
229.600152315,299.593368122,65.1940679802,0.0
147.757716195,82.0501027,65.1940679802,0.0
@ 1060 10 0.303687635575 0.407488852939
176.957595827,240.846695671,56.0630051552,0.0
450.68103691,213.911061318,56.0630051552,0.0
135.247966214,383.907683439,56.0630051552,0.0
400.178644581,388.107790425,56.0630051552,0.0
56.6153229054,265.266624011,56.0630051552,0.0
91.0484285395,129.537062377,56.0630051552,0.0
265.695435943,159.76145491,56.0630051552,0.0
366.048979388,86.0399526639,56.0630051552,0.0
@ 1070 10 0.303687635575 0.301336901366
271.978035383,229.894600436,57.8639139906,0.0
59.2906741253,280.012644554,57.8639139906,0.0
83.7961192956,396.21554435,57.8639139906,0.0
235.601241089,341.317277529,57.8639139906,0.0
395.710016135,132.038086506,57.8639139906,0.0
86.6318778975,72.7828986196,57.8639139906,0.0
235.382129056,78.2498086369,57.8639139906,0.0
336.265459666,444.505332105,57.8639139906,0.0
@ 1080 10 0.303687635575 0.321007503436
429.515122795,408.694711887,62.4181621889,0.0
418.470493728,223.210931076,62.4181621889,0.0
92.7048211153,241.370653818,62.4181621889,0.0
268.273357063,352.043606142,62.4181621889,0.0
96.2220677313,64.7723210531,62.4181621889,0.0
403.380851683,71.1252564128,62.4181621889,0.0
241.774002687,105.202253943,62.4181621889,0.0
67.8171101794,419.962855763,62.4181621889,0.0
@ 1090 10 0.303687635575 0.373526592162
177.881187361,237.017168424,68.3152628293,0.0
415.673468097,426.672883035,68.3152628293,0.0
74.1559263616,118.037677812,68.3152628293,0.0
96.5528825148,421.873963585,68.3152628293,0.0
424.470283945,116.623131101,68.3152628293,0.0
348.66366133,303.482362157,68.3152628293,0.0
255.701568027,109.046383705,68.3152628293,0.0
273.769484993,443.005556392,68.3152628293,0.0
@ 1100 10 0.303687635575 0.44744025927
387.047314709,433.528432465,64.3786022265,0.0
396.018351971,79.8219887844,64.3786022265,0.0
86.7575421772,71.4729414194,64.3786022265,0.0
70.2950008842,218.230279217,64.3786022265,0.0
416.261924736,278.057366213,64.3786022265,0.0
142.450022275,390.8582061,64.3786022265,0.0
263.053485913,106.74149925,64.3786022265,0.0
266.485691899,239.449130213,64.3786022265,0.0
@ 1110 10 0.40369088812 0.397358636914
162.148420922,69.9569666336,63.7887817715,0.0
303.104834053,127.036769206,63.7887817715,0.0
377.237277229,289.779457628,63.7887817715,0.0
175.974346582,206.188677254,63.7887817715,0.0
397.648755346,436.62699231,63.7887817715,0.0
102.494727216,394.300795286,63.7887817715,0.0
256.88761402,397.629961077,63.7887817715,0.0
446.012450016,72.856095472,63.7887817715,0.0
@ 1120 10 0.40369088812 0.390110991781
226.587421533,427.61925996,67.8285665844,0.0
409.916612264,103.458857368,67.8285665844,0.0
89.4955855743,157.805004792,67.8285665844,0.0
443.529425104,237.305705846,67.8285665844,0.0
235.458992953,238.803168615,67.8285665844,0.0
416.562168486,402.142013659,67.8285665844,0.0
242.417365759,98.6212346373,67.8285665844,0.0
69.7091851664,438.441724968,67.8285665844,0.0
@ 1130 10 0.40369088812 0.441087600492
82.8678054446,222.283660134,67.1251428536,0.0
359.666219974,443.676389555,67.1251428536,0.0
75.6036636813,418.80580617,67.1251428536,0.0
68.4855754039,85.8754747751,67.1251428536,0.0
436.059655047,117.190876136,67.1251428536,0.0
291.87295051,75.2755251974,67.1251428536,0.0
437.783604971,267.590115465,67.1251428536,0.0
306.536845612,301.428735365,67.1251428536,0.0
@ 1140 10 0.40369088812 0.431986342761
421.066347351,224.780615394,63.8338129349,0.0
281.895527575,165.411935136,63.8338129349,0.0
123.401253663,136.538260005,63.8338129349,0.0
421.317277518,371.832903334,63.8338129349,0.0
442.166714774,88.7598551853,63.8338129349,0.0
302.30850682,316.721823193,63.8338129349,0.0
167.892702905,256.743590039,63.8338129349,0.0
80.5537599223,376.403876198,63.8338129349,0.0
@ 1150 10 0.40369088812 0.390661977456
75.4738114157,94.7184450087,71.3775363646,0.0
283.035321184,434.00300406,71.3775363646,0.0
118.352010869,231.937116145,71.3775363646,0.0
270.543548249,245.928333519,71.3775363646,0.0
220.134871581,81.3706365376,71.3775363646,0.0
434.417107494,398.386788714,71.3775363646,0.0
112.875117892,380.777284522,71.3775363646,0.0
403.922590971,145.69998396,71.3775363646,0.0
@ 1160 10 0.40369088812 0.488452884732
397.822765938,262.862752076,62.6448385618,0.0
261.956271359,213.075621451,62.6448385618,0.0
202.966151644,91.5450394746,62.6448385618,0.0
98.1392873966,165.096314367,62.6448385618,0.0
158.491619498,297.533792347,62.6448385618,0.0
103.944724859,432.175653461,62.6448385618,0.0
276.25227402,444.976151367,62.6448385618,0.0
411.747461324,421.562659056,62.6448385618,0.0
@ 1170 10 0.40369088812 0.376244499652
70.5697328242,63.8901946713,61.417966514,0.0
445.988485882,401.523426074,61.417966514,0.0
315.238929271,104.711436897,61.417966514,0.0
331.821610098,449.798654048,61.417966514,0.0
65.005350783,299.662847036,61.417966514,0.0
428.777707206,184.904801309,61.417966514,0.0
183.452945939,135.240289339,61.417966514,0.0
186.954269399,368.064812767,61.417966514,0.0
@ 1180 10 0.40369088812 0.361651638872
290.07801505,123.409649039,61.364236731,0.0
297.040184468,405.703167857,61.364236731,0.0
240.411392693,251.366803011,61.364236731,0.0
145.79132928,82.8259025787,61.364236731,0.0
109.686129707,214.633007707,61.364236731,0.0
424.732879007,236.229645781,61.364236731,0.0
92.9845547828,374.171299964,61.364236731,0.0
424.998034015,420.503007243,61.364236731,0.0
@ 1190 10 0.40369088812 0.361019154092
128.959358153,65.314828002,64.1722984369,0.0
278.728699569,398.793821163,64.1722984369,0.0
234.750131402,145.256202035,64.1722984369,0.0
296.302802931,271.340857926,64.1722984369,0.0
412.334305423,403.902587563,64.1722984369,0.0
137.98821396,442.219701761,64.1722984369,0.0
447.12398141,182.436649576,64.1722984369,0.0
85.3645694574,250.014802731,64.1722984369,0.0
@ 1200 10 0.40369088812 0.394816014329
90.6343942378,361.477921181,71.2087480953,0.0
378.786975317,388.224910259,71.2087480953,0.0
234.180721753,405.015140211,71.2087480953,0.0
111.933396274,215.236294536,71.2087480953,0.0
346.950969992,103.476991483,71.2087480953,0.0
195.929455163,99.6351202804,71.2087480953,0.0
257.808588614,239.048333076,71.2087480953,0.0
433.361957601,233.901796143,71.2087480953,0.0
@ 1210 10 0.601891659501 0.486145502291
416.462043463,421.345793937,70.6703563615,0.0
414.017365187,95.2250322659,70.6703563615,0.0
253.565247711,120.121889095,70.6703563615,0.0
125.278142399,222.963326571,70.6703563615,0.0
81.7038688336,85.5085608576,70.6703563615,0.0
118.459721986,434.51297274,70.6703563615,0.0
266.897161596,423.001832882,70.6703563615,0.0
410.538750736,275.858235156,70.6703563615,0.0
@ 1220 10 0.601891659501 0.47882204096
129.051569768,259.380627869,74.3762646288,0.0
389.658802068,255.138881374,74.3762646288,0.0
432.367397046,106.341330773,74.3762646288,0.0
411.405059772,425.978823198,74.3762646288,0.0
251.565168552,88.4238782017,74.3762646288,0.0
75.9186736762,79.6726536901,74.3762646288,0.0
263.253260766,390.938435242,74.3762646288,0.0
103.470974234,411.837131281,74.3762646288,0.0
@ 1230 10 0.601891659501 0.530356990104
95.2371626274,120.01931762,70.6857023106,0.0
75.5027203649,331.703394574,70.6857023106,0.0
206.293960796,403.665506602,70.6857023106,0.0
439.261146842,70.7569172668,70.6857023106,0.0
378.234329852,218.170202967,70.6857023106,0.0
270.325000997,96.6025172577,70.6857023106,0.0
200.53570183,239.606884242,70.6857023106,0.0
408.544365978,413.095133196,70.6857023106,0.0
@ 1240 10 0.601891659501 0.479030014341
401.567759478,81.3222995758,73.7946652373,0.0
130.860677328,80.2668009259,73.7946652373,0.0
149.812256558,435.237798999,73.7946652373,0.0
270.308044484,313.956600211,73.7946652373,0.0
424.492555596,424.374698708,73.7946652373,0.0
411.38438437,239.974650271,73.7946652373,0.0
106.349987939,226.046041617,73.7946652373,0.0
268.447088332,154.11268527,73.7946652373,0.0
@ 1250 10 0.601891659501 0.5220949648
232.975479494,211.804812532,69.9106184666,0.0
99.3670613409,292.42422879,69.9106184666,0.0
346.241291382,110.620511083,69.9106184666,0.0
86.5587859648,86.5719082215,69.9106184666,0.0
74.5176821252,440.121024081,69.9106184666,0.0
221.060529856,429.670195103,69.9106184666,0.0
388.631748561,422.210689183,69.9106184666,0.0
431.581676008,267.447327619,69.9106184666,0.0
@ 1260 10 0.601891659501 0.46858227783
194.541870992,419.284042182,63.1635036936,0.0
67.7661207955,63.5519916709,63.1635036936,0.0
409.886055591,269.081729122,63.1635036936,0.0
430.215370311,115.435176474,63.1635036936,0.0
195.71659275,220.851399734,63.1635036936,0.0
238.327147717,82.0654482445,63.1635036936,0.0
88.2179893421,346.109340129,63.1635036936,0.0
360.434652374,391.770740534,63.1635036936,0.0
@ 1270 10 0.601891659501 0.382500489906
420.512420287,252.134316657,68.5222906928,0.0
76.3462074734,331.598680258,68.5222906928,0.0
376.127874768,441.790082396,68.5222906928,0.0
190.2463436,417.614110576,68.5222906928,0.0
273.951555394,198.870671072,68.5222906928,0.0
101.304774614,176.608688791,68.5222906928,0.0
223.456393453,70.9568482027,68.5222906928,0.0
403.892280465,114.794380482,68.5222906928,0.0
@ 1280 10 0.601891659501 0.4501562837
257.353043333,388.555607299,71.0265073759,0.0
423.95953835,89.3806557727,71.0265073759,0.0
85.7146766022,152.665655652,71.0265073759,0.0
92.2502548107,406.425501313,71.0265073759,0.0
383.897594741,259.613305642,71.0265073759,0.0
248.110224044,72.7577194361,71.0265073759,0.0
229.845624304,227.442292358,71.0265073759,0.0
438.133087936,421.382054962,71.0265073759,0.0
@ 1290 10 0.601891659501 0.48366035434
96.8001009983,100.191512063,66.2092496563,0.0
229.066823075,141.601820263,66.2092496563,0.0
439.222827217,92.9149525402,66.2092496563,0.0
409.303845357,351.677409621,66.2092496563,0.0
276.896946447,434.303003143,66.2092496563,0.0
81.9065567677,414.653812965,66.2092496563,0.0
143.009270567,289.613451794,66.2092496563,0.0
307.30081793,252.450228157,66.2092496563,0.0
@ 1300 10 0.601891659501 0.420278238242
88.7476643168,112.817013323,76.1509357892,0.0
412.658472979,295.155741122,76.1509357892,0.0
258.499650277,249.868451379,76.1509357892,0.0
121.127313036,419.195605537,76.1509357892,0.0
418.919757112,131.028301718,76.1509357892,0.0
90.7982899274,265.312497617,76.1509357892,0.0
286.849745014,402.500564605,76.1509357892,0.0
246.983776931,95.4982078557,76.1509357892,0.0
@ 1310 10 1.18243243243 0.555968338688
98.1283696366,147.606287628,70.3163579068,0.0
414.062996792,418.229100475,70.3163579068,0.0
423.076591596,132.617526379,70.3163579068,0.0
227.345623155,245.349443361,70.3163579068,0.0
280.529168808,103.32620837,70.3163579068,0.0
261.996847852,440.852774827,70.3163579068,0.0
91.8016694008,347.792184441,70.3163579068,0.0
370.991396333,283.053528187,70.3163579068,0.0
@ 1320 10 1.18243243243 0.474037071983
401.038179831,73.099110353,71.9647539601,0.0
188.045377181,106.953968788,71.9647539601,0.0
432.22556077,290.141315382,71.9647539601,0.0
157.169958624,255.636059313,71.9647539601,0.0
93.3031343486,410.964415888,71.9647539601,0.0
402.643070928,438.906665314,71.9647539601,0.0
247.749110382,395.978482498,71.9647539601,0.0
304.181149374,204.572061489,71.9647539601,0.0
@ 1330 10 1.18243243243 0.496522874249
427.089399765,270.726121903,78.3678544838,0.0
183.789689537,84.5046409695,78.3678544838,0.0
102.14371171,224.743175393,78.3678544838,0.0
79.1938906928,399.362611784,78.3678544838,0.0
263.705596762,240.610514394,78.3678544838,0.0
407.869203558,432.029225081,78.3678544838,0.0
233.90445815,429.373502325,78.3678544838,0.0
341.711533192,93.1903234214,78.3678544838,0.0
@ 1340 10 1.18243243243 0.588810417275
299.938249408,88.5234568089,72.1552358845,0.0
250.507277487,396.908797581,72.1552358845,0.0
115.337338153,123.647999117,72.1552358845,0.0
304.786870362,239.747043565,72.1552358845,0.0
88.1494617718,434.090474382,72.1552358845,0.0
431.082339551,327.321504262,72.1552358845,0.0
98.7271285092,288.588738779,72.1552358845,0.0
428.907375179,153.793617477,72.1552358845,0.0
@ 1350 10 1.18243243243 0.49915482382
184.302136562,91.6356120406,70.1084557852,0.0
417.331261446,406.404601314,70.1084557852,0.0
273.785612152,235.778564744,70.1084557852,0.0
269.566172125,396.184463151,70.1084557852,0.0
403.441109485,93.6161042012,70.1084557852,0.0
122.461990242,419.381092336,70.1084557852,0.0
439.722182401,239.569170512,70.1084557852,0.0
97.2055446832,214.052489822,70.1084557852,0.0
@ 1360 10 1.18243243243 0.471238075527
83.6054974482,91.3951737394,81.4568518459,0.0
259.415168077,381.232070563,81.4568518459,0.0
153.922984021,250.502438273,81.4568518459,0.0
423.551838911,84.6607021786,81.4568518459,0.0
253.148181154,119.993067334,81.4568518459,0.0
84.3437703856,426.994166046,81.4568518459,0.0
390.442271036,251.727724705,81.4568518459,0.0
427.838398254,430.039984344,81.4568518459,0.0
@ 1370 10 1.18243243243 0.636143089462
146.78111371,87.7912166512,71.6985092452,0.0
114.0411459,245.325471106,71.6985092452,0.0
104.633241396,399.573387632,71.6985092452,0.0
283.098290201,270.587383224,71.6985092452,0.0
412.669020693,379.758172561,71.6985092452,0.0
424.559742024,233.134962248,71.6985092452,0.0
422.980217012,73.4211176484,71.6985092452,0.0
251.758498534,427.544965603,71.6985092452,0.0
@ 1380 10 1.18243243243 0.492855744356
132.498969678,87.849966119,76.9626510901,0.0
252.424139712,230.827559666,76.9626510901,0.0
421.206958667,209.600526743,76.9626510901,0.0
79.0926513758,404.204505806,76.9626510901,0.0
231.782126425,424.258486007,76.9626510901,0.0
91.0306432829,240.107889868,76.9626510901,0.0
395.49296146,400.519542697,76.9626510901,0.0
326.503615686,87.1877686302,76.9626510901,0.0
@ 1390 10 1.18243243243 0.567883969367
405.473904184,81.3905986631,78.1000022514,0.0
82.0033914092,408.355520974,78.1000022514,0.0
417.693359925,403.194353668,78.1000022514,0.0
97.6122342929,188.098535954,78.1000022514,0.0
241.986126868,398.667248768,78.1000022514,0.0
217.300558607,82.9314852602,78.1000022514,0.0
265.75174622,240.768263085,78.1000022514,0.0
424.088891033,242.727960883,78.1000022514,0.0
@ 1400 10 1.18243243243 0.584792324362
425.615246695,86.1313715097,85.9333940897,0.0
87.8391019262,306.924819608,85.9333940897,0.0
385.814606147,425.646946376,85.9333940897,0.0
87.9769444875,134.245887221,85.9333940897,0.0
213.429003515,425.891471496,85.9333940897,0.0
253.133456005,86.0162842249,85.9333940897,0.0
253.530488381,258.451032394,85.9333940897,0.0
425.594218837,258.083695767,85.9333940897,0.0
@ 1410 10 33.3333333333 0.707984095513
426.085857851,85.9406119638,85.8444074421,0.0
86.5340600963,304.060157956,85.8444074421,0.0
387.144237885,425.969734931,85.8444074421,0.0
85.9261547187,129.472296871,85.8444074421,0.0
210.983891265,425.874118972,85.8444074421,0.0
253.917187915,86.7766779994,85.8444074421,0.0
253.634548201,258.931424203,85.8444074421,0.0
425.53873085,257.638282007,85.8444074421,0.0
@ 1420 10 33.3333333333 0.7065185765
426.398728235,86.3122816722,85.567479498,0.0
85.6942607204,299.439739436,85.567479498,0.0
381.369577288,425.329050879,85.567479498,0.0
87.3983997832,125.963682361,85.567479498,0.0
207.791215292,425.80202763,85.567479498,0.0
254.042904204,85.7638737849,85.567479498,0.0
252.541487969,257.184956201,85.567479498,0.0
425.984336314,257.928584973,85.567479498,0.0
@ 1430 10 33.3333333333 0.701967571757
425.976121255,86.4347206137,85.9406156867,0.0
86.5533966916,308.27465096,85.9406156867,0.0
384.384517703,425.665927518,85.9406156867,0.0
86.4375120913,132.749146564,85.9406156867,0.0
211.890660254,426.049658255,85.9406156867,0.0
252.209569407,86.7380054839,85.9406156867,0.0
251.624462599,258.766106618,85.9406156867,0.0
424.750497895,258.51683158,85.9406156867,0.0
@ 1440 10 33.3333333333 0.708103094436
425.943374438,86.5767663329,85.7182299221,0.0
86.5844476468,298.600861433,85.7182299221,0.0
379.067323059,426.172604867,85.7182299221,0.0
85.9371796423,126.707501962,85.7182299221,0.0
206.760923528,425.332933934,85.7182299221,0.0
253.560755428,88.0382727509,85.7182299221,0.0
253.828320664,259.895046017,85.7182299221,0.0
426.226684543,259.566234601,85.7182299221,0.0
@ 1450 10 33.3333333333 0.704443164747
424.79119376,86.2998868665,85.5000645651,0.0
86.1178781426,309.09338712,85.5000645651,0.0
383.839245107,426.158172446,85.5000645651,0.0
87.634971251,132.335055416,85.5000645651,0.0
211.604839277,425.838244928,85.5000645651,0.0
252.885241831,86.6606101669,85.5000645651,0.0
253.383927425,257.916182788,85.5000645651,0.0
426.106783182,258.094426087,85.5000645651,0.0
@ 1460 10 33.3333333333 0.700861907429
425.835457083,86.1342430311,85.8227825026,0.0
86.6050036937,302.360785489,85.8227825026,0.0
382.817800488,425.093138092,85.8227825026,0.0
86.1360048978,128.409504883,85.8227825026,0.0
207.455677543,426.151531191,85.8227825026,0.0
253.601526916,86.3811419213,85.8227825026,0.0
253.760090893,260.421656239,85.8227825026,0.0
425.946845368,258.00353218,85.8227825026,0.0
@ 1470 10 33.3333333333 0.706162665207
424.818397226,86.328474867,85.7969487704,0.0
86.730117614,300.486290774,85.7969487704,0.0
377.868025271,425.167697388,85.7969487704,0.0
85.8834130671,128.76540905,85.7969487704,0.0
205.926932438,425.450462609,85.7969487704,0.0
253.168978165,87.1750711233,85.7969487704,0.0
253.700767666,260.594219859,85.7969487704,0.0
425.449704129,258.2527748,85.7969487704,0.0
@ 1480 10 33.3333333333 0.705737601581
425.79374106,85.8178604065,85.8159946489,0.0
87.2039452564,298.885834839,85.8159946489,0.0
379.159631025,425.691868209,85.8159946489,0.0
87.0366937866,126.785550708,85.8159946489,0.0
204.556066681,425.656431772,85.8159946489,0.0
254.02939256,86.2241366158,85.8159946489,0.0
254.373069265,257.929330685,85.8159946489,0.0
426.091746983,258.557795681,85.8159946489,0.0
@ 1490 10 33.3333333333 0.706050966676
425.972948523,86.3587745729,85.8980009005,0.0
85.9131655071,302.909147112,85.8980009005,0.0
382.087767337,425.088181748,85.8980009005,0.0
86.1205552589,124.217199982,85.8980009005,0.0
208.257620898,426.073357927,85.8980009005,0.0
253.957979214,86.0606862153,85.8980009005,0.0
253.333987089,259.877440384,85.8980009005,0.0
426.072316901,258.740572253,85.8980009005,0.0
@ 1500 10 33.3333333333 0.707401024052
