106.698027309,89.9060316552,43.6441003426,0.0
268.246243913,161.929936662,43.6441003426,0.0
143.844912516,320.944276909,43.6441003426,0.0
233.140079704,49.2723047918,43.6441003426,0.0
340.726081029,239.482532407,43.6441003426,0.0
357.902067298,84.2142075585,43.6441003426,0.0
446.323830175,404.983111613,43.6441003426,0.0
49.1296965152,171.749950197,43.6441003426,0.0
@ 10 10 0.0873362445415 0.182620977091
126.700710297,244.093671938,47.4704175485,0.0
362.046710392,238.243189153,47.4704175485,0.0
370.38576159,402.330023314,47.4704175485,0.0
256.665423866,53.3979058023,47.4704175485,0.0
235.866294931,172.133745607,47.4704175485,0.0
171.101662183,446.550883775,47.4704175485,0.0
98.2641728944,370.712714559,47.4704175485,0.0
370.279329806,60.3280623081,47.4704175485,0.0
@ 20 10 0.0873362445415 0.216045723665
368.992233534,54.298754394,48.0612648701,0.0
74.4603520725,59.1124167066,48.0612648701,0.0
273.531974407,114.021819691,48.0612648701,0.0
340.178040616,207.072689772,48.0612648701,0.0
153.164024252,327.586003887,48.0612648701,0.0
460.972199262,457.537650796,48.0612648701,0.0
104.637707274,456.085742437,48.0612648701,0.0
212.494206379,453.617009577,48.0612648701,0.0
@ 30 10 0.0873362445415 0.221457281052
451.349946678,331.67706259,49.7387454443,0.0
85.947341913,102.406603188,49.7387454443,0.0
284.924997232,276.81963371,49.7387454443,0.0
441.71005224,439.05751861,49.7387454443,0.0
293.692297822,429.760653285,49.7387454443,0.0
97.0163080224,228.796216005,49.7387454443,0.0
77.8161852521,330.38567983,49.7387454443,0.0
424.947206038,223.384248188,49.7387454443,0.0
@ 40 10 0.0873362445415 0.237186094847
305.405820082,125.405811078,53.4091960904,0.0
81.8858253725,71.0845203878,53.4091960904,0.0
58.4500420082,222.584076644,53.4091960904,0.0
428.040031881,344.071127253,53.4091960904,0.0
200.528146777,341.859327375,53.4091960904,0.0
203.786550227,201.769595431,53.4091960904,0.0
436.346826545,169.586545248,53.4091960904,0.0
320.717381534,390.668496839,53.4091960904,0.0
@ 50 10 0.0873362445415 0.273483829803
138.876760687,222.157539646,51.0439504204,0.0
266.935645531,223.018081652,51.0439504204,0.0
432.020761612,348.283102706,51.0439504204,0.0
348.792190547,59.1952545239,51.0439504204,0.0
191.915608035,313.599405441,51.0439504204,0.0
177.860317183,440.266536722,51.0439504204,0.0
184.105770679,102.421551405,51.0439504204,0.0
52.7389372925,389.753590057,51.0439504204,0.0
@ 60 10 0.0873362445415 0.249797522794
74.9706745404,277.553033726,45.9668517538,0.0
360.941752628,104.328996754,45.9668517538,0.0
178.703453166,357.596405855,45.9668517538,0.0
89.5130112336,95.131825396,45.9668517538,0.0
440.286835304,343.534227821,45.9668517538,0.0
64.6679796284,437.936744709,45.9668517538,0.0
143.069803855,178.614185365,45.9668517538,0.0
268.713004406,65.1772712358,45.9668517538,0.0
@ 70 10 0.0873362445415 0.202576512992
73.6874997829,314.738883217,43.8295871201,0.0
447.311675063,323.398772424,43.8295871201,0.0
170.544719559,55.5353915251,43.8295871201,0.0
355.585403734,435.739807648,43.8295871201,0.0
429.072643228,225.486619286,43.8295871201,0.0
463.749572369,105.386811365,43.8295871201,0.0
87.3454738089,182.101288584,43.8295871201,0.0
204.170074911,413.144050765,43.8295871201,0.0
@ 80 10 0.0873362445415 0.184176548534
102.952200166,180.541535319,46.9638123872,0.0
459.996400178,303.115557173,46.9638123872,0.0
256.229482372,417.763429598,46.9638123872,0.0
396.936165667,180.094562618,46.9638123872,0.0
456.448597011,441.790392808,46.9638123872,0.0
165.831521344,261.051564705,46.9638123872,0.0
157.183548242,440.617296152,46.9638123872,0.0
80.1351709542,327.831100528,46.9638123872,0.0
@ 90 10 0.0873362445415 0.211459041737
226.159591674,451.958164557,57.0539263107,0.0
314.654158566,274.462452155,57.0539263107,0.0
408.489532486,176.823170091,57.0539263107,0.0
446.131128976,431.637237303,57.0539263107,0.0
199.76300539,259.075388677,57.0539263107,0.0
58.1898789793,380.615603692,57.0539263107,0.0
292.571195559,67.0744893555,57.0539263107,0.0
132.952357138,79.863523114,57.0539263107,0.0
@ 100 10 0.0873362445415 0.312083382652
248.771327088,136.768296778,51.6783656646,0.0
66.4206061064,85.1152581945,51.6783656646,0.0
321.799974335,231.197837413,51.6783656646,0.0
364.122884085,78.9012641186,51.6783656646,0.0
429.649567495,313.880936314,51.6783656646,0.0
158.423810946,351.691714881,51.6783656646,0.0
188.21126986,222.384931862,51.6783656646,0.0
429.349263883,194.579257217,51.6783656646,0.0
@ 110 10 0.0940354648039 0.256045479101
457.630475696,71.284003873,48.0118511015,0.0
448.935928206,462.58174956,48.0118511015,0.0
398.25751181,210.861590208,48.0118511015,0.0
269.847063332,316.919872818,48.0118511015,0.0
106.802758494,94.3038322414,48.0118511015,0.0
416.059166908,358.057820806,48.0118511015,0.0
268.597178353,431.743314942,48.0118511015,0.0
302.428233774,173.447986124,48.0118511015,0.0
@ 120 10 0.0940354648039 0.221002136421
185.99517042,344.411138644,48.3828267925,0.0
60.3244111022,79.6102216742,48.3828267925,0.0
289.665116057,221.906286007,48.3828267925,0.0
97.3787295802,235.962476135,48.3828267925,0.0
425.850630855,284.806884577,48.3828267925,0.0
53.4477468707,392.179175648,48.3828267925,0.0
201.382505172,170.445137144,48.3828267925,0.0
403.890539196,398.525500159,48.3828267925,0.0
@ 130 10 0.0940354648039 0.22443058847
445.713150719,185.014992419,55.0129378367,0.0
192.628246593,357.96849023,55.0129378367,0.0
209.119123264,124.071164224,55.0129378367,0.0
57.0964404758,244.102733016,55.0129378367,0.0
381.640462859,80.6582171941,55.0129378367,0.0
316.270056254,405.423386283,55.0129378367,0.0
354.222848656,281.056749469,55.0129378367,0.0
92.4503290719,419.96755159,55.0129378367,0.0
@ 140 10 0.0940354648039 0.290154457626
124.758982303,424.674431654,50.1334573683,0.0
277.312288312,376.477210756,50.1334573683,0.0
63.6122919598,64.9785926208,50.1334573683,0.0
221.371750139,210.044656721,50.1334573683,0.0
333.450848265,75.3722218241,50.1334573683,0.0
124.384495339,240.108908318,50.1334573683,0.0
412.128991915,328.99124183,50.1334573683,0.0
401.366291879,150.284667498,50.1334573683,0.0
@ 150 10 0.0940354648039 0.240965508661
351.868569251,221.088820392,41.6789831395,0.0
56.1291753057,403.259386866,41.6789831395,0.0
435.297071095,459.990264458,41.6789831395,0.0
212.787825481,184.874761695,41.6789831395,0.0
150.344806552,115.031552524,41.6789831395,0.0
395.224508837,380.79267623,41.6789831395,0.0
50.6932672597,308.198416339,41.6789831395,0.0
199.115056504,413.589755912,41.6789831395,0.0
@ 160 10 0.0940354648039 0.166545844252
193.898369844,68.2762018131,50.496351872,0.0
76.7345563421,80.378534526,50.496351872,0.0
102.335806081,421.736725572,50.496351872,0.0
420.944709797,222.747536041,50.496351872,0.0
179.133555834,218.529140625,50.496351872,0.0
300.04952823,113.745872785,50.496351872,0.0
351.373951698,389.275162027,50.496351872,0.0
220.338052997,381.899858837,50.496351872,0.0
@ 170 10 0.0940354648039 0.244466625554
50.9420234657,355.565009643,49.8400742391,0.0
228.163764897,223.674817693,49.8400742391,0.0
253.229948882,405.606152948,49.8400742391,0.0
434.025518215,264.839298544,49.8400742391,0.0
173.570881925,322.615716215,49.8400742391,0.0
339.558353667,143.473245024,49.8400742391,0.0
164.79457441,71.3377623162,49.8400742391,0.0
456.988869676,158.522670541,49.8400742391,0.0
@ 180 10 0.0940354648039 0.23815348001
404.486580317,170.014313032,48.88877822,0.0
83.3593364867,124.912013259,48.88877822,0.0
388.906692679,449.280430566,48.88877822,0.0
166.754373153,351.408157503,48.88877822,0.0
377.941695179,73.1702924886,48.88877822,0.0
196.098588012,79.4143845033,48.88877822,0.0
303.838652884,165.991281078,48.88877822,0.0
75.0064670232,296.93707979,48.88877822,0.0
@ 190 10 0.0940354648039 0.229148985463
162.390668496,94.4055572443,49.8794238578,0.0
374.424389741,245.796556559,49.8794238578,0.0
61.4046430464,224.408517404,49.8794238578,0.0
104.473990465,378.285822645,49.8794238578,0.0
58.924790844,92.4911577973,49.8794238578,0.0
393.099972993,125.286786684,49.8794238578,0.0
430.861594009,332.628686578,49.8794238578,0.0
270.543405245,420.891547912,49.8794238578,0.0
@ 200 10 0.0940354648039 0.238529681216
268.522873192,186.39159997,54.9743531921,0.0
452.399789765,249.52352301,54.9743531921,0.0
55.7701138024,424.433537028,54.9743531921,0.0
116.633591477,135.233391268,54.9743531921,0.0
245.942784598,419.92005,54.9743531921,0.0
178.350247263,265.833033128,54.9743531921,0.0
304.882494746,308.533145439,54.9743531921,0.0
399.900253949,399.899271731,54.9743531921,0.0
@ 210 10 0.101847810272 0.289747586772
70.6617913825,382.715944533,54.6008789937,0.0
75.7099788204,56.1336582047,54.6008789937,0.0
226.818212546,234.113502485,54.6008789937,0.0
266.672010334,71.1373828169,54.6008789937,0.0
321.078912911,295.05284754,54.6008789937,0.0
429.787983156,328.071992468,54.6008789937,0.0
450.006603249,65.4909638424,54.6008789937,0.0
203.565291333,372.866977135,54.6008789937,0.0
@ 220 10 0.101847810272 0.285824096553
288.124560468,392.539821781,56.5788499615,0.0
67.2577120714,387.993790933,56.5788499615,0.0
174.555132023,447.202381195,56.5788499615,0.0
208.849638877,246.446841318,56.5788499615,0.0
334.7264246,68.7894179443,56.5788499615,0.0
370.639886667,220.421390667,56.5788499615,0.0
62.9401254945,196.854144104,56.5788499615,0.0
446.571585289,444.887449579,56.5788499615,0.0
@ 230 10 0.101847810272 0.306907712405
239.193399203,161.765998837,49.3642868348,0.0
421.974276963,73.4621822508,49.3642868348,0.0
110.731280561,386.714074683,49.3642868348,0.0
217.505119097,280.356179612,49.3642868348,0.0
287.179958105,379.97405089,49.3642868348,0.0
205.76759712,49.8386644336,49.3642868348,0.0
110.622124254,173.61744902,49.3642868348,0.0
442.489351414,289.504977557,49.3642868348,0.0
@ 240 10 0.101847810272 0.233628222728
438.589991931,441.226256393,50.4605957971,0.0
151.871333845,445.433155549,50.4605957971,0.0
163.042659108,310.627507446,50.4605957971,0.0
52.4914500844,294.174373463,50.4605957971,0.0
315.622289769,382.030880732,50.4605957971,0.0
360.701753343,126.562515729,50.4605957971,0.0
164.626065741,107.163156002,50.4605957971,0.0
267.764318453,250.32793494,50.4605957971,0.0
@ 250 10 0.101847810272 0.244120538287
87.10725572,355.956623011,56.2069236427,0.0
345.867375572,391.267170699,56.2069236427,0.0
133.590392408,208.21247023,56.2069236427,0.0
87.7807443425,81.6526815263,56.2069236427,0.0
400.19705658,77.9858051466,56.2069236427,0.0
326.596132085,255.054303941,56.2069236427,0.0
219.174534794,398.923293952,56.2069236427,0.0
244.548823543,168.411409917,56.2069236427,0.0
@ 260 10 0.101847810272 0.302886001902
74.8818215695,409.658314532,65.5469407149,0.0
445.019856538,436.610206299,65.5469407149,0.0
168.733526993,116.833636061,65.5469407149,0.0
385.915989665,74.9443893603,65.5469407149,0.0
276.249241302,217.371154569,65.5469407149,0.0
276.273005647,375.490246958,65.5469407149,0.0
425.707522193,292.992458119,65.5469407149,0.0
72.2375564175,208.558401297,65.5469407149,0.0
@ 270 10 0.101847810272 0.411911980918
448.274947433,130.715110391,49.2340484442,0.0
64.9016068643,183.571268965,49.2340484442,0.0
248.416494479,202.715221412,49.2340484442,0.0
434.400659669,451.612887624,49.2340484442,0.0
390.61455977,253.295720949,49.2340484442,0.0
303.049539302,298.635070918,49.2340484442,0.0
189.026622111,89.8944000433,49.2340484442,0.0
80.4161182282,51.9893033511,49.2340484442,0.0
@ 280 10 0.101847810272 0.232397080652
386.051325115,364.11225633,43.7004837248,0.0
146.27286272,147.575015997,43.7004837248,0.0
279.467420234,346.889401887,43.7004837248,0.0
442.470654173,112.151389891,43.7004837248,0.0
172.214099321,326.052197239,43.7004837248,0.0
175.630782224,418.75024365,43.7004837248,0.0
260.410686836,446.393539562,43.7004837248,0.0
307.307617275,176.688475638,43.7004837248,0.0
@ 290 10 0.101847810272 0.183093134356
374.134339729,395.427026791,43.200367133,0.0
253.902692082,55.2866603321,43.200367133,0.0
49.8664503507,263.602013315,43.200367133,0.0
217.108084926,432.551182587,43.200367133,0.0
411.468994809,239.349661147,43.200367133,0.0
219.543695787,238.64599235,43.200367133,0.0
160.903401444,323.218254838,43.200367133,0.0
76.050905472,379.698752829,43.200367133,0.0
@ 300 10 0.101847810272 0.178926409124
135.870090032,49.3239799454,41.2654665247,0.0
426.168239551,74.097215376,41.2654665247,0.0
84.2272089495,386.710952178,41.2654665247,0.0
300.894239656,367.200169859,41.2654665247,0.0
198.444155265,314.763300975,41.2654665247,0.0
429.44783295,170.72000003,41.2654665247,0.0
66.1562670403,132.708635417,41.2654665247,0.0
297.607213066,116.915372372,41.2654665247,0.0
@ 310 10 0.111075848937 0.163257480406
359.985351583,319.514758751,50.2677756402,0.0
132.366693678,419.144006173,50.2677756402,0.0
244.670853904,403.285106253,50.2677756402,0.0
447.23788423,397.992213404,50.2677756402,0.0
439.959436169,63.0726453628,50.2677756402,0.0
136.893642938,161.383850757,50.2677756402,0.0
271.705538944,196.560242579,50.2677756402,0.0
58.1888894372,301.685944597,50.2677756402,0.0
@ 320 10 0.111075848937 0.242258434792
76.159489553,181.205535122,54.0633835952,0.0
211.155197409,431.173303929,54.0633835952,0.0
217.339518661,251.191053387,54.0633835952,0.0
301.261148209,176.48297906,54.0633835952,0.0
155.879448652,60.0590311199,54.0633835952,0.0
270.784518762,71.5961776756,54.0633835952,0.0
409.16360157,411.92344869,54.0633835952,0.0
63.1535403655,449.2545872,54.0633835952,0.0
@ 330 10 0.111075848937 0.280224444284
429.192441338,388.919645045,54.7331436386,0.0
62.4301919815,293.673183613,54.7331436386,0.0
329.013814859,444.307999887,54.7331436386,0.0
248.526963349,350.96967435,54.7331436386,0.0
447.971369269,173.027950785,54.7331436386,0.0
322.474121577,143.506532818,54.7331436386,0.0
255.463645267,55.2892601214,54.7331436386,0.0
83.5699615558,410.622465832,54.7331436386,0.0
@ 340 10 0.111075848937 0.287210528854
264.969874383,62.350365512,57.9709185516,0.0
431.633726386,451.827205172,57.9709185516,0.0
338.809961723,320.422432569,57.9709185516,0.0
58.8801301968,140.631589134,57.9709185516,0.0
381.435971319,97.5438370909,57.9709185516,0.0
269.32780519,183.525722041,57.9709185516,0.0
91.878498164,364.860404221,57.9709185516,0.0
151.178312075,211.094924768,57.9709185516,0.0
@ 350 10 0.111075848937 0.322195844311
360.035565572,296.602557779,51.0785112164,0.0
295.769863955,65.2448110641,51.0785112164,0.0
244.887996102,226.350104337,51.0785112164,0.0
246.908077007,380.521282972,51.0785112164,0.0
127.690746844,216.159952571,51.0785112164,0.0
193.72053358,113.474457378,51.0785112164,0.0
51.7902978321,68.5652572852,51.0785112164,0.0
452.004478704,221.462638516,51.0785112164,0.0
@ 360 10 0.111075848937 0.250135902714
270.228345773,308.31329248,53.943313858,0.0
60.5584846082,110.916173437,53.943313858,0.0
392.669304888,417.278420622,53.943313858,0.0
164.50086057,63.8306495392,53.943313858,0.0
201.772454447,209.528459583,53.943313858,0.0
208.857183331,414.94579967,53.943313858,0.0
75.1732355336,391.501587077,53.943313858,0.0
371.407751621,259.802967355,53.943313858,0.0
@ 370 10 0.111075848937 0.278981121713
250.486348024,63.9653346742,54.0694039032,0.0
121.989376247,421.255005871,54.0694039032,0.0
434.870058983,373.137525638,54.0694039032,0.0
160.007397795,198.120852966,54.0694039032,0.0
424.392097301,230.454702794,54.0694039032,0.0
70.8667550899,87.0817782301,54.0694039032,0.0
358.54484019,113.747240104,54.0694039032,0.0
300.074424537,338.758209849,54.0694039032,0.0
@ 380 10 0.111075848937 0.280286857374
438.257268176,175.41733725,50.390633299,0.0
402.012823531,298.474115369,50.390633299,0.0
444.83199288,429.50842056,50.390633299,0.0
98.9441882536,121.329526129,50.390633299,0.0
327.672675764,142.507053891,50.390633299,0.0
155.106874012,374.774318555,50.390633299,0.0
224.051079166,283.568292897,50.390633299,0.0
338.873691324,417.095971456,50.390633299,0.0
@ 390 10 0.111075848937 0.24344407213
88.3054055577,119.834746818,62.9664581938,0.0
447.571612222,344.146609356,62.9664581938,0.0
146.158581177,401.586296814,62.9664581938,0.0
173.71847815,242.110606365,62.9664581938,0.0
339.590066063,410.01154991,62.9664581938,0.0
215.882287122,84.8178312525,62.9664581938,0.0
309.065710317,239.944476171,62.9664581938,0.0
412.084493393,138.525598751,62.9664581938,0.0
@ 400 10 0.111075848937 0.380117707656
413.038076779,274.713667314,56.7383835917,0.0
203.506743433,80.9769051156,56.7383835917,0.0
385.87442856,447.950030579,56.7383835917,0.0
156.635868281,215.725902119,56.7383835917,0.0
62.0404702034,62.4103472569,56.7383835917,0.0
203.550400455,337.766421344,56.7383835917,0.0
87.3427843548,397.952101087,56.7383835917,0.0
378.659987736,116.643222021,56.7383835917,0.0
@ 410 10 0.122142732507 0.308640908819
97.898078747,398.820168778,51.9575689975,0.0
379.372951253,336.903234601,51.9575689975,0.0
307.896718904,241.451154581,51.9575689975,0.0
454.431303747,103.416320522,51.9575689975,0.0
325.008325237,131.739468667,51.9575689975,0.0
273.103197208,397.63563632,51.9575689975,0.0
74.4563733365,56.3274147291,51.9575689975,0.0
118.410354539,264.091425927,51.9575689975,0.0
@ 420 10 0.122142732507 0.25881963292
64.0817870017,377.487927935,55.0573549699,0.0
289.431844848,167.92094994,55.0573549699,0.0
381.548911137,76.3529447287,55.0573549699,0.0
174.989133926,226.254043149,55.0573549699,0.0
284.718793492,360.892556064,55.0573549699,0.0
206.857496248,71.5156362723,55.0573549699,0.0
161.171414307,431.657249906,55.0573549699,0.0
105.140026229,139.713457729,55.0573549699,0.0
@ 430 10 0.122142732507 0.290623184892
386.796823984,396.907103531,49.6659668379,0.0
441.768240854,230.901484769,49.6659668379,0.0
115.379183622,275.762543281,49.6659668379,0.0
226.099433323,387.227367841,49.6659668379,0.0
139.813356346,445.986390917,49.6659668379,0.0
275.416326615,160.603030331,49.6659668379,0.0
375.948204703,58.4972163534,49.6659668379,0.0
93.2306851231,117.828700605,49.6659668379,0.0
@ 440 10 0.122142732507 0.236492492939
326.504829818,405.947386284,57.1573551232,0.0
160.306870592,176.837721479,57.1573551232,0.0
210.650486326,436.740036413,57.1573551232,0.0
280.129894695,90.6804396307,57.1573551232,0.0
413.620984126,273.311188854,57.1573551232,0.0
268.337632575,242.015167306,57.1573551232,0.0
95.6173133417,428.427814191,57.1573551232,0.0
429.394395266,125.100774369,57.1573551232,0.0
@ 450 10 0.122142732507 0.313215913692
163.796257363,388.457105286,49.786692248,0.0
262.923143995,145.423240583,49.786692248,0.0
95.8258316709,217.553159718,49.786692248,0.0
229.229192598,259.810593408,49.786692248,0.0
459.610023771,176.120972551,49.786692248,0.0
355.128525793,461.762505309,49.786692248,0.0
110.775466086,106.208877578,49.786692248,0.0
374.657667438,113.530895429,49.786692248,0.0
@ 460 10 0.122142732507 0.237643597196
245.602064956,251.937705908,49.9771687852,0.0
255.213793201,430.568970789,49.9771687852,0.0
335.883380098,358.310848389,49.9771687852,0.0
399.010387017,454.713021699,49.9771687852,0.0
456.455841807,72.6716894633,49.9771687852,0.0
111.794591422,135.187957013,49.9771687852,0.0
140.747831363,324.496727094,49.9771687852,0.0
255.072936001,130.064925837,49.9771687852,0.0
@ 470 10 0.122142732507 0.239465454284
265.914593689,277.951516038,56.7516748182,0.0
65.9118260733,63.3406624212,56.7516748182,0.0
442.446338971,294.205387054,56.7516748182,0.0
321.107584969,151.238681082,56.7516748182,0.0
155.250016988,331.259710696,56.7516748182,0.0
408.49882411,421.587680171,56.7516748182,0.0
174.583576674,125.167999826,56.7516748182,0.0
70.5295179772,446.416714312,56.7516748182,0.0
@ 480 10 0.122142732507 0.308785526852
385.010581456,374.872741197,50.330281945,0.0
298.813184972,300.403296608,50.330281945,0.0
133.127979957,446.903656405,50.330281945,0.0
58.3139413835,211.833141188,50.330281945,0.0
120.354133714,119.419094779,50.330281945,0.0
287.064173027,444.312332205,50.330281945,0.0
216.3296941,59.4143359942,50.330281945,0.0
219.013268194,232.569851433,50.330281945,0.0
@ 490 10 0.122142732507 0.242861289964
312.197121991,310.499480386,56.783707726,0.0
312.943789417,130.924715429,56.783707726,0.0
63.128718105,384.101969619,56.783707726,0.0
443.92880225,139.928716221,56.783707726,0.0
450.898101438,307.920436358,56.783707726,0.0
206.43900853,366.434493699,56.783707726,0.0
212.191756768,64.8156924521,56.783707726,0.0
204.017022661,246.556423075,56.783707726,0.0
@ 500 10 0.122142732507 0.309134206952
143.357614736,51.3796802581,46.9769311148,0.0
173.32509541,192.701054765,46.9769311148,0.0
417.991928445,453.976858676,46.9769311148,0.0
394.088766836,86.3099723989,46.9769311148,0.0
441.744719661,354.210490007,46.9769311148,0.0
268.677138775,251.917788505,46.9769311148,0.0
120.568920387,308.533257792,46.9769311148,0.0
288.859224931,142.552986124,46.9769311148,0.0
@ 510 10 0.135658914729 0.211577194881
354.447229929,396.187927641,56.4186611015,0.0
188.865555143,305.169920523,56.4186611015,0.0
79.1781443736,217.556770549,56.4186611015,0.0
409.28971901,84.1530089905,56.4186611015,0.0
101.104888678,64.5273674231,56.4186611015,0.0
420.441868998,244.332131572,56.4186611015,0.0
241.000591011,445.417277959,56.4186611015,0.0
215.411592781,78.236734111,56.4186611015,0.0
@ 520 10 0.135658914729 0.305172307745
445.983523403,306.016492338,54.9928342914,0.0
394.978401526,56.1795871677,54.9928342914,0.0
161.136939206,362.431631089,54.9928342914,0.0
175.132087773,87.7234133283,54.9928342914,0.0
89.4612234251,454.498364294,54.9928342914,0.0
282.253682563,218.200027614,54.9928342914,0.0
335.607576647,368.851495459,54.9928342914,0.0
64.8949208203,174.080753788,54.9928342914,0.0
@ 530 10 0.135658914729 0.28994243232
214.614562651,106.618069191,46.1424767432,0.0
300.993149319,200.992704796,46.1424767432,0.0
454.391497865,238.00105491,46.1424767432,0.0
238.975622648,385.053783678,46.1424767432,0.0
407.040474095,377.737229115,46.1424767432,0.0
165.345626825,218.896517058,46.1424767432,0.0
113.825638653,107.339199684,46.1424767432,0.0
463.586104054,64.3549164805,46.1424767432,0.0
@ 540 10 0.135658914729 0.204127433354
96.6385832845,209.662259954,49.7854286444,0.0
198.501776948,223.683856953,49.7854286444,0.0
427.958203111,451.714421601,49.7854286444,0.0
205.859710867,88.0574662769,49.7854286444,0.0
351.368772439,277.420529437,49.7854286444,0.0
310.596998475,459.230620318,49.7854286444,0.0
443.777384419,180.043901381,49.7854286444,0.0
249.939016263,376.844864478,49.7854286444,0.0
@ 550 10 0.135658914729 0.237631534394
387.479772491,448.699805008,58.4934899023,0.0
95.8248576985,61.5192797719,58.4934899023,0.0
64.2316867717,223.650553479,58.4934899023,0.0
91.5642729171,349.346161802,58.4934899023,0.0
354.485958379,150.857466606,58.4934899023,0.0
191.446689011,172.929760981,58.4934899023,0.0
255.141442518,432.50458861,58.4934899023,0.0
372.503159487,314.337231671,58.4934899023,0.0
@ 560 10 0.135658914729 0.328030811154
444.857486812,458.234748354,53.0090393592,0.0
396.835555745,237.289719254,53.0090393592,0.0
436.114566718,346.732668539,53.0090393592,0.0
100.894097508,235.841052094,53.0090393592,0.0
292.104254037,62.7013674933,53.0090393592,0.0
330.728654006,444.783584797,53.0090393592,0.0
108.529481059,120.375498029,53.0090393592,0.0
146.180319154,415.179227131,53.0090393592,0.0
@ 570 10 0.135658914729 0.269401145951
173.28716695,399.784424809,59.4336523288,0.0
67.2874307925,186.875862401,59.4336523288,0.0
325.115101163,143.405653271,59.4336523288,0.0
236.731237959,248.777257536,59.4336523288,0.0
445.231968858,448.40898473,59.4336523288,0.0
438.573824436,88.6472329204,59.4336523288,0.0
176.669703218,110.245535131,59.4336523288,0.0
449.748589779,290.00218686,59.4336523288,0.0
@ 580 10 0.135658914729 0.33866039436
244.293739943,191.231942903,49.4502773371,0.0
173.826184083,273.664699165,49.4502773371,0.0
259.543042522,83.5184091693,49.4502773371,0.0
366.883863979,52.7623083214,49.4502773371,0.0
335.110856857,235.587292503,49.4502773371,0.0
63.0561555898,214.973558154,49.4502773371,0.0
98.836985225,406.387957214,49.4502773371,0.0
66.9817572276,82.3323544819,49.4502773371,0.0
@ 590 10 0.135658914729 0.234442872643
416.269811993,459.328777588,52.0520602678,0.0
135.83065031,274.091770324,52.0520602678,0.0
76.7869590673,449.708782567,52.0520602678,0.0
423.188969005,152.395415058,52.0520602678,0.0
69.2397850623,188.356458557,52.0520602678,0.0
304.238542527,334.834988315,52.0520602678,0.0
193.046253207,416.226706277,52.0520602678,0.0
181.582302475,170.498663553,52.0520602678,0.0
@ 600 10 0.135658914729 0.259761880014
77.060876669,217.145457617,59.3518159186,0.0
131.91167349,354.986855592,59.3518159186,0.0
246.683529975,443.295911384,59.3518159186,0.0
337.830755678,315.224318121,59.3518159186,0.0
382.758510006,201.810753478,59.3518159186,0.0
259.9991087,86.1798056892,59.3518159186,0.0
227.893816824,215.150413769,59.3518159186,0.0
425.104642176,448.324264776,59.3518159186,0.0
@ 610 10 0.152538679451 0.337728408216
379.128787645,70.7969412881,63.1981962493,0.0
287.271702594,305.801790006,63.1981962493,0.0
116.418593875,404.620227262,63.1981962493,0.0
382.687583312,418.074654126,63.1981962493,0.0
89.1779595858,78.5244840687,63.1981962493,0.0
120.026527965,263.442529338,63.1981962493,0.0
249.807214842,86.2978691825,63.1981962493,0.0
414.350271657,214.130985642,63.1981962493,0.0
@ 620 10 0.152538679451 0.3829207821
82.7689151277,76.8826256858,59.408969908,0.0
215.352946061,174.839626793,59.408969908,0.0
63.0483069731,345.232372749,59.408969908,0.0
449.638116457,76.8643557433,59.408969908,0.0
194.872152729,446.400744253,59.408969908,0.0
327.327144453,410.790487185,59.408969908,0.0
322.539897081,69.7586037033,59.408969908,0.0
357.145929608,291.35273078,59.408969908,0.0
@ 630 10 0.152538679451 0.338379165717
249.552637671,133.845921051,56.6434157634,0.0
294.967972279,454.281708526,56.6434157634,0.0
136.057112553,205.423208514,56.6434157634,0.0
106.937185575,60.5385302002,56.6434157634,0.0
432.91593133,199.549276374,56.6434157634,0.0
452.365755226,358.923808059,56.6434157634,0.0
296.632896488,303.078317803,56.6434157634,0.0
120.850177383,448.459223063,56.6434157634,0.0
@ 640 10 0.152538679451 0.307608576742
351.379810403,133.416114388,57.764415099,0.0
135.516626691,248.571794609,57.764415099,0.0
209.648791758,60.1713764959,57.764415099,0.0
383.894644099,284.279289273,57.764415099,0.0
333.3949089,444.380408726,57.764415099,0.0
452.734024417,379.377406256,57.764415099,0.0
215.575224554,445.018758367,57.764415099,0.0
89.8545042263,371.511301001,57.764415099,0.0
@ 650 10 0.152538679451 0.319904486798
377.019209501,379.528828443,50.6310515954,0.0
117.371741087,395.56410658,50.6310515954,0.0
271.517317564,76.3764992867,50.6310515954,0.0
233.264457228,241.329335616,50.6310515954,0.0
343.884597907,226.452256,50.6310515954,0.0
117.137045191,112.018217862,50.6310515954,0.0
235.362893714,455.331983881,50.6310515954,0.0
99.3483352536,233.727938156,50.6310515954,0.0
@ 660 10 0.152538679451 0.24577260136
110.931658214,311.799318438,55.1601761187,0.0
246.117348563,291.196007941,55.1601761187,0.0
155.154499602,99.5462469605,55.1601761187,0.0
404.290973415,450.987658005,55.1601761187,0.0
279.468425234,100.35787309,55.1601761187,0.0
261.410530962,414.793974357,55.1601761187,0.0
443.170760525,128.325013457,55.1601761187,0.0
391.449385222,278.784931606,55.1601761187,0.0
@ 670 10 0.152538679451 0.291709692323
149.731469226,439.311577427,55.0200737778,0.0
343.189265479,248.245908081,55.0200737778,0.0
334.774520742,76.3989655365,55.0200737778,0.0
192.262281137,131.113140692,55.0200737778,0.0
276.657875358,340.51708601,55.0200737778,0.0
388.272761852,362.936575822,55.0200737778,0.0
55.6151134675,324.706611648,55.0200737778,0.0
95.613343777,71.3603455435,55.0200737778,0.0
@ 680 10 0.152538679451 0.290229736624
67.3410895237,207.184889573,58.4921343716,0.0
143.061681497,415.418011076,58.4921343716,0.0
289.100541534,181.515383797,58.4921343716,0.0
403.184906131,323.014534374,58.4921343716,0.0
386.753169046,442.573527771,58.4921343716,0.0
386.2881925,115.389414452,58.4921343716,0.0
144.576945509,81.4742138956,58.4921343716,0.0
164.010056717,284.859232835,58.4921343716,0.0
@ 690 10 0.152538679451 0.328015607728
363.572625079,253.899712712,50.6903576123,0.0
261.865135139,363.121878981,50.6903576123,0.0
270.900770853,156.85954413,50.6903576123,0.0
95.0628830863,258.29229137,50.6903576123,0.0
452.966538577,307.349700759,50.6903576123,0.0
353.815199288,70.7202142735,50.6903576123,0.0
130.110166663,449.86933499,50.6903576123,0.0
381.749771227,401.944437274,50.6903576123,0.0
@ 700 10 0.152538679451 0.24634870358
91.4472710948,130.714105795,58.1782714089,0.0
390.420024912,72.9032073787,58.1782714089,0.0
211.908854429,139.145645812,58.1782714089,0.0
191.681961452,304.179029639,58.1782714089,0.0
396.197037414,325.837107801,58.1782714089,0.0
432.985281883,445.149164238,58.1782714089,0.0
77.7647698323,261.719744725,58.1782714089,0.0
309.395036893,451.265890554,58.1782714089,0.0
@ 710 10 0.174216027875 0.324504854135
390.861336913,355.777854586,54.7365602662,0.0
312.424323714,451.842203557,54.7365602662,0.0
88.5551894257,447.144140275,54.7365602662,0.0
223.472897815,367.037040969,54.7365602662,0.0
107.774353317,335.137206675,54.7365602662,0.0
366.260857148,168.555176673,54.7365602662,0.0
105.520075809,137.560521712,54.7365602662,0.0
218.066823806,157.930441132,54.7365602662,0.0
@ 720 10 0.174216027875 0.287246387275
55.7603718237,436.371213719,51.9373220267,0.0
167.96258286,55.6611002199,51.9373220267,0.0
434.234996283,270.410902532,51.9373220267,0.0
331.14401824,309.632022624,51.9373220267,0.0
407.723333444,135.742865884,51.9373220267,0.0
335.477224239,413.455098697,51.9373220267,0.0
137.458730177,355.987484396,51.9373220267,0.0
239.110633035,222.674817903,51.9373220267,0.0
@ 730 10 0.174216027875 0.258617957106
182.093464796,444.527322538,50.6574639175,0.0
370.861781249,445.472953933,50.6574639175,0.0
441.931368347,360.735535957,50.6574639175,0.0
51.6573010726,283.98227452,50.6574639175,0.0
447.768735032,145.650263199,50.6574639175,0.0
253.506639429,161.636524171,50.6574639175,0.0
221.740165289,60.3279270399,50.6574639175,0.0
57.4207285957,175.874133805,50.6574639175,0.0
@ 740 10 0.174216027875 0.246029088952
253.429128852,447.018877022,54.3558419717,0.0
133.813921483,319.517574662,54.3558419717,0.0
73.0755781642,212.416643786,54.3558419717,0.0
224.618629993,247.791628309,54.3558419717,0.0
262.295717303,115.660600598,54.3558419717,0.0
312.40782426,339.577355522,54.3558419717,0.0
56.7822634513,87.8614915329,54.3558419717,0.0
438.134294771,374.575543687,54.3558419717,0.0
@ 750 10 0.174216027875 0.283264418755
119.333597514,358.642069057,58.8347843436,0.0
436.273628039,82.6967346089,58.8347843436,0.0
413.588900773,283.649761299,58.8347843436,0.0
303.752499681,226.995207059,58.8347843436,0.0
201.861985071,443.009188606,58.8347843436,0.0
103.290531594,105.313988947,58.8347843436,0.0
133.503125173,236.474361853,58.8347843436,0.0
268.497904849,92.2913528496,58.8347843436,0.0
@ 760 10 0.174216027875 0.331869929222
399.354275339,101.310107184,56.8930016938,0.0
143.380243362,448.886167625,56.8930016938,0.0
298.553957288,156.098913562,56.8930016938,0.0
442.278926869,350.779053055,56.8930016938,0.0
394.586197323,231.150210088,56.8930016938,0.0
217.85119854,265.214504835,56.8930016938,0.0
255.429251721,398.082721098,56.8930016938,0.0
151.767849178,125.176895086,56.8930016938,0.0
@ 770 10 0.174216027875 0.310325359154
70.1376177592,93.714134208,59.9145008077,0.0
191.611819537,159.995308977,59.9145008077,0.0
87.5063917449,403.951119618,59.9145008077,0.0
228.924733281,407.957038332,59.9145008077,0.0
356.954550761,427.102182542,59.9145008077,0.0
442.690585609,225.186140575,59.9145008077,0.0
430.258088661,80.8915956927,59.9145008077,0.0
305.564766644,65.1386483941,59.9145008077,0.0
@ 780 10 0.174216027875 0.344162431532
68.2400850033,414.72044418,57.6027413999,0.0
298.038432741,401.646946603,57.6027413999,0.0
75.6813468643,181.477675445,57.6027413999,0.0
438.87817322,404.783310908,57.6027413999,0.0
358.944572736,118.448482008,57.6027413999,0.0
257.10445936,223.70955008,57.6027413999,0.0
166.901553808,320.008816964,57.6027413999,0.0
399.851754539,290.862060037,57.6027413999,0.0
@ 790 10 0.174216027875 0.31811626603
151.504752369,78.7418588822,56.1876399813,0.0
348.31776238,260.232808393,56.1876399813,0.0
353.596559484,66.9512547688,56.1876399813,0.0
75.1931146236,422.936515141,56.1876399813,0.0
200.90034703,181.524958804,56.1876399813,0.0
445.100312087,340.981649653,56.1876399813,0.0
285.893109183,357.324679147,56.1876399813,0.0
151.963217768,340.684202837,56.1876399813,0.0
@ 800 10 0.174216027875 0.302678207246
446.578451352,130.028780521,55.9620240238,0.0
187.353130442,70.1691551968,55.9620240238,0.0
128.838366866,372.45782939,55.9620240238,0.0
137.795336768,222.576197402,55.9620240238,0.0
305.828814686,451.473613585,55.9620240238,0.0
266.230412179,155.848239961,55.9620240238,0.0
251.903483292,289.818703655,55.9620240238,0.0
407.816641806,244.916981584,55.9620240238,0.0
@ 810 10 0.203075137801 0.300252338155
57.3317218945,451.477756282,56.7106615048,0.0
192.710132634,98.329808348,56.7106615048,0.0
95.4985860625,159.092304156,56.7106615048,0.0
258.680461465,265.390670117,56.7106615048,0.0
450.042432754,109.485347383,56.7106615048,0.0
427.984823622,321.472712113,56.7106615048,0.0
311.588924834,101.124001141,56.7106615048,0.0
98.2003875432,343.725864546,56.7106615048,0.0
@ 820 10 0.203075137801 0.30833938173
422.189072358,436.034625644,51.6665241529,0.0
203.631739937,246.867465315,51.6665241529,0.0
449.445177267,176.661220934,51.6665241529,0.0
225.696702722,88.7607528444,51.6665241529,0.0
146.812427693,348.74984126,51.6665241529,0.0
283.666286912,435.290645452,51.6665241529,0.0
117.876064421,451.478865166,51.6665241529,0.0
114.792299339,114.852259089,51.6665241529,0.0
@ 830 10 0.203075137801 0.255928152707
427.021928017,447.240759653,64.6036481364,0.0
270.550504125,105.986665873,64.6036481364,0.0
127.062856304,136.706652282,64.6036481364,0.0
275.922341674,237.092364567,64.6036481364,0.0
148.729605191,439.408648642,64.6036481364,0.0
70.9706387522,256.162116209,64.6036481364,0.0
430.914541013,275.308245544,64.6036481364,0.0
413.798167709,145.119212928,64.6036481364,0.0
@ 840 10 0.203075137801 0.400141556421
77.3852852821,125.702674155,52.8855268794,0.0
214.754852627,83.5046730591,52.8855268794,0.0
288.025245625,339.162754266,52.8855268794,0.0
363.886899096,250.413827939,52.8855268794,0.0
249.210260286,452.142741573,52.8855268794,0.0
123.749122774,379.993370111,52.8855268794,0.0
416.813885826,368.433597352,52.8855268794,0.0
74.8019822814,236.538430519,52.8855268794,0.0
@ 850 10 0.203075137801 0.268147184782
397.650540896,121.396204418,67.1788779627,0.0
68.3861074551,73.2715648917,67.1788779627,0.0
300.017010401,263.335021342,67.1788779627,0.0
132.373392014,194.877705919,67.1788779627,0.0
230.879575039,88.3362540773,67.1788779627,0.0
235.711616039,384.415747707,67.1788779627,0.0
69.0595885251,341.350143678,67.1788779627,0.0
409.504223497,430.41103339,67.1788779627,0.0
@ 860 10 0.203075137801 0.432678248163
70.7278260893,280.907218948,57.1001820116,0.0
222.404148298,107.106099978,57.1001820116,0.0
294.689746437,450.96643198,57.1001820116,0.0
350.395807454,89.6680486176,57.1001820116,0.0
137.825440457,384.700794431,57.1001820116,0.0
367.707338391,354.278783815,57.1001820116,0.0
219.350745086,284.456841755,57.1001820116,0.0
445.670994006,203.223813058,57.1001820116,0.0
@ 870 10 0.203075137801 0.312589622566
419.477190574,431.036851193,55.1076391197,0.0
364.959861798,71.7161213364,55.1076391197,0.0
176.40445724,360.331927078,55.1076391197,0.0
63.0710479234,413.57268827,55.1076391197,0.0
380.554170589,217.199058995,55.1076391197,0.0
436.164561953,315.487522485,55.1076391197,0.0
56.7273053619,259.556394938,55.1076391197,0.0
108.424893869,147.294522362,55.1076391197,0.0
@ 880 10 0.203075137801 0.291154282442
195.601759551,163.465102685,56.2713705008,0.0
357.597042112,213.863165621,56.2713705008,0.0
177.554198118,450.195349162,56.2713705008,0.0
119.277125577,305.506852059,56.2713705008,0.0
445.360202186,105.880944045,56.2713705008,0.0
450.60654698,308.043077222,56.2713705008,0.0
70.3541849299,168.97752239,56.2713705008,0.0
326.393294185,92.6260820595,56.2713705008,0.0
@ 890 10 0.203075137801 0.303580978277
435.067679136,284.406932196,64.8467249039,0.0
322.673004299,172.592199068,64.8467249039,0.0
151.942537621,109.733779163,64.8467249039,0.0
445.496037806,106.703442447,64.8467249039,0.0
434.829823989,446.081415364,64.8467249039,0.0
72.8570983867,335.056285673,64.8467249039,0.0
176.576284911,239.806632441,64.8467249039,0.0
321.321776211,366.688573877,64.8467249039,0.0
@ 900 10 0.203075137801 0.403158355102
204.238929499,61.9369266499,58.9246195469,0.0
202.466314892,295.251622344,58.9246195469,0.0
66.4332126814,299.927156402,58.9246195469,0.0
137.846313218,427.465054396,58.9246195469,0.0
451.261315121,239.66514577,58.9246195469,0.0
428.454505721,109.001157691,58.9246195469,0.0
97.8592267364,172.535184068,58.9246195469,0.0
446.404361302,362.557646902,58.9246195469,0.0
@ 910 10 0.243393602225 0.332884171534
123.663619658,166.298040583,59.3634170633,0.0
153.738965594,452.339162756,59.3634170633,0.0
400.19180286,437.996061495,59.3634170633,0.0
242.957503548,254.04657629,59.3634170633,0.0
434.450878036,60.6593485267,59.3634170633,0.0
328.593043539,140.733218242,59.3634170633,0.0
208.146338336,77.150987389,59.3634170633,0.0
441.117465698,295.502960999,59.3634170633,0.0
@ 920 10 0.243393602225 0.337860448626
376.549347906,382.780916082,55.2870108409,0.0
299.474140976,62.7017015594,55.2870108409,0.0
145.745872441,231.180390471,55.2870108409,0.0
249.16895382,329.360037346,55.2870108409,0.0
271.984927667,441.604893771,55.2870108409,0.0
256.996148227,176.99107993,55.2870108409,0.0
78.7377591723,320.630336822,55.2870108409,0.0
412.87031132,263.342185324,55.2870108409,0.0
@ 930 10 0.243393602225 0.293052742975
417.308133812,355.130106068,54.6482730784,0.0
291.825232411,230.638346522,54.6482730784,0.0
451.492549399,239.553700034,54.6482730784,0.0
135.126886018,221.405095109,54.6482730784,0.0
95.6178055693,117.811625588,54.6482730784,0.0
107.612392341,353.720422838,54.6482730784,0.0
343.504211939,123.836675994,54.6482730784,0.0
324.693450888,428.597598928,54.6482730784,0.0
@ 940 10 0.243393602225 0.286320507998
281.482822966,219.569187379,65.2033801156,0.0
234.801727589,383.278613822,65.2033801156,0.0
79.6510883889,183.979810328,65.2033801156,0.0
97.4632963622,330.413511091,65.2033801156,0.0
440.308569466,191.307475208,65.2033801156,0.0
373.840997241,75.3411743927,65.2033801156,0.0
361.403295572,328.612232705,65.2033801156,0.0
162.810639231,76.4354210181,65.2033801156,0.0
@ 950 10 0.243393602225 0.407605270353
144.326003467,420.145568046,62.7351555256,0.0
88.5821424315,113.612888132,62.7351555256,0.0
440.975540762,387.867056606,62.7351555256,0.0
377.087882051,114.7509314,62.7351555256,0.0
315.600078352,413.884834068,62.7351555256,0.0
183.733146708,195.910482463,62.7351555256,0.0
85.0572035216,289.016037473,62.7351555256,0.0
409.164621816,256.214204944,62.7351555256,0.0
@ 960 10 0.243393602225 0.377330167922
433.785265845,174.725719059,56.236233796,0.0
133.854828019,274.200171987,56.236233796,0.0
285.032301279,98.8053248401,56.236233796,0.0
438.982389265,414.017315278,56.236233796,0.0
114.310498877,142.803582131,56.236233796,0.0
192.564830487,417.024405046,56.236233796,0.0
400.128890917,297.22195958,56.236233796,0.0
240.440597081,217.719253184,56.236233796,0.0
@ 970 10 0.243393602225 0.303201975425
136.482153713,419.188609319,64.284227226,0.0
253.844566399,66.8717417651,64.284227226,0.0
120.369588314,68.8188325414,64.284227226,0.0
430.386453077,94.405835193,64.284227226,0.0
86.374664389,294.904666231,64.284227226,0.0
224.722665033,224.024479143,64.284227226,0.0
350.900938559,443.314434622,64.284227226,0.0
384.788928497,315.03621528,64.284227226,0.0
@ 980 10 0.243393602225 0.396194485056
101.830583377,282.162963077,61.9608907554,0.0
447.64322982,405.479481262,61.9608907554,0.0
137.44357426,69.3978414057,61.9608907554,0.0
250.881109713,241.906841701,61.9608907554,0.0
299.049537597,401.06121735,61.9608907554,0.0
121.08179635,436.617211152,61.9608907554,0.0
378.892776622,66.5414516847,61.9608907554,0.0
396.332826442,247.394097853,61.9608907554,0.0
@ 990 10 0.243393602225 0.368073775601
266.578844595,340.153693217,60.86167274,0.0
107.39507973,419.829284291,60.86167274,0.0
248.071604531,78.6747981892,60.86167274,0.0
86.3019318373,78.4403980928,60.86167274,0.0
428.399435252,92.7883248015,60.86167274,0.0
428.351897949,243.565730052,60.86167274,0.0
409.145793645,448.986521345,60.86167274,0.0
92.33205914,256.992267429,60.86167274,0.0
@ 1000 10 0.243393602225 0.355129982393
81.4291790403,125.927537263,62.0240172186,0.0
278.318843766,433.752287199,62.0240172186,0.0
114.124552491,266.429804212,62.0240172186,0.0
423.826973702,91.8997227276,62.0240172186,0.0
207.585720553,113.118172215,62.0240172186,0.0
150.573437374,448.503310399,62.0240172186,0.0
394.726736005,381.972753954,62.0240172186,0.0
265.403602038,256.987981838,62.0240172186,0.0
@ 1010 10 0.303687635575 0.368824153186
76.428434731,291.516873595,61.8731768016,0.0
97.8982891611,80.3247210767,61.8731768016,0.0
440.913343578,443.252175876,61.8731768016,0.0
208.639967109,276.755015896,61.8731768016,0.0
403.003235631,241.653293643,61.8731768016,0.0
235.279160573,99.9198585829,61.8731768016,0.0
313.146329293,349.696561577,61.8731768016,0.0
413.380635564,106.486344465,61.8731768016,0.0
@ 1020 10 0.303687635575 0.367032397606
225.690955353,446.795827667,55.7264617633,0.0
75.7035748258,410.583636977,55.7264617633,0.0
440.880283229,391.416106678,55.7264617633,0.0
56.7341818592,248.805705799,55.7264617633,0.0
97.5223429739,131.970862793,55.7264617633,0.0
390.898432379,142.516262463,55.7264617633,0.0
286.441993666,297.509709559,55.7264617633,0.0
243.5900713,55.9931804163,55.7264617633,0.0
@ 1030 10 0.303687635575 0.297729939726
392.466681703,424.22922342,59.7359367848,0.0
241.460888638,359.216835524,59.7359367848,0.0
400.878174075,293.704268129,59.7359367848,0.0
436.504281682,175.89007311,59.7359367848,0.0
394.489791975,61.5008380154,59.7359367848,0.0
262.616066591,126.906230132,59.7359367848,0.0
150.384182276,219.403180829,59.7359367848,0.0
128.48222936,64.4018110486,59.7359367848,0.0
@ 1040 10 0.303687635575 0.342114064281
262.046955671,172.329909079,59.6499149544,0.0
189.794351905,70.8300021803,59.6499149544,0.0
355.269641891,435.995956764,59.6499149544,0.0
269.657030297,304.021042211,59.6499149544,0.0
95.9272569932,411.146774285,59.6499149544,0.0
430.629945824,118.005550969,59.6499149544,0.0
148.305820682,268.077275986,59.6499149544,0.0
68.3295922562,145.053155779,59.6499149544,0.0
@ 1050 10 0.303687635575 0.341129461377
450.114530926,311.800303095,58.4354371459,0.0
172.872622813,439.866710436,58.4354371459,0.0
416.269270155,435.056722302,58.4354371459,0.0
312.852209737,65.6760825299,58.4354371459,0.0
294.850443074,326.043405552,58.4354371459,0.0
79.0639044641,101.393990473,58.4354371459,0.0
427.177756741,177.976675867,58.4354371459,0.0
297.124565712,200.895953996,58.4354371459,0.0
@ 1060 10 0.303687635575 0.327380015894
117.390757268,172.2045837,56.2417083069,0.0
339.961363483,426.448480799,56.2417083069,0.0
407.269321831,136.430338098,56.2417083069,0.0
402.208498193,292.789211602,56.2417083069,0.0
106.964638212,346.696707798,56.2417083069,0.0
303.669540603,85.4956708524,56.2417083069,0.0
78.1021030476,58.6041219757,56.2417083069,0.0
208.999539148,418.401502275,56.2417083069,0.0
@ 1070 10 0.303687635575 0.303261010791
448.077620165,420.705238841,59.266782018,0.0
69.9925750227,253.124616282,59.266782018,0.0
326.174064733,70.1404564866,59.266782018,0.0
294.830304649,279.291713679,59.266782018,0.0
448.769566043,65.1172979301,59.266782018,0.0
103.253032382,69.4818134764,59.266782018,0.0
190.674201146,183.136417877,59.266782018,0.0
71.0102038381,380.481942308,59.266782018,0.0
@ 1080 10 0.303687635575 0.336761368171
83.2515610582,66.9148663536,57.159524001,0.0
137.862246339,304.057131482,57.159524001,0.0
221.988086181,80.0414233295,57.159524001,0.0
384.293710693,396.559308649,57.159524001,0.0
146.644925568,189.849806754,57.159524001,0.0
428.350271192,83.650041291,57.159524001,0.0
206.625249745,416.943489462,57.159524001,0.0
401.851502838,281.212349865,57.159524001,0.0
@ 1090 10 0.303687635575 0.313239684558
81.5362458467,149.571265958,63.1389022755,0.0
67.5218796009,278.970618094,63.1389022755,0.0
442.97165157,293.905659581,63.1389022755,0.0
346.03431164,74.3750329726,63.1389022755,0.0
332.200522452,395.677751882,63.1389022755,0.0
262.945753828,266.862034265,63.1389022755,0.0
154.500953147,404.150521973,63.1389022755,0.0
205.738219573,88.2207918625,63.1389022755,0.0
@ 1100 10 0.303687635575 0.382202589334
74.9969907089,283.921978644,61.3563630421,0.0
290.69944249,421.718932879,61.3563630421,0.0
162.719581942,383.81232023,61.3563630421,0.0
398.446854605,277.543189671,61.3563630421,0.0
234.323265934,69.9788656395,61.3563630421,0.0
317.006592423,171.544527123,61.3563630421,0.0
445.405776089,107.138315965,61.3563630421,0.0
200.956973314,259.97046756,61.3563630421,0.0
@ 1110 10 0.40369088812 0.360926514786
212.848667656,379.215072437,66.2567341824,0.0
395.973712437,280.32039041,66.2567341824,0.0
77.3628340704,285.291124171,66.2567341824,0.0
249.687031582,127.405675274,66.2567341824,0.0
366.443775106,415.436083004,66.2567341824,0.0
385.995590262,102.594037948,66.2567341824,0.0
115.482575633,116.798298105,66.2567341824,0.0
91.1447986696,432.040467516,66.2567341824,0.0
@ 1120 10 0.40369088812 0.420881292028
248.889529426,159.532235936,70.5238824133,0.0
423.048569445,273.649153928,70.5238824133,0.0
388.41882921,83.4560986117,70.5238824133,0.0
440.386533772,424.607725346,70.5238824133,0.0
105.719805147,84.3370475107,70.5238824133,0.0
108.436171049,240.503984754,70.5238824133,0.0
71.3963875257,393.075223749,70.5238824133,0.0
288.683032466,410.715879138,70.5238824133,0.0
@ 1130 10 0.40369088812 0.476839249976
67.532557205,254.564736037,61.3223154567,0.0
191.540922724,217.099148561,61.3223154567,0.0
232.95723494,367.482320794,61.3223154567,0.0
406.76578847,407.35741515,61.3223154567,0.0
95.155110247,106.8833431,61.3223154567,0.0
65.7729817022,419.756077149,61.3223154567,0.0
325.120886732,67.349735532,61.3223154567,0.0
375.665273249,252.334631142,61.3223154567,0.0
@ 1140 10 0.40369088812 0.360526058626
417.320202888,210.425917256,67.0004235269,0.0
402.66229228,69.5977765514,67.0004235269,0.0
80.4424730062,444.702976167,67.0004235269,0.0
221.840178565,189.124327145,67.0004235269,0.0
269.014125971,405.08860827,67.0004235269,0.0
79.9491903673,224.758958232,67.0004235269,0.0
433.546414955,368.266755093,67.0004235269,0.0
92.1573866666,71.4852012421,67.0004235269,0.0
@ 1150 10 0.40369088812 0.430382562377
431.510217239,241.177713632,61.1462269273,0.0
143.965738535,316.45525632,61.1462269273,0.0
185.008810475,159.273688511,61.1462269273,0.0
68.1873918876,200.17228036,61.1462269273,0.0
407.826399771,76.9957417188,61.1462269273,0.0
397.230653175,426.537600856,61.1462269273,0.0
216.623360308,446.281666806,61.1462269273,0.0
265.837385043,287.651538668,61.1462269273,0.0
@ 1160 10 0.40369088812 0.3584585126
77.8846441075,261.306478902,64.478938463,0.0
365.49962087,388.270731993,64.478938463,0.0
311.864970808,256.596232606,64.478938463,0.0
100.744087762,92.085620904,64.478938463,0.0
232.829413417,369.016428173,64.478938463,0.0
85.9812696663,408.58054425,64.478938463,0.0
443.442558714,76.1815163596,64.478938463,0.0
441.662163056,267.806327687,64.478938463,0.0
@ 1170 10 0.40369088812 0.398598195952
374.098745068,102.775748262,62.931376465,0.0
401.824623737,240.037740357,62.931376465,0.0
223.990714103,373.806133776,62.931376465,0.0
388.718051867,386.81160455,62.931376465,0.0
233.33724109,222.428519974,62.931376465,0.0
72.7152321479,260.374944625,62.931376465,0.0
78.9222130892,409.960661494,62.931376465,0.0
229.728935504,62.9996400234,62.931376465,0.0
@ 1180 10 0.40369088812 0.379694260892
95.3499774495,431.999419773,66.768202266,0.0
265.030002556,233.333093477,66.768202266,0.0
250.151078863,66.8984065006,66.768202266,0.0
74.5028230711,268.727959638,66.768202266,0.0
419.82305989,434.828354169,66.768202266,0.0
249.663558504,395.59699097,66.768202266,0.0
93.943757198,101.376072777,66.768202266,0.0
410.719990212,189.499296875,66.768202266,0.0
@ 1190 10 0.40369088812 0.427404348963
108.303276968,177.009705086,63.3404820463,0.0
314.909732444,239.242526811,63.3404820463,0.0
258.201888863,418.800972158,63.3404820463,0.0
68.6468789941,423.606165832,63.3404820463,0.0
425.928178717,164.657222644,63.3404820463,0.0
299.41416844,103.365007952,63.3404820463,0.0
417.435979978,444.461295764,63.3404820463,0.0
176.016775901,293.427266805,63.3404820463,0.0
@ 1200 10 0.40369088812 0.384646955484
345.057131626,407.917746154,68.1278306549,0.0
89.2620369068,390.697413009,68.1278306549,0.0
290.145236699,255.554902583,68.1278306549,0.0
441.053445942,69.0552195215,68.1278306549,0.0
139.908529786,247.096737142,68.1278306549,0.0
80.6997020543,93.3131276135,68.1278306549,0.0
440.953420155,286.296001631,68.1278306549,0.0
243.613746204,86.171697274,68.1278306549,0.0
@ 1210 10 0.601891659501 0.444988401509
115.024778973,433.638388666,69.5441776521,0.0
427.232896292,411.681198149,69.5441776521,0.0
226.821512463,271.775701053,69.5441776521,0.0
278.687082051,407.15378137,69.5441776521,0.0
82.7477641385,239.249282786,69.5441776521,0.0
387.505732767,89.9960806955,69.5441776521,0.0
149.530201287,112.802704238,69.5441776521,0.0
438.607266115,232.867026502,69.5441776521,0.0
@ 1220 10 0.601891659501 0.463682945879
148.949197028,402.395762305,67.9922183575,0.0
304.848347531,434.233095483,67.9922183575,0.0
442.814222667,392.501633573,67.9922183575,0.0
109.402567796,220.709877774,67.9922183575,0.0
278.310389876,283.53282964,67.9922183575,0.0
302.031325324,84.9467687182,67.9922183575,0.0
405.792839206,226.545599397,67.9922183575,0.0
137.51370884,75.0525862662,67.9922183575,0.0
@ 1230 10 0.601891659501 0.443218615567
218.037294664,439.961240964,67.2385536492,0.0
384.933991237,392.515685209,67.2385536492,0.0
100.123099699,116.225509909,67.2385536492,0.0
241.637802349,75.1304805735,67.2385536492,0.0
278.467178534,208.668756704,67.2385536492,0.0
161.767019824,288.76679186,67.2385536492,0.0
70.3202928849,394.684094421,67.2385536492,0.0
417.858760141,260.325072632,67.2385536492,0.0
@ 1240 10 0.601891659501 0.43344729464
433.364714711,410.193221248,68.4488322944,0.0
431.263038262,73.1385860795,68.4488322944,0.0
249.070767342,87.3891605276,68.4488322944,0.0
232.943063572,237.004453468,68.4488322944,0.0
70.7278431185,388.591010128,68.4488322944,0.0
398.990326418,267.748983437,68.4488322944,0.0
244.256651456,388.662830452,68.4488322944,0.0
98.797547967,195.591717208,68.4488322944,0.0
@ 1250 10 0.601891659501 0.449191633092
218.506665947,434.519267712,67.8010158072,0.0
271.933752086,264.520429173,67.8010158072,0.0
436.122988947,242.953306799,67.8010158072,0.0
138.682453477,310.142701984,67.8010158072,0.0
425.022912824,380.331295831,67.8010158072,0.0
273.749964702,70.12474419,67.8010158072,0.0
135.491287985,165.10367835,67.8010158072,0.0
433.445118963,82.1350389038,67.8010158072,0.0
@ 1260 10 0.601891659501 0.440729349131
79.4360156668,402.903004954,70.6268165111,0.0
436.666629849,400.094758913,70.6268165111,0.0
330.286256169,305.595571331,70.6268165111,0.0
88.843215724,112.111904786,70.6268165111,0.0
426.81496125,111.231112444,70.6268165111,0.0
232.102064242,425.336312366,70.6268165111,0.0
151.129706195,257.941468135,70.6268165111,0.0
241.956526636,93.2596102244,70.6268165111,0.0
@ 1270 10 0.601891659501 0.478232220307
105.714281302,81.6562432054,68.3940649691,0.0
79.8166840237,329.012904569,68.3940649691,0.0
190.802473656,243.605076583,68.3940649691,0.0
438.793813737,94.1329036954,68.3940649691,0.0
438.62178824,434.604459521,68.3940649691,0.0
330.032634558,265.807574228,68.3940649691,0.0
259.469346769,83.8624876232,68.3940649691,0.0
269.09201523,397.7217494,68.3940649691,0.0
@ 1280 10 0.601891659501 0.448473105644
279.513142845,105.546816443,73.2999616191,0.0
236.718231888,260.408338752,73.2999616191,0.0
429.403510648,108.464631285,73.2999616191,0.0
408.023069134,261.250268582,73.2999616191,0.0
89.6836563978,268.123465243,73.2999616191,0.0
76.2176893552,415.858269001,73.2999616191,0.0
120.508900143,79.5864843281,73.2999616191,0.0
339.523009397,407.344128994,73.2999616191,0.0
@ 1290 10 0.601891659501 0.515118402665
87.9785187037,437.240215873,66.2348885166,0.0
201.311770903,163.858187932,66.2348885166,0.0
226.705640598,413.300480759,66.2348885166,0.0
422.708192925,372.960976938,66.2348885166,0.0
337.930453127,247.237829042,66.2348885166,0.0
86.5459972718,266.246377837,66.2348885166,0.0
403.217172723,78.0199994459,66.2348885166,0.0
67.5290558622,72.7258547683,66.2348885166,0.0
@ 1300 10 0.601891659501 0.420603798233
105.30500857,89.9310757486,74.8896199322,0.0
126.09548949,252.308619807,74.8896199322,0.0
93.5233236158,406.271812177,74.8896199322,0.0
270.552335538,423.188141374,74.8896199322,0.0
276.512184497,270.49315661,74.8896199322,0.0
416.284830932,212.995755046,74.8896199322,0.0
422.469019216,371.781264205,74.8896199322,0.0
296.260466029,115.597358688,74.8896199322,0.0
@ 1310 10 1.18243243243 0.537703451197
383.461609081,92.0414104763,76.47692564,0.0
219.534440937,80.6400568104,76.47692564,0.0
91.0942074437,167.519360927,76.47692564,0.0
268.447279878,403.775639592,76.47692564,0.0
420.783295609,259.939730137,76.47692564,0.0
425.577698567,416.659059638,76.47692564,0.0
115.590908488,350.920656899,76.47692564,0.0
241.237046314,250.07624826,76.47692564,0.0
@ 1320 10 1.18243243243 0.560738548366
188.035083049,85.5065524858,78.0205337448,0.0
87.2524396222,212.361174709,78.0205337448,0.0
252.782458615,234.964529368,78.0205337448,0.0
421.997687365,267.046266455,78.0205337448,0.0
395.629697263,98.6644641498,78.0205337448,0.0
255.584263822,415.285748401,78.0205337448,0.0
84.801645707,419.544342598,78.0205337448,0.0
422.087476064,427.913202823,78.0205337448,0.0
@ 1330 10 1.18243243243 0.583602851177
130.28060843,77.646404854,75.9436391546,0.0
116.868974492,229.939556696,75.9436391546,0.0
429.336016019,269.724427438,75.9436391546,0.0
423.106641439,422.646724034,75.9436391546,0.0
421.478760908,95.2581077473,75.9436391546,0.0
267.790575638,423.422177157,75.9436391546,0.0
97.5584151927,397.574684059,75.9436391546,0.0
277.071518709,186.891716949,75.9436391546,0.0
@ 1340 10 1.18243243243 0.552945565608
80.0275465375,76.7002422291,76.5334080596,0.0
85.8805759762,416.050014276,76.5334080596,0.0
171.460763655,238.082907762,76.5334080596,0.0
249.695730762,430.027955054,76.5334080596,0.0
419.3046983,85.9337304497,76.5334080596,0.0
333.882488808,228.874098982,76.5334080596,0.0
430.259799141,409.011155966,76.5334080596,0.0
237.371453005,93.383323988,76.5334080596,0.0
@ 1350 10 1.18243243243 0.5615671268
88.6237330267,233.744813743,78.6320071047,0.0
409.659853971,248.708747475,78.6320071047,0.0
83.0779732004,398.586004227,78.6320071047,0.0
411.01911538,425.492267522,78.6320071047,0.0
184.146684221,82.0457597989,78.6320071047,0.0
432.15036482,86.1287619847,78.6320071047,0.0
248.7530544,228.363222685,78.6320071047,0.0
253.967955465,386.563193613,78.6320071047,0.0
@ 1360 10 1.18243243243 0.59278648492
179.320225964,79.5324319596,78.7488639207,0.0
243.972069116,235.100078748,78.7488639207,0.0
113.645609981,410.037714159,78.7488639207,0.0
418.734663779,252.992445152,78.7488639207,0.0
347.083987849,83.5169875304,78.7488639207,0.0
83.3740690304,229.023965135,78.7488639207,0.0
430.678899782,421.219218197,78.7488639207,0.0
273.791355255,397.203643675,78.7488639207,0.0
@ 1370 10 1.18243243243 0.594549701108
273.20804053,115.559419906,77.3422043917,0.0
77.6090851299,429.825672039,77.3422043917,0.0
406.150236137,241.463151453,77.3422043917,0.0
433.850813374,396.940803121,77.3422043917,0.0
431.906685861,82.0534609896,77.3422043917,0.0
92.2114863404,92.1205884442,77.3422043917,0.0
280.795736171,338.341738705,77.3422043917,0.0
101.594327847,271.859483635,77.3422043917,0.0
@ 1380 10 1.18243243243 0.5734989975
264.959839605,112.211667671,74.6715266948,0.0
77.7585855605,264.052348562,74.6715266948,0.0
85.2966176434,417.171029394,74.6715266948,0.0
254.649287368,420.113899219,74.6715266948,0.0
267.533583369,262.411873718,74.6715266948,0.0
108.78200454,78.7694098728,74.6715266948,0.0
419.307531784,437.25154092,74.6715266948,0.0
429.546913889,82.6884509283,74.6715266948,0.0
@ 1390 10 1.18243243243 0.534576215922
429.990212549,288.125258918,71.1014222708,0.0
76.7182787171,275.984411601,71.1014222708,0.0
179.994988213,440.66887897,71.1014222708,0.0
289.12296951,262.927218441,71.1014222708,0.0
287.791315617,102.748759861,71.1014222708,0.0
431.286035364,145.176255529,71.1014222708,0.0
352.644050584,437.816128631,71.1014222708,0.0
110.297767158,111.857036979,71.1014222708,0.0
@ 1400 10 1.18243243243 0.484681169651
426.263539735,375.710139499,85.7266029085,0.0
130.989190444,254.832645654,85.7266029085,0.0
88.6317857756,422.560131291,85.7266029085,0.0
302.493133432,255.938832185,85.7266029085,0.0
259.871120304,87.8694030231,85.7266029085,0.0
425.804862048,136.359509052,85.7266029085,0.0
261.674837218,425.139790181,85.7266029085,0.0
88.107061552,86.7477709031,85.7266029085,0.0
@ 1410 10 33.3333333333 0.704580791973
425.923211685,378.622256492,86.0123859975,0.0
123.606404036,256.15419542,86.0123859975,0.0
86.3771443422,425.830944587,86.0123859975,0.0
303.336674327,257.186791211,86.0123859975,0.0
259.385383782,89.0377530854,86.0123859975,0.0
425.628645978,134.739858073,86.0123859975,0.0
259.550849721,425.619503084,86.0123859975,0.0
87.0598476694,87.5520588645,86.0123859975,0.0
@ 1420 10 33.3333333333 0.709286283533
424.734702587,373.266636812,86.0917582192,0.0
124.516669221,254.727399387,86.0917582192,0.0
86.2814468635,424.956230103,86.0917582192,0.0
297.002640269,254.982849124,86.0917582192,0.0
259.566702162,86.5978748917,86.0917582192,0.0
425.032490655,135.112802259,86.0917582192,0.0
259.844478337,423.992256405,86.0917582192,0.0
86.5562914193,86.7153879412,86.0917582192,0.0
@ 1430 10 33.3333333333 0.710595946165
424.624633017,377.945429316,85.7253540224,0.0
121.323884863,254.858524307,85.7253540224,0.0
86.3008671463,423.921209489,85.7253540224,0.0
296.022980856,254.879196138,85.7253540224,0.0
258.561560027,86.2736020811,85.7253540224,0.0
423.573090504,133.190615018,85.7253540224,0.0
258.42728862,423.016888374,85.7253540224,0.0
86.7793620704,86.3428484985,85.7253540224,0.0
@ 1440 10 33.3333333333 0.704560263113
425.701319694,366.44490066,86.0171430931,0.0
119.162237761,255.61945992,86.0171430931,0.0
86.0186503387,424.591421007,86.0171430931,0.0
293.019206599,256.510653752,86.0171430931,0.0
262.226709516,86.458291199,86.0171430931,0.0
424.32269658,144.977655828,86.0171430931,0.0
259.146074351,425.556990548,86.0171430931,0.0
86.6015619954,86.4876918745,86.0171430931,0.0
@ 1450 10 33.3333333333 0.709364742836
425.269457941,379.871921739,86.0405770973,0.0
128.530397585,254.203995297,86.0405770973,0.0
86.1681671089,423.578709061,86.0405770973,0.0
301.06127621,254.783124711,86.0405770973,0.0
259.213658446,86.6360844812,86.0405770973,0.0
425.7681707,132.640441045,86.0405770973,0.0
258.820991406,425.922403065,86.0405770973,0.0
86.9862576767,86.6793640786,86.0405770973,0.0
@ 1460 10 33.3333333333 0.709751305797
425.610052862,375.554477991,86.1525282015,0.0
124.538076346,255.266674729,86.1525282015,0.0
86.2633580093,423.986791175,86.1525282015,0.0
298.528057742,255.381608129,86.1525282015,0.0
259.956776163,86.2867122904,86.1525282015,0.0
425.638336311,136.732062855,86.1525282015,0.0
258.881626546,423.976522245,86.1525282015,0.0
87.373321923,86.2214526675,86.1525282015,0.0
@ 1470 10 33.3333333333 0.711599483432
424.456492285,373.9353703,86.1317822732,0.0
122.943234861,256.209905347,86.1317822732,0.0
86.5422323929,425.300733797,86.1317822732,0.0
295.527158887,255.955508258,86.1317822732,0.0
258.99954216,86.3932626158,86.1317822732,0.0
423.360144737,140.233261114,86.1317822732,0.0
259.935995015,425.238242314,86.1317822732,0.0
86.2754833594,86.8143540762,86.1317822732,0.0
@ 1480 10 33.3333333333 0.711256811785
425.182073589,366.04355967,85.9679182683,0.0
121.328484758,255.300811167,85.9679182683,0.0
89.2112442711,425.561306617,85.9679182683,0.0
293.585903447,254.588335235,85.9679182683,0.0
258.936737648,86.1425929747,85.9679182683,0.0
423.568413142,141.416871511,85.9679182683,0.0
262.77888712,424.069626282,85.9679182683,0.0
86.2764709543,86.4878990263,85.9679182683,0.0
@ 1490 10 33.3333333333 0.708553082217
425.35433151,379.129947812,86.0148728269,0.0
125.00295972,257.144261428,86.0148728269,0.0
86.1354919236,425.877349157,86.0148728269,0.0
300.520678876,254.824967009,86.0148728269,0.0
259.096292153,86.7290941579,86.0148728269,0.0
425.984048034,135.416534951,86.0148728269,0.0
259.225502674,425.541000488,86.0148728269,0.0
86.5860850092,87.8549237517,86.0148728269,0.0
@ 1500 10 33.3333333333 0.709327298544
