10 8 0.0873362445415 0.276402725746 0.0579296020049 48.6244782964 0 0.1 0.44395 0.340677966102 90.9279021478 0 0.35674315504
20 8 0.0873362445415 0.207736041319 0.0328268752687 25.32521937 0 0.1 0.40206 0.316558441558 120.983917092 0 0.35674315504
30 8 0.0873362445415 0.259098711019 0.0527945552078 18.6212381173 0 0.1 0.35986 0.293015332198 97.0005597525 0 0.35674315504
40 8 0.0873362445415 0.115020945843 0.0554262426934 45.5083887309 0 0.1 0.42159 0.444444444444 218.505593185 0 0.35674315504
50 8 0.0873362445415 0.16580216163 0.0324158072628 30.6321183736 0 0.1 0.42319 0.417763157895 151.582583441 0 0.35674315504
60 8 0.0873362445415 0.201869217166 0.0556714964822 37.2485779075 0 0.1 0.37501 0.364705882353 124.5000122 0 0.35674315504
70 8 0.0873362445415 0.237408458473 0.06527412038 35.5066322523 0 0.1 0.38702 0.390551181102 105.862782488 0 0.35674315504
80 8 0.0873362445415 0.275787164849 0.0407278898072 26.7822642162 0 0.1 0.429 0.427631578947 91.1308545259 0 0.35674315504
90 8 0.0873362445415 0.233074011384 0.0333302701445 27.4659109323 0 0.1 0.36542 0.327014218009 107.831498891 0 0.35674315504
100 8 0.0873362445415 0.204101096624 0.03885332526 36.7911146231 0 0.1 0.42794 0.405448717949 123.138583847 0 0.35674315504
110 8 0.0940354648039 0.231040997691 0.0391881977373 21.9364079116 0 0.1 0.43672 0.451400329489 108.780347433 0 0.35674315504
120 8 0.0940354648039 0.159889505936 0.0503336605834 53.1348992189 0 0.1 0.40303 0.401960784314 157.188052167 0 0.35674315504
130 8 0.0940354648039 0.325260406462 0.0535646237082 18.9165556245 0 0.1 0.36009 0.356073211314 77.2695338894 0 0.35674315504
140 8 0.0940354648039 0.201880268789 0.0638420007048 38.8399263588 0 0.1 0.38573 0.380032206119 124.49319664 0 0.373393515173
150 8 0.0940354648039 0.213325128007 0.0269718242646 32.0295637195 0 0.1 0.41564 0.371653543307 117.814156423 0 0.373393515173
160 8 0.0940354648039 0.220874153027 0.0584941502095 33.8869752754 0 0.1 0.38128 0.38125 113.78751047 0 0.373393515173
170 8 0.0940354648039 0.307279142807 0.0386642425901 17.4119244322 0 0.1 0.41969 0.408517350158 81.7911680254 0 0.373393515173
180 8 0.0940354648039 0.259025555913 0.0239894514233 25.8057391074 0 0.1 0.38723 0.418181818182 97.0279550659 0 0.373393515173
190 8 0.0940354648039 0.225494433508 0.0547381147097 19.7488325009 0 0.1 0.41168 0.400635930048 111.456055074 0 0.373393515173
200 8 0.0940354648039 0.241055881637 0.0217882576609 21.4981386994 0 0.1 0.36721 0.34262295082 104.260969819 0 0.373393515173
210 8 0.101847810272 0.244981480039 0.0422577162221 23.0689677781 0 0.1 0.39744 0.363047001621 102.590285584 0 0.373393515173
220 8 0.101847810272 0.247916777907 0.0212891994027 26.8938740834 0 0.1 0.41546 0.363636363636 101.375631824 0 0.373393515173
230 8 0.101847810272 0.178673911741 0.0472566532859 40.647982666 0 0.1 0.40317 0.417741935484 140.662504979 0 0.373393515173
240 8 0.101847810272 0.24013096227 0.0443068593304 18.6739413674 0 0.1 0.39491 0.451708766716 104.662554809 0 0.373393515173
250 8 0.101847810272 0.269762841253 0.065912964204 23.1758741777 0 0.1 0.3814 0.361204013378 93.165981954 0 0.373393515173
260 8 0.101847810272 0.17266662466 0.0490816513303 24.5230312785 0 0.1 0.42089 0.351735015773 145.556328848 0 0.373393515173
270 8 0.101847810272 0.35414479808 0.0533276543804 14.6343019382 0 0.1 0.39065 0.424679487179 70.9673561104 0 0.373393515173
280 8 0.101847810272 0.288454875332 0.059837340275 29.487416422 0 0.1 0.45968 0.424878836834 87.1287752411 0 0.373393515173
290 8 0.101847810272 0.282714546511 0.0507674828053 26.4765958087 0 0.1 0.3793 0.334959349593 88.8978664527 0 0.373393515173
300 8 0.101847810272 0.221971961738 0.0344776488611 35.4924721231 0 0.1 0.45773 0.411111111111 113.224750564 0 0.373393515173
310 8 0.111075848937 0.258444652679 0.0440302949015 22.180137316 0 0.1 0.42044 0.330508474576 97.2460437446 0 0.373393515173
320 8 0.111075848937 0.320041054923 0.0603755391102 20.7837255066 0 0.1 0.38636 0.398133748056 78.5296749069 0 0.373393515173
330 8 0.111075848937 0.261314043061 0.0332485761936 21.9579758285 0 0.1 0.48528 0.5 96.1782218267 0 0.373393515173
340 8 0.111075848937 0.242075708565 0.0426492205611 26.5752584673 0 0.1 0.42589 0.41167192429 103.821734733 0 0.373393515173
350 8 0.111075848937 0.224745377599 0.0549508724486 21.2427908715 0 0.1 0.35451 0.376996805112 111.827527972 0 0.373393515173
360 8 0.111075848937 0.317802190059 0.05722922376 16.3909224138 0 0.1 0.41737 0.431309904153 79.0829037249 0 0.373393515173
370 8 0.111075848937 0.28595964078 0.0373919680029 23.8277424325 0 0.1 0.37988 0.380877742947 87.8890459207 0 0.373393515173
380 8 0.111075848937 0.242023905087 0.0495042702018 37.7866456302 0 0.1 0.39746 0.407633587786 103.84395703 0 0.373393515173
390 8 0.111075848937 0.261032570777 0.0351873000158 35.3817254098 0 0.1 0.4295 0.376221498371 96.2819311216 0 0.373393515173
400 8 0.111075848937 0.279163925471 0.0402981570985 38.768185689 0 0.1 0.41753 0.400584795322 90.0285377404 0 0.373393515173
410 8 0.122142732507 0.270449582415 0.0419112712031 22.2038211976 0 0.1 0.39951 0.383855024712 92.9294095245 0 0.40365203938
420 8 0.122142732507 0.353930710484 0.0418798660641 8.07768419915 0 0.1 0.45846 0.489096573209 71.0102832433 0 0.40365203938
430 8 0.122142732507 0.268527293011 0.0622438301369 22.1091327467 0 0.1 0.40185 0.389170896785 93.59465743 0 0.40365203938
440 8 0.122142732507 0.372364350556 0.0576374820928 18.9435680036 0 0.1 0.37198 0.404411764706 67.4949682011 0 0.40365203938
450 8 0.122142732507 0.269823562542 0.0481587699166 27.8332300927 0 0.1 0.41456 0.404255319149 93.1450158141 0 0.40365203938
460 8 0.122142732507 0.246531899799 0.0240055838339 25.9469839372 0 0.1 0.38283 0.353535353535 101.945103333 0 0.40365203938
470 8 0.122142732507 0.237861930652 0.0330197770113 26.2132549287 0 0.1 0.41396 0.409020217729 105.660960252 0 0.40365203938
480 8 0.122142732507 0.189656581853 0.0449316907306 27.4891737816 0 0.1 0.37241 0.36704730832 132.51699337 0 0.40365203938
490 8 0.122142732507 0.303802234839 0.0397985408112 27.6205397794 0 0.1 0.41601 0.405279503106 82.727238703 0 0.40365203938
500 8 0.122142732507 0.252112467364 0.0271458076894 31.1576586715 0 0.1 0.38664 0.391869918699 99.6885249775 0 0.40365203938
510 8 0.135658914729 0.318953851853 0.0572868156809 14.2316399294 0 0.1 0.3492 0.291095890411 78.7973553351 0 0.40365203938
520 8 0.135658914729 0.296348441886 0.0357253609228 21.6547888814 0 0.1 0.41968 0.36875 84.8080045234 0 0.40365203938
530 8 0.135658914729 0.260086871771 0.040431130015 24.9733651936 0 0.1 0.36131 0.365814696486 96.6320207894 0 0.40365203938
540 8 0.135658914729 0.207165642971 0.0460118963741 23.0739358423 0 0.1 0.40117 0.4515625 121.317027474 0 0.40365203938
550 8 0.135658914729 0.247076696257 0.0445602686618 22.8721518973 0 0.1 0.38969 0.404423380727 101.72031754 0 0.40365203938
560 8 0.135658914729 0.27747640349 0.0473656193921 21.6093202215 0 0.1 0.43948 0.431061806656 90.5760622665 0 0.40365203938
570 8 0.135658914729 0.270439136275 0.0355773722111 16.9358565652 0 0.1 0.39175 0.370192307692 92.9329990703 0 0.40365203938
580 8 0.135658914729 0.334261669102 0.0433640361718 22.5971308382 0 0.1 0.41979 0.412935323383 75.1887587575 0 0.40365203938
590 8 0.135658914729 0.244225778886 0.05561827154 30.6725855034 0 0.1 0.40353 0.375601926164 102.907727901 0 0.40365203938
600 8 0.135658914729 0.333104553876 0.0471087243676 19.0672188301 0 0.1 0.39036 0.466346153846 75.4499441919 0 0.40365203938
610 8 0.152538679451 0.247843173037 0.0318917082499 34.1900113637 0 0.1 0.34839 0.309636650869 101.405738524 0 0.40365203938
620 8 0.152538679451 0.326150175752 0.0335101520021 28.7602495242 0 0.1 0.35557 0.356209150327 77.058735112 0 0.40365203938
630 8 0.152538679451 0.262488217396 0.0344419745542 18.9087299894 0 0.1 0.41555 0.393468118196 95.747992993 0 0.40365203938
640 8 0.152538679451 0.266214030213 0.0458299071117 32.1780307122 0 0.1 0.36129 0.465671641791 94.4079467933 0 0.409850191994
650 8 0.152538679451 0.368307338813 0.0412566111338 13.2151740332 0 0.1 0.41193 0.408163265306 68.2384447754 0 0.409850191994
660 8 0.152538679451 0.235391318702 0.0504762303067 24.3750029013 0 0.1 0.38654 0.424292845258 106.769952854 0 0.409850191994
670 8 0.152538679451 0.341026609154 0.0447593362003 15.2444659132 0 0.1 0.4192 0.379537953795 73.6972404071 0 0.409850191994
680 8 0.152538679451 0.233198372653 0.0500530139392 33.6283582908 0 0.1 0.36516 0.403225806452 107.773993935 0 0.409850191994
690 8 0.152538679451 0.2520934189 0.0508954284073 29.9764370524 0 0.1 0.39772 0.36393442623 99.6960575554 0 0.430417956474
700 8 0.152538679451 0.247921094004 0.0432670782761 17.212290438 0 0.1 0.44889 0.4272 101.373866959 0 0.430417956474
710 8 0.174216027875 0.376273927159 0.0378506746407 17.6908383018 0 0.1 0.33893 0.338235294118 66.7936792479 0 0.430417956474
720 8 0.174216027875 0.237567948549 0.0410050020025 13.4440911556 0 0.1 0.39844 0.357585139319 105.791712028 0 0.430417956474
730 8 0.174216027875 0.310117139045 0.041236644336 15.5379468179 0 0.1 0.46354 0.455414012739 81.0426669014 0 0.430417956474
740 8 0.174216027875 0.33239267318 0.0417606168166 16.4935209928 0 0.1 0.41344 0.416666666667 75.6115342723 0 0.430417956474
750 8 0.174216027875 0.331606890658 0.0369594442877 15.7530028983 0 0.1 0.36626 0.360759493671 75.7907049221 0 0.430417956474
760 8 0.174216027875 0.3091950472 0.0392899309956 30.309964822 0 0.1 0.39574 0.371941272431 81.2843550618 0 0.430417956474
770 8 0.174216027875 0.365019884704 0.0371876944811 13.4569213046 0 0.1 0.44527 0.416403785489 68.8530161046 0 0.430417956474
780 8 0.174216027875 0.321617875693 0.0489003564009 23.6223896974 0 0.1 0.40967 0.415730337079 78.1446614117 0 0.430417956474
790 8 0.174216027875 0.305860579947 0.0625187601379 18.7223722477 0 0.1 0.3708 0.345659163987 82.1705105128 0 0.454753908152
800 8 0.174216027875 0.324809379817 0.0300855169474 18.3993910053 0 0.1 0.42885 0.417508417508 77.3768294935 0 0.454753908152
810 8 0.203075137801 0.297278244064 0.0358248574803 9.06267554722 0 0.1 0.40384 0.360446570973 84.5427490972 0 0.454753908152
820 8 0.203075137801 0.343847224113 0.0511576720508 13.2696463194 0 0.1 0.37701 0.376971608833 73.0926941895 0 0.454753908152
830 8 0.203075137801 0.333178685866 0.0471229619194 12.1618476401 0 0.1 0.40801 0.434439178515 75.4331566399 0 0.454753908152
840 8 0.203075137801 0.351394606159 0.0609179746536 22.93301905 0 0.1 0.37843 0.36038961039 71.5227825343 0 0.456283317517
850 8 0.203075137801 0.311608683535 0.0398012897097 19.2528687102 0 0.1 0.40458 0.429467084639 80.654748497 0 0.456283317517
860 8 0.203075137801 0.305821193786 0.0372972677109 24.5353775964 0 0.1 0.38274 0.386731391586 82.1810931051 0 0.456283317517
870 8 0.203075137801 0.318800890123 0.0627595905567 26.4078326974 0 0.1 0.4139 0.418569254186 78.8351625691 0 0.456283317517
880 8 0.203075137801 0.309281299683 0.0593141473488 21.2683805081 0 0.1 0.36464 0.376923076923 81.2616864511 0 0.456283317517
890 8 0.203075137801 0.311245197679 0.0512205215379 22.9794833681 0 0.1 0.44682 0.4703125 80.7489406661 0 0.456283317517
900 8 0.203075137801 0.368318735212 0.0265685003522 11.0685403707 0 0.1 0.36362 0.374422187982 68.2363333636 0 0.456283317517
910 8 0.243393602225 0.356429693871 0.0398465535937 19.6276663289 0 0.1 0.43512 0.437795275591 70.5124192292 0 0.459179403226
920 8 0.243393602225 0.247548588196 0.0585073043856 19.2669988381 0 0.1 0.37583 0.345483359746 101.526412181 0 0.459179403226
930 8 0.243393602225 0.290201381995 0.0546251660167 13.5710244702 0 0.1 0.45435 0.444099378882 86.6044118303 0 0.459179403226
940 8 0.243393602225 0.314816952393 0.04468968643 16.3132023851 0 0.1 0.3906 0.404326123128 79.8328038213 0 0.459179403226
950 8 0.243393602225 0.402995612439 0.0668919735141 14.6902308741 0 0.1 0.4262 0.377179080824 62.3647484594 0 0.497514179859
960 8 0.243393602225 0.266888664836 0.0357183677181 15.1825881608 0 0.1 0.39821 0.38202247191 94.1693047004 0 0.497514179859
970 8 0.243393602225 0.33512699458 0.0468336813706 15.1091786425 0 0.1 0.45685 0.431711145997 74.9946151951 0 0.497514179859
980 8 0.243393602225 0.292492482145 0.0415866160322 16.8364723635 0 0.1 0.40648 0.398724082935 85.9260375367 0 0.497514179859
990 8 0.243393602225 0.267288555334 0.0401901239605 32.9140593605 0 0.1 0.3807 0.416666666667 94.0284179719 0 0.497514179859
1000 8 0.243393602225 0.289951951444 0.0323876366491 22.0931857218 0 0.1 0.42775 0.431340872375 86.6789130918 0 0.497514179859
1010 8 0.303687635575 0.399544720451 0.0520777228845 16.1039600435 0 0.1 0.38347 0.332746478873 62.9033965751 0 0.497514179859
1020 8 0.303687635575 0.3254838857 0.0421728378936 20.060240025 0 0.1 0.43377 0.430379746835 77.216480152 0 0.497514179859
1030 8 0.303687635575 0.296215647159 0.0567496498568 19.5793068833 0 0.1 0.35486 0.354058721934 84.8460243106 0 0.497514179859
1040 8 0.303687635575 0.434109616891 0.0511687992863 19.497965581 0 0.1 0.39797 0.369774919614 57.8948703786 0 0.497514179859
1050 8 0.303687635575 0.2774497849 0.0472408212409 19.1385776655 0 0.1 0.43983 0.410509031199 90.5847521529 0 0.497514179859
1060 8 0.303687635575 0.342298646357 0.0310548932246 15.1497537709 0 0.1 0.44204 0.420967741935 73.4233695269 0 0.497514179859
1070 8 0.303687635575 0.339789277276 0.0478202947396 8.7230611468 0 0.1 0.38395 0.343648208469 73.9656065709 0 0.497514179859
1080 8 0.303687635575 0.3678814173 0.0456082922518 9.73341446371 0 0.1 0.44446 0.436988543372 68.3174490967 0 0.497514179859
1090 8 0.303687635575 0.290476289489 0.0618577377327 21.6023137428 0 0.1 0.39679 0.359400998336 86.5224491962 0 0.497514179859
1100 8 0.303687635575 0.42768759558 0.0414000566767 13.1598667933 0 0.1 0.42517 0.382215288612 58.7642013931 0 0.497514179859
1110 8 0.40369088812 0.433425524551 0.0377072594122 17.3910437701 0 0.1 0.35339 0.362012987013 57.9862481011 0 0.511154730555
1120 8 0.40369088812 0.38502237766 0.0598040487104 9.94203475066 0 0.1 0.42644 0.421404682274 65.2759981192 0 0.517704293777
1130 8 0.40369088812 0.472447879838 0.0584648794147 21.2421434341 0 0.1 0.40241 0.401944894652 53.1968097912 0 0.517704293777
1140 8 0.40369088812 0.438745382507 0.0453286637058 12.6645830708 0 0.1 0.35297 0.31847133758 57.283155566 0 0.517704293777
1150 8 0.40369088812 0.467191187031 0.0356735016005 16.5424626851 0 0.1 0.39483 0.394695787832 53.7953640773 0 0.517704293777
1160 8 0.40369088812 0.43175336947 0.0527220514575 21.3583163198 0 0.1 0.40905 0.392 58.2108253859 0 0.517704293777
1170 8 0.40369088812 0.426507250724 0.039717756867 19.4631643182 0 0.1 0.37821 0.410377358491 58.926829397 0 0.517704293777
1180 8 0.40369088812 0.429479730978 0.0503572448525 11.743600176 0 0.1 0.40439 0.370662460568 58.5189898084 0 0.517704293777
1190 8 0.40369088812 0.372088465094 0.0221370497694 20.9556993841 0 0.1 0.39473 0.4078125 67.5450124304 0 0.517704293777
1200 8 0.40369088812 0.374038027275 0.0276900127676 12.6671232747 0 0.1 0.44192 0.397174254317 67.1929541044 0 0.517704293777
1210 8 0.601891659501 0.44258727015 0.0278633635405 11.8292048827 0 0.1 0.33671 0.333333333333 56.7859079893 0 0.544404095576
1220 8 0.601891659501 0.428777996661 0.0199091996126 17.4672691831 0 0.1 0.38454 0.400641025641 58.6147614749 0 0.544404095576
1230 8 0.601891659501 0.435519267726 0.0519376669941 12.1775869871 0 0.1 0.41531 0.33922829582 57.7074813044 0 0.570317683237
1240 8 0.601891659501 0.525227180018 0.0273967832713 15.953815461 0 0.1 0.37737 0.38578680203 47.8511412893 0 0.570317683237
1250 8 0.601891659501 0.50805867947 0.0295178583501 8.48660819302 0 0.1 0.43138 0.398387096774 49.4681441644 0 0.570317683237
1260 8 0.601891659501 0.556914120544 0.0557357132902 12.278005153 0 0.1 0.39839 0.42246835443 45.1285379071 0 0.570317683237
1270 8 0.601891659501 0.436061617417 0.0496166656121 17.6480671342 0 0.1 0.41477 0.424050632911 57.635707882 0 0.570317683237
1280 8 0.601891659501 0.444917438194 0.0275319922781 4.77508024052 0 0.1 0.42004 0.408866995074 56.4885029051 0 0.570317683237
1290 8 0.601891659501 0.505187926275 0.0328077697428 17.3443158813 0 0.1 0.36992 0.377777777778 49.7492491266 0 0.570317683237
1300 8 0.601891659501 0.426836833105 0.0394911779626 12.115046388 0 0.1 0.36786 0.385350318471 58.8813290015 0 0.570317683237
1310 8 1.18243243243 0.542965148278 0.0262742783327 6.87231056995 0 0.1 0.44786 0.338898163606 46.2879064701 20 0.61384793997
1320 8 1.18243243243 0.601504636312 0.035640400716 8.15759157101 0 0.1 0.35323 0.336569579288 41.7830860857 20 0.616359089742
1330 8 1.18243243243 0.582186145504 0.033811345509 8.04310298455 0 0.1 0.39798 0.411003236246 43.1695604474 20 0.616359089742
1340 8 1.18243243243 0.578948606478 0.0215820155779 4.19690615773 0 0.1 0.46091 0.363636363636 43.4109689855 20 0.616359089742
1350 8 1.18243243243 0.580714568975 0.0249516817062 5.95876982335 0 0.1 0.42571 0.390284757119 43.2789555192 20 0.616359089742
1360 8 1.18243243243 0.589187742341 0.0262627604005 6.69709983002 0 0.1 0.40391 0.409090909091 42.6565561262 20 0.616359089742
1370 8 1.18243243243 0.588708375611 0.0272284075782 11.0285321482 0 0.1 0.33012 0.397763578275 42.6912900193 20 0.616359089742
1380 8 1.18243243243 0.520858241652 0.0243363661419 10.5838263966 0 0.1 0.37363 0.41601255887 48.2525147731 20 0.616359089742
1390 8 1.18243243243 0.532319283712 0.0403711502189 7.70779673259 0 0.1 0.37377 0.338211382114 47.2136192864 20 0.653114879069
1400 8 1.18243243243 0.61706987556 0.0320705938703 6.31712600726 0 0.1 0.44327 0.436305732484 40.7291313276 20 0.653114879069
1410 8 33.3333333333 0.719909940774 0.0195298774021 0.170232304326 0 0.1 0.46742 0.46357615894 34.9109222926 290 0.726516267684
1420 8 33.3333333333 0.720378542902 0.00216125522168 0.000987648393309 0 0.1 0.34233 0.327645051195 34.888212937 290 0.726516267684
1430 8 33.3333333333 0.722108589753 0.00152085186991 0.000788944305904 0 0.1 0.33084 0.371335504886 34.804626834 290 0.726516267684
1440 8 33.3333333333 0.723763406243 0.00211047618351 0.000155794794201 0 0.1 0.35894 0.363166953528 34.7250493507 290 0.726516267684
1450 8 33.3333333333 0.718155983935 0.00228673931356 0.000736053796479 0 0.1 0.44377 0.3607907743 34.9961854558 290 0.726516267684
1460 8 33.3333333333 0.724489803865 0.00365184577829 0.000616010485267 0 0.1 0.41849 0.480190174326 34.6902328589 290 0.726516267684
1470 8 33.3333333333 0.722503932843 0.00304655774814 0.000162873719866 0 0.1 0.33642 0.346469622332 34.7855822751 290 0.726516267684
1480 8 33.3333333333 0.720972419907 0.00251183940719 0.000247375845945 0 0.1 0.3571 0.372727272727 34.8594749342 290 0.726516267684
1490 8 33.3333333333 0.718328244177 0.00146736563902 0.000185821496883 0 0.1 0.39647 0.455521472393 34.9877931207 290 0.726516267684
1500 8 33.3333333333 0.715646346251 0.00391963869136 0.00130493901274 0 0.1 0.53543 0.480857580398 35.1189105229 290 0.726516267684
