54.6917227642,67.4699998546,53.6934580911,0.0
72.783591334,203.26524666,53.6934580911,0.0
178.28808167,410.957455558,53.6934580911,0.0
407.965310654,188.79232623,53.6934580911,0.0
228.139086849,290.871688465,53.6934580911,0.0
394.711543617,446.185732049,53.6934580911,0.0
303.07444449,104.478572222,53.6934580911,0.0
198.29680885,175.8902219,53.6934580911,0.0
@ 10 10 0.0873362445415 0.276402725746
147.913780054,305.045040281,46.5485481855,0.0
184.181259792,89.3450898086,46.5485481855,0.0
222.909961296,195.670943201,46.5485481855,0.0
313.548907328,87.9958901223,46.5485481855,0.0
105.095934694,419.041658792,46.5485481855,0.0
372.598051193,192.168071051,46.5485481855,0.0
261.022717701,459.528048743,46.5485481855,0.0
396.3595128,307.871838446,46.5485481855,0.0
@ 20 10 0.0873362445415 0.207736041319
52.1897324354,352.75516525,51.9855736599,0.0
135.433488535,271.037465234,51.9855736599,0.0
380.91383955,88.5735883739,51.9855736599,0.0
73.5093273503,134.769917393,51.9855736599,0.0
398.194894738,417.079074233,51.9855736599,0.0
310.400545696,231.543258521,51.9855736599,0.0
212.056734027,106.829233766,51.9855736599,0.0
204.879706375,376.668866679,51.9855736599,0.0
@ 30 10 0.0873362445415 0.259098711019
253.607065232,278.191552769,34.6368733681,0.0
72.3665221843,441.914022369,34.6368733681,0.0
242.063150408,384.817452331,34.6368733681,0.0
311.940546591,444.098577886,34.6368733681,0.0
464.801120632,373.753661659,34.6368733681,0.0
415.287408435,119.591225969,34.6368733681,0.0
50.1378835118,142.903301513,34.6368733681,0.0
347.151181393,234.228337423,34.6368733681,0.0
@ 40 10 0.0873362445415 0.115020945843
270.064437427,344.447643258,41.585823761,0.0
148.511728598,150.475508082,41.585823761,0.0
124.71865951,303.727245168,41.585823761,0.0
237.493318281,209.605929734,41.585823761,0.0
166.244571709,444.032911911,41.585823761,0.0
301.998760524,427.668462221,41.585823761,0.0
129.52819633,60.9484796621,41.585823761,0.0
439.991842425,389.364135774,41.585823761,0.0
@ 50 10 0.0873362445415 0.16580216163
169.20480863,66.2172954232,45.8865349624,0.0
72.9601630346,109.928677722,45.8865349624,0.0
409.78348449,216.465375501,45.8865349624,0.0
456.58892407,318.4649623,45.8865349624,0.0
273.659171997,216.109180955,45.8865349624,0.0
225.380772805,305.675991028,45.8865349624,0.0
361.65007566,374.384075557,45.8865349624,0.0
59.9197400855,335.016717639,45.8865349624,0.0
@ 60 10 0.0873362445415 0.201869217166
256.272465172,76.9348963354,49.7620551935,0.0
399.248763535,360.660760577,49.7620551935,0.0
230.536677775,378.794014357,49.7620551935,0.0
130.728920092,80.1284453545,49.7620551935,0.0
101.068208797,233.721000671,49.7620551935,0.0
308.139795354,456.254005696,49.7620551935,0.0
412.534221621,69.2500107367,49.7620551935,0.0
409.553558066,169.687026658,49.7620551935,0.0
@ 70 10 0.0873362445415 0.237408458473
441.89852374,310.261890184,53.6336359323,0.0
407.200571107,435.797924854,53.6336359323,0.0
54.5777131197,362.73700215,53.6336359323,0.0
136.721502792,94.6619200742,53.6336359323,0.0
446.390783979,83.6763319152,53.6336359323,0.0
340.221547024,122.871433945,53.6336359323,0.0
179.682670465,342.374815812,53.6336359323,0.0
86.3906886541,225.080445468,53.6336359323,0.0
@ 80 10 0.0873362445415 0.275787164849
355.644516228,462.57809487,49.3057012507,0.0
80.0322220396,139.028861848,49.3057012507,0.0
189.243235886,97.5510559003,49.3057012507,0.0
457.902060326,97.4443406261,49.3057012507,0.0
290.242863916,70.0558464297,49.3057012507,0.0
319.372171273,367.061782239,49.3057012507,0.0
165.494862961,370.380447072,49.3057012507,0.0
261.686070543,203.889883203,49.3057012507,0.0
@ 90 10 0.0873362445415 0.233074011384
200.893830609,213.658217128,46.1394999724,0.0
211.936146072,453.949614187,46.1394999724,0.0
199.17227756,338.386019677,46.1394999724,0.0
461.933966561,187.85595547,46.1394999724,0.0
114.917705779,449.895810668,46.1394999724,0.0
186.06738522,94.3773533282,46.1394999724,0.0
337.508610998,260.782749884,46.1394999724,0.0
345.502020017,408.926888539,46.1394999724,0.0
@ 100 10 0.0873362445415 0.204101096624
93.2882585605,168.315341663,49.0901930725,0.0
410.076975172,437.556150796,49.0901930725,0.0
92.7338932777,277.967254513,49.0901930725,0.0
223.063268497,70.1359602585,49.0901930725,0.0
449.924716217,293.001763058,49.0901930725,0.0
350.586937106,328.168938915,49.0901930725,0.0
160.923097995,420.784870343,49.0901930725,0.0
261.115933782,445.96888127,49.0901930725,0.0
@ 110 10 0.0940354648039 0.231040997691
450.034654777,325.807866915,40.8375984827,0.0
110.712373696,234.241398987,40.8375984827,0.0
400.271114223,61.7359257854,40.8375984827,0.0
333.526889397,339.374697159,40.8375984827,0.0
271.231115529,456.17655503,40.8375984827,0.0
393.719973961,177.406860149,40.8375984827,0.0
419.085677832,452.202147593,40.8375984827,0.0
68.7863704706,336.054791462,40.8375984827,0.0
@ 120 10 0.0940354648039 0.159889505936
101.010755352,223.505557216,58.2459609538,0.0
432.992551679,370.148010266,58.2459609538,0.0
134.558472835,78.5406271077,58.2459609538,0.0
301.445001651,395.796563548,58.2459609538,0.0
80.0022237303,433.068592865,58.2459609538,0.0
354.556563784,70.4370242129,58.2459609538,0.0
437.16585742,218.682465931,58.2459609538,0.0
318.310689984,207.630160532,58.2459609538,0.0
@ 130 10 0.0940354648039 0.325260406462
133.181857248,246.17260003,45.8877910076,0.0
341.743346485,125.891573738,45.8877910076,0.0
124.719006502,109.03259056,45.8877910076,0.0
289.902030743,296.743837426,45.8877910076,0.0
391.44191418,45.9968474761,45.8877910076,0.0
49.3355236116,439.004729446,45.8877910076,0.0
449.921916974,372.422882334,45.8877910076,0.0
68.8611259185,316.835154578,45.8877910076,0.0
@ 140 10 0.0940354648039 0.201880268789
351.254753825,451.323054399,47.1705806219,0.0
49.1261177708,212.372060878,47.1705806219,0.0
100.854134456,114.174559294,47.1705806219,0.0
367.007786636,145.448151198,47.1705806219,0.0
214.240653571,338.114809521,47.1705806219,0.0
247.149056255,56.2833900779,47.1705806219,0.0
299.00187523,218.684289157,47.1705806219,0.0
64.4266344423,412.718392147,47.1705806219,0.0
@ 150 10 0.0940354648039 0.213325128007
119.612510883,188.756497776,47.997947142,0.0
156.506009587,355.349398878,47.997947142,0.0
51.7157336725,90.7123741619,47.997947142,0.0
262.83042378,380.962020561,47.997947142,0.0
289.18546821,263.308392438,47.997947142,0.0
421.8045105,447.916459677,47.997947142,0.0
460.070216096,168.910180899,47.997947142,0.0
295.048404297,60.5910454163,47.997947142,0.0
@ 160 10 0.0940354648039 0.220874153027
159.017830212,253.132355239,56.6130764564,0.0
410.701098898,186.286265437,56.6130764564,0.0
293.52868151,368.65400379,56.6130764564,0.0
454.836105838,304.560447076,56.6130764564,0.0
86.2824579071,119.267431857,56.6130764564,0.0
153.743857476,379.060803755,56.6130764564,0.0
286.898739606,191.111453175,56.6130764564,0.0
285.690802061,66.9594675677,56.6130764564,0.0
@ 170 10 0.0940354648039 0.307279142807
182.206340304,438.741550505,51.9782342204,0.0
212.508952651,327.234608589,51.9782342204,0.0
387.078611832,395.021668415,51.9782342204,0.0
87.9188259313,66.1038341498,51.9782342204,0.0
287.096787742,436.471652639,51.9782342204,0.0
212.52209838,115.998967991,51.9782342204,0.0
356.139118525,110.181096773,51.9782342204,0.0
365.020960315,244.307272416,51.9782342204,0.0
@ 180 10 0.0940354648039 0.259025555913
149.326944202,347.440766588,48.4973632691,0.0
366.137727208,58.050765781,48.4973632691,0.0
444.081763108,355.788764168,48.4973632691,0.0
332.951290605,166.724939742,48.4973632691,0.0
122.904553205,447.155025186,48.4973632691,0.0
317.341807404,438.14348398,48.4973632691,0.0
437.981754792,183.596299967,48.4973632691,0.0
259.654974519,82.6504977149,48.4973632691,0.0
@ 190 10 0.0940354648039 0.225494433508
457.584147036,214.934192683,50.1428576451,0.0
65.8376567931,57.3466093985,50.1428576451,0.0
355.061010642,160.213493533,50.1428576451,0.0
213.193227494,182.364902863,50.1428576451,0.0
216.242479344,322.829456608,50.1428576451,0.0
428.412292669,402.500433676,50.1428576451,0.0
166.860825289,89.9760125485,50.1428576451,0.0
129.640859571,261.396782839,50.1428576451,0.0
@ 200 10 0.0940354648039 0.241055881637
175.645984185,453.004059005,50.5494973664,0.0
293.541389118,55.3887684394,50.5494973664,0.0
409.784555056,388.636176106,50.5494973664,0.0
76.9319280472,86.1703238671,50.5494973664,0.0
347.959771326,274.863402105,50.5494973664,0.0
84.417707055,351.495497203,50.5494973664,0.0
187.100988564,328.213520954,50.5494973664,0.0
129.655266535,208.348968115,50.5494973664,0.0
@ 210 10 0.101847810272 0.244981480039
75.1687239177,168.364382221,50.851430434,0.0
289.342214432,377.79966281,50.851430434,0.0
359.316235778,63.8588027487,50.851430434,0.0
456.667519794,131.131159208,50.851430434,0.0
173.368046565,124.555080065,50.851430434,0.0
186.190086882,241.595622695,50.851430434,0.0
170.505087823,401.120148107,50.851430434,0.0
288.042338985,179.461213359,50.851430434,0.0
@ 220 10 0.101847810272 0.247916777907
339.939921312,361.319608575,43.169874623,0.0
350.077132065,226.30470961,43.169874623,0.0
129.514478861,90.5242306217,43.169874623,0.0
137.166664856,297.072549194,43.169874623,0.0
352.441199518,466.958507447,43.169874623,0.0
43.5210573527,352.227155253,43.169874623,0.0
262.055218895,280.796851706,43.169874623,0.0
432.017053575,431.302243395,43.169874623,0.0
@ 230 10 0.101847810272 0.178673911741
231.912117123,68.779514238,50.0465673722,0.0
177.232698752,279.272467745,50.0465673722,0.0
327.510748468,226.460796141,50.0465673722,0.0
223.183748093,420.734616027,50.0465673722,0.0
301.554435968,325.546465578,50.0465673722,0.0
99.0661746091,157.345525074,50.0465673722,0.0
424.973683039,109.848786541,50.0465673722,0.0
451.434790576,221.354245011,50.0465673722,0.0
@ 240 10 0.101847810272 0.24013096227
392.366783088,166.385112793,53.0446121281,0.0
436.677960729,357.966908362,53.0446121281,0.0
336.280067792,458.618069085,53.0446121281,0.0
247.747704263,99.6160998458,53.0446121281,0.0
61.1419649781,204.628258384,53.0446121281,0.0
207.049824046,367.930997765,53.0446121281,0.0
124.025207473,118.58061365,53.0446121281,0.0
261.466348594,228.666086568,53.0446121281,0.0
@ 250 10 0.101847810272 0.269762841253
388.69606101,186.544563176,42.4379517051,0.0
335.238997457,369.328737661,42.4379517051,0.0
73.6188100741,205.786034495,42.4379517051,0.0
467.429759502,245.066581621,42.4379517051,0.0
150.102617916,94.5755193885,42.4379517051,0.0
246.433419752,271.936655459,42.4379517051,0.0
228.523619855,370.632682832,42.4379517051,0.0
133.42656495,364.747210655,42.4379517051,0.0
@ 260 10 0.101847810272 0.17266662466
228.15208272,408.624359918,60.7771943652,0.0
62.5041244158,377.839214292,60.7771943652,0.0
444.620434232,144.722995961,60.7771943652,0.0
417.040928087,417.293055117,60.7771943652,0.0
91.5318359123,167.511726055,60.7771943652,0.0
327.713453273,104.492063802,60.7771943652,0.0
363.326512637,262.125469489,60.7771943652,0.0
237.223455123,205.935581925,60.7771943652,0.0
@ 270 10 0.101847810272 0.35414479808
436.649736992,147.557038806,54.8515818194,0.0
396.063435509,389.379670697,54.8515818194,0.0
210.37389843,85.7989853999,54.8515818194,0.0
389.112674,270.584485575,54.8515818194,0.0
254.671115535,445.882223618,54.8515818194,0.0
140.530805194,449.687672357,54.8515818194,0.0
60.4327259001,101.068348768,54.8515818194,0.0
331.069230858,60.0345376872,54.8515818194,0.0
@ 280 10 0.101847810272 0.288454875332
221.275557523,406.599142543,54.3030586253,0.0
261.991930338,191.698290847,54.3030586253,0.0
83.2139738141,376.493635266,54.3030586253,0.0
82.422374636,98.717289296,54.3030586253,0.0
439.626208804,456.857844621,54.3030586253,0.0
127.362662306,206.93713829,54.3030586253,0.0
367.777087774,300.197838962,54.3030586253,0.0
286.075460393,74.8100734739,54.3030586253,0.0
@ 290 10 0.101847810272 0.282714546511
121.891268688,101.979504451,48.117081164,0.0
327.296083919,274.423509092,48.117081164,0.0
270.092183808,365.593066842,48.117081164,0.0
205.729795786,206.191146281,48.117081164,0.0
65.6500557253,243.511004908,48.117081164,0.0
217.402097395,452.1330133,48.117081164,0.0
217.565024286,60.8094682396,48.117081164,0.0
374.727563723,449.621578132,48.117081164,0.0
@ 300 10 0.101847810272 0.221971961738
435.530478064,116.625898017,51.9199170554,0.0
227.431321399,65.7069618108,51.9199170554,0.0
102.127630567,231.945346784,51.9199170554,0.0
76.3290921346,80.5348135388,51.9199170554,0.0
230.520938036,419.192312288,51.9199170554,0.0
220.107440827,200.827034946,51.9199170554,0.0
294.202655024,329.272991932,51.9199170554,0.0
429.784377497,236.523142798,51.9199170554,0.0
@ 310 10 0.111075848937 0.258444652679
83.100884108,167.913445787,57.776743679,0.0
217.758797192,447.661212009,57.776743679,0.0
435.928724839,81.9555660085,57.776743679,0.0
179.544381128,66.6179132456,57.776743679,0.0
75.4715366583,370.886145581,57.776743679,0.0
447.694965043,202.808580246,57.776743679,0.0
351.88018339,412.442020453,57.776743679,0.0
212.327974929,194.783518338,57.776743679,0.0
@ 320 10 0.111075848937 0.320041054923
424.565997055,441.402824081,52.2073427752,0.0
294.575702602,362.052865077,52.2073427752,0.0
227.826506367,127.883034355,52.2073427752,0.0
361.42096776,75.2891941286,52.2073427752,0.0
62.6216560908,387.970726666,52.2073427752,0.0
65.5564792506,171.021796024,52.2073427752,0.0
325.012724485,204.37979671,52.2073427752,0.0
223.837880488,257.667118529,52.2073427752,0.0
@ 330 10 0.111075848937 0.261314043061
273.274930552,151.89409483,50.2488145385,0.0
348.548613236,332.398958921,50.2488145385,0.0
417.605024863,257.055088006,50.2488145385,0.0
357.491301967,75.6694511346,50.2488145385,0.0
459.629265554,113.930601292,50.2488145385,0.0
62.3274062631,247.782398439,50.2488145385,0.0
191.405864625,459.140317383,50.2488145385,0.0
88.0188584307,441.456114717,50.2488145385,0.0
@ 340 10 0.111075848937 0.242075708565
163.383426896,82.423772489,48.4167460794,0.0
268.870802241,103.831450049,48.4167460794,0.0
372.487721155,306.88756039,48.4167460794,0.0
356.029421395,172.698052808,48.4167460794,0.0
274.431789701,374.046415834,48.4167460794,0.0
180.028094323,261.863966056,48.4167460794,0.0
58.7457359439,60.1470136619,48.4167460794,0.0
62.892278659,316.915485098,48.4167460794,0.0
@ 350 10 0.111075848937 0.224745377599
58.093020882,112.293106452,57.5742988044,0.0
401.96300678,74.3123700723,57.5742988044,0.0
338.267585601,353.503176106,57.5742988044,0.0
422.823726,446.459875286,57.5742988044,0.0
264.19848503,86.5964170866,57.5742988044,0.0
364.86473043,227.532163064,57.5742988044,0.0
227.808892042,438.866642183,57.5742988044,0.0
219.517045869,234.884311379,57.5742988044,0.0
@ 360 10 0.111075848937 0.317802190059
183.730352944,449.292314063,54.6138239428,0.0
416.363137974,265.580457884,54.6138239428,0.0
166.102033569,65.7594694933,54.6138239428,0.0
75.5687910556,221.34256674,54.6138239428,0.0
302.438710446,75.5330869097,54.6138239428,0.0
445.707944815,107.515201242,54.6138239428,0.0
202.105728673,192.159783424,54.6138239428,0.0
82.7457991509,361.222450784,54.6138239428,0.0
@ 370 10 0.111075848937 0.28595964078
50.3616781927,410.983781135,50.2434377027,0.0
351.59916167,134.14829575,50.2434377027,0.0
416.716550133,445.060638062,50.2434377027,0.0
218.871305973,165.490496162,50.2434377027,0.0
98.4441397481,66.8681867589,50.2434377027,0.0
183.164378149,396.588113189,50.2434377027,0.0
459.449869405,253.340558306,50.2434377027,0.0
453.670293786,60.6913215836,50.2434377027,0.0
@ 380 10 0.111075848937 0.242023905087
205.297500998,64.9507309424,52.1792178433,0.0
247.642821508,178.710755668,52.1792178433,0.0
252.829673883,422.177132606,52.1792178433,0.0
411.029573536,171.646904388,52.1792178433,0.0
145.920903682,430.869272562,52.1792178433,0.0
449.188983897,65.7483905287,52.1792178433,0.0
69.1638012457,185.596916213,52.1792178433,0.0
416.728331896,337.328933,52.1792178433,0.0
@ 390 10 0.111075848937 0.261032570777
432.630384827,284.949027049,53.9609842751,0.0
410.893236832,57.182589814,53.9609842751,0.0
95.1234343883,89.9735479594,53.9609842751,0.0
195.605911323,420.531854256,53.9609842751,0.0
321.610107232,136.32519478,53.9609842751,0.0
89.3120792947,380.278750133,53.9609842751,0.0
338.642026721,454.974144864,53.9609842751,0.0
255.038000832,312.691550708,53.9609842751,0.0
@ 400 10 0.111075848937 0.279163925471
99.9276177213,369.278442371,53.1120876263,0.0
143.14367115,223.676023948,53.1120876263,0.0
268.01511847,266.679000015,53.1120876263,0.0
401.422655954,429.712445958,53.1120876263,0.0
55.6035109045,93.0801533745,53.1120876263,0.0
227.526157447,426.461783879,53.1120876263,0.0
393.175315207,256.632601445,53.1120876263,0.0
273.430286866,103.440100843,53.1120876263,0.0
@ 410 10 0.122142732507 0.270449582415
217.997998786,414.193701204,60.7588210747,0.0
72.8555933129,381.568825987,60.7588210747,0.0
84.8972890513,107.669776941,60.7588210747,0.0
415.976496482,425.044433613,60.7588210747,0.0
228.509176554,206.520001743,60.7588210747,0.0
444.899010009,230.417091675,60.7588210747,0.0
333.007873949,288.43213118,60.7588210747,0.0
297.920821978,103.188163362,60.7588210747,0.0
@ 420 10 0.122142732507 0.353930710484
299.977679863,185.696220844,52.9229971686,0.0
188.96723188,292.716194359,52.9229971686,0.0
420.560496808,442.255261533,52.9229971686,0.0
287.800183655,436.405725384,52.9229971686,0.0
362.524483868,80.5587984023,52.9229971686,0.0
205.727251572,97.2212520219,52.9229971686,0.0
394.270932959,256.367163444,52.9229971686,0.0
60.124332553,164.919466194,52.9229971686,0.0
@ 430 10 0.122142732507 0.268527293011
436.197034719,244.456162265,62.3209783389,0.0
431.953115829,67.5430574176,62.3209783389,0.0
220.025256298,203.468989786,62.3209783389,0.0
419.636990586,391.268309709,62.3209783389,0.0
87.9036484486,203.903852767,62.3209783389,0.0
288.58693602,425.998139951,62.3209783389,0.0
115.497896065,340.295444947,62.3209783389,0.0
264.417290015,74.8618343918,62.3209783389,0.0
@ 440 10 0.122142732507 0.372364350556
172.820969892,67.662610672,53.0505817346,0.0
225.137276345,184.716142833,53.0505817346,0.0
113.613018406,455.426282318,53.0505817346,0.0
380.11002155,56.9078395073,53.0505817346,0.0
427.298999572,219.232326809,53.0505817346,0.0
141.328849632,327.939020169,53.0505817346,0.0
263.666735789,300.509401083,53.0505817346,0.0
245.930768469,407.681315003,53.0505817346,0.0
@ 450 10 0.122142732507 0.269823562542
98.4326393438,398.792886686,50.7092019495,0.0
400.174883835,333.691677298,50.7092019495,0.0
347.958362232,439.107739496,50.7092019495,0.0
217.443413612,194.570820505,50.7092019495,0.0
247.327274417,413.781218129,50.7092019495,0.0
345.761366671,232.537503868,50.7092019495,0.0
56.0496569645,289.905675503,50.7092019495,0.0
418.960246792,141.47199357,50.7092019495,0.0
@ 460 10 0.122142732507 0.246531899799
237.967524207,333.888114525,49.8095575917,0.0
434.133653314,51.8479111378,49.8095575917,0.0
90.9564953686,152.358206896,49.8095575917,0.0
188.36917037,99.5271067775,49.8095575917,0.0
289.460335949,58.4265671648,49.8095575917,0.0
250.523209643,180.208391933,49.8095575917,0.0
374.408390631,406.404933138,49.8095575917,0.0
364.186481986,149.725944226,49.8095575917,0.0
@ 470 10 0.122142732507 0.237861930652
48.7279685068,318.812352566,44.4768656303,0.0
457.554049552,426.802488053,44.4768656303,0.0
182.425839485,52.7431808066,44.4768656303,0.0
465.392281905,51.3145307508,44.4768656303,0.0
98.3919281015,93.7618161149,44.4768656303,0.0
149.568937194,367.157752743,44.4768656303,0.0
360.192587427,152.726569903,44.4768656303,0.0
262.629062765,97.4748977928,44.4768656303,0.0
@ 480 10 0.122142732507 0.189656581853
198.333410569,382.416477443,56.2918726784,0.0
110.133058272,123.119615916,56.2918726784,0.0
405.592527647,79.8774799784,56.2918726784,0.0
361.908169143,443.441062834,56.2918726784,0.0
81.2539511007,444.459694964,56.2918726784,0.0
149.904917732,235.601925376,56.2918726784,0.0
367.434740298,224.549210504,56.2918726784,0.0
448.678643099,353.223445005,56.2918726784,0.0
@ 490 10 0.122142732507 0.303802234839
307.869786446,378.176260917,51.2799243626,0.0
273.808711703,139.741576086,51.2799243626,0.0
70.456160155,406.95258402,51.2799243626,0.0
172.689606366,189.547233845,51.2799243626,0.0
445.501629896,268.121460299,51.2799243626,0.0
102.64953115,87.1968927439,51.2799243626,0.0
203.207865942,455.97273827,51.2799243626,0.0
315.630521029,250.438094063,51.2799243626,0.0
@ 500 10 0.122142732507 0.252112467364
333.224489995,416.42927751,57.6785242634,0.0
84.5835603709,430.596351733,57.6785242634,0.0
197.322325619,381.787168833,57.6785242634,0.0
299.559066215,255.960854152,57.6785242634,0.0
110.826096375,274.856651031,57.6785242634,0.0
91.0071057049,87.6380834496,57.6785242634,0.0
212.806108003,157.381294512,57.6785242634,0.0
447.047624832,232.66365119,57.6785242634,0.0
@ 510 10 0.135658914729 0.318953851853
360.615395151,249.579365965,55.5970231517,0.0
416.764665567,398.431185356,55.5970231517,0.0
124.464259695,296.04776528,55.5970231517,0.0
73.7052866008,85.4364643964,55.5970231517,0.0
435.573973216,120.127172018,55.5970231517,0.0
120.640278203,413.759233541,55.5970231517,0.0
259.078765056,89.2141519149,55.5970231517,0.0
250.507763649,376.598362386,55.5970231517,0.0
@ 520 10 0.135658914729 0.296348441886
205.57504352,62.8150091295,52.0846116235,0.0
247.909641901,399.272265564,52.0846116235,0.0
100.955227323,163.282000163,52.0846116235,0.0
59.3826072747,351.496508363,52.0846116235,0.0
414.554491675,381.569397374,52.0846116235,0.0
458.840258331,237.139219306,52.0846116235,0.0
157.942607518,275.191585777,52.0846116235,0.0
333.022139611,61.3410397894,52.0846116235,0.0
@ 530 10 0.135658914729 0.260086871771
316.312530029,460.498477801,46.4845981221,0.0
154.13658759,440.342281781,46.4845981221,0.0
325.090811471,48.9679796627,46.4845981221,0.0
265.008693018,299.068239642,46.4845981221,0.0
427.112677326,408.496451425,46.4845981221,0.0
418.160560037,63.0295316615,46.4845981221,0.0
246.019047701,118.529858427,46.4845981221,0.0
148.934856209,164.287493567,46.4845981221,0.0
@ 540 10 0.135658914729 0.207165642971
353.275132205,65.6677544248,50.7652006825,0.0
51.8555640672,304.95032707,50.7652006825,0.0
155.29388036,53.1639773607,50.7652006825,0.0
114.159085916,184.529236456,50.7652006825,0.0
383.774172752,284.563789339,50.7652006825,0.0
261.493916686,416.317061169,50.7652006825,0.0
153.356792488,284.78782276,50.7652006825,0.0
263.232240334,234.232819867,50.7652006825,0.0
@ 550 10 0.135658914729 0.247076696257
116.609534507,64.6253678094,53.7976422935,0.0
247.184262545,420.31212104,53.7976422935,0.0
353.627379215,392.987225083,53.7976422935,0.0
231.450312202,54.675307051,53.7976422935,0.0
218.476019055,281.140182985,53.7976422935,0.0
393.76756864,76.1414707988,53.7976422935,0.0
58.2406728317,426.755112126,53.7976422935,0.0
396.147982474,236.030123329,53.7976422935,0.0
@ 560 10 0.135658914729 0.27747640349
335.437985671,117.749646184,53.1110618867,0.0
209.370345791,169.276942376,53.1110618867,0.0
111.093036178,392.730123868,53.1110618867,0.0
232.122302618,59.2987472728,53.1110618867,0.0
264.135095723,389.838881509,53.1110618867,0.0
385.407261913,310.622121603,53.1110618867,0.0
425.374191545,413.967693952,53.1110618867,0.0
425.471409836,177.581841121,53.1110618867,0.0
@ 570 10 0.135658914729 0.270439136275
446.426380042,386.734569136,59.0464107436,0.0
121.1779173,61.7172624009,59.0464107436,0.0
420.172257805,264.985215286,59.0464107436,0.0
109.491896731,295.019952111,59.0464107436,0.0
228.928290507,184.43062564,59.0464107436,0.0
432.061293943,73.5585035964,59.0464107436,0.0
197.981274929,443.315017163,59.0464107436,0.0
75.0810102912,435.759130605,59.0464107436,0.0
@ 580 10 0.135658914729 0.334261669102
124.969327164,403.368413979,50.4714714308,0.0
397.398921438,434.529097673,50.4714714308,0.0
239.94177685,294.827474285,50.4714714308,0.0
99.3804959203,118.275722976,50.4714714308,0.0
114.397989869,225.682394148,50.4714714308,0.0
266.586376541,80.0892723997,50.4714714308,0.0
238.439282095,188.499384869,50.4714714308,0.0
394.009557369,259.87251505,50.4714714308,0.0
@ 590 10 0.135658914729 0.244225778886
303.009034224,111.569607617,58.9441215211,0.0
307.986002129,448.996875353,58.9441215211,0.0
418.957618761,241.08247025,58.9441215211,0.0
450.173702167,98.5443091986,58.9441215211,0.0
121.360791554,276.419136189,58.9441215211,0.0
303.748094505,325.626871869,58.9441215211,0.0
133.325680751,424.783476582,58.9441215211,0.0
99.9223752657,89.8995117219,58.9441215211,0.0
@ 600 10 0.135658914729 0.333104553876
356.179576647,291.432232216,50.8438811451,0.0
140.20637129,102.459626174,50.8438811451,0.0
229.198344267,422.426007578,50.8438811451,0.0
247.654865804,273.389499139,50.8438811451,0.0
129.73058412,283.726569284,50.8438811451,0.0
350.858815542,135.42308124,50.8438811451,0.0
436.348132262,60.2135074302,50.8438811451,0.0
122.275526904,435.483726088,50.8438811451,0.0
@ 610 10 0.152538679451 0.247843173037
331.4498118,386.32161496,58.3255741987,0.0
231.361561022,69.1214596136,58.3255741987,0.0
373.38469008,203.171003306,58.3255741987,0.0
84.9257607545,194.280837059,58.3255741987,0.0
448.448646155,339.342064824,58.3255741987,0.0
141.036719704,323.731888856,58.3255741987,0.0
60.042707537,421.128516169,58.3255741987,0.0
377.674912202,60.2265970689,58.3255741987,0.0
@ 620 10 0.152538679451 0.326150175752
272.684104259,259.178031162,52.324504131,0.0
412.909400297,75.2090434816,52.324504131,0.0
426.859541235,238.647299999,52.324504131,0.0
143.173431257,359.703501115,52.324504131,0.0
152.640654143,185.718280303,52.324504131,0.0
374.076688293,459.046715374,52.324504131,0.0
266.38012217,428.202338758,52.324504131,0.0
64.2159104991,105.62996429,52.324504131,0.0
@ 630 10 0.152538679451 0.262488217396
456.59809308,300.092124271,52.6945481309,0.0
338.176920718,442.715673881,52.6945481309,0.0
291.030146996,80.7341528902,52.6945481309,0.0
313.303091723,306.066084251,52.6945481309,0.0
169.747854753,447.902182943,52.6945481309,0.0
136.22769186,227.010396132,52.6945481309,0.0
136.266305157,71.4541839453,52.6945481309,0.0
431.744212781,174.334146531,52.6945481309,0.0
@ 640 10 0.152538679451 0.266214030213
125.005675516,416.690869566,61.9805464475,0.0
266.312063698,320.271065428,61.9805464475,0.0
122.539801182,201.296982864,61.9805464475,0.0
442.334396008,287.281538561,61.9805464475,0.0
289.566368173,448.176453755,61.9805464475,0.0
238.24203849,79.2508293797,61.9805464475,0.0
448.39596808,93.5542153044,61.9805464475,0.0
410.874798174,414.251716552,61.9805464475,0.0
@ 650 10 0.152538679451 0.368307338813
419.341545692,419.645007087,49.5502027071,0.0
142.987729169,94.0054656365,49.5502027071,0.0
337.343690677,112.068587956,49.5502027071,0.0
400.226521073,244.545405432,49.5502027071,0.0
150.635016236,449.013596143,49.5502027071,0.0
235.535155063,159.069621877,49.5502027071,0.0
110.058236704,191.61871153,49.5502027071,0.0
73.4739321093,347.84500726,49.5502027071,0.0
@ 660 10 0.152538679451 0.235391318702
65.768765461,383.863532316,59.640921904,0.0
158.15674949,210.496140141,59.640921904,0.0
129.613959424,78.5993244238,59.640921904,0.0
443.041951412,405.65615719,59.640921904,0.0
187.889632713,347.143110072,59.640921904,0.0
421.461703191,100.130969948,59.640921904,0.0
282.926930309,244.395135413,59.640921904,0.0
434.003209701,251.994951357,59.640921904,0.0
@ 670 10 0.152538679451 0.341026609154
176.362849716,207.774144076,49.3188535146,0.0
183.885416086,441.628881806,49.3188535146,0.0
422.066238587,388.039365998,49.3188535146,0.0
199.67880994,62.7993829588,49.3188535146,0.0
81.7390821907,261.970029623,49.3188535146,0.0
200.504357638,341.649869589,49.3188535146,0.0
405.351014867,172.756201587,49.3188535146,0.0
318.571718934,52.3290390566,49.3188535146,0.0
@ 680 10 0.152538679451 0.233198372653
290.292049912,404.555957578,51.2779870878,0.0
100.191386607,291.125771954,51.2779870878,0.0
307.879093413,75.0749754858,51.2779870878,0.0
183.978109661,197.244435631,51.2779870878,0.0
288.89415132,225.145042442,51.2779870878,0.0
446.135503861,157.374870372,51.2779870878,0.0
61.882035591,73.1081223433,51.2779870878,0.0
427.285684036,428.65489552,51.2779870878,0.0
@ 690 10 0.152538679451 0.2520934189
125.849778765,423.713932215,50.8518730801,0.0
396.186490035,116.940469113,50.8518730801,0.0
56.513184716,113.955100903,50.8518730801,0.0
232.468829697,321.707827627,50.8518730801,0.0
443.820005955,269.841160209,50.8518730801,0.0
183.426973039,62.5980737259,50.8518730801,0.0
111.283326433,216.125076183,50.8518730801,0.0
420.94928026,393.408033472,50.8518730801,0.0
@ 700 10 0.152538679451 0.247921094004
81.6202672008,63.1982721086,62.6472883589,0.0
365.584071514,419.119996814,62.6472883589,0.0
311.376210041,80.2559032458,62.6472883589,0.0
435.208203254,298.275736826,62.6472883589,0.0
102.001564146,363.795458322,62.6472883589,0.0
224.371017056,283.142228722,62.6472883589,0.0
87.0602203201,206.702365039,62.6472883589,0.0
389.609681289,179.196855773,62.6472883589,0.0
@ 710 10 0.174216027875 0.376273927159
95.7791049473,210.263306803,49.7787673645,0.0
439.953747776,302.55667677,49.7787673645,0.0
231.511498462,331.087270184,49.7787673645,0.0
362.986566342,396.201867344,49.7787673645,0.0
101.592885779,454.903712706,49.7787673645,0.0
396.94911349,62.9131325384,49.7787673645,0.0
293.605118975,114.2116449,49.7787673645,0.0
444.377975449,153.484058512,49.7787673645,0.0
@ 720 10 0.174216027875 0.237567948549
208.832444881,335.336237191,56.8739116413,0.0
420.960883922,179.009791535,56.8739116413,0.0
376.095935551,432.067265688,56.8739116413,0.0
92.9976726269,441.74759702,56.8739116413,0.0
78.4587689806,81.3772078981,56.8739116413,0.0
154.512160394,189.89177834,56.8739116413,0.0
285.85116143,63.8450260283,56.8739116413,0.0
270.037011379,216.812306626,56.8739116413,0.0
@ 730 10 0.174216027875 0.310117139045
65.5984699425,74.9257914714,58.8811028313,0.0
422.586531172,306.127821055,58.8811028313,0.0
313.009815673,145.004368825,58.8811028313,0.0
309.155994542,370.796475178,58.8811028313,0.0
195.018005801,148.091580728,58.8811028313,0.0
436.471180048,89.4898266556,58.8811028313,0.0
204.249790023,297.572800945,58.8811028313,0.0
90.5461147992,333.879916518,58.8811028313,0.0
@ 740 10 0.174216027875 0.33239267318
235.001823377,147.153237049,58.8114636334,0.0
360.156918515,186.491987712,58.8114636334,0.0
367.702006672,66.7513610173,58.8114636334,0.0
63.9214826034,90.3227220402,58.8114636334,0.0
75.0692024147,304.868250023,58.8114636334,0.0
245.644982249,300.966012204,58.8114636334,0.0
384.637668802,304.852772211,58.8114636334,0.0
365.311275995,421.364361322,58.8114636334,0.0
@ 750 10 0.174216027875 0.331606890658
275.471201114,224.026115076,56.78929521,0.0
102.825881212,58.4013217751,56.78929521,0.0
192.250267874,423.55610134,56.78929521,0.0
409.052035267,422.4696344,56.78929521,0.0
382.943941138,74.7645154004,56.78929521,0.0
90.6003218673,298.8604105,56.78929521,0.0
180.948263579,147.239468516,56.78929521,0.0
441.314908647,175.572000848,56.78929521,0.0
@ 760 10 0.174216027875 0.3091950472
226.498754413,195.242220665,61.7033120569,0.0
68.9801202687,420.66947496,61.7033120569,0.0
71.4927697963,127.904348421,61.7033120569,0.0
392.606899123,407.903389177,61.7033120569,0.0
230.056444981,352.546598237,61.7033120569,0.0
62.0735099267,263.349428072,61.7033120569,0.0
397.34600393,66.9924819159,61.7033120569,0.0
358.708510997,270.897660606,61.7033120569,0.0
@ 770 10 0.174216027875 0.365019884704
74.1129479111,58.2240044731,57.9188998623,0.0
315.585774941,205.596250341,57.9188998623,0.0
214.062788017,61.4582211624,57.9188998623,0.0
368.819531822,97.491709251,57.9188998623,0.0
173.147402206,271.441188991,57.9188998623,0.0
438.470782834,233.01769397,57.9188998623,0.0
73.1007897048,347.585833489,57.9188998623,0.0
441.565195457,412.587009235,57.9188998623,0.0
@ 780 10 0.174216027875 0.321617875693
438.229302295,80.6776800587,56.4822473528,0.0
235.721384244,205.741217841,56.4822473528,0.0
101.771683511,278.097956259,56.4822473528,0.0
184.017942453,357.311084669,56.4822473528,0.0
159.166666442,98.3151659971,56.4822473528,0.0
451.761103715,261.465420209,56.4822473528,0.0
306.941251473,83.194973836,56.4822473528,0.0
296.029038156,428.39354442,56.4822473528,0.0
@ 790 10 0.174216027875 0.305860579947
434.202996802,152.792145275,58.2055631783,0.0
202.262232895,223.683707615,58.2055631783,0.0
260.033165464,88.2039512391,58.2055631783,0.0
393.262026405,412.193857631,58.2055631783,0.0
67.1876365482,386.386691277,58.2055631783,0.0
221.62270521,417.831337756,58.2055631783,0.0
89.4557529135,188.38347027,58.2055631783,0.0
118.789357638,74.1578006612,58.2055631783,0.0
@ 800 10 0.174216027875 0.324809379817
283.290803403,395.761870105,55.6841735148,0.0
188.540821516,319.555748354,55.6841735148,0.0
209.20122239,180.585574661,55.6841735148,0.0
177.93235722,432.073972054,55.6841735148,0.0
78.105229702,371.326531236,55.6841735148,0.0
353.511924913,304.328090994,55.6841735148,0.0
175.184427924,68.63573307,55.6841735148,0.0
69.5922281612,219.089498238,55.6841735148,0.0
@ 810 10 0.203075137801 0.297278244064
399.339184365,443.713035801,59.8870576303,0.0
335.693862033,87.6958313769,59.8870576303,0.0
81.6473501071,418.165290845,59.8870576303,0.0
381.894999766,246.987730243,59.8870576303,0.0
249.637813157,335.560777529,59.8870576303,0.0
223.364115332,194.655886241,59.8870576303,0.0
66.8805041696,262.202985991,59.8870576303,0.0
162.655717655,65.9583527422,59.8870576303,0.0
@ 820 10 0.203075137801 0.343847224113
262.453271469,67.4094997558,58.9506801255,0.0
441.732826177,302.248871774,58.9506801255,0.0
70.8607675685,378.026366046,58.9506801255,0.0
354.354041685,211.202684588,58.9506801255,0.0
108.72378103,248.976773309,58.9506801255,0.0
321.367611091,368.78124605,58.9506801255,0.0
169.219003069,447.531472491,58.9506801255,0.0
108.668110845,107.417364426,58.9506801255,0.0
@ 830 10 0.203075137801 0.333178685866
96.0860389738,436.166992675,60.5407448616,0.0
244.61765685,73.267867668,60.5407448616,0.0
448.574224219,306.965537214,60.5407448616,0.0
281.430164171,397.077699114,60.5407448616,0.0
442.910336965,104.412530588,60.5407448616,0.0
167.360273896,332.008393067,60.5407448616,0.0
307.735674233,238.210945295,60.5407448616,0.0
124.772631998,202.216318617,60.5407448616,0.0
@ 840 10 0.203075137801 0.351394606159
241.313530521,135.793705163,57.010518432,0.0
74.0046302007,342.87820863,57.010518432,0.0
402.664701014,84.589346485,57.010518432,0.0
451.611337927,428.636553209,57.010518432,0.0
258.014977489,407.115227298,57.010518432,0.0
145.402168391,452.799350872,57.010518432,0.0
170.064179198,231.321594738,57.010518432,0.0
317.458950016,296.865110048,57.010518432,0.0
@ 850 10 0.203075137801 0.311608683535
288.572954312,272.188749656,56.4786105806,0.0
268.783301244,421.688537646,56.4786105806,0.0
151.440727808,415.6101351,56.4786105806,0.0
153.998984804,67.0117008929,56.4786105806,0.0
120.758086362,269.394756047,56.4786105806,0.0
391.763501256,422.382673692,56.4786105806,0.0
337.620028391,60.5438972528,56.4786105806,0.0
426.773797777,275.0887746,56.4786105806,0.0
@ 860 10 0.203075137801 0.305821193786
267.115837226,86.7753009384,57.6646920666,0.0
425.764306273,116.185896098,57.6646920666,0.0
278.378229067,441.807177578,57.6646920666,0.0
436.594136995,345.347473551,57.6646920666,0.0
84.2930633212,316.111918135,57.6646920666,0.0
78.9140028737,118.019240578,57.6646920666,0.0
359.953294992,242.064632075,57.6646920666,0.0
84.874446569,451.67479837,57.6646920666,0.0
@ 870 10 0.203075137801 0.318800890123
379.336094799,187.553885044,56.7972155764,0.0
431.053725876,301.710997519,56.7972155764,0.0
232.461720181,144.317714124,56.7972155764,0.0
353.953795904,57.8500154024,56.7972155764,0.0
246.735238688,413.998072507,56.7972155764,0.0
443.219655952,423.25366526,56.7972155764,0.0
298.148637037,291.397636111,56.7972155764,0.0
128.101020051,247.680460626,56.7972155764,0.0
@ 880 10 0.203075137801 0.309281299683
293.790577638,270.212734685,56.9772578638,0.0
181.66483074,195.891144493,56.9772578638,0.0
373.687868307,426.320009045,56.9772578638,0.0
149.683447404,305.37073555,56.9772578638,0.0
269.299622524,99.7362958982,56.9772578638,0.0
454.934598174,237.634792485,56.9772578638,0.0
98.0233903309,455.00562629,56.9772578638,0.0
417.22926103,97.5938903243,56.9772578638,0.0
@ 890 10 0.203075137801 0.311245197679
427.035564875,262.518081345,61.9815053607,0.0
146.326053856,271.572307609,61.9815053607,0.0
376.444561548,82.8678043931,61.9815053607,0.0
81.3981220344,383.52677916,61.9815053607,0.0
255.335473416,170.868039294,61.9815053607,0.0
421.804145825,411.069272078,61.9815053607,0.0
299.210606206,343.17914252,61.9815053607,0.0
105.405073338,98.538088559,61.9815053607,0.0
@ 900 10 0.203075137801 0.368318735212
214.182283074,389.632426525,60.9729423813,0.0
305.099841163,114.870050805,60.9729423813,0.0
101.637629146,214.051076517,60.9729423813,0.0
145.748518739,84.8402631522,60.9729423813,0.0
447.236258334,404.465356311,60.9729423813,0.0
434.590247233,115.331008812,60.9729423813,0.0
341.889661867,280.332285328,60.9729423813,0.0
67.2698634408,415.086046474,60.9729423813,0.0
@ 910 10 0.243393602225 0.356429693871
456.725583823,60.6121170563,50.8136558019,0.0
460.783119596,302.030448179,50.8136558019,0.0
277.28730136,104.367620684,50.8136558019,0.0
114.158559286,207.766674759,50.8136558019,0.0
432.369363576,186.614821631,50.8136558019,0.0
216.124313576,199.34268183,50.8136558019,0.0
325.495760008,239.995782061,50.8136558019,0.0
105.908811035,332.688187972,50.8136558019,0.0
@ 920 10 0.243393602225 0.247548588196
263.069380278,169.049415932,55.0173860589,0.0
190.686547377,253.815315163,55.0173860589,0.0
342.69912235,63.8101826369,55.0173860589,0.0
282.511712422,402.883238932,55.0173860589,0.0
449.925750305,243.969174885,55.0173860589,0.0
91.3728731037,141.986101347,55.0173860589,0.0
170.017886784,444.020830492,55.0173860589,0.0
310.656180078,292.941044073,55.0173860589,0.0
@ 930 10 0.243393602225 0.290201381995
116.423943582,294.134954852,57.3032520734,0.0
430.475322647,96.0427357334,57.3032520734,0.0
303.620797094,106.595453398,57.3032520734,0.0
445.868307641,444.471084396,57.3032520734,0.0
87.1354155925,136.486850358,57.3032520734,0.0
266.1784067,310.21649829,57.3032520734,0.0
406.079436728,328.304163572,57.3032520734,0.0
347.213332942,224.077797671,57.3032520734,0.0
@ 940 10 0.243393602225 0.314816952393
281.624767412,163.89290713,64.8336352658,0.0
433.908884478,99.3178269724,64.8336352658,0.0
219.430969209,280.644503113,64.8336352658,0.0
76.3635286878,232.616027983,64.8336352658,0.0
289.197330907,393.394011185,64.8336352658,0.0
445.101971656,261.016699477,64.8336352658,0.0
436.72688628,418.562550573,64.8336352658,0.0
168.529002732,444.619622674,64.8336352658,0.0
@ 950 10 0.243393602225 0.402995612439
56.6900632803,396.639664399,52.7612746531,0.0
445.110856118,355.509686405,52.7612746531,0.0
229.719059528,433.238446359,52.7612746531,0.0
128.950373035,74.4231275203,52.7612746531,0.0
160.922476641,263.865043245,52.7612746531,0.0
300.597346088,156.0424447,52.7612746531,0.0
344.373335866,428.439454898,52.7612746531,0.0
303.355683423,288.188800061,52.7612746531,0.0
@ 960 10 0.243393602225 0.266888664836
409.36819826,168.61535098,59.1227900344,0.0
214.717539485,178.755630354,59.1227900344,0.0
176.481064622,312.599538169,59.1227900344,0.0
94.2426870425,108.186173751,59.1227900344,0.0
319.274168863,76.8002810473,59.1227900344,0.0
317.243823531,388.490062104,59.1227900344,0.0
437.655975135,426.853522534,59.1227900344,0.0
440.66570784,300.241636614,59.1227900344,0.0
@ 970 10 0.243393602225 0.33512699458
70.6922859969,132.015588563,55.2341364588,0.0
275.035909109,229.693507101,55.2341364588,0.0
163.377177728,196.327284653,55.2341364588,0.0
58.8666148985,403.062448323,55.2341364588,0.0
405.762037661,92.547544309,55.2341364588,0.0
440.546216767,273.721620724,55.2341364588,0.0
265.821158624,110.921865075,55.2341364588,0.0
443.520907796,446.183782153,55.2341364588,0.0
@ 980 10 0.243393602225 0.292492482145
407.166281689,388.106224005,52.800787075,0.0
251.536734491,435.59112632,52.800787075,0.0
135.492644855,324.11090862,52.800787075,0.0
408.416746352,117.985263019,52.800787075,0.0
269.678016694,321.618798849,52.800787075,0.0
293.111112116,54.7020026319,52.800787075,0.0
445.422822413,219.297894122,52.800787075,0.0
234.905364784,194.053927051,52.800787075,0.0
@ 990 10 0.243393602225 0.267288555334
123.913753089,267.421706287,54.9937370211,0.0
292.201854854,264.213483568,54.9937370211,0.0
189.998498779,86.7782661843,54.9937370211,0.0
299.256892315,447.285309027,54.9937370211,0.0
445.671644052,443.289995379,54.9937370211,0.0
388.91253363,131.104833359,54.9937370211,0.0
123.99441693,409.375821474,54.9937370211,0.0
82.7451538278,118.760733148,54.9937370211,0.0
@ 1000 10 0.243393602225 0.289951951444
106.916188696,114.277422343,64.5554499813,0.0
146.325048698,388.401603696,64.5554499813,0.0
438.218396959,443.891968282,64.5554499813,0.0
345.975630194,67.7658306094,64.5554499813,0.0
227.16835676,251.981440846,64.5554499813,0.0
373.396016301,199.060508457,64.5554499813,0.0
296.681860116,418.378708183,64.5554499813,0.0
90.0579651151,266.852785034,64.5554499813,0.0
@ 1010 10 0.303687635575 0.399544720451
94.4010985273,358.452847828,58.2659672743,0.0
414.190812636,424.421493365,58.2659672743,0.0
73.4639014565,206.95450922,58.2659672743,0.0
224.291509724,69.6653568602,58.2659672743,0.0
438.633747633,220.576737548,58.2659672743,0.0
235.389072644,447.431296975,58.2659672743,0.0
303.348404165,185.630334881,58.2659672743,0.0
249.853773675,309.412995227,58.2659672743,0.0
@ 1020 10 0.303687635575 0.3254838857
351.818775834,283.290330841,55.5845651499,0.0
286.928200552,433.986928721,55.5845651499,0.0
434.958477697,162.966880318,55.5845651499,0.0
267.037192665,127.870348556,55.5845651499,0.0
89.4410210567,61.7467301745,55.5845651499,0.0
134.212847998,251.067846936,55.5845651499,0.0
443.432677664,355.069499608,55.5845651499,0.0
179.301588027,402.40378611,55.5845651499,0.0
@ 1030 10 0.303687635575 0.296215647159
226.721546659,243.868084635,67.2899054415,0.0
369.302764497,80.6521528086,67.2899054415,0.0
422.355674747,436.842251895,67.2899054415,0.0
264.077667613,439.367059074,67.2899054415,0.0
78.7025058238,431.573840724,67.2899054415,0.0
347.496503635,313.805250147,67.2899054415,0.0
234.57694752,69.0993038406,67.2899054415,0.0
83.6532147086,148.667621084,67.2899054415,0.0
@ 1040 10 0.303687635575 0.434109616891
78.9231686585,109.306345829,53.7950618007,0.0
76.3673573534,327.690152797,53.7950618007,0.0
314.505907408,236.257353002,53.7950618007,0.0
139.065246817,455.46450796,53.7950618007,0.0
160.172874638,240.753780304,53.7950618007,0.0
317.606921643,380.245429679,53.7950618007,0.0
304.342146769,93.1864791901,53.7950618007,0.0
439.445223636,58.4103101636,53.7950618007,0.0
@ 1050 10 0.303687635575 0.2774497849
382.978548466,202.484484239,59.752049388,0.0
259.906405148,194.691654929,59.752049388,0.0
64.4154003785,380.828945112,59.752049388,0.0
92.3450444928,263.43488626,59.752049388,0.0
183.902692373,417.9564934,59.752049388,0.0
411.250457459,390.467566603,59.752049388,0.0
77.2361004259,126.178260804,59.752049388,0.0
186.617599458,75.0809946835,59.752049388,0.0
@ 1060 10 0.303687635575 0.342298646357
189.720896848,147.785416092,59.532627315,0.0
387.765937966,112.998631284,59.532627315,0.0
122.635332433,383.987108502,59.532627315,0.0
278.162747835,62.3758712623,59.532627315,0.0
231.514488372,447.645073706,59.532627315,0.0
420.739812631,406.799407974,59.532627315,0.0
344.963159566,242.394925133,59.532627315,0.0
64.0518953572,118.661344373,59.532627315,0.0
@ 1070 10 0.303687635575 0.339789277276
193.864090393,70.0977977078,61.9446980107,0.0
104.536229417,179.010194936,61.9446980107,0.0
121.088067765,303.209325863,61.9446980107,0.0
260.526924857,177.714931491,61.9446980107,0.0
372.370944802,289.377917051,61.9446980107,0.0
321.05838295,439.156764085,61.9446980107,0.0
409.041361486,111.352733034,61.9446980107,0.0
141.676904896,442.453565977,61.9446980107,0.0
@ 1080 10 0.303687635575 0.3678814173
223.507239129,58.0637995547,55.0434388493,0.0
102.358474726,264.944140883,55.0434388493,0.0
452.190431063,303.685291542,55.0434388493,0.0
344.37375716,417.323108529,55.0434388493,0.0
67.4983732487,389.983026925,55.0434388493,0.0
449.381528461,183.962455083,55.0434388493,0.0
245.934575496,292.239149827,55.0434388493,0.0
114.101523113,132.011875391,55.0434388493,0.0
@ 1090 10 0.303687635575 0.290476289489
210.064350499,385.828480269,66.790322695,0.0
344.006403362,87.8284938187,66.790322695,0.0
408.765526766,439.419344816,66.790322695,0.0
329.809323691,299.04357043,66.790322695,0.0
100.803595083,263.927929413,66.790322695,0.0
105.036979621,129.057662306,66.790322695,0.0
238.949963343,195.815554328,66.790322695,0.0
81.6639351275,429.95943435,66.790322695,0.0
@ 1100 10 0.303687635575 0.42768759558
82.4170388455,221.590359944,67.2368650844,0.0
412.916267136,230.999474218,67.2368650844,0.0
284.139995031,68.7395464787,67.2368650844,0.0
436.370595367,68.2516304241,67.2368650844,0.0
150.709751181,91.2517104796,67.2368650844,0.0
412.500636391,412.286614721,67.2368650844,0.0
116.15396898,404.539176241,67.2368650844,0.0
250.529520648,209.32194037,67.2368650844,0.0
@ 1110 10 0.40369088812 0.433425524551
63.3916389708,125.377423027,63.3713852185,0.0
358.473648058,85.4839187296,63.3713852185,0.0
219.889698508,66.6417620889,63.3713852185,0.0
203.191912801,238.82865193,63.3713852185,0.0
206.465610857,398.121914077,63.3713852185,0.0
412.886203787,283.047899861,63.3713852185,0.0
75.8834522742,447.174189615,63.3713852185,0.0
432.270282628,427.503826358,63.3713852185,0.0
@ 1120 10 0.40369088812 0.38502237766
440.001496519,248.348530968,70.1983924313,0.0
105.222964299,127.167983905,70.1983924313,0.0
201.780204346,415.330776874,70.1983924313,0.0
266.031639659,75.3547563716,70.1983924313,0.0
366.759187145,398.734572434,70.1983924313,0.0
241.799845068,247.639094284,70.1983924313,0.0
433.198892828,93.1479057972,70.1983924313,0.0
74.1967959206,270.788985595,70.1983924313,0.0
@ 1130 10 0.40369088812 0.472447879838
292.955079765,214.758878827,67.648238739,0.0
87.2883848235,375.143210167,67.648238739,0.0
431.517410214,242.993459016,67.648238739,0.0
405.928300781,429.883122119,67.648238739,0.0
250.732750828,412.387703119,67.648238739,0.0
435.727151766,71.6638691261,67.648238739,0.0
188.839247016,68.4177697427,67.648238739,0.0
153.094879281,220.024255973,67.648238739,0.0
@ 1140 10 0.40369088812 0.438745382507
402.280250537,249.224115343,69.8067687174,0.0
70.669754762,308.410087488,69.8067687174,0.0
257.621172981,189.262353316,69.8067687174,0.0
168.382835329,77.2632232351,69.8067687174,0.0
354.245918022,78.2830465504,69.8067687174,0.0
423.034447204,419.21430785,69.8067687174,0.0
154.424295978,430.273574841,69.8067687174,0.0
293.153458896,354.526072551,69.8067687174,0.0
@ 1150 10 0.40369088812 0.467191187031
293.367568702,243.439868557,67.1070398802,0.0
427.61948944,169.757016009,67.1070398802,0.0
278.279644451,69.3788710037,67.1070398802,0.0
412.445717365,418.580425066,67.1070398802,0.0
276.216196583,438.410986602,67.1070398802,0.0
92.3558153925,102.419795573,67.1070398802,0.0
134.394043446,286.208448419,67.1070398802,0.0
69.396110527,412.536722333,67.1070398802,0.0
@ 1160 10 0.40369088812 0.43175336947
216.183599581,122.702348387,66.6980940648,0.0
442.120496306,304.776841666,66.6980940648,0.0
278.193624536,388.276213522,66.6980940648,0.0
132.344016533,387.737590581,66.6980940648,0.0
73.5171991804,73.5653990021,66.6980940648,0.0
193.724222058,262.758783623,66.6980940648,0.0
334.819206734,223.200868299,66.6980940648,0.0
418.487567608,102.039477564,66.6980940648,0.0
@ 1170 10 0.40369088812 0.426507250724
110.8215589,313.769795498,66.9301118462,0.0
422.384936712,269.969738426,66.9301118462,0.0
171.578468717,103.823853052,66.9301118462,0.0
212.026164714,409.491108139,66.9301118462,0.0
80.372248,444.634399093,66.9301118462,0.0
375.360670499,438.102645478,66.9301118462,0.0
430.340562614,108.522180398,66.9301118462,0.0
235.007119832,225.036934727,66.9301118462,0.0
@ 1180 10 0.40369088812 0.429479730978
197.947457497,278.318933455,62.2978871948,0.0
428.472138095,388.523250267,62.2978871948,0.0
240.955247966,443.567764917,62.2978871948,0.0
427.043431352,255.936527803,62.2978871948,0.0
208.495427079,62.9306487498,62.2978871948,0.0
332.075379266,128.413514678,62.2978871948,0.0
72.535590257,187.967898328,62.2978871948,0.0
114.562390561,395.065277052,62.2978871948,0.0
@ 1190 10 0.40369088812 0.372088465094
437.891640074,95.6609315994,62.4608792548,0.0
265.220030991,426.41472627,62.4608792548,0.0
214.490511251,216.203567063,62.4608792548,0.0
106.246743551,279.914509794,62.4608792548,0.0
349.054045581,242.232485752,62.4608792548,0.0
432.75374812,358.493638205,62.4608792548,0.0
99.1609808654,122.412388784,62.4608792548,0.0
95.9241915149,405.790486303,62.4608792548,0.0
@ 1200 10 0.40369088812 0.374038027275
285.929925375,224.30337911,67.9437751383,0.0
82.3833365347,161.299569325,67.9437751383,0.0
254.229012736,83.7797940574,67.9437751383,0.0
421.559836405,94.5885495783,67.9437751383,0.0
430.532739119,268.200233256,67.9437751383,0.0
433.07160641,428.916964612,67.9437751383,0.0
265.120997897,426.7391705,67.9437751383,0.0
158.156788145,340.065650119,67.9437751383,0.0
@ 1210 10 0.601891659501 0.44258727015
149.121014937,443.764553705,66.8754103624,0.0
295.12186117,417.693787395,66.8754103624,0.0
298.27898317,225.821929688,66.8754103624,0.0
260.341302057,86.3739445031,66.8754103624,0.0
433.363812975,349.361916229,66.8754103624,0.0
77.7519749461,278.4786356,66.8754103624,0.0
125.215260927,110.339506471,66.8754103624,0.0
415.649584397,100.401054748,66.8754103624,0.0
@ 1220 10 0.601891659501 0.428777996661
165.28059133,109.818491024,67.3990695655,0.0
413.795115239,129.142455185,67.3990695655,0.0
405.625463799,281.326823711,67.3990695655,0.0
221.538225144,443.854072158,67.3990695655,0.0
397.414830019,421.926978057,67.3990695655,0.0
88.0755135107,419.44116118,67.3990695655,0.0
80.2380924851,222.278298247,67.3990695655,0.0
258.921650635,254.889285132,67.3990695655,0.0
@ 1230 10 0.601891659501 0.435519267726
80.0446491649,432.100381251,74.0156931662,0.0
230.211874185,422.50597582,74.0156931662,0.0
270.818279641,268.69161011,74.0156931662,0.0
432.054917455,115.856998768,74.0156931662,0.0
111.568717946,121.76807531,74.0156931662,0.0
387.964609197,405.81664045,74.0156931662,0.0
101.400311123,280.892309727,74.0156931662,0.0
273.624393981,75.8602142367,74.0156931662,0.0
@ 1240 10 0.601891659501 0.525227180018
248.286125682,189.786966717,72.7959389472,0.0
86.9057872027,434.148913294,72.7959389472,0.0
278.196104752,410.120509852,72.7959389472,0.0
367.784872931,87.6136736596,72.7959389472,0.0
430.000018264,250.514951355,72.7959389472,0.0
424.473617775,423.538073562,72.7959389472,0.0
72.9474814393,87.029923126,72.7959389472,0.0
116.30112887,286.428747599,72.7959389472,0.0
@ 1250 10 0.601891659501 0.50805867947
428.440892441,303.630897408,76.2156800961,0.0
255.846138481,104.087604993,76.2156800961,0.0
80.9193352619,256.608527147,76.2156800961,0.0
76.7494433874,102.593876382,76.2156800961,0.0
166.996178832,425.767919857,76.2156800961,0.0
339.335854177,431.367981563,76.2156800961,0.0
409.395520727,133.611213354,76.2156800961,0.0
248.674779764,273.202846855,76.2156800961,0.0
@ 1260 10 0.601891659501 0.556914120544
90.3081825865,203.480328174,67.4410223495,0.0
409.049080691,253.114753704,67.4410223495,0.0
272.82278417,344.037713033,67.4410223495,0.0
440.503902109,92.9845108025,67.4410223495,0.0
411.530208775,413.643122567,67.4410223495,0.0
152.179014455,73.9171897355,67.4410223495,0.0
249.23707558,192.96910868,67.4410223495,0.0
119.725546686,436.540664247,67.4410223495,0.0
@ 1270 10 0.601891659501 0.436061617417
120.488909611,92.7646234493,68.122398188,0.0
412.18589739,255.467226865,68.122398188,0.0
340.023171908,426.266669848,68.122398188,0.0
437.599989847,98.1926224979,68.122398188,0.0
136.099601153,442.743948681,68.122398188,0.0
79.6494527516,286.57840952,68.122398188,0.0
274.508111501,194.071101548,68.122398188,0.0
235.336787167,328.935095487,68.122398188,0.0
@ 1280 10 0.601891659501 0.444917438194
267.812782571,121.903422514,72.5899831928,0.0
118.543396353,255.136994911,72.5899831928,0.0
431.284777672,403.519024175,72.5899831928,0.0
122.347560319,402.882760225,72.5899831928,0.0
418.83945726,88.0769536762,72.5899831928,0.0
385.441129994,238.340795254,72.5899831928,0.0
272.289422238,416.627129299,72.5899831928,0.0
117.036219784,91.8755449686,72.5899831928,0.0
@ 1290 10 0.601891659501 0.505187926275
436.461375204,139.493989694,66.7238594785,0.0
75.5102336186,132.130593136,66.7238594785,0.0
209.256690474,348.53460201,66.7238594785,0.0
229.509382621,70.839027135,66.7238594785,0.0
368.455167117,412.197788345,66.7238594785,0.0
250.080353957,218.205991067,66.7238594785,0.0
411.610909681,272.666473493,66.7238594785,0.0
71.2944122709,299.619731717,66.7238594785,0.0
@ 1300 10 0.601891659501 0.426836833105
416.539617461,417.795320593,75.2551440851,0.0
122.096380016,283.014561525,75.2551440851,0.0
234.347909528,424.853174619,75.2551440851,0.0
80.2187390245,105.205821854,75.2551440851,0.0
77.7391052171,429.263078559,75.2551440851,0.0
382.405636923,250.823301915,75.2551440851,0.0
384.624520858,88.7107948552,75.2551440851,0.0
223.348720041,167.012554396,75.2551440851,0.0
@ 1310 10 1.18243243243 0.542965148278
348.41558041,290.381049666,79.2081197584,0.0
431.547622507,430.107659825,79.2081197584,0.0
83.4389481148,432.783994361,79.2081197584,0.0
246.96163916,129.806464641,79.2081197584,0.0
174.021846906,272.260961281,79.2081197584,0.0
80.4207776286,98.7353497881,79.2081197584,0.0
412.166579024,141.307011729,79.2081197584,0.0
263.588047956,424.955821981,79.2081197584,0.0
@ 1320 10 1.18243243243 0.601504636312
418.034082944,92.6988436387,77.92577813,0.0
366.929548126,241.861635126,77.92577813,0.0
432.952546277,411.26221989,77.92577813,0.0
268.670825088,429.004943726,77.92577813,0.0
80.9911974099,425.417042268,77.92577813,0.0
82.9150592342,103.013623464,77.92577813,0.0
255.623335169,99.3299177376,77.92577813,0.0
185.679320269,251.449103854,77.92577813,0.0
@ 1330 10 1.18243243243 0.582186145504
420.213273144,110.045157799,77.7088033088,0.0
394.869240398,266.89791535,77.7088033088,0.0
427.968548029,432.386673694,77.7088033088,0.0
253.743385147,161.577641772,77.7088033088,0.0
243.942773042,404.518599071,77.7088033088,0.0
138.519386153,276.232354521,77.7088033088,0.0
91.2163761804,82.022896425,77.7088033088,0.0
87.4657434888,429.672206466,77.7088033088,0.0
@ 1340 10 1.18243243243 0.578948606478
228.824481511,86.6008785348,77.8272303518,0.0
402.53523688,81.7797307924,77.8272303518,0.0
174.43955342,282.595325353,77.8272303518,0.0
427.06001505,377.848400913,77.8272303518,0.0
270.300983039,424.840976835,77.8272303518,0.0
352.789633197,229.31779658,77.8272303518,0.0
78.9574867323,145.347136,77.8272303518,0.0
105.146469071,425.718238905,77.8272303518,0.0
@ 1350 10 1.18243243243 0.580714568975
421.122839012,97.0417364647,78.3929605444,0.0
90.2302883656,225.794163838,78.3929605444,0.0
428.945128088,275.593362833,78.3929605444,0.0
399.434200231,432.230128183,78.3929605444,0.0
242.350714899,397.175273476,78.3929605444,0.0
158.858435651,78.6675498824,78.3929605444,0.0
267.777236909,229.675487019,78.3929605444,0.0
81.93217386,411.77173262,78.3929605444,0.0
@ 1360 10 1.18243243243 0.589187742341
267.774828489,159.414500363,78.3610635605,0.0
429.614610957,261.396015245,78.3610635605,0.0
413.358623151,86.5735221886,78.3610635605,0.0
115.870562283,419.535477064,78.3610635605,0.0
140.522061868,262.850562626,78.3610635605,0.0
265.803199729,357.720730062,78.3610635605,0.0
85.8681886543,94.7438918377,78.3610635605,0.0
416.783608883,426.693476172,78.3610635605,0.0
@ 1370 10 1.18243243243 0.588708375611
93.1214837697,81.7203055006,73.7072121047,0.0
216.025318574,429.475090924,73.7072121047,0.0
287.612933833,291.847335411,73.7072121047,0.0
421.035538581,433.334006193,73.7072121047,0.0
255.562205441,117.914211133,73.7072121047,0.0
151.777110959,230.169962854,73.7072121047,0.0
407.283539273,92.7126143675,73.7072121047,0.0
435.613817119,250.229459086,73.7072121047,0.0
@ 1380 10 1.18243243243 0.520858241652
284.151323425,404.979057909,74.5137317694,0.0
359.542812834,236.061321474,74.5137317694,0.0
97.963001896,400.752003238,74.5137317694,0.0
435.217144162,364.672019528,74.5137317694,0.0
195.39868344,257.838858635,74.5137317694,0.0
100.256734311,88.4296185905,74.5137317694,0.0
269.892470232,96.0886063648,74.5137317694,0.0
423.787429971,90.0443151276,74.5137317694,0.0
@ 1390 10 1.18243243243 0.532319283712
108.792905588,420.425603874,80.2264152712,0.0
268.672208259,209.331847023,80.2264152712,0.0
431.595697729,255.345572645,80.2264152712,0.0
428.986430767,426.60196807,80.2264152712,0.0
110.869665302,253.815792934,80.2264152712,0.0
263.156396432,375.017702843,80.2264152712,0.0
90.1699073787,92.7125430491,80.2264152712,0.0
394.95696562,87.214617558,80.2264152712,0.0
@ 1400 10 1.18243243243 0.61706987556
86.9033024312,423.796215589,86.654136676,0.0
255.734294901,133.838562045,86.654136676,0.0
382.146828185,256.611640687,86.654136676,0.0
425.234824576,424.546225887,86.654136676,0.0
130.906099721,254.817015902,86.654136676,0.0
256.945003963,377.895469732,86.654136676,0.0
88.4634735097,86.7658845208,86.654136676,0.0
425.198370716,88.5319798358,86.654136676,0.0
@ 1410 10 33.3333333333 0.719909940774
87.0638552655,424.974409482,86.6823344441,0.0
255.902235189,133.247400022,86.6823344441,0.0
378.281666226,256.110257095,86.6823344441,0.0
425.154320772,423.485966778,86.6823344441,0.0
134.915080414,257.562006882,86.6823344441,0.0
256.174658964,381.830350244,86.6823344441,0.0
88.6002007001,87.3956752917,86.6823344441,0.0
424.404703159,87.8065763509,86.6823344441,0.0
@ 1420 10 33.3333333333 0.720378542902
88.2882691996,425.05842085,86.786359315,0.0
255.859260296,133.168964148,86.786359315,0.0
381.987823469,255.22927316,86.786359315,0.0
425.033641461,424.649429585,86.786359315,0.0
131.203365093,256.023559812,86.786359315,0.0
257.106102042,378.803086961,86.786359315,0.0
86.9177376982,87.9569915437,86.786359315,0.0
424.71946916,86.9561429872,86.786359315,0.0
@ 1430 10 33.3333333333 0.722108589753
88.4228206395,424.023087782,86.8857441691,0.0
257.255826362,134.135565824,86.8857441691,0.0
381.596914042,255.76728094,86.8857441691,0.0
424.152336415,424.928783243,86.8857441691,0.0
132.502562817,255.318242806,86.8857441691,0.0
256.611520181,378.614597935,86.8857441691,0.0
87.7080273143,86.9764908052,86.8857441691,0.0
425.012106958,86.9655334159,86.8857441691,0.0
@ 1440 10 33.3333333333 0.723763406243
87.4351313622,423.745563111,86.5485121431,0.0
256.855831285,131.243740463,86.5485121431,0.0
379.601241051,256.41574601,86.5485121431,0.0
424.98510774,424.450908223,86.5485121431,0.0
136.154394684,256.856978511,86.5485121431,0.0
256.421420934,381.755901469,86.5485121431,0.0
87.6067691844,87.3857806849,86.5485121431,0.0
424.782880708,88.8012963929,86.5485121431,0.0
@ 1450 10 33.3333333333 0.718155983935
88.398358404,424.89945327,86.9293342218,0.0
255.916646861,130.013315852,86.9293342218,0.0
378.930993766,255.535603863,86.9293342218,0.0
424.179966453,424.928722732,86.9293342218,0.0
131.64679397,255.720432811,86.9293342218,0.0
256.242117312,379.221322369,86.9293342218,0.0
87.0630940183,87.3706002738,86.9293342218,0.0
424.740034821,87.3451766959,86.9293342218,0.0
@ 1460 10 33.3333333333 0.724489803865
86.8926195259,424.88520725,86.8101131473,0.0
255.885983375,131.068320481,86.8101131473,0.0
380.46923307,256.485073795,86.8101131473,0.0
424.53298022,424.955260191,86.8101131473,0.0
131.280321231,256.987003231,86.8101131473,0.0
256.004879427,379.536562063,86.8101131473,0.0
87.4578182871,87.1913576887,86.8101131473,0.0
424.409632758,88.2691031144,86.8101131473,0.0
@ 1470 10 33.3333333333 0.722503932843
87.8794297594,424.446008728,86.718057357,0.0
257.233313438,130.854608932,86.718057357,0.0
382.660115125,256.058356865,86.718057357,0.0
425.185924292,425.106251024,86.718057357,0.0
130.259991942,255.982859066,86.718057357,0.0
256.845624931,378.906463487,86.718057357,0.0
88.4008326597,86.8284037215,86.718057357,0.0
425.010757282,86.8951635181,86.718057357,0.0
@ 1480 10 33.3333333333 0.720972419907
87.8293583785,424.536704355,86.5588914854,0.0
256.420796633,132.275116754,86.5588914854,0.0
382.635940267,255.55351622,86.5588914854,0.0
424.63190277,423.771410015,86.5588914854,0.0
132.227640342,256.311544032,86.5588914854,0.0
256.707329221,379.504666051,86.5588914854,0.0
87.6871883951,87.8516533699,86.5588914854,0.0
425.434061978,86.7813864381,86.5588914854,0.0
@ 1490 10 33.3333333333 0.718328244177
87.0482696723,425.410000023,86.3971554016,0.0
256.843778038,134.129572964,86.3971554016,0.0
379.710525015,256.303122614,86.3971554016,0.0
424.284861786,424.306519719,86.3971554016,0.0
127.737043945,256.149145785,86.3971554016,0.0
253.835923769,375.14887113,86.3971554016,0.0
90.3215692406,86.9592463816,86.3971554016,0.0
425.471399459,89.6554957353,86.3971554016,0.0
@ 1500 10 33.3333333333 0.715646346251
