10 8 0.0873362445415 0.182620977091 0.0423536872117 65.7470430294 2 0.1 0.44159 0.329526916803 137.622306048 0 0.30570713893
20 8 0.0873362445415 0.216045723665 0.0477626259817 28.6726355657 2 0.1 0.40168 0.318181818182 116.330559909 0 0.353083722507
30 8 0.0873362445415 0.221457281052 0.0348669772351 34.3450965998 2 0.1 0.39277 0.367576243981 113.487892024 0 0.353083722507
40 8 0.0873362445415 0.237186094847 0.0482144960941 25.5727510511 2 0.1 0.4073 0.410914927769 105.962029588 0 0.353083722507
50 8 0.0873362445415 0.273483829803 0.0510750591551 15.3403405969 2 0.1 0.35278 0.345514950166 91.8983766539 0 0.359265392129
60 8 0.0873362445415 0.249797522794 0.0630274413463 25.6951025513 2 0.1 0.41678 0.455716586151 100.612366844 0 0.360242229949
70 8 0.0873362445415 0.202576512992 0.0439747464155 23.5296796488 2 0.1 0.38101 0.378335949765 124.06532045 0 0.360242229949
80 8 0.0873362445415 0.184176548534 0.0693712969941 48.6217712672 2 0.1 0.40901 0.393665158371 136.459935861 0 0.375681886112
90 8 0.0873362445415 0.211459041737 0.0423128227162 27.2005024365 2 0.1 0.38874 0.421647819063 118.853844194 0 0.375681886112
100 8 0.0873362445415 0.312083382652 0.0638877061999 23.2330952797 2 0.1 0.43403 0.43152866242 80.5320673802 0 0.375681886112
110 8 0.0940354648039 0.256045479101 0.0544279528662 25.3545608213 2 0.1 0.40731 0.390092879257 98.1572495957 0 0.375681886112
120 8 0.0940354648039 0.221002136421 0.0420730761804 37.645164254 2 0.1 0.38196 0.408474576271 113.721615578 0 0.375681886112
130 8 0.0940354648039 0.22443058847 0.062222300762 47.9926573052 2 0.1 0.42291 0.401944894652 111.984378651 0 0.384169167284
140 8 0.0940354648039 0.290154457626 0.0515074589698 18.6494293322 2 0.1 0.39785 0.396006655574 86.6184176718 0 0.384169167284
150 8 0.0940354648039 0.240965508661 0.0307689123513 22.9314506584 2 0.1 0.43042 0.418006430868 104.300072403 0 0.384169167284
160 8 0.0940354648039 0.166545844252 0.0311249947094 58.0773137774 2 0.1 0.41216 0.398998330551 150.905716759 0 0.384169167284
170 8 0.0940354648039 0.244466625554 0.0495580932471 24.5316724596 2 0.1 0.38114 0.392686804452 102.806343987 0 0.384169167284
180 8 0.0940354648039 0.23815348001 0.0353707531513 21.4628147906 2 0.1 0.38751 0.386327503975 105.531609276 0 0.384169167284
190 8 0.0940354648039 0.229148985463 0.0449355075573 31.9767995922 2 0.1 0.41959 0.396681749623 109.678513083 0 0.384169167284
200 8 0.0940354648039 0.238529681216 0.0244211123426 28.4694658829 2 0.1 0.39838 0.511380880121 105.365168276 0 0.384169167284
210 8 0.101847810272 0.289747586772 0.0470045457873 15.1697196459 2 0.1 0.39967 0.432692307692 86.7400494341 0 0.384169167284
220 8 0.101847810272 0.285824096553 0.0344043239623 23.3469825921 2 0.1 0.45217 0.4 87.9307248869 0 0.384169167284
230 8 0.101847810272 0.306907712405 0.0522522718193 20.9919032535 2 0.1 0.4107 0.42474916388 81.8901545454 0 0.384169167284
240 8 0.101847810272 0.233628222728 0.0603644368338 24.1970664739 2 0.1 0.37149 0.374792703151 107.575701713 0 0.393336221829
250 8 0.101847810272 0.244120538287 0.0473758932274 21.365637833 2 0.1 0.38545 0.386554621849 102.952091521 0 0.393336221829
260 8 0.101847810272 0.302886001902 0.0478383184308 17.4792031998 2 0.1 0.41402 0.396226415094 82.9774893597 0 0.393336221829
270 8 0.101847810272 0.411911980918 0.0583786032306 7.28644772257 2 0.1 0.38639 0.417475728155 61.0147826825 0 0.411911980918
280 8 0.101847810272 0.232397080652 0.0473953538667 37.4664268843 2 0.1 0.41266 0.404567699837 108.145592576 0 0.411911980918
290 8 0.101847810272 0.183093134356 0.0575380782623 31.8228521515 2 0.1 0.37789 0.34460547504 137.267408133 0 0.411911980918
300 8 0.101847810272 0.178926409124 0.0311196889767 30.3556058142 2 0.1 0.45027 0.434579439252 140.464004856 0 0.411911980918
310 8 0.111075848937 0.163257480406 0.0399961538602 36.5101734441 2 0.1 0.4517 0.426100628931 153.945288985 0 0.411911980918
320 8 0.111075848937 0.242258434792 0.0352848464834 35.7228760449 2 0.1 0.41692 0.3875 103.743425989 0 0.411911980918
330 8 0.111075848937 0.280224444284 0.0325319412362 16.8530037087 2 0.1 0.39026 0.461285008237 89.687821718 0 0.411911980918
340 8 0.111075848937 0.287210528854 0.0231467110803 22.9677111633 2 0.1 0.39984 0.4048 87.5062627413 0 0.411911980918
350 8 0.111075848937 0.322195844311 0.0484290881046 21.2802347428 2 0.1 0.44072 0.381260096931 78.0044821923 0 0.411911980918
360 8 0.111075848937 0.250135902714 0.0273437569489 29.2960656326 2 0.1 0.39533 0.382113821138 100.476260014 0 0.411911980918
370 8 0.111075848937 0.278981121713 0.0333992466335 18.919853772 2 0.1 0.44098 0.392125984252 90.0875293843 0 0.411911980918
380 8 0.111075848937 0.280286857374 0.0562729556206 22.5442883011 2 0.1 0.37362 0.39696969697 89.667850414 0 0.423269651239
390 8 0.111075848937 0.24344407213 0.0415829983211 15.5359507015 2 0.1 0.4373 0.471875 103.23816793 0 0.423269651239
400 8 0.111075848937 0.380117707656 0.053951059455 15.4940361581 2 0.1 0.41185 0.436251920123 66.11825625 0 0.423269651239
410 8 0.122142732507 0.308640908819 0.0290488346161 25.4945298405 2 0.1 0.40479 0.404423380727 81.4302941764 0 0.423269651239
420 8 0.122142732507 0.25881963292 0.0235110168697 30.0918766759 2 0.1 0.40385 0.422893481717 97.1051527909 0 0.423269651239
430 8 0.122142732507 0.290623184892 0.0417136881049 20.3301886479 2 0.1 0.34772 0.373493975904 86.4787164496 0 0.423269651239
440 8 0.122142732507 0.236492492939 0.0327092661357 25.2210555792 2 0.1 0.40264 0.435736677116 106.272802522 0 0.423269651239
450 8 0.122142732507 0.313215913692 0.0444531451299 24.9340253874 2 0.1 0.35393 0.380191693291 80.2408782611 0 0.423269651239
460 8 0.122142732507 0.237643597196 0.0587456823725 15.3954638263 2 0.1 0.35772 0.365448504983 105.758035548 0 0.423269651239
470 8 0.122142732507 0.239465454284 0.0285036864278 24.5547231687 2 0.1 0.42099 0.439937597504 104.953426686 0 0.423269651239
480 8 0.122142732507 0.308785526852 0.054875486515 30.5857986096 2 0.1 0.37334 0.40197693575 81.3921567381 0 0.423269651239
490 8 0.122142732507 0.242861289964 0.048789975741 22.7458680678 2 0.1 0.40514 0.383838383838 103.485903429 0 0.423269651239
500 8 0.122142732507 0.309134206952 0.0554649564794 13.9137057545 2 0.1 0.40659 0.42429022082 81.3003525161 0 0.423269651239
510 8 0.135658914729 0.211577194881 0.0445532670818 20.3997776913 2 0.1 0.38201 0.43265993266 118.787471467 0 0.423269651239
520 8 0.135658914729 0.305172307745 0.0434028181088 24.0759001747 2 0.1 0.42755 0.381426202322 82.3558342686 0 0.423269651239
530 8 0.135658914729 0.28994243232 0.0420697290458 17.4501229901 2 0.1 0.35094 0.391869918699 86.6817588542 0 0.423269651239
540 8 0.135658914729 0.204127433354 0.0450683272914 42.6257280299 2 0.1 0.41977 0.4696485623 123.122696381 0 0.423269651239
550 8 0.135658914729 0.237631534394 0.0418188291802 26.2599920581 2 0.1 0.36274 0.379139072848 105.763404104 0 0.423269651239
560 8 0.135658914729 0.328030811154 0.0374075491553 24.6477082736 2 0.1 0.40424 0.443719412724 76.6169492176 0 0.423269651239
570 8 0.135658914729 0.269401145951 0.0507839221587 25.6489601706 2 0.1 0.38658 0.385826771654 93.2910656758 0 0.423269651239
580 8 0.135658914729 0.33866039436 0.0392099401306 24.1992343105 2 0.1 0.38285 0.405103668262 74.2121618547 0 0.423269651239
590 8 0.135658914729 0.234442872643 0.0288050200856 32.1251991763 2 0.1 0.47135 0.390953150242 107.201894076 0 0.423269651239
600 8 0.135658914729 0.259761880014 0.0614276094142 21.1678554884 2 0.1 0.43684 0.442760942761 96.7529184755 0 0.423269651239
610 8 0.152538679451 0.337728408216 0.0543172816974 20.7010283105 2 0.1 0.38963 0.407176287051 74.4169557212 0 0.427056925728
620 8 0.152538679451 0.3829207821 0.0539510709687 12.3535768141 2 0.1 0.44456 0.353719008264 65.6342543284 0 0.427056925728
630 8 0.152538679451 0.338379165717 0.0456082447478 16.4141452103 2 0.1 0.42167 0.426666666667 74.2738399591 0 0.427056925728
640 8 0.152538679451 0.307608576742 0.0398052753596 20.6339397196 2 0.1 0.37247 0.376413570275 81.7035736331 0 0.427056925728
650 8 0.152538679451 0.319904486798 0.0407465235965 12.5592285342 2 0.1 0.42025 0.392914653784 78.563199446 0 0.427056925728
660 8 0.152538679451 0.24577260136 0.0510951211343 17.7038277715 2 0.1 0.37458 0.392036753446 102.260056088 0 0.427056925728
670 8 0.152538679451 0.291709692323 0.0427238055474 23.0124562632 2 0.1 0.41447 0.458466453674 86.1566161886 0 0.427056925728
680 8 0.152538679451 0.290229736624 0.0584351259847 24.9769748232 2 0.1 0.37245 0.375399361022 86.5959508229 0 0.427056925728
690 8 0.152538679451 0.328015607728 0.037105081613 15.5010899907 2 0.1 0.39779 0.432137285491 76.6205003904 0 0.427056925728
700 8 0.152538679451 0.24634870358 0.0379299160331 20.89964377 2 0.1 0.47029 0.459459459459 102.020914398 0 0.427056925728
710 8 0.174216027875 0.324504854135 0.037567711298 14.8111758459 2 0.1 0.4241 0.394171779141 77.4494423728 0 0.429631514039
720 8 0.174216027875 0.287246387275 0.0449329491955 28.3629765086 2 0.1 0.42274 0.476345840131 87.4953388917 0 0.429631514039
730 8 0.174216027875 0.258617957106 0.0356460299686 32.7272561223 2 0.1 0.39836 0.447284345048 97.180877466 0 0.429631514039
740 8 0.174216027875 0.246029088952 0.0383331317507 24.2427328721 2 0.1 0.40736 0.37908496732 102.153449037 0 0.429631514039
750 8 0.174216027875 0.283264418755 0.063284022311 23.2376623708 2 0.1 0.38104 0.409090909091 88.7252981171 0 0.461413284985
760 8 0.174216027875 0.331869929222 0.0407408617345 23.3613206099 2 0.1 0.40636 0.356451612903 75.7306335616 0 0.461413284985
770 8 0.174216027875 0.310325359154 0.0370286544371 23.361578191 2 0.1 0.39018 0.392446633826 80.9882894152 0 0.461413284985
780 8 0.174216027875 0.344162431532 0.0302414005514 20.8715380191 2 0.1 0.4191 0.417417417417 73.0257509168 0 0.461413284985
790 8 0.174216027875 0.31811626603 0.0325479997099 21.947427838 2 0.1 0.39848 0.419405320814 79.0048252284 0 0.461413284985
800 8 0.174216027875 0.302678207246 0.0369124830993 20.7006622456 2 0.1 0.42997 0.366129032258 83.0344550692 0 0.461413284985
810 8 0.203075137801 0.300252338155 0.0323981084019 22.7565480637 2 0.1 0.43282 0.438127090301 83.7053265079 0 0.461413284985
820 8 0.203075137801 0.30833938173 0.0372280440579 25.4535772658 2 0.1 0.35972 0.337770382696 81.5099253913 0 0.461413284985
830 8 0.203075137801 0.255928152707 0.0490788820855 33.2151900664 2 0.1 0.42648 0.407960199005 98.2022483037 0 0.461413284985
840 8 0.203075137801 0.400141556421 0.0424609521818 13.7597502801 2 0.1 0.36288 0.368916797488 62.8095722544 0 0.461413284985
850 8 0.203075137801 0.268147184782 0.0401809984744 20.7637257146 2 0.1 0.41353 0.38147566719 93.7273312061 0 0.461413284985
860 8 0.203075137801 0.432678248163 0.0517201963462 16.7077933495 2 0.1 0.38893 0.487616099071 58.0863958535 0 0.461413284985
870 8 0.203075137801 0.312589622566 0.0504748171614 17.0450558028 2 0.1 0.39906 0.384 80.4016454345 0 0.461413284985
880 8 0.203075137801 0.291154282442 0.0486606496249 25.2115529685 2 0.1 0.44031 0.430769230769 86.320969725 0 0.461413284985
890 8 0.203075137801 0.303580978277 0.0334420963846 9.49929202387 2 0.1 0.41535 0.407108239095 82.7875321524 0 0.461413284985
900 8 0.203075137801 0.403158355102 0.063628719149 20.4547244219 2 0.1 0.39229 0.402337228715 62.3395737231 0 0.469700934997
910 8 0.243393602225 0.332884171534 0.0540128565887 22.3244667688 2 0.1 0.36872 0.356775300172 75.499895006 0 0.469700934997
920 8 0.243393602225 0.337860448626 0.0451065653635 10.1129384773 2 0.1 0.37735 0.323671497585 74.3878725735 0 0.469700934997
930 8 0.243393602225 0.293052742975 0.0474169330348 26.7005521892 2 0.1 0.42158 0.382207578254 85.7617633768 0 0.469700934997
940 8 0.243393602225 0.286320507998 0.0414473311608 20.1874482097 2 0.1 0.42777 0.465909090909 87.7782739898 0 0.469700934997
950 8 0.243393602225 0.407605270353 0.0407551760339 20.0840496364 2 0.1 0.34799 0.393135725429 61.6594578825 0 0.469700934997
960 8 0.243393602225 0.377330167922 0.047975973568 23.3975176572 2 0.1 0.41272 0.44634525661 66.6067071668 0 0.469700934997
970 8 0.243393602225 0.303201975425 0.0547418693074 26.299520185 2 0.1 0.36077 0.371794871795 82.8910166722 0 0.469700934997
980 8 0.243393602225 0.396194485056 0.0503481933881 13.6735662843 2 0.1 0.41092 0.414483821263 63.4353100509 0 0.469700934997
990 8 0.243393602225 0.368073775601 0.0304297793891 15.8351216474 2 0.1 0.35828 0.379095163807 68.281745851 0 0.469700934997
1000 8 0.243393602225 0.355129982393 0.0382885462353 23.478684285 2 0.1 0.39835 0.396899224806 70.7704819252 0 0.469700934997
1010 8 0.303687635575 0.368824153186 0.0328437814718 15.592264848 2 0.1 0.37669 0.466049382716 68.142825742 0 0.469700934997
1020 8 0.303687635575 0.367032397606 0.0462820852114 20.8670605398 2 0.1 0.40478 0.40157480315 68.4754810855 0 0.469700934997
1030 8 0.303687635575 0.297729939726 0.0438975169042 14.0355993136 2 0.1 0.39507 0.4064 84.4144865752 0 0.469700934997
1040 8 0.303687635575 0.342114064281 0.0491239479894 12.8530175698 2 0.1 0.43055 0.397328881469 73.4629839109 0 0.469700934997
1050 8 0.303687635575 0.341129461377 0.0483149735955 17.0412620278 2 0.1 0.39438 0.392739273927 73.6750203238 0 0.469700934997
1060 8 0.303687635575 0.327380015894 0.032862092626 20.7094563299 2 0.1 0.4514 0.437601296596 76.769255238 0 0.469700934997
1070 8 0.303687635575 0.303261010791 0.0753667639684 23.1068924474 2 0.1 0.36644 0.3664 82.8748804024 0 0.521401298725
1080 8 0.303687635575 0.336761368171 0.0319009152631 20.7083887119 2 0.1 0.43842 0.406199021207 74.6306505895 0 0.521401298725
1090 8 0.303687635575 0.313239684558 0.0402908028529 26.212388918 2 0.1 0.40858 0.403305785124 80.2347890097 0 0.521401298725
1100 8 0.303687635575 0.382202589334 0.0336290168659 13.4377298175 2 0.1 0.35426 0.334928229665 65.7575869483 0 0.521401298725
1110 8 0.40369088812 0.360926514786 0.0314653277659 18.2275975077 2 0.1 0.38666 0.322006472492 69.6338976783 0 0.521401298725
1120 8 0.40369088812 0.420881292028 0.050448310216 11.8948444641 2 0.1 0.39769 0.369885433715 59.7145097111 0 0.521401298725
1130 8 0.40369088812 0.476839249976 0.0502023258485 17.6917533492 2 0.1 0.45486 0.388349514563 52.7069028006 0 0.521401298725
1140 8 0.40369088812 0.360526058626 0.0409380910246 14.7150037227 2 0.1 0.41128 0.397058823529 69.7112438855 0 0.521401298725
1150 8 0.40369088812 0.430382562377 0.0429430863947 18.7802267205 2 0.1 0.37983 0.43701399689 58.3962320898 0 0.521401298725
1160 8 0.40369088812 0.3584585126 0.0452468928431 21.5130778626 2 0.1 0.36307 0.380062305296 70.1133300411 0 0.521401298725
1170 8 0.40369088812 0.398598195952 0.0507759706 19.567661919 2 0.1 0.43837 0.433697347894 63.0527690673 0 0.521401298725
1180 8 0.40369088812 0.379694260892 0.04606223967 22.1632101903 2 0.1 0.44611 0.451257861635 66.1919933711 0 0.521401298725
1190 8 0.40369088812 0.427404348963 0.0424150931531 19.2377742903 2 0.1 0.4196 0.433130699088 58.8031452206 0 0.521401298725
1200 8 0.40369088812 0.384646955484 0.0459521412756 20.7120871785 2 0.1 0.37659 0.410344827586 65.3397086385 0 0.521401298725
1210 8 0.601891659501 0.444988401509 0.0579418391981 18.4460234851 2 0.1 0.41996 0.332773109244 56.4794945548 20 0.578502068429
1220 8 0.601891659501 0.463682945879 0.0353572977823 15.1256026129 2 0.1 0.43608 0.392491467577 54.2023816562 20 0.578502068429
1230 8 0.601891659501 0.443218615567 0.0387504049142 10.3821221426 2 0.1 0.34761 0.380191693291 56.7050189619 20 0.578502068429
1240 8 0.601891659501 0.43344729464 0.0358040161065 15.686066721 2 0.1 0.43873 0.427258805513 57.9833357152 20 0.578502068429
1250 8 0.601891659501 0.449191633092 0.0313639958828 12.5185816427 2 0.1 0.37335 0.405084745763 55.9509976333 20 0.578502068429
1260 8 0.601891659501 0.440729349131 0.0322172659719 14.9335966897 2 0.1 0.41121 0.359223300971 57.0252923922 20 0.578502068429
1270 8 0.601891659501 0.478232220307 0.0480260506479 9.23855416858 2 0.1 0.37334 0.3456 52.5533808322 20 0.582891159364
1280 8 0.601891659501 0.448473105644 0.0474629323642 17.5724454925 2 0.1 0.41956 0.466666666667 56.0406403053 20 0.582891159364
1290 8 0.601891659501 0.515118402665 0.0390809436992 9.88673604724 2 0.1 0.35299 0.402843601896 48.7901808011 20 0.582891159364
1300 8 0.601891659501 0.420603798233 0.0210631276236 18.6462390693 2 0.1 0.43152 0.346278317152 59.7539064212 20 0.582891159364
1310 8 1.18243243243 0.537703451197 0.0282331931388 9.68547899043 2 0.1 0.41035 0.371048252912 46.7408567754 30 0.621346328005
1320 8 1.18243243243 0.560738548366 0.0288410629057 7.50545626663 2 0.1 0.35234 0.333333333333 44.8207459131 30 0.621346328005
1330 8 1.18243243243 0.583602851177 0.0307362513807 5.57686120601 2 0.1 0.35518 0.361873990307 43.0647656181 30 0.621346328005
1340 8 1.18243243243 0.552945565608 0.034044684352 3.07409114829 2 0.1 0.42797 0.425566343042 45.452430697 30 0.621346328005
1350 8 1.18243243243 0.5615671268 0.0225890512021 6.38512617828 2 0.1 0.34985 0.355450236967 44.7546140088 30 0.621346328005
1360 8 1.18243243243 0.59278648492 0.0395726337378 9.18541964903 2 0.1 0.45938 0.438791732909 42.3975927916 30 0.621346328005
1370 8 1.18243243243 0.594549701108 0.0399701002096 6.65048159931 2 0.1 0.38611 0.386731391586 42.2718570931 30 0.625051428814
1380 8 1.18243243243 0.5734989975 0.0349701017918 6.50613004297 2 0.1 0.39218 0.428571428571 43.8234767795 30 0.625051428814
1390 8 1.18243243243 0.534576215922 0.0185461023179 9.55771980976 2 0.1 0.46575 0.365539452496 47.0142876758 30 0.625051428814
1400 8 1.18243243243 0.484681169651 0.0286635605402 8.29004244388 2 0.1 0.44213 0.421374045802 51.8541292167 30 0.625051428814
1410 8 33.3333333333 0.704580791973 0.0651115603469 0.521295061378 2 0.1 0.779 0.71568627451 35.670458642 300 0.726263032419
1420 8 33.3333333333 0.709286283533 0.00181329940156 0.0015821421734 2 0.1 0.30897 0.317073170732 35.4338164765 300 0.726263032419
1430 8 33.3333333333 0.710595946165 0.00187591872433 0.00149895090159 2 0.1 0.3618 0.382911392405 35.3685102422 300 0.726263032419
1440 8 33.3333333333 0.704560263113 0.00203229696463 0.000752582305166 2 0.1 0.44601 0.442748091603 35.6714979766 300 0.726263032419
1450 8 33.3333333333 0.709364742836 0.00197274711004 0.00525195095047 2 0.1 0.38304 0.361591695502 35.4298973184 300 0.726263032419
1460 8 33.3333333333 0.709751305797 0.00310268222343 0.00848939823888 2 0.1 0.42093 0.426332288401 35.410600579 300 0.726263032419
1470 8 33.3333333333 0.711599483432 0.00233130805925 0.00108385737607 2 0.1 0.39039 0.400318979266 35.3186315971 300 0.726263032419
1480 8 33.3333333333 0.711256811785 0.00180141400544 0.00069353599248 2 0.1 0.43939 0.404186795491 35.3356475236 300 0.726263032419
1490 8 33.3333333333 0.708553082217 0.00247041280941 0.00152452033371 2 0.1 0.40938 0.362126245847 35.470482919 300 0.726263032419
1500 8 33.3333333333 0.709327298544 0.00125504719169 0.0051505881452 2 0.1 0.32993 0.359621451104 35.431767608 300 0.726263032419
